4350.00	5.70241e-18
4352.65	7.33428e-18
4355.30	6.72328e-18
4357.95	5.23476e-18
4360.60	3.39127e-18
4363.25	3.76716e-18
4365.90	7.68894e-18
4368.55	7.10384e-18
4371.20	5.86033e-18
4373.85	4.85557e-18
4376.50	4.45162e-18
4379.15	6.99519e-18
4381.80	3.41554e-18
4384.45	6.24546e-18
4387.10	3.51801e-18
4389.75	4.39037e-18
4392.40	6.18735e-18
4395.05	4.78309e-18
4397.70	3.90794e-18
4400.35	6.74615e-18
4403.00	2.83278e-18
4405.65	3.13734e-18
4408.30	6.22196e-18
4410.95	6.78172e-18
4413.60	3.33662e-18
4416.25	4.37396e-18
4418.90	4.10995e-18
4421.55	5.99823e-18
4424.20	7.45704e-18
4426.85	5.78552e-18
4429.50	4.35603e-18
4432.15	3.36873e-18
4434.80	4.2819e-18
4437.45	6.67694e-18
4440.10	3.46116e-18
4442.75	5.36396e-18
4445.40	4.21425e-18
4448.05	6.25306e-18
4450.70	6.88139e-18
4453.35	5.06084e-18
4456.00	4.94469e-18
4458.65	6.59236e-18
4461.30	4.24627e-18
4463.95	3.35657e-18
4466.60	5.48409e-18
4469.25	6.38343e-18
4471.90	5.00546e-18
4474.55	4.79893e-18
4477.20	5.48103e-18
4479.85	5.17883e-18
4482.50	5.80767e-18
4485.15	5.12153e-18
4487.80	4.83711e-18
4490.45	5.77232e-18
4493.10	5.54504e-18
4495.75	7.09906e-18
4498.40	4.98569e-18
4501.05	5.98521e-18
4503.70	5.7439e-18
4506.35	4.51596e-18
4509.00	5.09742e-18
4511.65	5.84838e-18
4514.30	7.24183e-18
4516.95	7.32e-18
4519.60	6.53544e-18
4522.25	6.81919e-18
4524.90	5.54625e-18
4527.55	7.82553e-18
4530.20	6.32891e-18
4532.85	5.19476e-18
4535.50	6.07634e-18
4538.15	5.70407e-18
4540.80	6.78453e-18
4543.45	7.4823e-18
4546.10	6.16625e-18
4548.75	7.34188e-18
4551.40	6.24617e-18
4554.05	5.8868e-18
4556.70	8.57609e-18
4559.35	7.04805e-18
4562.00	5.82315e-18
4564.65	4.96373e-18
4567.30	7.58226e-18
4569.95	5.45034e-18
4572.60	5.69107e-18
4575.25	7.07227e-18
4577.90	7.0528e-18
4580.55	7.32688e-18
4583.20	8.13113e-18
4585.85	8.42527e-18
4588.50	6.52217e-18
4591.15	5.95033e-18
4593.80	6.36657e-18
4596.45	7.41902e-18
4599.10	5.96917e-18
4601.75	6.1771e-18
4604.40	7.96106e-18
4607.05	7.71461e-18
4609.70	5.40553e-18
4612.35	8.3936e-18
4615.00	5.69757e-18
4617.65	6.42686e-18
4620.30	6.6529e-18
4622.95	6.24124e-18
4625.60	7.3603e-18
4628.25	6.23642e-18
4630.90	4.76142e-18
4633.55	8.86131e-18
4636.20	8.96173e-18
4638.85	7.71948e-18
4641.50	8.62324e-18
4644.15	8.61345e-18
4646.80	6.44407e-18
4649.45	6.95056e-18
4652.10	9.02753e-18
4654.75	9.19059e-18
4657.40	1.00029e-17
4660.05	7.87609e-18
4662.70	8.5477e-18
4665.35	9.04911e-18
4668.00	8.9942e-18
4670.65	6.86783e-18
4673.30	9.79316e-18
4675.95	1.00308e-17
4678.60	9.80872e-18
4681.25	7.85402e-18
4683.90	1.03942e-17
4686.55	9.28754e-18
4689.20	1.09038e-17
4691.85	1.04982e-17
4694.50	9.20555e-18
4697.15	9.77573e-18
4699.80	9.72971e-18
4702.45	1.00817e-17
4705.10	8.19832e-18
4707.75	9.36517e-18
4710.40	1.01858e-17
4713.05	1.00091e-17
4715.70	1.16337e-17
4718.35	1.09961e-17
4721.00	9.64826e-18
4723.65	1.07617e-17
4726.30	9.60133e-18
4728.95	9.68187e-18
4731.60	8.92451e-18
4734.25	1.17647e-17
4736.90	1.01136e-17
4739.55	1.10442e-17
4742.20	9.20006e-18
4744.85	8.69112e-18
4747.50	8.44722e-18
4750.15	1.18163e-17
4752.80	1.06389e-17
4755.45	7.43655e-18
4758.10	9.51015e-18
4760.75	1.06602e-17
4763.40	1.15192e-17
4766.05	9.79425e-18
4768.70	1.24899e-17
4771.35	1.04674e-17
4774.00	1.00665e-17
4776.65	8.98668e-18
4779.30	8.58952e-18
4781.95	1.10265e-17
4784.60	1.02827e-17
4787.25	1.22883e-17
4789.90	1.35508e-17
4792.55	9.60535e-18
4795.20	1.06069e-17
4797.85	1.03853e-17
4800.50	9.66968e-18
4803.15	1.00857e-17
4805.80	9.15103e-18
4808.45	1.04679e-17
4811.10	1.04496e-17
4813.75	9.26333e-18
4816.40	8.90319e-18
4819.05	1.04807e-17
4821.70	1.06234e-17
4824.35	9.92407e-18
4827.00	1.16251e-17
4829.65	1.26154e-17
4832.30	1.15376e-17
4834.95	1.07584e-17
4837.60	9.48821e-18
4840.25	9.71256e-18
4842.90	1.10896e-17
4845.55	9.47182e-18
4848.20	1.09714e-17
4850.85	1.13551e-17
4853.50	9.93178e-18
4856.15	1.19884e-17
4858.80	1.25041e-17
4861.45	1.06644e-17
4864.10	9.5423e-18
4866.75	9.9025e-18
4869.40	1.32019e-17
4872.05	1.05937e-17
4874.70	1.04673e-17
4877.35	1.00622e-17
4880.00	1.03249e-17
4882.65	9.26987e-18
4885.30	9.52901e-18
4887.95	1.13846e-17
4890.60	1.15569e-17
4893.25	9.73421e-18
4895.90	9.43379e-18
4898.55	8.701e-18
4901.20	1.05119e-17
4903.85	1.0111e-17
4906.50	8.53523e-18
4909.15	1.05625e-17
4911.80	1.00782e-17
4914.45	9.10268e-18
4917.10	7.86596e-18
4919.75	8.90566e-18
4922.40	9.82058e-18
4925.05	9.06739e-18
4927.70	8.04617e-18
4930.35	1.03393e-17
4933.00	8.95957e-18
4935.65	8.48257e-18
4938.30	8.33565e-18
4940.95	9.33616e-18
4943.60	6.85037e-18
4946.25	9.37344e-18
4948.90	7.24628e-18
4951.55	7.7396e-18
4954.20	6.78764e-18
4956.85	8.3481e-18
4959.50	6.9627e-18
4962.15	6.07003e-18
4964.80	6.09671e-18
4967.45	6.67945e-18
4970.10	5.8201e-18
4972.75	4.93287e-18
4975.40	7.18736e-18
4978.05	7.00812e-18
4980.70	5.99719e-18
4983.35	7.135e-18
4986.00	6.86263e-18
4988.65	6.51115e-18
4991.30	5.44488e-18
4993.95	7.38652e-18
4996.60	4.37316e-18
4999.25	6.87852e-18
5001.90	6.36537e-18
5004.55	4.52009e-18
5007.20	5.50266e-18
5009.85	4.36939e-18
5012.50	7.35461e-18
5015.15	7.24716e-18
5017.80	4.59463e-18
5020.45	4.33714e-18
5023.10	6.71497e-18
5025.75	4.41289e-18
5028.40	5.17652e-18
5031.05	5.56129e-18
5033.70	5.79428e-18
5036.35	4.60792e-18
5039.00	5.66498e-18
5041.65	4.43486e-18
5044.30	4.1794e-18
5046.95	5.83043e-18
5049.60	5.42455e-18
5052.25	5.51286e-18
5054.90	4.62321e-18
5057.55	5.29209e-18
5060.20	5.95444e-18
5062.85	5.76866e-18
5065.50	7.04279e-18
5068.15	5.4907e-18
5070.80	5.79793e-18
5073.45	5.87742e-18
5076.10	6.23242e-18
5078.75	7.51797e-18
5081.40	1.09896e-17
5084.05	1.04946e-17
5086.70	1.16688e-17
5089.35	8.39239e-18
5092.00	8.43662e-18
5094.65	5.90486e-18
5097.30	6.80185e-18
5099.95	6.65833e-18
5102.60	6.02172e-18
5105.25	7.06151e-18
5107.90	7.66185e-18
5110.55	5.12161e-18
5113.20	8.19092e-18
5115.85	7.34433e-18
5118.50	6.87105e-18
5121.15	6.3755e-18
5123.80	7.69552e-18
5126.45	7.96503e-18
5129.10	9.01348e-18
5131.75	6.59871e-18
5134.40	6.18281e-18
5137.05	7.09316e-18
5139.70	7.45774e-18
5142.35	7.0682e-18
5145.00	7.2052e-18
5147.65	7.6069e-18
5150.30	8.2852e-18
5152.95	7.23617e-18
5155.60	7.36937e-18
5158.25	8.55676e-18
5160.90	8.01e-18
5163.55	7.91756e-18
5166.20	8.90289e-18
5168.85	6.90625e-18
5171.50	7.29147e-18
5174.15	8.19695e-18
5176.80	7.54682e-18
5179.45	7.36543e-18
5182.10	7.30639e-18
5184.75	6.30993e-18
5187.40	6.64661e-18
5190.05	7.81913e-18
5192.70	7.93844e-18
5195.35	8.26799e-18
5198.00	7.67444e-18
5200.65	9.49124e-18
5203.30	7.87718e-18
5205.95	7.24298e-18
5208.60	9.31863e-18
5211.25	8.70604e-18
5213.90	9.7303e-18
5216.55	8.70392e-18
5219.20	6.94719e-18
5221.85	7.84601e-18
5224.50	7.75862e-18
5227.15	8.39968e-18
5229.80	9.40753e-18
5232.45	7.96079e-18
5235.10	8.12478e-18
5237.75	8.49823e-18
5240.40	1.04476e-17
5243.05	9.47613e-18
5245.70	8.38232e-18
5248.35	8.66531e-18
5251.00	9.38123e-18
5253.65	9.07607e-18
5256.30	9.95642e-18
5258.95	9.23843e-18
5261.60	9.91888e-18
5264.25	1.02386e-17
5266.90	1.01309e-17
5269.55	1.13868e-17
5272.20	1.08427e-17
5274.85	1.04905e-17
5277.50	1.15612e-17
5280.15	1.03894e-17
5282.80	1.02094e-17
5285.45	1.07775e-17
5288.10	1.05571e-17
5290.75	1.06279e-17
5293.40	1.0664e-17
5296.05	1.12304e-17
5298.70	8.89815e-18
5301.35	9.98511e-18
5304.00	1.16617e-17
5306.65	1.15133e-17
5309.30	1.15247e-17
5311.95	1.10282e-17
5314.60	1.10442e-17
5317.25	1.10639e-17
5319.90	1.2406e-17
5322.55	1.0116e-17
5325.20	1.08844e-17
5327.85	9.69208e-18
5330.50	1.02596e-17
5333.15	1.25872e-17
5335.80	1.20871e-17
5338.45	1.19082e-17
5341.10	1.19895e-17
5343.75	1.29172e-17
5346.40	1.15901e-17
5349.05	1.16615e-17
5351.70	1.20951e-17
5354.35	1.1911e-17
5357.00	1.22158e-17
5359.65	1.27652e-17
5362.30	1.12357e-17
5364.95	1.104e-17
5367.60	1.08834e-17
5370.25	1.13417e-17
5372.90	1.30627e-17
5375.55	1.29239e-17
5378.20	1.12101e-17
5380.85	1.01325e-17
5383.50	1.02704e-17
5386.15	1.16745e-17
5388.80	1.18871e-17
5391.45	1.32196e-17
5394.10	1.16499e-17
5396.75	1.09102e-17
5399.40	1.13184e-17
5402.05	1.06384e-17
5404.70	1.08775e-17
5407.35	1.29068e-17
5410.00	1.00405e-17
5412.65	8.57043e-18
5415.30	9.28267e-18
5417.95	1.13038e-17
5420.60	1.12475e-17
5423.25	1.0598e-17
5425.90	1.18333e-17
5428.55	9.21078e-18
5431.20	1.11467e-17
5433.85	9.75121e-18
5436.50	1.03482e-17
5439.15	1.08438e-17
5441.80	9.93862e-18
5444.45	1.06352e-17
5447.10	1.17358e-17
5449.75	1.16625e-17
5452.40	1.236e-17
5455.05	9.75096e-18
5457.70	1.0346e-17
5460.35	1.26004e-17
5463.00	1.08311e-17
5465.65	1.25468e-17
5468.30	1.28517e-17
5470.95	1.01743e-17
5473.60	1.12474e-17
5476.25	1.18359e-17
5478.90	1.35422e-17
5481.55	1.06024e-17
5484.20	1.12353e-17
5486.85	1.12255e-17
5489.50	1.22388e-17
5492.15	1.27028e-17
5494.80	1.14769e-17
5497.45	1.22119e-17
5500.10	1.1193e-17
5502.75	1.07298e-17
5505.40	1.19293e-17
5508.05	1.25837e-17
5510.70	1.21872e-17
5513.35	1.32017e-17
5516.00	1.31833e-17
5518.65	1.23346e-17
5521.30	1.27127e-17
5523.95	1.25362e-17
5526.60	1.16608e-17
5529.25	1.34751e-17
5531.90	1.27429e-17
5534.55	1.24591e-17
5537.20	1.40669e-17
5539.85	1.43869e-17
5542.50	1.19802e-17
5545.15	1.18303e-17
5547.80	1.1374e-17
5550.45	1.21393e-17
5553.10	1.18961e-17
5555.75	1.16319e-17
5558.40	1.12136e-17
5561.05	1.16005e-17
5563.70	1.28254e-17
5566.35	1.1762e-17
5569.00	1.16683e-17
5571.65	1.15747e-17
5574.30	1.14811e-17
5576.95	1.13875e-17
5579.60	1.12938e-17
5582.25	1.12002e-17
5584.90	1.11066e-17
5587.55	1.1013e-17
5590.20	1.1013e-17
5592.85	1.07893e-17
5595.50	9.64314e-18
5598.15	1.02405e-17
5600.80	1.10044e-17
5603.45	9.25985e-18
5606.10	9.57699e-18
5608.75	9.53722e-18
5611.40	1.06734e-17
5614.05	1.20302e-17
5616.70	1.17393e-17
5619.35	1.02051e-17
5622.00	1.15561e-17
5624.65	9.87859e-18
5627.30	1.05533e-17
5629.95	1.13107e-17
5632.60	9.56638e-18
5635.25	1.09285e-17
5637.90	1.07692e-17
5640.55	1.09728e-17
5643.20	1.03329e-17
5645.85	1.09608e-17
5648.50	1.08897e-17
5651.15	1.05183e-17
5653.80	9.45597e-18
5656.45	9.80476e-18
5659.10	1.13028e-17
5661.75	1.08084e-17
5664.40	1.14387e-17
5667.05	9.62577e-18
5669.70	9.8491e-18
5672.35	1.04543e-17
5675.00	1.06583e-17
5677.65	1.15765e-17
5680.30	8.50002e-18
5682.95	1.05189e-17
5685.60	1.02857e-17
5688.25	1.08032e-17
5690.90	9.40038e-18
5693.55	8.46421e-18
5696.20	9.29254e-18
5698.85	9.67734e-18
5701.50	8.35979e-18
5704.15	9.31077e-18
5706.80	7.77593e-18
5709.45	8.88442e-18
5712.10	9.83323e-18
5714.75	9.12645e-18
5717.40	9.42311e-18
5720.05	7.83501e-18
5722.70	8.23628e-18
5725.35	7.98068e-18
5728.00	9.23364e-18
5730.65	1.01154e-17
5733.30	8.75218e-18
5735.95	8.71125e-18
5738.60	9.02057e-18
5741.25	9.11626e-18
5743.90	9.07467e-18
5746.55	9.30804e-18
5749.20	9.00131e-18
5751.85	9.29493e-18
5754.50	9.8863e-18
5757.15	8.6001e-18
5759.80	8.0969e-18
5762.45	8.74635e-18
5765.10	8.02974e-18
5767.75	7.36076e-18
5770.40	7.79553e-18
5773.05	8.65593e-18
5775.70	7.26576e-18
5778.35	6.38102e-18
5781.00	6.5033e-18
5783.65	6.18204e-18
5786.30	7.68745e-18
5788.95	7.21877e-18
5791.60	7.21152e-18
5794.25	9.02299e-18
5796.90	6.68947e-18
5799.55	6.17756e-18
5802.20	8.3846e-18
5804.85	6.79212e-18
5807.50	6.69478e-18
5810.15	7.16522e-18
5812.80	6.52869e-18
5815.45	6.87038e-18
5818.10	6.7199e-18
5820.75	6.78684e-18
5823.40	6.6082e-18
5826.05	6.79667e-18
5828.70	7.66987e-18
5831.35	7.0302e-18
5834.00	7.04355e-18
5836.65	7.12304e-18
5839.30	8.17312e-18
5841.95	6.63369e-18
5844.60	7.02133e-18
5847.25	7.21339e-18
5849.90	8.13542e-18
5852.55	8.85037e-18
5855.20	7.09186e-18
5857.85	6.34497e-18
5860.50	7.78463e-18
5863.15	7.63598e-18
5865.80	6.55693e-18
5868.45	8.29828e-18
5871.10	8.9986e-18
5873.75	8.59034e-18
5876.40	8.51894e-18
5879.05	8.87267e-18
5881.70	9.31294e-18
5884.35	9.68065e-18
5887.00	9.28667e-18
5889.65	6.67435e-18
5892.30	7.72756e-18
5894.95	7.99569e-18
5897.60	7.30404e-18
5900.25	9.01121e-18
5902.90	8.27546e-18
5905.55	7.04794e-18
5908.20	7.37532e-18
5910.85	8.76634e-18
5913.50	7.96991e-18
5916.15	7.10872e-18
5918.80	9.15582e-18
5921.45	8.28873e-18
5924.10	5.97768e-18
5926.75	8.31992e-18
5929.40	8.84296e-18
5932.05	8.15525e-18
5934.70	9.64912e-18
5937.35	9.1234e-18
5940.00	1.03656e-17
5942.65	1.08115e-17
5945.30	1.11498e-17
5947.95	8.00404e-18
5950.60	1.03933e-17
5953.25	1.03468e-17
5955.90	1.01583e-17
5958.55	9.32279e-18
5961.20	8.35066e-18
5963.85	8.648e-18
5966.50	9.52042e-18
5969.15	9.54547e-18
5971.80	8.01065e-18
5974.45	8.45075e-18
5977.10	9.1716e-18
5979.75	7.95769e-18
5982.40	8.16499e-18
5985.05	9.05081e-18
5987.70	8.64901e-18
5990.35	7.2755e-18
5993.00	7.29164e-18
5995.65	9.13826e-18
5998.30	8.83697e-18
6000.95	7.33044e-18
6003.60	6.80092e-18
6006.25	8.51363e-18
6008.90	8.06643e-18
6011.55	6.92856e-18
6014.20	8.66891e-18
6016.85	8.30966e-18
6019.50	7.62337e-18
6022.15	7.9835e-18
6024.80	6.69464e-18
6027.45	6.89599e-18
6030.10	8.63689e-18
6032.75	8.38706e-18
6035.40	7.99756e-18
6038.05	7.57277e-18
6040.70	8.07047e-18
6043.35	9.99415e-18
6046.00	8.61143e-18
6048.65	8.94028e-18
6051.30	8.71047e-18
6053.95	9.65313e-18
6056.60	8.38775e-18
6059.25	7.91904e-18
6061.90	9.52547e-18
6064.55	9.33973e-18
6067.20	8.04411e-18
6069.85	7.98074e-18
6072.50	8.93578e-18
6075.15	6.45125e-18
6077.80	8.77194e-18
6080.45	9.40551e-18
6083.10	7.75732e-18
6085.75	8.31382e-18
6088.40	8.17791e-18
6091.05	9.12423e-18
6093.70	1.06645e-17
6096.35	8.42884e-18
6099.00	8.84154e-18
6101.65	9.2624e-18
6104.30	1.00055e-17
6106.95	8.9772e-18
6109.60	9.0584e-18
6112.25	9.52244e-18
6114.90	9.49443e-18
6117.55	8.4201e-18
6120.20	7.96852e-18
6122.85	8.75512e-18
6125.50	9.24336e-18
6128.15	9.28589e-18
6130.80	8.72712e-18
6133.45	9.38687e-18
6136.10	8.98812e-18
6138.75	8.43385e-18
6141.40	1.04487e-17
6144.05	9.89779e-18
6146.70	1.02085e-17
6149.35	9.08646e-18
6152.00	9.84021e-18
6154.65	9.63575e-18
6157.30	9.33192e-18
6159.95	8.91462e-18
6162.60	9.61698e-18
6165.25	9.02733e-18
6167.90	7.37507e-18
6170.55	8.33447e-18
6173.20	8.95694e-18
6175.85	8.76316e-18
6178.50	8.01098e-18
6181.15	7.94852e-18
6183.80	8.22837e-18
6186.45	9.11552e-18
6189.10	1.14935e-17
6191.75	9.22701e-18
6194.40	8.87489e-18
6197.05	1.04384e-17
6199.70	9.59762e-18
6202.35	9.30483e-18
6205.00	8.59687e-18
6207.65	1.01737e-17
6210.30	8.94416e-18
6212.95	8.31151e-18
6215.60	9.70714e-18
6218.25	8.16275e-18
6220.90	9.26343e-18
6223.55	9.04238e-18
6226.20	9.08856e-18
6228.85	9.59987e-18
6231.50	1.00897e-17
6234.15	9.11118e-18
6236.80	9.39536e-18
6239.45	8.20457e-18
6242.10	8.09541e-18
6244.75	8.47644e-18
6247.40	8.18101e-18
6250.05	8.51078e-18
6252.70	9.09758e-18
6255.35	7.97414e-18
6258.00	7.49879e-18
6260.65	8.86551e-18
6263.30	9.20065e-18
6265.95	9.28354e-18
6268.60	7.70401e-18
6271.25	8.12361e-18
6273.90	8.6568e-18
6276.55	8.70008e-18
6279.20	8.93018e-18
6281.85	8.51396e-18
6284.50	8.18434e-18
6287.15	9.51969e-18
6289.80	9.77493e-18
6292.45	9.07718e-18
6295.10	7.57572e-18
6297.75	7.44948e-18
6300.40	8.82473e-18
6303.05	7.33006e-18
6305.70	7.41437e-18
6308.35	8.13646e-18
6311.00	8.94559e-18
6313.65	8.56447e-18
6316.30	7.59561e-18
6318.95	9.28601e-18
6321.60	8.04347e-18
6324.25	8.24192e-18
6326.90	9.43708e-18
6329.55	8.48857e-18
6332.20	8.31212e-18
6334.85	9.29339e-18
6337.50	8.38322e-18
6340.15	8.04453e-18
6342.80	8.81616e-18
6345.45	7.68339e-18
6348.10	6.86568e-18
6350.75	8.5089e-18
6353.40	6.83154e-18
6356.05	6.80663e-18
6358.70	9.82381e-18
6361.35	8.80475e-18
6364.00	7.9828e-18
6366.65	7.79937e-18
6369.30	7.80747e-18
6371.95	7.81556e-18
6374.60	7.82366e-18
6377.25	7.83176e-18
6379.90	7.83986e-18
6382.55	7.84796e-18
6385.20	7.85606e-18
6387.85	7.86416e-18
6390.50	7.87226e-18
6393.15	7.88035e-18
6395.80	7.88845e-18
6398.45	7.89655e-18
6401.10	7.90465e-18
6403.75	7.90465e-18
6406.40	8.17715e-18
6409.05	8.35269e-18
6411.70	8.01958e-18
6414.35	8.15755e-18
6417.00	6.70219e-18
6419.65	7.29239e-18
6422.30	7.5344e-18
6424.95	7.62337e-18
6427.60	7.68149e-18
6430.25	7.1041e-18
6432.90	6.97602e-18
6435.55	6.5631e-18
6438.20	6.68857e-18
6440.85	7.2494e-18
6443.50	7.15932e-18
6446.15	8.4611e-18
6448.80	9.01283e-18
6451.45	8.12653e-18
6454.10	7.81893e-18
6456.75	6.00205e-18
6459.40	8.85109e-18
6462.05	8.42014e-18
6464.70	8.09838e-18
6467.35	7.64914e-18
6470.00	6.75298e-18
6472.65	8.42399e-18
6475.30	9.39668e-18
6477.95	7.12698e-18
6480.60	7.17764e-18
6483.25	8.79563e-18
6485.90	6.67706e-18
6488.55	6.68591e-18
6491.20	7.36863e-18
6493.85	7.23496e-18
6496.50	7.18117e-18
6499.15	8.49761e-18
6501.80	7.72944e-18
6504.45	8.33874e-18
6507.10	6.74358e-18
6509.75	8.33351e-18
6512.40	8.02987e-18
6515.05	7.31169e-18
6517.70	7.08051e-18
6520.35	7.43797e-18
6523.00	7.76515e-18
6525.65	7.39759e-18
6528.30	7.36122e-18
6530.95	6.78812e-18
6533.60	7.37808e-18
6536.25	8.54602e-18
6538.90	6.46342e-18
6541.55	6.83554e-18
6544.20	6.96616e-18
6546.85	6.70516e-18
6549.50	7.25602e-18
6552.15	5.91823e-18
6554.80	6.67738e-18
6557.45	8.01574e-18
6560.10	6.70221e-18
6562.75	7.31225e-18
6565.40	7.65124e-18
6568.05	7.47526e-18
6570.70	7.61033e-18
6573.35	6.67881e-18
6576.00	8.55023e-18
6578.65	7.32736e-18
6581.30	6.31707e-18
6583.95	7.60216e-18
6586.60	6.41706e-18
6589.25	7.73995e-18
6591.90	7.73189e-18
6594.55	5.85878e-18
6597.20	6.66883e-18
6599.85	7.1715e-18
6602.50	6.70875e-18
6605.15	6.9561e-18
6607.80	7.56349e-18
6610.45	6.88441e-18
6613.10	6.2002e-18
6615.75	6.48785e-18
6618.40	5.4701e-18
6621.05	5.94389e-18
6623.70	6.43871e-18
6626.35	6.37794e-18
6629.00	7.8194e-18
6631.65	7.3289e-18
6634.30	7.68027e-18
6636.95	6.42001e-18
6639.60	5.46444e-18
6642.25	5.85543e-18
6644.90	5.75507e-18
6647.55	7.52611e-18
6650.20	6.63913e-18
6652.85	7.27173e-18
6655.50	7.65694e-18
6658.15	7.09352e-18
6660.80	6.13817e-18
6663.45	6.04174e-18
6666.10	4.94014e-18
6668.75	6.25938e-18
6671.40	4.94006e-18
6674.05	6.33173e-18
6676.70	6.95787e-18
6679.35	5.99474e-18
6682.00	7.04846e-18
6684.65	7.23119e-18
6687.30	5.41768e-18
6689.95	5.33017e-18
6692.60	4.53521e-18
6695.25	6.808e-18
6697.90	6.56378e-18
6700.55	6.18534e-18
6703.20	6.88364e-18
6705.85	5.41493e-18
6708.50	6.44783e-18
6711.15	6.92612e-18
6713.80	6.55788e-18
6716.45	5.10454e-18
6719.10	5.3893e-18
6721.75	6.76535e-18
6724.40	5.64376e-18
6727.05	5.82597e-18
6729.70	5.82184e-18
6732.35	6.29257e-18
6735.00	7.7708e-18
6737.65	6.11029e-18
6740.30	5.32781e-18
6742.95	6.9186e-18
6745.60	6.24792e-18
6748.25	6.04291e-18
6750.90	6.06387e-18
6753.55	6.29022e-18
6756.20	7.46678e-18
6758.85	6.94811e-18
6761.50	7.12001e-18
6764.15	6.85007e-18
6766.80	5.964e-18
6769.45	6.07613e-18
6772.10	6.30776e-18
6774.75	5.60986e-18
6777.40	6.12194e-18
6780.05	7.19291e-18
6782.70	6.9275e-18
6785.35	6.95405e-18
6788.00	6.03568e-18
6790.65	7.56184e-18
6793.30	7.91146e-18
6795.95	6.18399e-18
6798.60	6.92929e-18
6801.25	7.16139e-18
6803.90	6.80062e-18
6806.55	6.24029e-18
6809.20	6.22313e-18
6811.85	7.66978e-18
6814.50	5.72772e-18
6817.15	5.85071e-18
6819.80	6.99615e-18
6822.45	8.51184e-18
6825.10	9.23323e-18
6827.75	6.53526e-18
6830.40	7.76229e-18
6833.05	7.08186e-18
6835.70	4.90036e-18
6838.35	6.23802e-18
6841.00	7.42104e-18
6843.65	7.01764e-18
6846.30	6.26941e-18
6848.95	6.70819e-18
6851.60	5.8633e-18
6854.25	6.19633e-18
6856.90	7.42913e-18
6859.55	7.92189e-18
6862.20	7.11326e-18
6864.85	7.14489e-18
6867.50	7.17653e-18
6870.15	7.20817e-18
6872.80	7.23981e-18
6875.45	7.27144e-18
6878.10	7.27144e-18
6880.75	9.32093e-18
6883.40	8.72446e-18
6886.05	5.932e-18
6888.70	6.33288e-18
6891.35	6.54836e-18
6894.00	8.06942e-18
6896.65	7.4581e-18
6899.30	6.67649e-18
6901.95	8.22097e-18
6904.60	8.0083e-18
6907.25	7.72011e-18
6909.90	7.54576e-18
6912.55	7.04536e-18
6915.20	7.88049e-18
6917.85	6.8229e-18
6920.50	6.5093e-18
6923.15	7.44436e-18
6925.80	8.3428e-18
6928.45	8.64919e-18
6931.10	7.42346e-18
6933.75	6.9082e-18
6936.40	8.67684e-18
6939.05	7.71613e-18
6941.70	7.06705e-18
6944.35	6.67228e-18
6947.00	7.8544e-18
6949.65	8.33185e-18
6952.30	7.08125e-18
6954.95	8.43122e-18
6957.60	8.04896e-18
6960.25	7.06564e-18
6962.90	7.18655e-18
6965.55	8.64677e-18
6968.20	9.26306e-18
6970.85	8.73051e-18
6973.50	8.23756e-18
6976.15	6.9858e-18
6978.80	8.32605e-18
6981.45	8.54496e-18
6984.10	7.15518e-18
6986.75	7.31731e-18
6989.40	6.52825e-18
6992.05	7.04754e-18
6994.70	7.97652e-18
6997.35	7.39951e-18
7000.00	8.04365e-18
7002.65	8.19113e-18
7005.30	7.1016e-18
7007.95	7.8208e-18
7010.60	9.05452e-18
7013.25	7.54024e-18
7015.90	6.01277e-18
7018.55	7.78835e-18
7021.20	7.11244e-18
7023.85	7.83879e-18
7026.50	7.15683e-18
7029.15	7.94767e-18
7031.80	6.19538e-18
7034.45	6.86938e-18
7037.10	8.97417e-18
7039.75	7.07674e-18
7042.40	7.67066e-18
7045.05	6.49106e-18
7047.70	7.23354e-18
7050.35	5.98791e-18
7053.00	8.1093e-18
7055.65	8.14122e-18
7058.30	8.6182e-18
7060.95	6.71643e-18
7063.60	7.62619e-18
7066.25	9.01353e-18
7068.90	7.82931e-18
7071.55	7.41566e-18
7074.20	5.66227e-18
7076.85	7.48775e-18
7079.50	8.04174e-18
7082.15	6.75627e-18
7084.80	7.36332e-18
7087.45	8.24081e-18
7090.10	8.09116e-18
7092.75	6.73981e-18
7095.40	7.56207e-18
7098.05	7.24481e-18
7100.70	8.33672e-18
7103.35	8.22584e-18
7106.00	7.01575e-18
7108.65	7.5511e-18
7111.30	6.56525e-18
7113.95	7.25401e-18
7116.60	7.12125e-18
7119.25	5.92549e-18
7121.90	7.00311e-18
7124.55	7.73688e-18
7127.20	7.2421e-18
7129.85	5.79394e-18
7132.50	6.572e-18
7135.15	7.43033e-18
7137.80	6.70009e-18
7140.45	6.37878e-18
7143.10	6.79321e-18
7145.75	6.86256e-18
7148.40	4.80286e-18
7151.05	7.09342e-18
7153.70	4.98169e-18
7156.35	7.19273e-18
7159.00	7.47089e-18
7161.65	6.37091e-18
7164.30	7.33326e-18
7166.95	6.43803e-18
7169.60	5.87493e-18
7172.25	5.54885e-18
7174.90	5.01111e-18
7177.55	5.42695e-18
7180.20	7.61008e-18
7182.85	5.55016e-18
7185.50	8.00775e-18
7188.15	7.39148e-18
7190.80	5.90071e-18
7193.45	4.59771e-18
7196.10	7.18504e-18
7198.75	7.32321e-18
7201.40	6.07013e-18
7204.05	4.56494e-18
7206.70	6.03382e-18
7209.35	5.28431e-18
7212.00	6.38327e-18
7214.65	5.43389e-18
7217.30	6.95506e-18
7219.95	7.25192e-18
7222.60	5.81116e-18
7225.25	5.82172e-18
7227.90	7.5766e-18
7230.55	7.38926e-18
7233.20	6.44103e-18
7235.85	6.71983e-18
7238.50	8.45209e-18
7241.15	8.87415e-18
7243.80	6.6674e-18
7246.45	3.86042e-18
7249.10	6.02683e-18
7251.75	7.90195e-18
7254.40	8.25225e-18
7257.05	6.66717e-18
7259.70	7.81523e-18
7262.35	6.58375e-18
7265.00	5.53741e-18
7267.65	6.74498e-18
7270.30	5.23352e-18
7272.95	6.73793e-18
7275.60	7.62818e-18
7278.25	3.78021e-18
7280.90	8.0364e-18
7283.55	7.87696e-18
7286.20	3.26709e-18
7288.85	9.10624e-18
7291.50	5.39987e-18
7294.15	7.76673e-18
7296.80	5.89749e-18
7299.45	5.29485e-18
7302.10	6.97821e-18
7304.75	7.47752e-18
7307.40	6.30365e-18
7310.05	6.28687e-18
7312.70	5.42523e-18
7315.35	7.80454e-18
7318.00	5.60211e-18
7320.65	8.88255e-18
7323.30	5.72709e-18
7325.95	8.38788e-18
7328.60	5.84456e-18
7331.25	6.04793e-18
7333.90	9.37189e-18
7336.55	7.67127e-18
7339.20	5.94987e-18
7341.85	5.23658e-18
7344.50	6.42347e-18
7347.15	6.92059e-18
7349.80	6.35765e-18
7352.45	6.28086e-18
7355.10	5.49587e-18
7357.75	4.71354e-18
7360.40	6.90243e-18
7363.05	4.38867e-18
7365.70	5.74685e-18
7368.35	8.25219e-18
7371.00	6.52716e-18
7373.65	5.33414e-18
7376.30	4.43957e-18
7378.95	6.85132e-18
7381.60	7.17707e-18
7384.25	7.13426e-18
7386.90	7.79801e-18
7389.55	9.37441e-18
7392.20	4.18408e-18
7394.85	5.89852e-18
7397.50	7.55409e-18
7400.15	7.48698e-18
7402.80	7.40663e-18
7405.45	5.18213e-18
7408.10	4.72365e-18
7410.75	5.62904e-18
7413.40	6.16304e-18
7416.05	6.67585e-18
7418.70	5.85599e-18
7421.35	5.05425e-18
7424.00	4.739e-18
7426.65	5.81582e-18
7429.30	5.5863e-18
7431.95	6.07367e-18
7434.60	4.5605e-18
7437.25	7.40242e-18
7439.90	5.47039e-18
7442.55	5.14354e-18
7445.20	5.8735e-18
7447.85	7.26558e-18
7450.50	6.08224e-18
7453.15	4.96921e-18
7455.80	5.36488e-18
7458.45	5.57591e-18
7461.10	4.28832e-18
7463.75	7.57503e-18
7466.40	7.07925e-18
7469.05	6.84034e-18
7471.70	6.84803e-18
7474.35	6.35014e-18
7477.00	6.49327e-18
7479.65	6.08689e-18
7482.30	6.44637e-18
7484.95	6.95173e-18
7487.60	6.86427e-18
7490.25	7.64787e-18
7492.90	6.55739e-18
7495.55	6.08668e-18
7498.20	6.09182e-18
7500.85	6.64034e-18
7503.50	7.43997e-18
7506.15	7.60091e-18
7508.80	7.12193e-18
7511.45	5.17314e-18
7514.10	6.31207e-18
7516.75	6.88754e-18
7519.40	7.30968e-18
7522.05	8.58229e-18
7524.70	6.31045e-18
7527.35	4.92145e-18
7530.00	6.5964e-18
7532.65	5.70406e-18
7535.30	6.68967e-18
7537.95	6.30166e-18
7540.60	6.44191e-18
7543.25	7.00501e-18
7545.90	6.05247e-18
7548.55	6.29459e-18
7551.20	4.39539e-18
7553.85	5.62812e-18
7556.50	5.07961e-18
7559.15	6.18464e-18
7561.80	7.14156e-18
7564.45	6.68186e-18
7567.10	5.54093e-18
7569.75	3.9663e-18
7572.40	5.68948e-18
7575.05	4.9025e-18
7577.70	7.47864e-18
7580.35	5.19701e-18
7583.00	6.60566e-18
7585.65	8.83101e-18
7588.30	5.64425e-18
7590.95	6.5015e-18
7593.60	8.05832e-18
7596.25	4.82809e-18
7598.90	3.55971e-18
7601.55	3.03329e-18
7604.20	3.84603e-18
7606.85	3.84042e-18
7609.50	3.83482e-18
7612.15	3.82921e-18
7614.80	3.8236e-18
7617.45	3.81799e-18
7620.10	3.81238e-18
7622.75	3.80677e-18
7625.40	3.80116e-18
7628.05	3.79555e-18
7630.70	3.79555e-18
7633.35	4.34627e-18
7636.00	7.08602e-18
7638.65	6.35733e-18
7641.30	5.5094e-18
7643.95	5.98086e-18
7646.60	8.70141e-18
7649.25	1.05047e-17
7651.90	6.93952e-18
7654.55	4.53536e-18
7657.20	7.36237e-18
7659.85	7.12865e-18
7662.50	7.41749e-18
7665.15	7.94255e-18
7667.80	5.25949e-18
7670.45	7.49988e-18
7673.10	5.81351e-18
7675.75	6.59807e-18
7678.40	6.3296e-18
7681.05	5.44531e-18
7683.70	6.48838e-18
7686.35	7.20284e-18
7689.00	6.72226e-18
7691.65	7.07146e-18
7694.30	6.81751e-18
7696.95	8.75037e-18
7699.60	7.54477e-18
7702.25	5.17052e-18
7704.90	7.37969e-18
7707.55	6.87404e-18
7710.20	3.77857e-18
7712.85	5.11669e-18
7715.50	7.41339e-18
7718.15	3.89963e-18
7720.80	7.88033e-18
7723.45	9.42503e-18
7726.10	8.01652e-18
7728.75	6.26946e-18
7731.40	4.18812e-18
7734.05	4.33597e-18
7736.70	5.85465e-18
7739.35	5.68971e-18
7742.00	3.32242e-18
7744.65	5.3834e-18
7747.30	6.61981e-18
7749.95	3.10574e-18
7752.60	7.29328e-18
7755.25	1.00997e-17
7757.90	2.78672e-18
7760.55	6.20865e-18
7763.20	9.79945e-18
7765.85	9.41744e-18
7768.50	4.27446e-18
7771.15	7.50892e-18
7773.80	6.61204e-18
7776.45	4.51414e-18
7779.10	4.60007e-18
7781.75	3.80385e-18
7784.40	5.7688e-18
7787.05	7.42956e-18
7789.70	7.2216e-18
7792.35	9.05706e-18
7795.00	2.4565e-18
7797.65	8.2347e-18
7800.30	5.52923e-18
7802.95	9.24994e-18
7805.60	7.81681e-18
7808.25	5.61986e-18
7810.90	7.57007e-18
7813.55	6.35957e-18
7816.20	6.50809e-18
7818.85	6.46387e-18
7821.50	7.24315e-18
7824.15	6.71152e-18
7826.80	6.6527e-18
7829.45	4.74533e-18
7832.10	5.79966e-18
7834.75	6.50973e-18
7837.40	8.28115e-18
7840.05	7.89937e-18
7842.70	5.18875e-18
7845.35	6.42987e-18
7848.00	5.25404e-18
7850.65	7.2e-18
7853.30	1.00976e-17
7855.95	1.17895e-17
7858.60	1.19475e-17
7861.25	7.78624e-18
7863.90	1.11185e-17
7866.55	9.59658e-18
7869.20	7.10999e-18
7871.85	9.3416e-18
7874.50	7.66846e-18
7877.15	6.57437e-18
7879.80	8.03805e-18
7882.45	4.38544e-18
7885.10	2.2053e-18
7887.75	9.05566e-18
7890.40	8.56035e-18
7893.05	7.99366e-18
7895.70	6.20533e-18
7898.35	4.08382e-18
7901.00	5.93399e-18
7903.65	8.52541e-18
7906.30	6.27108e-18
7908.95	8.78333e-18
7911.60	9.43678e-18
7914.25	6.44649e-18
7916.90	9.09582e-18
7919.55	8.45697e-18
7922.20	9.52869e-18
7924.85	8.01689e-18
7927.50	2.55094e-18
7930.15	7.9082e-18
7932.80	9.04684e-18
7935.45	6.54254e-18
7938.10	6.53596e-18
7940.75	4.68362e-18
7943.40	6.2166e-18
7946.05	8.33039e-18
7948.70	5.84525e-18
7951.35	5.73939e-18
7954.00	5.98504e-18
7956.65	4.91291e-18
7959.30	4.01477e-18
7961.95	2.67724e-18
7964.60	5.2253e-18
7967.25	5.68469e-18
7969.90	4.10455e-18
7972.55	6.44668e-18
7975.20	6.74672e-18
7977.85	7.16102e-18
7980.50	7.09544e-18
7983.15	8.84755e-18
7985.80	1.05797e-17
7988.45	8.11914e-18
7991.10	9.23351e-18
7993.75	5.77435e-18
7996.40	8.16159e-18
7999.05	6.57858e-18
8001.70	6.39799e-18
8004.35	5.6675e-18
8007.00	4.81395e-18
8009.65	6.96359e-18
8012.30	5.96498e-18
8014.95	8.54641e-18
8017.60	6.36207e-18
8020.25	8.67051e-18
8022.90	9.72886e-18
8025.55	9.71064e-18
8028.20	8.94563e-18
8030.85	1.10019e-17
8033.50	9.93051e-18
8036.15	6.72971e-18
8038.80	5.64964e-18
8041.45	5.13659e-18
8044.10	4.31229e-18
8046.75	4.91171e-18
8049.40	7.98817e-18
8052.05	8.96017e-18
8054.70	9.03889e-18
8057.35	8.99363e-18
8060.00	1.08866e-17
8062.65	1.03507e-17
8065.30	5.17618e-18
8067.95	4.80469e-18
8070.60	8.54504e-18
8073.25	6.51683e-18
8075.90	5.90095e-18
8078.55	7.20762e-18
8081.20	5.34965e-18
8083.85	4.51292e-18
8086.50	6.50841e-18
8089.15	9.35031e-18
8091.80	8.67163e-18
8094.45	8.33368e-18
8097.10	7.05407e-18
8099.75	7.90345e-18
8102.40	6.71881e-18
8105.05	7.95524e-18
8107.70	9.59328e-18
8110.35	9.13451e-18
8113.00	4.13461e-18
8115.65	7.22861e-18
8118.30	7.4012e-18
8120.95	4.98468e-18
8123.60	6.26409e-18
8126.25	8.48674e-18
8128.90	7.71908e-18
8131.55	5.90891e-18
8134.20	6.21274e-18
8136.85	4.16319e-18
8139.50	4.71237e-18
8142.15	5.42351e-18
8144.80	8.30396e-18
8147.45	6.28951e-18
8150.10	4.71443e-18
8152.75	6.75759e-18
8155.40	7.56385e-18
8158.05	4.75514e-18
8160.70	4.58195e-18
8163.35	5.86339e-18
8166.00	7.2187e-18
8168.65	7.09081e-18
8171.30	6.96855e-18
8173.95	5.35379e-18
8176.60	6.64896e-18
8179.25	8.46704e-18
8181.90	6.25466e-18
8184.55	6.35425e-18
8187.20	6.02585e-18
8189.85	6.36646e-18
8192.50	7.07246e-18
8195.15	3.14272e-18
8197.80	5.14322e-18
8200.45	6.71264e-18
8203.10	6.50951e-18
8205.75	5.89093e-18
8208.40	6.80976e-18
8211.05	6.07241e-18
8213.70	3.71256e-18
8216.35	4.96504e-18
8219.00	6.11738e-18
8221.65	7.8277e-18
8224.30	5.56658e-18
8226.95	7.75124e-18
8229.60	4.76905e-18
8232.25	6.99159e-18
8234.90	4.32095e-18
8237.55	3.96448e-18
8240.20	7.75262e-18
8242.85	1.44695e-18
8245.50	7.86273e-18
8248.15	7.2544e-18
8250.80	5.52702e-18
8253.45	6.21446e-18
8256.10	3.60649e-18
8258.75	6.26688e-18
8261.40	7.76363e-18
8264.05	3.36048e-18
8266.70	6.00638e-18
8269.35	5.7033e-18
8272.00	4.58481e-18
8274.65	7.34255e-18
8277.30	6.55801e-18
8279.95	5.83614e-18
8282.60	4.21197e-18
8285.25	5.15734e-18
8287.90	5.33937e-18
8290.55	1.31591e-17
8293.20	1.04496e-17
8295.85	2.84025e-18
8298.50	8.75299e-18
8301.15	6.35804e-18
8303.80	6.01882e-18
8306.45	6.36793e-18
8309.10	6.94294e-18
8311.75	8.00507e-18
8314.40	4.45904e-18
8317.05	9.10739e-18
8319.70	6.34117e-18
8322.35	5.2565e-18
8325.00	3.32738e-18
8327.65	3.07489e-18
8330.30	3.00996e-18
8332.95	5.16289e-18
8335.60	4.15816e-18
8338.25	5.80775e-18
8340.90	7.45734e-18
8343.55	9.10694e-18
8346.20	1.07565e-17
8348.85	1.24061e-17
8351.50	1.24061e-17
8354.15	4.23121e-18
8356.80	2.79845e-18
8359.45	1.07394e-17
8362.10	7.50084e-18
8364.75	4.52398e-18
8367.40	5.15078e-18
8370.05	2.00913e-18
8372.70	1.28425e-18
8375.35	4.26576e-18
8378.00	6.54521e-18
8380.65	5.70271e-18
8383.30	9.452e-18
8385.95	5.40016e-18
8388.60	-1.224e-18
8391.25	2.8343e-18
8393.90	5.63318e-18
8396.55	6.15037e-18
8399.20	6.15534e-18
8401.85	3.76102e-18
8404.50	5.6873e-18
8407.15	6.76815e-18
8409.80	4.47989e-18
8412.45	3.86974e-18
8415.10	4.56406e-18
8417.75	7.20179e-18
8420.40	5.9014e-18
8423.05	5.50618e-18
8425.70	1.13826e-17
8428.35	2.09433e-18
8431.00	6.92587e-18
8433.65	3.01225e-18
8436.30	8.44957e-18
8438.95	1.63713e-18
8441.60	7.02368e-18
8444.25	4.93521e-18
8446.90	3.31041e-18
8449.55	4.75084e-18
8452.20	2.97278e-18
8454.85	7.81425e-18
8457.50	7.48916e-18
8460.15	-4.0124e-19
8462.80	3.3109e-18
8465.45	2.76687e-18
8468.10	1.11597e-17
8470.75	3.48783e-18
8473.40	1.68718e-18
8476.05	2.70212e-18
8478.70	9.60966e-18
8481.35	8.26689e-18
8484.00	5.60894e-18
8486.65	6.64438e-18
8489.30	5.98679e-18
8491.95	4.94517e-18
8494.60	6.43831e-18
8497.25	5.08488e-18
8499.90	6.56968e-18
8502.55	8.93299e-18
8505.20	4.23682e-18
8507.85	6.22163e-18
8510.50	4.76475e-18
8513.15	2.23642e-18
8515.80	2.71229e-18
8518.45	4.9904e-18
8521.10	5.24745e-18
8523.75	5.57335e-18
8526.40	5.05376e-18
8529.05	2.23975e-18
8531.70	2.82743e-18
8534.35	2.01467e-18
8537.00	6.74227e-18
8539.65	5.50835e-18
8542.30	9.10223e-18
8544.95	9.98899e-18
8547.60	2.00088e-18
8550.25	3.89615e-18
8552.90	8.36529e-18
8555.55	7.63561e-18
8558.20	5.55663e-18
8560.85	6.40861e-18
8563.50	5.71014e-18
8566.15	6.46062e-18
8568.80	5.64594e-18
8571.45	5.28068e-18
8574.10	5.49034e-18
8576.75	4.95628e-18
8579.40	1.04497e-17
8582.05	5.59734e-18
8584.70	4.67992e-18
8587.35	7.28093e-18
8590.00	6.53441e-18
8592.65	5.99467e-18
8595.30	8.22895e-18
8597.95	7.53061e-18
8600.60	4.77568e-18
8603.25	1.39039e-18
8605.90	5.118e-18
8608.55	5.24868e-18
8611.20	2.88789e-18
8613.85	3.95155e-18
8616.50	7.21318e-18
8619.15	6.3126e-18
8621.80	6.4359e-18
8624.45	8.78786e-18
8627.10	8.92978e-18
8629.75	5.12674e-18
8632.40	5.6288e-18
8635.05	2.02106e-18
8637.70	-8.79313e-19
8640.35	8.29567e-18
8643.00	8.58326e-18
8645.65	4.61975e-19
8648.30	2.50577e-18
8650.95	6.76429e-18
8653.60	1.42223e-18
8656.25	6.16625e-18
8658.90	5.45261e-18
8661.55	6.35128e-18
8664.20	3.55312e-18
8666.85	7.8654e-18
8669.50	3.87179e-18
8672.15	8.5233e-18
8674.80	6.58546e-18
8677.45	3.82845e-18
8680.10	8.34446e-19
8682.75	4.3959e-18
8685.40	1.06829e-17
8688.05	5.28432e-18
8690.70	5.18733e-18
8693.35	5.26209e-18
8696.00	7.94849e-18
8698.65	7.86289e-18
8701.30	4.53225e-18
8703.95	1.06378e-18
8706.60	5.42997e-18
8709.25	6.30051e-18
8711.90	6.52684e-18
8714.55	3.08668e-18
8717.20	5.97706e-18
8719.85	4.14716e-18
8722.50	9.73084e-18
8725.15	2.48208e-18
8727.80	5.78032e-18
8730.45	5.75511e-18
8733.10	5.96891e-18
8735.75	2.39917e-18
8738.40	3.46957e-18
8741.05	7.22113e-18
8743.70	4.06108e-18
8746.35	4.36489e-18
8749.00	6.28987e-18
8751.65	9.64795e-18
8754.30	1.01588e-17
8756.95	6.47581e-18
8759.60	1.99144e-18
8762.25	9.93834e-18
8764.90	1.0866e-18
8767.55	2.58476e-19
8770.20	1.02961e-17
8772.85	1.07363e-17
8775.50	1.20639e-17
8778.15	5.13006e-18
8780.80	7.83284e-18
8783.45	7.10375e-18
8786.10	1.2263e-18
8788.75	3.50696e-18
8791.40	2.68056e-18
8794.05	5.25375e-18
8796.70	8.28526e-18
8799.35	2.93904e-18
8802.00	1.88883e-18
8804.65	8.59011e-19
8807.30	7.44572e-18
8809.95	5.96174e-18
8812.60	4.91873e-18
8815.25	6.33101e-18
8817.90	6.25039e-18
8820.55	2.26513e-18
8823.20	2.93816e-18
8825.85	3.61119e-18
8828.50	4.28422e-18
8831.15	4.95725e-18
8833.80	5.63028e-18
8836.45	6.30331e-18
8839.10	6.97634e-18
8841.75	6.97634e-18
8844.40	7.11074e-18
8847.05	4.43805e-18
8849.70	2.39769e-18
8852.35	1.59906e-18
8855.00	6.4137e-18
8857.65	6.61987e-18
8860.30	6.82605e-18
8862.95	7.03223e-18
8865.60	7.23841e-18
8868.25	7.44459e-18
8870.90	7.44459e-18
8873.55	3.33587e-18
8876.20	3.4753e-18
8878.85	6.77218e-18
8881.50	3.67422e-18
8884.15	5.4368e-19
8886.80	6.27465e-18
8889.45	5.94285e-18
8892.10	6.66204e-18
8894.75	7.63081e-18
8897.40	3.18988e-18
8900.05	4.09068e-18
8902.70	7.46019e-19
8905.35	1.17086e-18
8908.00	7.07578e-18
8910.65	4.03779e-18
8913.30	1.12407e-17
8915.95	8.47641e-18
8918.60	-2.6201e-19
8921.25	9.4364e-18
8923.90	6.86822e-18
8926.55	7.77182e-18
8929.20	7.08188e-18
8931.85	3.83788e-18
8934.50	3.94247e-18
8937.15	8.80681e-18
