4350.00	1.14437e-18
4352.65	2.64316e-18
4355.30	1.74707e-18
4357.95	-4.67922e-19
4360.60	-3.9723e-19
4363.25	2.10743e-18
4365.90	2.9702e-18
4368.55	2.33353e-18
4371.20	1.38343e-18
4373.85	9.02814e-19
4376.50	5.44856e-19
4379.15	8.96426e-19
4381.80	1.14242e-18
4384.45	2.6413e-18
4387.10	1.89857e-18
4389.75	2.27312e-18
4392.40	1.98021e-18
4395.05	1.15793e-18
4397.70	-5.14185e-19
4400.35	7.85967e-19
4403.00	1.7253e-18
4405.65	1.78352e-18
4408.30	9.4258e-19
4410.95	2.07543e-18
4413.60	1.96959e-18
4416.25	1.31081e-18
4418.90	1.91823e-18
4421.55	2.25534e-18
4424.20	-6.73186e-20
4426.85	1.4415e-18
4429.50	-5.09852e-20
4432.15	2.23878e-18
4434.80	8.06861e-19
4437.45	1.82597e-18
4440.10	9.94117e-19
4442.75	9.95754e-19
4445.40	2.43073e-18
4448.05	1.69303e-18
4450.70	1.26141e-18
4453.35	1.92639e-18
4456.00	1.29302e-19
4458.65	2.21723e-18
4461.30	1.67671e-18
4463.95	1.51434e-18
4466.60	9.45103e-19
4469.25	1.68983e-18
4471.90	5.91053e-19
4474.55	2.24245e-19
4477.20	3.12001e-18
4479.85	7.55958e-20
4482.50	2.90172e-18
4485.15	7.51349e-19
4487.80	4.39534e-19
4490.45	1.17746e-19
4493.10	8.35462e-19
4495.75	2.13422e-19
4498.40	1.1835e-18
4501.05	1.1952e-18
4503.70	1.58071e-18
4506.35	1.14627e-18
4509.00	1.59338e-18
4511.65	4.53878e-19
4514.30	4.20031e-19
4516.95	1.55189e-18
4519.60	8.72622e-19
4522.25	1.8194e-18
4524.90	1.35239e-18
4527.55	-1.40302e-18
4530.20	7.57663e-19
4532.85	2.21742e-18
4535.50	-4.43787e-19
4538.15	1.61299e-18
4540.80	2.26176e-18
4543.45	1.96985e-18
4546.10	2.4612e-18
4548.75	1.17514e-18
4551.40	1.12346e-18
4554.05	1.05705e-18
4556.70	1.4276e-18
4559.35	1.06858e-18
4562.00	8.63458e-19
4564.65	2.79705e-18
4567.30	2.48008e-19
4569.95	5.37339e-19
4572.60	1.36249e-18
4575.25	1.15549e-18
4577.90	2.21622e-18
4580.55	-1.03821e-19
4583.20	7.35217e-19
4585.85	1.84627e-18
4588.50	9.08178e-19
4591.15	1.0052e-18
4593.80	1.24483e-18
4596.45	1.20962e-18
4599.10	1.53238e-18
4601.75	7.3144e-19
4604.40	5.7123e-19
4607.05	1.47328e-18
4609.70	1.10671e-18
4612.35	2.44179e-18
4615.00	1.63696e-18
4617.65	1.15408e-18
4620.30	1.96338e-18
4622.95	1.40813e-18
4625.60	1.3833e-18
4628.25	1.44864e-18
4630.90	2.23231e-18
4633.55	8.81616e-19
4636.20	1.45463e-18
4638.85	1.28269e-18
4641.50	1.07234e-18
4644.15	2.09354e-18
4646.80	1.00071e-18
4649.45	2.51071e-18
4652.10	2.63115e-18
4654.75	1.30836e-18
4657.40	1.48656e-18
4660.05	1.58754e-18
4662.70	1.26641e-18
4665.35	3.03893e-18
4668.00	1.18322e-18
4670.65	2.05682e-18
4673.30	1.56914e-18
4675.95	1.84344e-18
4678.60	1.30862e-18
4681.25	1.70684e-18
4683.90	1.04735e-18
4686.55	1.33996e-18
4689.20	2.73034e-19
4691.85	1.21097e-18
4694.50	1.81869e-18
4697.15	7.00822e-19
4699.80	8.808e-19
4702.45	2.28976e-18
4705.10	2.245e-18
4707.75	7.79542e-19
4710.40	1.03102e-18
4713.05	1.17749e-18
4715.70	8.28127e-19
4718.35	6.04167e-19
4721.00	1.92036e-18
4723.65	4.17105e-19
4726.30	1.11177e-18
4728.95	1.25948e-18
4731.60	2.26504e-19
4734.25	1.70917e-18
4736.90	1.05622e-18
4739.55	1.92251e-18
4742.20	1.35313e-18
4744.85	1.14423e-18
4747.50	1.83619e-18
4750.15	1.01546e-18
4752.80	1.51758e-18
4755.45	6.0844e-19
4758.10	1.11213e-18
4760.75	1.76813e-18
4763.40	1.17798e-18
4766.05	1.50212e-18
4768.70	1.44762e-18
4771.35	2.07373e-18
4774.00	9.84577e-19
4776.65	1.23378e-18
4779.30	1.34576e-18
4781.95	5.06796e-19
4784.60	5.90553e-19
4787.25	1.32715e-18
4789.90	5.26744e-19
4792.55	7.85234e-19
4795.20	1.26483e-19
4797.85	1.46938e-18
4800.50	1.70666e-18
4803.15	1.32811e-18
4805.80	1.59465e-18
4808.45	1.5479e-18
4811.10	2.80383e-18
4813.75	1.48972e-18
4816.40	1.7163e-18
4819.05	9.06616e-19
4821.70	1.11481e-18
4824.35	1.39502e-18
4827.00	3.51942e-19
4829.65	1.17996e-18
4832.30	1.44031e-18
4834.95	1.14607e-18
4837.60	9.27013e-19
4840.25	7.23994e-19
4842.90	7.75716e-19
4845.55	1.78085e-18
4848.20	1.78569e-18
4850.85	4.34195e-19
4853.50	1.4521e-18
4856.15	8.19411e-19
4858.80	1.11308e-18
4861.45	4.92935e-19
4864.10	1.1294e-18
4866.75	1.52277e-18
4869.40	6.06572e-19
4872.05	1.90742e-18
4874.70	9.82595e-19
4877.35	5.52611e-19
4880.00	1.60215e-18
4882.65	1.74207e-18
4885.30	1.83441e-18
4887.95	1.86145e-18
4890.60	7.36149e-19
4893.25	7.39507e-19
4895.90	1.53947e-18
4898.55	1.50275e-18
4901.20	9.90171e-19
4903.85	1.32486e-18
4906.50	1.62357e-18
4909.15	2.0926e-18
4911.80	1.6967e-18
4914.45	7.76755e-19
4917.10	1.07009e-18
4919.75	4.68372e-19
4922.40	2.88877e-19
4925.05	9.51377e-19
4927.70	3.28691e-19
4930.35	8.177e-19
4933.00	1.14311e-18
4935.65	2.27985e-19
4938.30	1.02216e-18
4940.95	1.35906e-18
4943.60	1.35449e-18
4946.25	2.00349e-18
4948.90	7.02354e-19
4951.55	9.12805e-19
4954.20	1.27998e-18
4956.85	1.76153e-18
4959.50	1.70676e-18
4962.15	2.15694e-18
4964.80	1.8992e-18
4967.45	5.22411e-19
4970.10	9.14038e-19
4972.75	1.56265e-18
4975.40	1.2958e-18
4978.05	1.45968e-18
4980.70	1.3691e-18
4983.35	3.57887e-19
4986.00	1.49986e-18
4988.65	2.47313e-18
4991.30	1.23846e-18
4993.95	6.44317e-19
4996.60	1.92973e-18
4999.25	1.88518e-18
5001.90	1.27907e-18
5004.55	8.75168e-20
5007.20	6.38195e-19
5009.85	1.94287e-18
5012.50	1.37596e-18
5015.15	1.71201e-18
5017.80	1.41235e-18
5020.45	2.2437e-18
5023.10	1.69847e-18
5025.75	1.53437e-18
5028.40	4.05385e-19
5031.05	4.30619e-19
5033.70	7.15261e-19
5036.35	3.08616e-19
5039.00	1.06187e-18
5041.65	-1.96967e-19
5044.30	1.33538e-18
5046.95	1.53881e-18
5049.60	1.90843e-18
5052.25	1.77342e-18
5054.90	1.47491e-18
5057.55	1.07245e-18
5060.20	2.19901e-18
5062.85	1.15242e-18
5065.50	1.10711e-18
5068.15	1.61085e-18
5070.80	1.1476e-18
5073.45	1.17465e-18
5076.10	1.39932e-18
5078.75	1.94505e-18
5081.40	1.02289e-18
5084.05	8.77922e-19
5086.70	1.06721e-18
5089.35	1.48862e-18
5092.00	1.15676e-18
5094.65	1.0934e-18
5097.30	1.63104e-18
5099.95	1.46358e-18
5102.60	1.52641e-18
5105.25	1.12293e-18
5107.90	9.92751e-19
5110.55	2.20292e-18
5113.20	1.90734e-18
5115.85	6.93113e-19
5118.50	4.67037e-19
5121.15	9.4771e-19
5123.80	9.53216e-19
5126.45	1.11583e-18
5129.10	1.46274e-18
5131.75	1.03353e-18
5134.40	1.23766e-18
5137.05	1.23178e-18
5139.70	6.81196e-19
5142.35	6.02555e-19
5145.00	1.79125e-18
5147.65	1.17286e-18
5150.30	7.04126e-19
5152.95	1.03421e-18
5155.60	6.78572e-19
5158.25	1.23278e-18
5160.90	1.71658e-18
5163.55	1.99373e-18
5166.20	3.00333e-19
5168.85	4.01494e-19
5171.50	1.20665e-18
5174.15	1.04052e-18
5176.80	1.0193e-18
5179.45	1.76046e-18
5182.10	2.23306e-18
5184.75	1.60007e-18
5187.40	3.63916e-20
5190.05	8.55474e-19
5192.70	1.53919e-18
5195.35	1.48181e-18
5198.00	2.23074e-18
5200.65	1.80959e-18
5203.30	7.04821e-19
5205.95	1.15229e-18
5208.60	1.20167e-18
5211.25	1.43626e-18
5213.90	7.78127e-19
5216.55	1.36429e-18
5219.20	1.22732e-18
5221.85	9.68806e-19
5224.50	1.16578e-18
5227.15	2.19957e-18
5229.80	1.654e-18
5232.45	1.7965e-18
5235.10	2.25167e-18
5237.75	2.02758e-18
5240.40	1.51991e-18
5243.05	1.38535e-18
5245.70	1.38889e-18
5248.35	9.05419e-19
5251.00	1.30471e-18
5253.65	1.17352e-18
5256.30	1.44593e-18
5258.95	1.21238e-18
5261.60	3.52637e-19
5264.25	1.55097e-18
5266.90	1.09855e-18
5269.55	1.76751e-18
5272.20	1.35199e-18
5274.85	1.19513e-18
5277.50	1.61472e-18
5280.15	1.32906e-18
5282.80	1.50659e-18
5285.45	1.69989e-18
5288.10	1.45892e-18
5290.75	5.71644e-19
5293.40	2.02989e-18
5296.05	2.60216e-18
5298.70	3.20287e-19
5301.35	1.25843e-18
5304.00	1.55189e-18
5306.65	1.06469e-18
5309.30	1.16449e-18
5311.95	1.92187e-18
5314.60	1.02995e-18
5317.25	2.69188e-19
5319.90	1.96856e-18
5322.55	2.53177e-18
5325.20	9.7019e-19
5327.85	9.50301e-19
5330.50	1.36312e-18
5333.15	1.20818e-18
5335.80	1.31e-18
5338.45	2.72916e-18
5341.10	1.16203e-18
5343.75	2.61963e-19
5346.40	6.22649e-19
5349.05	3.64654e-19
5351.70	1.02858e-18
5354.35	2.06453e-18
5357.00	5.63578e-19
5359.65	1.52624e-18
5362.30	2.25227e-18
5364.95	1.49442e-18
5367.60	1.65719e-18
5370.25	1.66066e-18
5372.90	1.44671e-18
5375.55	8.8833e-19
5378.20	9.45904e-19
5380.85	9.55659e-19
5383.50	7.5581e-19
5386.15	1.46357e-18
5388.80	1.54583e-18
5391.45	5.03135e-19
5394.10	9.62948e-19
5396.75	-3.39494e-20
5399.40	1.51015e-18
5402.05	1.84051e-18
5404.70	1.20667e-18
5407.35	1.49138e-18
5410.00	1.80056e-18
5412.65	5.89384e-19
5415.30	1.57488e-18
5417.95	1.46033e-18
5420.60	4.52184e-19
5423.25	1.50826e-18
5425.90	1.63179e-18
5428.55	3.577e-19
5431.20	1.88088e-18
5433.85	1.46709e-18
5436.50	1.15213e-18
5439.15	2.15127e-18
5441.80	1.44512e-18
5444.45	1.96939e-18
5447.10	9.70651e-19
5449.75	7.49018e-19
5452.40	1.39699e-18
5455.05	1.01257e-18
5457.70	1.0745e-18
5460.35	1.98798e-18
5463.00	3.39088e-19
5465.65	8.02068e-19
5468.30	1.51367e-18
5470.95	1.76864e-18
5473.60	2.26044e-18
5476.25	1.72812e-18
5478.90	1.65604e-18
5481.55	7.87413e-19
5484.20	1.80864e-18
5486.85	1.35097e-18
5489.50	1.16704e-18
5492.15	1.65845e-18
5494.80	1.83324e-18
5497.45	1.34174e-18
5500.10	1.51823e-18
5502.75	2.3347e-18
5505.40	2.67616e-18
5508.05	2.4223e-18
5510.70	1.62258e-18
5513.35	1.01444e-18
5516.00	4.47178e-19
5518.65	1.28716e-18
5521.30	8.7859e-19
5523.95	1.31211e-18
5526.60	2.25446e-18
5529.25	1.19633e-18
5531.90	4.80371e-19
5534.55	9.22589e-19
5537.20	3.5628e-19
5539.85	1.17842e-18
5542.50	1.8821e-18
5545.15	1.20277e-18
5547.80	7.06961e-19
5550.45	1.14968e-18
5553.10	1.52701e-18
5555.75	8.93096e-19
5558.40	1.71535e-18
5561.05	1.49438e-18
5563.70	1.09541e-18
5566.35	8.25674e-19
5569.00	4.78775e-19
5571.65	1.82009e-18
5574.30	2.63618e-18
5576.95	3.71219e-18
5579.60	2.94492e-18
5582.25	1.60293e-18
5584.90	-1.08832e-18
5587.55	2.37458e-19
5590.20	4.24695e-19
5592.85	5.50115e-19
5595.50	8.79306e-19
5598.15	4.59294e-19
5600.80	2.3516e-18
5603.45	3.64937e-20
5606.10	1.73176e-18
5608.75	1.34463e-18
5611.40	3.70656e-19
5614.05	6.27122e-19
5616.70	1.88756e-18
5619.35	9.12857e-19
5622.00	5.80597e-19
5624.65	-5.50446e-19
5627.30	1.70054e-18
5629.95	9.61027e-19
5632.60	1.19912e-18
5635.25	3.15338e-19
5637.90	8.28116e-19
5640.55	1.99897e-18
5643.20	1.8719e-18
5645.85	1.33653e-18
5648.50	1.07752e-18
5651.15	1.10065e-18
5653.80	7.9683e-19
5656.45	1.51583e-18
5659.10	7.91279e-19
5661.75	2.05265e-18
5664.40	1.34194e-18
5667.05	2.44866e-18
5669.70	7.34568e-19
5672.35	1.99003e-18
5675.00	1.30374e-18
5677.65	1.28586e-18
5680.30	6.3411e-19
5682.95	1.79951e-18
5685.60	1.60074e-18
5688.25	2.30356e-18
5690.90	1.202e-18
5693.55	7.09043e-19
5696.20	1.37601e-18
5698.85	1.41572e-18
5701.50	1.07253e-18
5704.15	1.01392e-18
5706.80	2.08406e-18
5709.45	1.11083e-18
5712.10	9.3212e-19
5714.75	7.63388e-19
5717.40	1.10674e-18
5720.05	1.06635e-18
5722.70	7.14937e-19
5725.35	7.72867e-19
5728.00	1.66772e-18
5730.65	1.13178e-18
5733.30	9.49727e-19
5735.95	1.96257e-18
5738.60	1.31369e-18
5741.25	9.50129e-19
5743.90	1.43979e-18
5746.55	1.21149e-18
5749.20	1.54558e-18
5751.85	7.79453e-19
5754.50	1.70464e-18
5757.15	1.43055e-18
5759.80	4.23772e-19
5762.45	1.81273e-18
5765.10	1.65605e-18
5767.75	5.88257e-19
5770.40	1.44665e-18
5773.05	9.27002e-19
5775.70	8.0526e-19
5778.35	9.52281e-19
5781.00	1.99875e-18
5783.65	1.39322e-18
5786.30	4.3634e-19
5788.95	1.2775e-18
5791.60	1.89582e-18
5794.25	1.11101e-18
5796.90	9.26517e-19
5799.55	8.38523e-19
5802.20	8.24937e-19
5804.85	1.10556e-18
5807.50	1.31288e-18
5810.15	1.11497e-18
5812.80	4.29492e-19
5815.45	5.25054e-19
5818.10	1.22693e-18
5820.75	1.42982e-18
5823.40	1.15865e-18
5826.05	1.77714e-18
5828.70	1.73569e-18
5831.35	1.73849e-18
5834.00	1.79324e-18
5836.65	5.68747e-19
5839.30	1.43738e-18
5841.95	1.93877e-18
5844.60	1.41396e-18
5847.25	-5.97798e-20
5849.90	4.71996e-19
5852.55	1.43841e-18
5855.20	1.72773e-18
5857.85	1.10846e-18
5860.50	9.92837e-19
5863.15	1.44328e-18
5865.80	1.5083e-18
5868.45	4.35964e-19
5871.10	1.59856e-19
5873.75	1.4955e-18
5876.40	1.81548e-18
5879.05	1.35016e-18
5881.70	2.13828e-18
5884.35	1.25731e-18
5887.00	2.12349e-18
5889.65	1.43451e-18
5892.30	2.17065e-18
5894.95	1.1239e-18
5897.60	9.06567e-19
5900.25	1.43325e-18
5902.90	2.83309e-20
5905.55	5.33186e-19
5908.20	1.31984e-18
5910.85	1.54071e-18
5913.50	1.52235e-18
5916.15	9.27973e-19
5918.80	1.27655e-18
5921.45	1.0709e-18
5924.10	5.7253e-19
5926.75	8.57145e-19
5929.40	4.33861e-19
5932.05	1.7629e-18
5934.70	8.67483e-19
5937.35	1.52184e-18
5940.00	2.31152e-18
5942.65	1.81662e-18
5945.30	2.50241e-18
5947.95	1.08819e-18
5950.60	1.77149e-18
5953.25	1.19327e-18
5955.90	2.36129e-18
5958.55	1.87983e-18
5961.20	5.92386e-19
5963.85	1.0467e-18
5966.50	2.05557e-18
5969.15	4.57802e-19
5971.80	1.76774e-18
5974.45	2.17788e-18
5977.10	5.37777e-19
5979.75	2.78156e-19
5982.40	6.26802e-19
5985.05	8.6058e-19
5987.70	8.19135e-19
5990.35	1.3352e-18
5993.00	1.51924e-18
5995.65	1.1835e-18
5998.30	1.16222e-18
6000.95	1.01214e-18
6003.60	8.82019e-19
6006.25	9.15191e-19
6008.90	8.87004e-19
6011.55	2.25782e-18
6014.20	1.11483e-18
6016.85	1.29404e-18
6019.50	1.29864e-18
6022.15	6.81085e-19
6024.80	1.58085e-18
6027.45	5.46277e-19
6030.10	1.63895e-18
6032.75	1.50455e-18
6035.40	5.35986e-19
6038.05	1.07619e-18
6040.70	1.52668e-18
6043.35	1.37086e-18
6046.00	1.11264e-18
6048.65	1.38083e-18
6051.30	1.2495e-18
6053.95	2.1996e-18
6056.60	1.74381e-18
6059.25	6.28881e-19
6061.90	6.53336e-19
6064.55	2.23253e-18
6067.20	2.63007e-18
6069.85	1.82298e-18
6072.50	1.47986e-18
6075.15	9.10472e-19
6077.80	1.71967e-18
6080.45	9.66901e-19
6083.10	1.62202e-18
6085.75	7.68101e-19
6088.40	2.93666e-19
6091.05	1.21532e-18
6093.70	1.03135e-18
6096.35	1.08938e-18
6099.00	7.53811e-19
6101.65	7.20867e-19
6104.30	2.02902e-18
6106.95	1.08961e-18
6109.60	6.34988e-19
6112.25	9.46526e-19
6114.90	8.22745e-19
6117.55	1.13416e-18
6120.20	1.07512e-18
6122.85	2.01036e-18
6125.50	2.07062e-18
6128.15	1.68142e-18
6130.80	8.36336e-19
6133.45	8.89263e-19
6136.10	1.5261e-18
6138.75	1.48333e-18
6141.40	2.19772e-18
6144.05	2.14618e-18
6146.70	4.31476e-19
6149.35	5.94974e-19
6152.00	1.45471e-18
6154.65	8.41449e-19
6157.30	1.2687e-18
6159.95	1.60079e-18
6162.60	9.83128e-19
6165.25	1.19592e-18
6167.90	1.1776e-18
6170.55	1.62463e-18
6173.20	1.35275e-18
6175.85	8.76197e-19
6178.50	1.32253e-18
6181.15	1.17538e-18
6183.80	2.31857e-18
6186.45	1.0934e-18
6189.10	9.13123e-19
6191.75	2.17366e-18
6194.40	1.30173e-18
6197.05	1.15121e-18
6199.70	1.0327e-18
6202.35	1.46657e-18
6205.00	1.18728e-18
6207.65	9.17619e-19
6210.30	9.47506e-19
6212.95	1.09301e-18
6215.60	1.58259e-18
6218.25	1.74502e-18
6220.90	5.91967e-19
6223.55	7.26237e-19
6226.20	1.31623e-18
6228.85	1.3923e-18
6231.50	1.69895e-18
6234.15	7.2007e-19
6236.80	1.47513e-18
6239.45	2.05143e-18
6242.10	8.6328e-19
6244.75	1.10607e-18
6247.40	7.85379e-19
6250.05	5.15184e-19
6252.70	2.13083e-18
6255.35	1.86968e-18
6258.00	1.50655e-18
6260.65	1.47492e-18
6263.30	1.87021e-18
6265.95	1.048e-18
6268.60	1.51562e-18
6271.25	2.29862e-18
6273.90	1.36176e-18
6276.55	9.0346e-19
6279.20	1.28814e-18
6281.85	1.40662e-18
6284.50	6.22264e-19
6287.15	6.24149e-19
6289.80	4.41538e-19
6292.45	4.24754e-19
6295.10	1.68764e-18
6297.75	2.26961e-18
6300.40	1.82182e-18
6303.05	2.09551e-18
6305.70	6.27341e-19
6308.35	-1.08358e-18
6311.00	1.46774e-18
6313.65	4.93723e-19
6316.30	1.80104e-18
6318.95	1.49477e-18
6321.60	9.48353e-19
6324.25	1.55086e-18
6326.90	2.17378e-18
6329.55	8.38643e-19
6332.20	6.22143e-19
6334.85	2.75837e-19
6337.50	1.22532e-18
6340.15	1.42032e-18
6342.80	9.92509e-19
6345.45	5.12901e-19
6348.10	1.51003e-18
6350.75	2.29806e-18
6353.40	1.63261e-18
6356.05	2.51835e-18
6358.70	2.12701e-18
6361.35	1.26217e-18
6364.00	2.06039e-18
6366.65	1.81739e-18
6369.30	6.10985e-19
6371.95	9.89315e-19
6374.60	8.50891e-19
6377.25	1.36729e-18
6379.90	1.46049e-18
6382.55	9.14569e-19
6385.20	1.26e-18
6387.85	1.14498e-18
6390.50	1.01703e-18
6393.15	6.36613e-19
6395.80	1.26014e-18
6398.45	1.6319e-18
6401.10	9.55142e-19
6403.75	1.65767e-18
6406.40	1.93101e-18
6409.05	9.9824e-19
6411.70	1.98654e-18
6414.35	1.43161e-18
6417.00	2.15054e-18
6419.65	3.7637e-19
6422.30	1.48298e-18
6424.95	2.58577e-18
6427.60	8.37934e-19
6430.25	9.71672e-19
6432.90	1.91998e-18
6435.55	2.64122e-18
6438.20	8.04081e-19
6440.85	4.44158e-19
6443.50	1.43534e-18
6446.15	1.45044e-18
6448.80	2.32782e-18
6451.45	2.73942e-18
6454.10	4.52864e-18
6456.75	5.30974e-18
6459.40	4.23145e-18
6462.05	4.00478e-18
6464.70	1.39459e-18
6467.35	1.83499e-18
6470.00	2.76818e-18
6472.65	9.11231e-19
6475.30	1.22657e-18
6477.95	6.97201e-19
6480.60	1.47655e-18
6483.25	3.67843e-19
6485.90	8.88884e-19
6488.55	1.96129e-18
6491.20	8.28189e-19
6493.85	1.39879e-18
6496.50	5.73184e-19
6499.15	2.37566e-18
6501.80	1.49687e-18
6504.45	1.36162e-18
6507.10	1.44324e-18
6509.75	1.98575e-18
6512.40	1.44527e-18
6515.05	5.39857e-19
6517.70	2.09868e-18
6520.35	1.60404e-18
6523.00	1.57708e-18
6525.65	1.96605e-18
6528.30	1.89138e-18
6530.95	5.98399e-19
6533.60	1.05492e-18
6536.25	1.88092e-18
6538.90	1.52671e-18
6541.55	1.34728e-18
6544.20	1.46809e-18
6546.85	1.50209e-18
6549.50	1.8482e-18
6552.15	1.12563e-18
6554.80	1.70427e-18
6557.45	1.98252e-18
6560.10	1.06536e-18
6562.75	1.38666e-18
6565.40	3.97307e-19
6568.05	1.08271e-19
6570.70	7.0728e-19
6573.35	1.85089e-18
6576.00	2.41667e-18
6578.65	1.37413e-18
6581.30	8.93561e-19
6583.95	1.12594e-18
6586.60	8.98795e-19
6589.25	9.46179e-19
6591.90	7.7003e-19
6594.55	7.94039e-19
6597.20	1.60843e-18
6599.85	2.42727e-18
6602.50	1.84169e-18
6605.15	1.13235e-18
6607.80	1.51165e-18
6610.45	1.85122e-18
6613.10	1.84042e-18
6615.75	1.47802e-18
6618.40	1.1991e-18
6621.05	1.3006e-18
6623.70	9.60731e-19
6626.35	1.13637e-18
6629.00	1.5395e-18
6631.65	1.86429e-18
6634.30	5.43932e-19
6636.95	9.89847e-19
6639.60	1.1701e-18
6642.25	1.64606e-18
6644.90	1.08339e-18
6647.55	1.47014e-18
6650.20	8.45547e-19
6652.85	1.53126e-18
6655.50	1.20925e-18
6658.15	1.68776e-18
6660.80	1.84998e-18
6663.45	2.18552e-18
6666.10	1.95943e-18
6668.75	1.87105e-18
6671.40	1.85557e-18
6674.05	1.27886e-18
6676.70	1.09606e-18
6679.35	1.2582e-18
6682.00	7.51412e-19
6684.65	2.13079e-18
6687.30	1.48868e-18
6689.95	2.22996e-18
6692.60	1.10313e-18
6695.25	2.13897e-18
6697.90	1.88543e-18
6700.55	1.01299e-18
6703.20	1.15389e-18
6705.85	1.53537e-18
6708.50	1.39903e-18
6711.15	1.21652e-18
6713.80	9.95822e-19
6716.45	1.68394e-18
6719.10	1.8821e-18
6721.75	1.73971e-18
6724.40	6.45041e-19
6727.05	1.05181e-18
6729.70	1.56715e-18
6732.35	1.41905e-18
6735.00	1.41517e-18
6737.65	1.38926e-18
6740.30	1.34117e-18
6742.95	7.07937e-19
6745.60	1.09555e-18
6748.25	1.5956e-18
6750.90	1.81633e-18
6753.55	1.94831e-18
6756.20	1.94565e-18
6758.85	1.89243e-18
6761.50	1.4968e-18
6764.15	8.70237e-19
6766.80	1.87035e-18
6769.45	2.0539e-18
6772.10	1.37604e-18
6774.75	1.64835e-18
6777.40	1.63944e-18
6780.05	1.78952e-18
6782.70	1.61907e-18
6785.35	1.89563e-18
6788.00	2.29842e-18
6790.65	2.35842e-18
6793.30	2.50045e-18
6795.95	2.17811e-18
6798.60	8.56967e-19
6801.25	1.09859e-18
6803.90	1.63682e-18
6806.55	1.33883e-18
6809.20	1.77861e-18
6811.85	1.96002e-18
6814.50	7.5434e-19
6817.15	1.53801e-18
6819.80	1.26956e-18
6822.45	1.83783e-18
6825.10	1.72659e-18
6827.75	1.23264e-18
6830.40	3.45544e-18
6833.05	1.89862e-18
6835.70	1.16398e-18
6838.35	1.79703e-18
6841.00	1.96662e-18
6843.65	1.02608e-18
6846.30	1.36637e-18
6848.95	1.01101e-18
6851.60	2.09329e-18
6854.25	1.47025e-18
6856.90	1.90872e-18
6859.55	2.11591e-18
6862.20	2.38663e-18
6864.85	2.28947e-18
6867.50	4.04659e-18
6870.15	1.88789e-18
6872.80	8.29292e-19
6875.45	7.94125e-19
6878.10	7.76491e-19
6880.75	7.92535e-19
6883.40	2.64668e-18
6886.05	1.15451e-18
6888.70	4.31531e-19
6891.35	2.5638e-18
6894.00	2.45537e-18
6896.65	2.1264e-18
6899.30	3.12219e-18
6901.95	2.97675e-18
6904.60	1.20924e-18
6907.25	1.2691e-18
6909.90	2.01568e-18
6912.55	2.07683e-18
6915.20	2.37179e-18
6917.85	1.01612e-18
6920.50	1.73773e-18
6923.15	1.29996e-18
6925.80	1.37232e-18
6928.45	2.2467e-18
6931.10	1.4189e-18
6933.75	1.7623e-18
6936.40	2.77778e-18
6939.05	2.04239e-18
6941.70	2.19316e-18
6944.35	2.09509e-18
6947.00	1.19324e-18
6949.65	1.16104e-18
6952.30	1.36952e-18
6954.95	1.93988e-18
6957.60	1.42536e-18
6960.25	1.62467e-18
6962.90	1.51697e-18
6965.55	2.09424e-18
6968.20	2.48048e-18
6970.85	1.57727e-18
6973.50	1.24249e-18
6976.15	1.35353e-18
6978.80	7.18749e-19
6981.45	2.2484e-18
6984.10	1.49545e-18
6986.75	1.5714e-18
6989.40	1.92839e-18
6992.05	1.75369e-18
6994.70	1.4483e-18
6997.35	1.99303e-18
7000.00	1.61852e-18
7002.65	9.00946e-19
7005.30	1.92911e-18
7007.95	1.56261e-18
7010.60	1.6085e-18
7013.25	1.64329e-18
7015.90	1.87744e-18
7018.55	1.18344e-18
7021.20	1.85376e-18
7023.85	1.78607e-18
7026.50	7.09459e-19
7029.15	2.02041e-18
7031.80	1.5422e-18
7034.45	2.96202e-19
7037.10	1.94491e-18
7039.75	2.18144e-18
7042.40	1.56039e-18
7045.05	1.30115e-18
7047.70	1.5054e-18
7050.35	8.10159e-19
7053.00	1.55538e-18
7055.65	1.95547e-18
7058.30	1.82244e-18
7060.95	2.17532e-18
7063.60	1.7255e-18
7066.25	1.10805e-18
7068.90	1.42224e-18
7071.55	1.13654e-18
7074.20	9.8984e-19
7076.85	1.80792e-18
7079.50	1.87083e-18
7082.15	1.41344e-18
7084.80	9.26833e-19
7087.45	1.11875e-18
7090.10	1.42987e-18
7092.75	1.43018e-18
7095.40	1.11722e-18
7098.05	9.72056e-19
7100.70	1.41167e-18
7103.35	1.80783e-18
7106.00	9.42045e-19
7108.65	1.2211e-18
7111.30	1.37815e-18
7113.95	1.20356e-18
7116.60	1.83421e-18
7119.25	2.45297e-18
7121.90	1.00096e-18
7124.55	1.80809e-18
7127.20	1.32279e-18
7129.85	1.48034e-18
7132.50	2.64697e-18
7135.15	1.28575e-18
7137.80	2.02223e-18
7140.45	1.83981e-18
7143.10	6.52232e-19
7145.75	1.84241e-18
7148.40	2.65879e-18
7151.05	2.64828e-18
7153.70	4.92211e-19
7156.35	8.11739e-19
7159.00	1.24284e-18
7161.65	1.21033e-18
7164.30	2.08991e-18
7166.95	1.14302e-18
7169.60	1.50905e-18
7172.25	1.52116e-18
7174.90	1.18885e-18
7177.55	2.33658e-18
7180.20	8.53352e-19
7182.85	1.13276e-18
7185.50	8.7147e-19
7188.15	1.53618e-18
7190.80	6.77471e-20
7193.45	9.78021e-19
7196.10	2.24772e-18
7198.75	2.25782e-18
7201.40	7.74136e-19
7204.05	1.3285e-18
7206.70	1.18341e-18
7209.35	1.66887e-18
7212.00	2.32559e-18
7214.65	1.95822e-18
7217.30	2.15541e-18
7219.95	1.61622e-18
7222.60	1.75655e-18
7225.25	1.89689e-18
7227.90	2.03722e-18
7230.55	2.17755e-18
7233.20	2.31789e-18
7235.85	2.45822e-18
7238.50	2.59855e-18
7241.15	2.59855e-18
7243.80	2.14578e-18
7246.45	-6.98024e-19
7249.10	-6.42634e-19
7251.75	1.71585e-18
7254.40	1.72386e-18
7257.05	1.17468e-18
7259.70	2.6412e-18
7262.35	1.94788e-18
7265.00	1.80978e-18
7267.65	2.59472e-18
7270.30	3.02611e-18
7272.95	1.86039e-18
7275.60	1.95701e-18
7278.25	3.71849e-18
7280.90	2.15661e-18
7283.55	-2.78534e-19
7286.20	1.27264e-18
7288.85	2.36778e-18
7291.50	1.0654e-18
7294.15	-1.01234e-19
7296.80	5.3104e-19
7299.45	8.09326e-19
7302.10	2.42434e-18
7304.75	9.88393e-19
7307.40	2.13678e-18
7310.05	-3.10653e-19
7312.70	1.20109e-18
7315.35	1.68087e-18
7318.00	-1.47415e-19
7320.65	6.65409e-19
7323.30	1.12632e-18
7325.95	1.42812e-18
7328.60	-2.03675e-19
7331.25	7.73328e-19
7333.90	1.72382e-18
7336.55	1.90742e-18
7339.20	3.13822e-18
7341.85	2.0273e-18
7344.50	-2.83393e-19
7347.15	2.5665e-19
7349.80	1.67781e-18
7352.45	1.2556e-18
7355.10	1.74666e-18
7357.75	2.51499e-18
7360.40	2.2391e-18
7363.05	2.00089e-18
7365.70	1.03468e-18
7368.35	8.83854e-19
7371.00	6.93732e-19
7373.65	1.12068e-18
7376.30	1.33911e-18
7378.95	6.2224e-19
7381.60	9.77415e-19
7384.25	3.73593e-19
7386.90	3.46008e-19
7389.55	1.6687e-18
7392.20	1.89174e-18
7394.85	2.69863e-18
7397.50	7.57765e-19
7400.15	1.77165e-18
7402.80	1.41764e-18
7405.45	2.07868e-18
7408.10	2.0344e-18
7410.75	2.41602e-18
7413.40	1.60123e-18
7416.05	7.08898e-19
7418.70	1.87824e-18
7421.35	1.99414e-18
7424.00	1.69747e-18
7426.65	2.27014e-18
7429.30	1.39849e-18
7431.95	5.24178e-19
7434.60	1.02456e-18
7437.25	6.72497e-19
7439.90	2.27858e-18
7442.55	7.27543e-19
7445.20	3.14369e-18
7447.85	2.09886e-18
7450.50	1.24754e-18
7453.15	1.46296e-18
7455.80	1.2895e-18
7458.45	2.56615e-18
7461.10	2.12616e-18
7463.75	1.4816e-18
7466.40	2.81226e-18
7469.05	1.68652e-18
7471.70	1.13367e-18
7474.35	1.10786e-18
7477.00	1.56139e-18
7479.65	1.59798e-18
7482.30	1.3627e-18
7484.95	2.10689e-18
7487.60	2.05457e-18
7490.25	6.63275e-19
7492.90	5.8426e-19
7495.55	1.46615e-18
7498.20	1.47155e-18
7500.85	2.04452e-18
7503.50	9.37993e-19
7506.15	9.55777e-19
7508.80	1.47902e-18
7511.45	1.25226e-18
7514.10	1.71248e-18
7516.75	1.6722e-18
7519.40	2.27523e-18
7522.05	1.05043e-18
7524.70	7.03486e-19
7527.35	2.01724e-18
7530.00	1.88557e-18
7532.65	2.70387e-18
7535.30	2.36901e-18
7537.95	2.23146e-18
7540.60	7.62794e-19
7543.25	1.37064e-18
7545.90	1.21441e-18
7548.55	1.84776e-18
7551.20	2.49763e-18
7553.85	1.70021e-18
7556.50	2.03439e-18
7559.15	2.39774e-18
7561.80	1.38052e-18
7564.45	7.47846e-19
7567.10	1.93625e-18
7569.75	1.42172e-18
7572.40	1.0843e-18
7575.05	9.46195e-19
7577.70	1.63458e-18
7580.35	1.09985e-18
7583.00	5.11697e-19
7585.65	1.41068e-18
7588.30	2.11594e-18
7590.95	1.67138e-19
7593.60	4.11072e-19
7596.25	2.33407e-18
7598.90	2.44207e-18
7601.55	2.35837e-18
7604.20	3.93469e-18
7606.85	4.13561e-18
7609.50	2.72162e-18
7612.15	2.43789e-18
7614.80	2.09518e-18
7617.45	1.47902e-18
7620.10	1.08514e-18
7622.75	2.5666e-18
7625.40	2.0288e-18
7628.05	1.05423e-19
7630.70	2.68203e-18
7633.35	3.06298e-18
7636.00	4.37446e-19
7638.65	8.55919e-19
7641.30	1.32745e-18
7643.95	1.19565e-18
7646.60	1.36573e-18
7649.25	1.34898e-18
7651.90	1.05745e-18
7654.55	2.56085e-18
7657.20	2.0608e-18
7659.85	1.59133e-18
7662.50	1.07627e-18
7665.15	3.29474e-19
7667.80	1.57706e-18
7670.45	1.7628e-18
7673.10	3.09137e-18
7675.75	2.55427e-18
7678.40	2.01841e-18
7681.05	2.23991e-18
7683.70	1.84952e-18
7686.35	1.34872e-18
7689.00	9.10827e-19
7691.65	9.1083e-19
7694.30	9.95409e-19
7696.95	1.52635e-18
7699.60	1.79927e-18
7702.25	8.47571e-19
7704.90	9.73937e-19
7707.55	1.51545e-18
7710.20	1.62986e-18
7712.85	2.05949e-18
7715.50	1.81485e-18
7718.15	2.80416e-18
7720.80	3.87498e-19
7723.45	8.81113e-19
7726.10	2.06134e-18
7728.75	7.46828e-19
7731.40	1.77418e-18
7734.05	3.57337e-20
7736.70	-1.74073e-19
7739.35	4.33177e-19
7742.00	1.88309e-18
7744.65	1.4715e-18
7747.30	9.40321e-19
7749.95	2.59744e-18
7752.60	3.48569e-18
7755.25	2.40664e-18
7757.90	-3.23406e-19
7760.55	1.74062e-18
7763.20	1.72323e-18
7765.85	2.14864e-18
7768.50	7.89055e-19
7771.15	1.24851e-18
7773.80	2.18674e-18
7776.45	1.04655e-18
7779.10	8.1386e-19
7781.75	-6.81757e-19
7784.40	-3.81517e-19
7787.05	1.96206e-18
7789.70	-5.56285e-20
7792.35	-7.54615e-19
7795.00	3.29648e-19
7797.65	1.30839e-18
7800.30	1.44442e-18
7802.95	2.82661e-18
7805.60	1.77584e-18
7808.25	1.50917e-18
7810.90	2.25363e-18
7813.55	-1.19956e-19
7816.20	3.14251e-18
7818.85	1.58003e-18
7821.50	4.17031e-18
7824.15	3.36255e-18
7826.80	4.87056e-19
7829.45	2.41226e-18
7832.10	1.02963e-18
7834.75	9.94414e-19
7837.40	2.5852e-18
7840.05	2.73927e-18
7842.70	1.75512e-18
7845.35	9.52569e-19
7848.00	1.63713e-18
7850.65	3.22359e-18
7853.30	3.69089e-18
7855.95	1.68587e-18
7858.60	1.60702e-18
7861.25	2.44248e-18
7863.90	3.63464e-18
7866.55	1.95929e-18
7869.20	2.89842e-18
7871.85	1.29836e-18
7874.50	1.57197e-18
7877.15	2.51238e-18
7879.80	4.30147e-18
7882.45	2.23046e-18
7885.10	1.73741e-18
7887.75	2.34561e-18
7890.40	1.20531e-18
7893.05	1.6105e-18
7895.70	6.50851e-19
7898.35	2.4003e-18
7901.00	2.89565e-18
7903.65	2.20083e-18
7906.30	3.03393e-19
7908.95	-1.72408e-18
7911.60	2.34266e-19
7914.25	6.49238e-19
7916.90	3.58507e-18
7919.55	1.58426e-18
7922.20	7.41112e-19
7924.85	1.59426e-18
7927.50	1.96905e-18
7930.15	2.02415e-18
7932.80	1.72262e-18
7935.45	1.61164e-18
7938.10	1.5801e-18
7940.75	1.44064e-18
7943.40	3.39046e-19
7946.05	1.04834e-18
7948.70	2.71612e-18
7951.35	5.62298e-19
7954.00	4.93035e-19
7956.65	6.97745e-19
7959.30	1.72705e-18
7961.95	2.16289e-18
7964.60	1.38236e-18
7967.25	2.84663e-18
7969.90	2.61484e-18
7972.55	1.21536e-18
7975.20	1.45825e-18
7977.85	2.09485e-18
7980.50	1.87079e-18
7983.15	1.83837e-18
7985.80	9.65555e-19
7988.45	1.87432e-18
7991.10	1.87848e-18
7993.75	3.23125e-18
7996.40	1.68636e-18
7999.05	5.39823e-18
8001.70	2.90455e-18
8004.35	8.55582e-19
8007.00	2.56893e-18
8009.65	1.85076e-18
8012.30	3.09697e-18
8014.95	3.57915e-18
8017.60	2.26334e-18
8020.25	1.11316e-18
8022.90	9.94767e-19
8025.55	1.34552e-18
8028.20	9.0191e-19
8030.85	2.70935e-18
8033.50	2.71093e-18
8036.15	2.8822e-19
8038.80	3.50241e-19
8041.45	2.56434e-18
8044.10	1.61703e-18
8046.75	-2.22168e-19
8049.40	1.47827e-18
8052.05	9.60112e-19
8054.70	1.67549e-19
8057.35	1.33799e-18
8060.00	7.81058e-19
8062.65	1.54235e-18
8065.30	2.16831e-18
8067.95	1.52506e-18
8070.60	2.01624e-18
8073.25	1.72795e-18
8075.90	2.15149e-18
8078.55	1.09142e-19
8081.20	1.47187e-18
8083.85	2.41908e-18
8086.50	1.29947e-18
8089.15	1.10978e-18
8091.80	2.64382e-18
8094.45	1.22617e-18
8097.10	2.10795e-18
8099.75	5.56736e-20
8102.40	1.61086e-18
8105.05	1.14248e-18
8107.70	1.06442e-18
8110.35	3.9924e-18
8113.00	2.93223e-18
8115.65	2.75174e-18
8118.30	1.64212e-18
8120.95	6.30074e-19
8123.60	2.39542e-18
8126.25	1.84064e-18
8128.90	2.08787e-18
8131.55	1.98195e-18
8134.20	1.82799e-18
8136.85	1.66498e-18
8139.50	7.65524e-19
8142.15	5.44801e-20
8144.80	1.74384e-18
8147.45	2.46295e-18
8150.10	9.23406e-19
8152.75	1.00225e-18
8155.40	1.39851e-19
8158.05	8.5816e-19
8160.70	1.60527e-18
8163.35	1.12576e-18
8166.00	1.32497e-18
8168.65	1.76224e-18
8171.30	1.70188e-18
8173.95	1.77e-18
8176.60	1.72978e-18
8179.25	1.08089e-18
8181.90	5.53287e-19
8184.55	2.10156e-18
8187.20	1.84313e-18
8189.85	7.81961e-19
8192.50	1.37561e-18
8195.15	9.12454e-19
8197.80	1.96007e-18
8200.45	2.20381e-18
8203.10	1.54771e-19
8205.75	4.22655e-19
8208.40	2.22699e-18
8211.05	3.71825e-18
8213.70	1.74e-18
8216.35	7.61666e-19
8219.00	1.2819e-18
8221.65	1.08929e-18
8224.30	3.93405e-19
8226.95	1.01625e-18
8229.60	1.74945e-18
8232.25	1.17661e-18
8234.90	1.60151e-18
8237.55	1.09057e-18
8240.20	1.20836e-18
8242.85	2.83774e-18
8245.50	1.69262e-18
8248.15	1.11251e-18
8250.80	1.58307e-18
8253.45	2.83033e-18
8256.10	2.82551e-18
8258.75	2.17307e-18
8261.40	1.17081e-18
8264.05	1.27417e-18
8266.70	6.13634e-19
8269.35	9.09232e-19
8272.00	8.07071e-19
8274.65	1.15643e-18
8277.30	2.99581e-18
8279.95	1.21855e-19
8282.60	-2.11166e-18
8285.25	1.12896e-18
8287.90	5.94767e-20
8290.55	2.551e-18
8293.20	4.10999e-18
8295.85	2.9236e-18
8298.50	4.30782e-18
8301.15	3.07817e-18
8303.80	5.25198e-19
8306.45	1.17077e-18
8309.10	2.54413e-18
8311.75	4.85917e-19
8314.40	1.00364e-18
8317.05	1.42922e-18
8319.70	1.25471e-18
8322.35	1.28335e-18
8325.00	2.27144e-18
8327.65	9.54105e-19
8330.30	1.28145e-18
8332.95	2.49356e-18
8335.60	8.22279e-19
8338.25	-9.40538e-19
8340.90	3.80682e-19
8343.55	3.14764e-18
8346.20	2.70069e-18
8348.85	-1.44083e-18
8351.50	-1.38737e-18
8354.15	1.75727e-18
8356.80	1.64104e-18
8359.45	1.85966e-18
8362.10	1.09595e-18
8364.75	3.24598e-19
8367.40	2.45539e-19
8370.05	2.1626e-18
8372.70	2.46251e-18
8375.35	5.31972e-19
8378.00	-1.53489e-19
8380.65	3.98161e-19
8383.30	1.29094e-18
8385.95	1.65303e-18
8388.60	1.652e-18
8391.25	9.18983e-19
8393.90	1.06029e-18
8396.55	1.14871e-18
8399.20	-4.24259e-19
8401.85	4.27878e-18
8404.50	4.62842e-18
8407.15	3.48777e-18
8409.80	1.94513e-18
8412.45	2.10405e-18
8415.10	3.4341e-19
8417.75	4.70416e-19
8420.40	1.94717e-20
8423.05	1.79324e-18
8425.70	3.74742e-18
8428.35	6.71876e-18
8431.00	9.61091e-19
8433.65	9.17612e-19
8436.30	1.67393e-18
8438.95	8.70764e-19
8441.60	6.58599e-19
8444.25	3.03497e-19
8446.90	5.00252e-19
8449.55	2.41763e-18
8452.20	3.14987e-18
8454.85	4.48293e-19
8457.50	-6.56656e-19
8460.15	2.64017e-18
8462.80	4.02979e-18
8465.45	2.34882e-18
8468.10	2.03114e-18
8470.75	1.85461e-18
8473.40	2.11731e-18
8476.05	1.29527e-18
8478.70	2.69555e-19
8481.35	7.35011e-19
8484.00	3.79784e-18
8486.65	1.74745e-18
8489.30	9.75677e-19
8491.95	1.94854e-18
8494.60	-4.38774e-19
8497.25	5.60673e-19
8499.90	1.88057e-18
8502.55	2.82965e-18
8505.20	2.70106e-18
8507.85	1.47128e-18
8510.50	2.67531e-18
8513.15	1.7121e-18
8515.80	1.36745e-18
8518.45	1.47956e-18
8521.10	2.31826e-18
8523.75	9.8036e-19
8526.40	9.76097e-19
8529.05	2.06607e-18
8531.70	1.1159e-18
8534.35	1.83966e-18
8537.00	1.64977e-18
8539.65	2.83363e-18
8542.30	2.23291e-18
8544.95	1.5257e-18
8547.60	1.10601e-18
8550.25	-1.33726e-18
8552.90	-7.56971e-20
8555.55	7.91564e-19
8558.20	8.52274e-19
8560.85	8.06327e-19
8563.50	1.24675e-18
8566.15	6.84537e-19
8568.80	4.1868e-19
8571.45	1.46953e-18
8574.10	3.39236e-19
8576.75	4.26698e-19
8579.40	1.77571e-18
8582.05	1.23034e-18
8584.70	3.62754e-19
8587.35	8.26993e-19
8590.00	1.20301e-18
8592.65	1.95628e-18
8595.30	2.28061e-18
8597.95	1.90791e-18
8600.60	1.51314e-18
8603.25	1.31859e-18
8605.90	7.19194e-19
8608.55	3.41661e-19
8611.20	1.06623e-18
8613.85	2.11162e-18
8616.50	2.53729e-18
8619.15	2.45299e-18
8621.80	4.84043e-19
8624.45	-7.96517e-19
8627.10	1.24853e-18
8629.75	1.20073e-18
8632.40	8.62747e-19
8635.05	-2.9257e-19
8637.70	1.48181e-18
8640.35	2.06982e-18
8643.00	1.59539e-18
8645.65	6.37642e-19
8648.30	1.18095e-18
8650.95	1.68002e-18
8653.60	4.24439e-20
8656.25	-3.66189e-19
8658.90	1.58937e-18
8661.55	-1.32255e-18
8664.20	1.82162e-18
8666.85	1.74125e-18
8669.50	2.40238e-18
8672.15	4.20274e-18
8674.80	4.66562e-18
8677.45	4.87877e-18
8680.10	4.03307e-18
8682.75	2.48975e-18
8685.40	2.75024e-18
8688.05	1.81622e-18
8690.70	1.76203e-18
8693.35	2.36292e-18
8696.00	2.21571e-18
8698.65	1.86351e-18
8701.30	2.98615e-18
8703.95	1.19346e-18
8706.60	7.98021e-19
8709.25	2.15478e-18
8711.90	1.76752e-18
8714.55	2.7732e-18
8717.20	2.47607e-18
8719.85	1.77959e-18
8722.50	1.54733e-18
8725.15	9.07244e-19
8727.80	3.70831e-19
8730.45	9.12821e-19
8733.10	1.58877e-18
8735.75	7.12397e-19
8738.40	7.60461e-19
8741.05	2.06388e-19
8743.70	1.33812e-18
8746.35	1.75805e-18
8749.00	6.45357e-19
8751.65	1.62726e-18
8754.30	2.78867e-18
8756.95	1.83317e-18
8759.60	-1.18169e-18
8762.25	1.72463e-18
8764.90	4.99548e-18
8767.55	1.1529e-18
8770.20	-6.05304e-20
8772.85	2.05921e-18
8775.50	6.86551e-19
8778.15	4.75427e-18
8780.80	7.682e-19
8783.45	7.22464e-19
8786.10	1.06289e-19
8788.75	1.63496e-18
8791.40	-9.41126e-20
8794.05	-2.06827e-19
8796.70	5.46707e-19
8799.35	2.22697e-18
8802.00	1.42732e-18
8804.65	1.79888e-18
8807.30	2.14696e-18
8809.95	1.77271e-18
8812.60	5.64806e-19
8815.25	1.78133e-18
8817.90	9.41073e-19
8820.55	-1.31525e-18
8823.20	1.41399e-18
8825.85	6.84726e-18
8828.50	1.69922e-18
8831.15	3.28951e-18
8833.80	2.75571e-18
8836.45	2.77571e-18
8839.10	-4.93216e-19
8841.75	-2.78418e-18
8844.40	2.22801e-18
8847.05	2.89273e-18
8849.70	3.1852e-18
8852.35	2.76717e-18
8855.00	9.9825e-19
8857.65	-1.48249e-18
8860.30	-1.45e-18
8862.95	2.64054e-18
8865.60	8.23596e-19
8868.25	-2.21636e-19
8870.90	1.49938e-18
8873.55	1.9689e-18
8876.20	-1.20138e-18
8878.85	4.61719e-19
8881.50	2.32016e-18
8884.15	-1.55968e-18
8886.80	1.18788e-18
8889.45	1.10889e-18
8892.10	2.24214e-18
8894.75	5.77976e-19
8897.40	9.51233e-19
8900.05	1.49255e-18
8902.70	5.11577e-18
8905.35	2.02165e-18
8908.00	2.14003e-18
8910.65	3.3866e-19
8913.30	4.78653e-18
8915.95	3.29045e-18
8918.60	-1.16743e-18
8921.25	-2.9054e-18
8923.90	7.0761e-19
8926.55	7.59122e-18
8929.20	4.48063e-18
8931.85	1.49411e-18
8934.50	2.90068e-18
