3614.23703826	-3.154901174729e-13	2.940446298947e-13
3617.17900759	8.465722337556e-13	2.547983477311e-13
3620.12245728	1.798501154824e-13	1.971817803506e-13
3623.06738473	-1.025815248269e-13	1.609410899743e-13
3626.01378738	-4.772042722836e-13	1.382476012115e-13
3628.96166265	2.253370320138e-13	1.109774880210e-13
3631.91100797	2.668361503161e-13	9.466708292939e-14
3634.86182078	2.786895483568e-14	7.209383731120e-14
3637.81409852	-9.710977572901e-14	6.418078713932e-14
3640.76783863	-3.863453531484e-14	5.133484506196e-14
3643.72303855	7.595358986788e-14	4.405041660355e-14
3646.67969573	3.050094394287e-14	3.589564616080e-14
3649.63780762	-1.257458118039e-14	2.921959250363e-14
3652.59737169	-3.268543078962e-14	2.569707395314e-14
3655.55838539	1.627133941936e-14	2.196943144905e-14
3658.52084618	-4.972581983073e-14	1.795464727431e-14
3661.48475153	2.809065961200e-14	1.562494411014e-14
3664.45009891	-3.144949162518e-14	1.309567616296e-14
3667.41688579	-1.878920359139e-15	1.111803924901e-14
3670.38510965	-2.014888055663e-14	9.179272783682e-15
3673.35476796	2.866618241405e-14	8.800093553878e-15
3676.32585823	8.836601514627e-15	7.164177324579e-15
3679.29837792	-6.336074655576e-15	5.863628955903e-15
3682.27232453	-1.315591654238e-14	5.136571607214e-15
3685.24769555	-2.428537425286e-16	4.451433403289e-15
3688.22448848	-2.750872365392e-15	3.830868348655e-15
3691.20270083	-6.486681412746e-15	3.230789593815e-15
3694.18233009	-2.529636265681e-15	2.814916766861e-15
3697.16337378	-7.537547690346e-16	2.408389468891e-15
3700.14582940	1.597114410813e-15	2.147802228102e-15
3703.12969447	-1.177878637188e-15	1.940774119970e-15
3706.11496651	-1.014757840024e-15	1.716702833959e-15
3709.10164304	-1.868814330442e-15	1.447800983684e-15
3712.08972158	6.208997740574e-16	1.321924000016e-15
3715.07919966	-1.228351791532e-15	1.161262908469e-15
3718.07007482	-2.169439569408e-15	1.031127866573e-15
3721.06234459	1.888456246233e-16	9.084189410196e-16
3724.05600650	2.630505805961e-16	8.198694807891e-16
3727.05105810	-7.265196431561e-16	7.296676681477e-16
3730.04749693	-2.200319273811e-16	6.480133299226e-16
3733.04532055	-2.712010175602e-15	6.018025001294e-16
3736.04452650	1.292452322306e-15	5.409287993693e-16
3739.04511235	-3.037755236342e-16	4.502289664057e-16
3742.04707564	-1.078015592452e-15	4.146219049094e-16
3745.05041395	-8.587327784988e-16	3.733462022951e-16
3748.05512483	5.643508234764e-18	3.280456081196e-16
3751.06120586	-1.336332792370e-15	3.088911536191e-16
3754.06865460	-5.773164651357e-16	2.833481088173e-16
3757.07746864	-3.517616169555e-16	2.590026011641e-16
3760.08764556	5.215527109589e-17	2.184849450630e-16
3763.09918293	1.484961989372e-16	1.962408273217e-16
3766.11207835	-7.112603775416e-17	2.141232566783e-16
3769.12632939	-1.011373899226e-16	1.698433679966e-16
3772.14193366	4.218713894151e-16	1.637269499969e-16
3775.15888875	-1.841717216428e-16	1.402269573319e-16
3778.17719226	-2.541515077115e-16	1.309703459880e-16
3781.19684180	-1.174583261634e-16	1.234945886533e-16
3784.21783496	3.392913007788e-16	1.164399537016e-16
3787.24016936	3.515883413859e-16	1.102109149304e-16
3790.26384261	-2.562894502092e-16	9.266333219756e-17
3793.28885233	-4.754087051831e-17	8.633113151244e-17
3796.31519613	2.816360554209e-16	8.837124281360e-17
3799.34287165	-5.754550857582e-17	7.067863025679e-17
3802.37187650	2.017572832484e-17	6.486230168185e-17
3805.40220831	-3.219522111480e-17	6.093907474617e-17
3808.43386473	1.671899105073e-16	6.188061702517e-17
3811.46684338	2.796314152434e-16	6.185504703664e-17
3814.50114190	7.232309910626e-17	4.968942389345e-17
3817.53675794	-5.790593982220e-17	5.342688986630e-17
3820.57368915	9.576422263385e-17	4.521822738481e-17
3823.61193316	6.804822083339e-17	4.168141290211e-17
3826.65148765	1.123602176208e-16	4.008528747222e-17
3829.69235025	1.165159951973e-16	3.699777139500e-17
3832.73451864	3.740134860701e-17	3.405366325309e-17
3835.77799047	5.473400174938e-17	3.267439013390e-17
3838.82276341	8.665334632393e-17	3.184649881665e-17
3841.86883513	3.148774833215e-17	2.856344260673e-17
3844.91620330	6.655134614517e-17	2.818279490083e-17
3847.96486560	9.434191800492e-17	2.706803201641e-17
3851.01481971	8.064045262759e-17	2.543434395148e-17
3854.06606331	2.992008150765e-17	2.255402831978e-17
3857.11859409	1.993791776348e-17	2.135774911565e-17
3860.17240973	1.243536088559e-17	1.959594898705e-17
3863.22750792	1.264750358235e-16	2.222555273007e-17
3866.28388638	2.907104944239e-17	1.874182722114e-17
3869.34154278	1.988242347230e-17	1.761142293120e-17
3872.40047484	5.717773282719e-17	1.730227856725e-17
3875.46068026	4.770030648952e-17	1.649868481513e-17
3878.52215676	7.855975026128e-17	1.704852042302e-17
3881.58490203	4.749059139690e-17	1.508935756356e-17
3884.64891380	4.464794728008e-17	1.432152656145e-17
3887.71418978	1.608394883683e-17	1.271152185476e-17
3890.78072771	5.119780298830e-17	1.332947595938e-17
3893.84852529	5.880099103661e-17	1.371045560891e-17
3896.91758027	2.103985829178e-17	1.145008781866e-17
3899.98789037	3.093268841940e-17	1.164629508836e-17
3903.05945333	2.484724224162e-17	1.127153083404e-17
3906.13226689	6.456194435034e-17	1.207073778248e-17
3909.20632878	7.699922168879e-17	1.212208754617e-17
3912.28163676	5.123082131078e-17	1.105548929466e-17
3915.35818856	3.641476673639e-17	1.013533128775e-17
3918.43598195	5.359476534411e-17	1.027229537264e-17
3921.51501468	5.174680742290e-17	9.629041279678e-18
3924.59528450	6.320118508097e-17	9.921531802518e-18
3927.67678917	7.385004528733e-17	9.902674353109e-18
3930.75952646	8.793519490574e-17	9.806266751643e-18
3933.84349414	8.839264654851e-17	9.736337462943e-18
3936.92868997	7.111853480256e-17	9.225720322370e-18
3940.01511174	5.311280906546e-17	8.438697433199e-18
3943.10275721	5.853677914903e-17	8.491644451048e-18
3946.19162417	6.962561370237e-17	8.606131528074e-18
3949.28171040	6.721963515197e-17	8.224283189618e-18
3952.37301369	2.771355601843e-17	6.962836318384e-18
3955.46553183	6.024265991755e-17	7.850058314889e-18
3958.55926261	8.181385645437e-17	8.103260107593e-18
3961.65420382	7.955695447931e-17	7.880739798911e-18
3964.75035327	6.631906549802e-17	7.217275245756e-18
3967.84770876	5.722069217399e-17	6.704087154415e-18
3970.94626810	7.614088160305e-17	7.128983437525e-18
3974.04602909	6.692146161275e-17	6.714500007592e-18
3977.14698954	6.650944710842e-17	6.785645361568e-18
3980.24914728	8.012900343990e-17	7.025918959448e-18
3983.35250011	6.129913118867e-17	6.514072505339e-18
3986.45704587	7.007924108410e-17	6.631856500649e-18
3989.56278237	7.471918218304e-17	6.565635747790e-18
3992.66970745	5.877877254577e-17	6.222200526753e-18
3995.77781894	6.367623782414e-17	6.173209832572e-18
3998.88711467	6.469200658104e-17	6.174426841500e-18
4001.99759247	6.606150434430e-17	6.141939619971e-18
4005.10925019	4.965695481259e-17	5.736012247060e-18
4008.22208568	5.695026195656e-17	5.942738148947e-18
4011.33609677	5.338299960144e-17	5.707332108769e-18
4014.45128133	7.609058800391e-17	6.213560515508e-18
4017.56763720	7.573647241366e-17	6.052363078700e-18
4020.68516224	5.893653913983e-17	5.624235149615e-18
4023.80385431	6.810021455307e-17	5.757455663870e-18
4026.92371127	7.624436325494e-17	5.803488177708e-18
4030.04473099	4.799859384277e-17	5.013569504053e-18
4033.16691134	7.064683412436e-17	5.494936103820e-18
4036.29025019	5.873037995747e-17	5.143733332726e-18
4039.41474541	7.219166231028e-17	5.351217697514e-18
4042.54039489	7.161823946768e-17	5.364820161521e-18
4045.66719650	4.311135953956e-17	4.667130773942e-18
4048.79514813	4.586199666291e-17	4.715454576706e-18
4051.92424768	5.367338470294e-17	4.827805526943e-18
4055.05449302	5.412845015128e-17	4.797603115491e-18
4058.18588205	4.190016665623e-17	4.388699840878e-18
4061.31841267	4.321130239860e-17	4.418935549144e-18
4064.45208279	3.815085914799e-17	4.308547015531e-18
4067.58689030	4.357855723280e-17	4.383868280692e-18
4070.72283311	3.385356939549e-17	4.047213226635e-18
4073.85990913	3.586157918486e-17	3.991092833253e-18
4076.99811627	3.451293869834e-17	4.023494459847e-18
4080.13745246	2.958300136162e-17	3.737478396066e-18
4083.27791560	3.341110359633e-17	3.877023396957e-18
4086.41950362	2.575663214111e-17	3.606373087990e-18
4089.56221444	4.154537281923e-17	3.874404470930e-18
4092.70604600	2.852059430549e-17	3.497523269042e-18
4095.85099623	2.822529876757e-17	3.473856000484e-18
4098.99706305	3.252273174268e-17	3.604952984712e-18
4102.14424441	2.606597350510e-17	3.215639775537e-18
4105.29253825	2.444785683021e-17	3.365690000036e-18
4108.44194251	1.924490195800e-17	3.232795930527e-18
4111.59245514	3.599245539068e-17	3.570984117342e-18
4114.74407408	2.488271605369e-17	3.229604165708e-18
4117.89679730	2.128350818151e-17	3.186155984864e-18
4121.05062274	1.868827869496e-17	3.060975790254e-18
4124.20554836	2.732174584995e-17	3.337942687090e-18
4127.36157213	2.916216486128e-17	3.321320064934e-18
4130.51869202	1.792589028307e-17	3.054636125022e-18
4133.67690598	2.123653932382e-17	3.030299387747e-18
4136.83621199	2.278735308462e-17	3.006556768644e-18
4139.99660804	1.598107430254e-17	2.891134715519e-18
4143.15809208	2.197283715865e-17	2.989346849376e-18
4146.32066211	1.700304459419e-17	2.838445303039e-18
4149.48431610	2.737882306126e-17	3.089744070714e-18
4152.64905204	2.161452099668e-17	2.961459038805e-18
4155.81486793	3.291402860792e-17	3.237647168433e-18
4158.98176175	2.957340222011e-17	3.192632651087e-18
4162.14973151	3.239324950869e-17	3.202538320832e-18
4165.31877519	2.512995975326e-17	3.131401308247e-18
4168.48889080	3.134576118692e-17	3.186103928416e-18
4171.66007634	2.984548258173e-17	3.121309266391e-18
4174.83232983	2.795613599927e-17	3.049385109758e-18
4178.00564927	2.611356283804e-17	3.003703734642e-18
4181.18003268	2.454388637653e-17	2.899856447150e-18
4184.35547806	2.652014583432e-17	2.889588207719e-18
4187.53198345	3.346188605818e-17	3.084376269437e-18
4190.70954687	2.604501074847e-17	2.872418622662e-18
4193.88816634	2.289112178103e-17	2.793661028536e-18
4197.06783988	2.250938414522e-17	2.744132287818e-18
4200.24856554	3.231747391917e-17	2.884946993638e-18
4203.43034134	3.052276361627e-17	2.890405506949e-18
4206.61316532	2.489819780910e-17	2.712030497022e-18
4209.79703553	3.435117770081e-17	3.031542108091e-18
4212.98195000	3.709983472145e-17	3.000061774717e-18
4216.16790679	3.741882653300e-17	2.987929494661e-18
4219.35490394	4.331224094069e-17	3.137130447357e-18
4222.54293950	3.840756148291e-17	2.992904317431e-18
4225.73201154	3.778018295461e-17	2.949150864874e-18
4228.92211810	4.210450147387e-17	3.044888094971e-18
4232.11325726	3.887357645339e-17	2.958827566890e-18
4235.30542707	3.769129927788e-17	2.924027193639e-18
4238.49862560	4.323556327317e-17	3.084627512029e-18
4241.69285092	4.783863819040e-17	3.138667048990e-18
4244.88810111	4.459161707111e-17	3.092437731568e-18
4248.08437424	4.383364374250e-17	3.113499021555e-18
4251.28166840	5.529728046836e-17	3.361900767240e-18
4254.47998165	5.677285344110e-17	3.399705252097e-18
4257.67931209	5.837867267186e-17	3.403931252721e-18
4260.87965781	5.953962554439e-17	3.360319555637e-18
4264.08101690	6.087633152625e-17	3.388701974548e-18
4267.28338744	6.930896110458e-17	3.593200277325e-18
4270.48676755	7.062846563802e-17	3.572613992464e-18
4273.69115531	5.923234751704e-17	3.327606456704e-18
4276.89654883	6.815752311558e-17	3.484926422041e-18
4280.10294621	6.862604522827e-17	3.508927676409e-18
4283.31034557	6.350357310117e-17	3.404597800304e-18
4286.51874502	8.193714099209e-17	3.756212146185e-18
4289.72814266	8.020809447253e-17	3.691981038540e-18
4292.93853662	7.424043460539e-17	3.579180756751e-18
4296.14992502	8.387657313004e-17	3.734598775528e-18
4299.36230597	8.496221346079e-17	3.710572596014e-18
4302.57567762	8.826650448122e-17	3.801490622964e-18
4305.79003807	9.102834401940e-17	3.835801419243e-18
4309.00538548	8.555987423533e-17	3.753665208700e-18
4312.22171797	8.032910133672e-17	3.642836531041e-18
4315.43903367	8.793407813193e-17	3.806283748977e-18
4318.65733073	9.052275092885e-17	3.874331905403e-18
4321.87660730	9.301757357270e-17	3.866443120873e-18
4325.09686152	8.584603888560e-17	3.702108788092e-18
4328.31809153	8.968210063016e-17	3.761212867808e-18
4331.54029549	8.504737290806e-17	3.674231613821e-18
4334.76347156	9.073391477383e-17	3.738876000821e-18
4337.98761789	9.321154364743e-17	3.787725041000e-18
4341.21273265	9.058325697766e-17	3.771870803631e-18
4344.43881399	9.289870738959e-17	3.801701621708e-18
4347.66586009	9.176849388127e-17	3.794186207852e-18
4350.89386911	9.582725373700e-17	3.838054394804e-18
4354.12283922	9.503216130553e-17	3.824482854784e-18
4357.35276860	8.927843501414e-17	3.729171400942e-18
4360.58365543	1.014878008887e-16	3.940500589590e-18
4363.81549789	9.497600779333e-17	3.799905501999e-18
4367.04829417	9.480770528000e-17	3.800858094249e-18
4370.28204244	8.722933698599e-17	3.595080490670e-18
4373.51674089	9.650937720834e-17	3.809915152226e-18
4376.75238773	9.464713172457e-17	3.767435619903e-18
4379.98898114	9.055313091261e-17	3.680163084363e-18
4383.22651933	8.504395818612e-17	3.572617848004e-18
4386.46500049	9.310600916589e-17	3.718038343926e-18
4389.70442282	9.374566563950e-17	3.707433561452e-18
4392.94478454	9.664365548782e-17	3.747978194870e-18
4396.18608385	8.827658234853e-17	3.606062125516e-18
4399.42831897	8.245034759590e-17	3.517270547681e-18
4402.67148810	8.519655487856e-17	3.549669573447e-18
4405.91558947	8.683742950222e-17	3.594249598567e-18
4409.16062130	9.211656782795e-17	3.712354336264e-18
4412.40658180	8.826902371664e-17	3.650909663279e-18
4415.65346922	9.289327938698e-17	3.698611297832e-18
4418.90128176	8.483245474416e-17	3.556264244007e-18
4422.15001768	9.461951719594e-17	3.726345337512e-18
4425.39967520	8.982923947690e-17	3.616029910767e-18
4428.65025255	9.422463092010e-17	3.701293170661e-18
4431.90174799	9.141387527489e-17	3.635765539813e-18
4435.15415974	8.629367775291e-17	3.535547038972e-18
4438.40748607	8.819334995795e-17	3.551391938402e-18
4441.66172520	8.947188717870e-17	3.573316771681e-18
4444.91687541	9.064950230076e-17	3.565856603436e-18
4448.17293494	9.235811834323e-17	3.587625920648e-18
4451.42990204	9.292202911088e-17	3.600783941564e-18
4454.68777498	9.463615013978e-17	3.628168206027e-18
4457.94655203	8.797340358775e-17	3.464390498192e-18
4461.20623143	1.028360402705e-16	3.722627740047e-18
4464.46681147	8.932181084896e-17	3.498039616068e-18
4467.72829042	9.999893888364e-17	3.651954898556e-18
4470.99066654	9.902911580450e-17	3.663769365320e-18
4474.25393811	1.016571921594e-16	3.668806548201e-18
4477.51810342	9.527667588453e-17	3.587429822278e-18
4480.78316074	1.008016534395e-16	3.664235087581e-18
4484.04910836	1.001331176831e-16	3.637835978139e-18
4487.31594457	9.458278933449e-17	3.536094092555e-18
4490.58366765	1.021112705624e-16	3.667209032279e-18
4493.85227590	1.039021040345e-16	3.684241030731e-18
4497.12176761	1.112549521637e-16	3.798201976626e-18
4500.39214109	1.047950471654e-16	3.706991186985e-18
4503.66339463	1.039609204876e-16	3.681862809342e-18
4506.93552654	9.701248362858e-17	3.575757410567e-18
4510.20853512	1.079248326945e-16	3.765843388162e-18
4513.48241869	1.054420908742e-16	3.686958586887e-18
4516.75717555	1.030725733139e-16	3.666280432820e-18
4520.03280402	1.003588415137e-16	3.605680975643e-18
4523.30930242	1.008855996989e-16	3.633613194633e-18
4526.58666906	9.866909964273e-17	3.587975557376e-18
4529.86490227	1.012644408261e-16	3.620888125839e-18
4533.14400038	8.932884186923e-17	3.399270996753e-18
4536.42396171	1.014659988620e-16	3.617213727737e-18
4539.70478460	9.427816834171e-17	3.473682046453e-18
4542.98646738	9.650970710810e-17	3.500080262638e-18
4546.26900838	9.766032190308e-17	3.514570626131e-18
4549.55240594	9.460478158441e-17	3.435488924598e-18
4552.83665841	1.028424314584e-16	3.592435019111e-18
4556.12176413	9.487112679393e-17	3.454593447019e-18
4559.40772145	9.697600458785e-17	3.468444684117e-18
4562.69452872	8.966339259876e-17	3.332097473451e-18
4565.98218428	8.666783903046e-17	3.270946855751e-18
4569.27068650	8.524078530372e-17	3.255853427595e-18
4572.56003373	8.684872108769e-17	3.263376962822e-18
4575.85022434	8.190872785936e-17	3.168905999025e-18
4579.14125668	8.589713112783e-17	3.248552350685e-18
4582.43312912	9.288593065999e-17	3.362114318477e-18
4585.72584004	8.908476409126e-17	3.274861575705e-18
4589.01938780	9.268300407112e-17	3.331657725814e-18
4592.31377078	8.705424191539e-17	3.204940327802e-18
4595.60898735	8.719677056801e-17	3.218632197448e-18
4598.90503589	7.931110014568e-17	3.069087348351e-18
4602.20191478	9.028906962550e-17	3.255817925499e-18
4605.49962242	8.443469685639e-17	3.146872148092e-18
4608.79815718	8.161113304452e-17	3.080123879027e-18
4612.09751746	8.252328444791e-17	3.119912069907e-18
4615.39770165	7.919187409594e-17	3.049122047201e-18
4618.69870814	7.483441810943e-17	2.965867686763e-18
4622.00053533	7.548253240798e-17	2.974122428146e-18
4625.30318163	8.401916228260e-17	3.108776896405e-18
4628.60664543	8.149096744650e-17	3.059039413992e-18
4631.91092514	8.002828427539e-17	3.017090675358e-18
4635.21601917	7.871482168590e-17	2.967814259770e-18
4638.52192593	7.562761113903e-17	2.929021952190e-18
4641.82864384	7.789142462937e-17	2.961885278081e-18
4645.13617131	7.119297221077e-17	2.881671861052e-18
4648.44450676	7.973034896126e-17	3.040906698464e-18
4651.75364861	7.633780777025e-17	2.916817999372e-18
4655.06359528	7.591129659232e-17	2.905793723511e-18
4658.37434521	6.985522026213e-17	2.805717706193e-18
4661.68589682	6.838074777840e-17	2.796162431730e-18
4664.99824854	7.440905123336e-17	2.880423693960e-18
4668.31139881	7.038132345467e-17	2.793674269062e-18
4671.62534606	7.299201918769e-17	2.828307750332e-18
4674.94008874	6.930170810891e-17	2.762507509648e-18
4678.25562529	6.103339393047e-17	2.612556800312e-18
4681.57195415	6.286120876089e-17	2.662501839341e-18
4684.88907376	6.944986472461e-17	2.750768815415e-18
4688.20698259	6.615535026564e-17	2.717619393881e-18
4691.52567908	6.134752452110e-17	2.599685975605e-18
4694.84516169	6.453323621743e-17	2.640970030726e-18
4698.16542888	5.917292916647e-17	2.538742730920e-18
4701.48647910	5.976137505920e-17	2.551860590323e-18
4704.80831082	6.632068764356e-17	2.663491654003e-18
4708.13092251	5.286429667753e-17	2.416450947536e-18
4711.45431263	6.249540808390e-17	2.578737607580e-18
4714.77847965	5.931785776509e-17	2.524019232825e-18
4718.10342205	6.171530604479e-17	2.575749447508e-18
4721.42913830	5.590701839045e-17	2.456804037657e-18
4724.75562689	5.543202999551e-17	2.435097572131e-18
4728.08288629	5.387838700951e-17	2.382947564932e-18
4731.41091498	5.401035333760e-17	2.400886147233e-18
4734.73971146	5.034475338586e-17	2.341997195055e-18
4738.06927421	4.906703004388e-17	2.297678142259e-18
4741.39960172	5.252700544389e-17	2.374601381674e-18
4744.73069248	5.358893253132e-17	2.376728391426e-18
4748.06254500	4.385980384394e-17	2.184716091010e-18
4751.39515777	4.347091473530e-17	2.189988475053e-18
4754.72852929	5.109953160697e-17	2.307778109092e-18
4758.06265807	4.756396736380e-17	2.237814541043e-18
4761.39754261	5.211243542252e-17	2.336147125399e-18
4764.73318142	5.571361515798e-17	2.384906425114e-18
4768.06957302	5.507243202833e-17	2.361815683149e-18
4771.40671591	5.414761569348e-17	2.355879245238e-18
4774.74460862	5.596220372611e-17	2.401331878040e-18
4778.08324966	5.423687023088e-17	2.362957990570e-18
4781.42263755	5.561957867534e-17	2.374957856002e-18
4784.76277082	5.804275852111e-17	2.412616652205e-18
4788.10364800	6.032101347196e-17	2.451529530407e-18
4791.44526761	5.753175201983e-17	2.402592296254e-18
4794.78762818	5.774564587104e-17	2.419009859642e-18
4798.13072826	5.554741297049e-17	2.368258978578e-18
4801.47456637	6.087688985992e-17	2.478492761621e-18
4804.81914105	6.116289618668e-17	2.460432396086e-18
4808.16445085	6.156041624596e-17	2.472947488261e-18
4811.51049432	5.741201548976e-17	2.392464329425e-18
4814.85726999	6.432750670860e-17	2.507458719916e-18
4818.20477641	6.866328453816e-17	2.607805721767e-18
4821.55301215	5.869827240506e-17	2.991162470167e-18
4824.90197574	6.016275695427e-17	3.896675283881e-18
4828.25166576	5.617380089274e-17	2.898477505314e-18
4831.60208075	6.859387710281e-17	3.249869634234e-18
4834.95321928	6.529370746228e-17	2.711462443520e-18
4838.30507991	6.112859812172e-17	2.461570235558e-18
4841.65766121	6.008826838375e-17	2.435036500347e-18
4845.01096174	6.946015166551e-17	2.596268533804e-18
4848.36498009	6.676044749429e-17	2.528621715166e-18
4851.71971482	6.523143934414e-17	2.484562957283e-18
4855.07516450	6.910400160715e-17	2.541962601046e-18
4858.43132773	6.634874302073e-17	2.491882749336e-18
4861.78820307	6.089417563461e-17	2.392498955403e-18
4865.14578911	6.254071154102e-17	2.417208089663e-18
4868.50408444	6.777203969522e-17	2.509285319908e-18
4871.86308764	5.993162289575e-17	2.355031401099e-18
4875.22279732	6.444451913573e-17	2.449922619858e-18
4878.58321205	6.175196470618e-17	2.409905472094e-18
4881.94433044	5.677438357938e-17	2.327956157325e-18
4885.30615108	5.574578206988e-17	2.290066800345e-18
4888.66867257	6.010392118690e-17	2.389201700698e-18
4892.03189352	5.269934992813e-17	2.226206684225e-18
4895.39581254	5.680024973024e-17	2.308463887903e-18
4898.76042822	5.446153617247e-17	2.269660218681e-18
4902.12573919	4.930697697497e-17	2.180135267768e-18
4905.49174404	5.112626874455e-17	2.198562862391e-18
4908.85844141	5.434092962558e-17	2.239376133867e-18
4912.22582990	5.356005957219e-17	2.233947779613e-18
4915.59390814	5.653157674022e-17	2.280494228323e-18
4918.96267474	5.455336270456e-17	2.244710888148e-18
4922.33212834	5.098672267728e-17	2.158360130209e-18
4925.70226755	5.366636296042e-17	2.232584434600e-18
4929.07309102	5.474424471654e-17	2.232957058193e-18
4932.44459736	5.685593700216e-17	2.272009193506e-18
4935.81678522	5.851428079725e-17	2.309941895555e-18
4939.18965323	6.115980834017e-17	2.337747676052e-18
4942.56320003	5.329339328333e-17	2.203904077225e-18
4945.93742427	6.569340856112e-17	2.414131703183e-18
4949.31232457	6.889985037135e-17	2.475285544909e-18
4952.68789960	6.574903392520e-17	2.408263592048e-18
4956.06414800	6.960896133623e-17	2.473208289784e-18
4959.44106842	6.296680640671e-17	2.360194423590e-18
4962.81865952	6.668952492016e-17	2.420808230824e-18
4966.19691994	7.027272201700e-17	2.490383260371e-18
4969.57584835	6.995296931003e-17	2.469299856408e-18
4972.95544341	6.671914134598e-17	2.438616601133e-18
4976.33570378	6.777466000778e-17	2.450293919560e-18
4979.71662813	6.701222779453e-17	2.428032254532e-18
4983.09821512	7.250124807043e-17	2.502415753818e-18
4986.48046342	7.005012621563e-17	2.455814541162e-18
4989.86337170	7.084438020030e-17	2.477893088816e-18
4993.24693865	7.238027656107e-17	2.492552571982e-18
4996.63116293	6.773382397172e-17	2.419114034730e-18
5000.01604323	7.455567754867e-17	2.520203159577e-18
5003.40157822	7.303439515569e-17	2.504261895322e-18
5006.78776659	7.376146939991e-17	2.511902333342e-18
5010.17460703	6.773707664680e-17	2.402157893379e-18
5013.56209822	6.937451181574e-17	2.414538301475e-18
5016.95023886	6.747403797389e-17	2.401943220700e-18
5020.33902764	6.786392177793e-17	2.393313530094e-18
5023.72846325	6.866303079850e-17	2.401729068248e-18
5027.11854439	6.438677185695e-17	2.333142563284e-18
5030.50926977	6.497897624254e-17	2.331796880321e-18
5033.90063807	6.663272730984e-17	2.365669506974e-18
5037.29264802	6.687410050538e-17	2.359544612506e-18
5040.68529831	6.862442162278e-17	2.381976960134e-18
5044.07858766	6.528304231531e-17	2.329790575586e-18
5047.47251477	6.826094549589e-17	2.360608242039e-18
5050.86707836	6.583883618384e-17	2.327925341223e-18
5054.26227714	6.571818988947e-17	2.317707643750e-18
5057.65810985	6.753221073620e-17	2.349189746002e-18
5061.05457518	6.446221779207e-17	2.315411776899e-18
5064.45167188	6.719355701602e-17	2.342124097894e-18
5067.84939865	6.639279492457e-17	2.339682249014e-18
5071.24775424	6.062248027121e-17	2.229256544716e-18
5074.64673737	6.901267386393e-17	2.360528479513e-18
5078.04634677	6.848684844969e-17	2.349637153253e-18
5081.44658118	6.577178323243e-17	2.297136823792e-18
5084.84743933	6.734536643960e-17	2.319245558815e-18
5088.24891997	6.326856288166e-17	2.264556993596e-18
5091.65102183	6.302359510179e-17	2.256914721668e-18
5095.05374365	6.725188372249e-17	2.315285744857e-18
5098.45708419	6.320852990846e-17	2.249075299020e-18
5101.86104219	6.752275587112e-17	2.310997422145e-18
5105.26561640	6.077347191380e-17	2.203310172565e-18
5108.67080557	6.696096268604e-17	2.304184598061e-18
5112.07660847	6.226378741826e-17	2.221554488648e-18
5115.48302383	6.394652113189e-17	2.260621144795e-18
5118.89005043	6.037970347325e-17	2.202626476587e-18
5122.29768703	6.105048941947e-17	2.204133113058e-18
5125.70593238	5.696545955858e-17	2.131024038952e-18
5129.11478526	6.099138949405e-17	2.203345011375e-18
5132.52424444	5.903443533237e-17	2.164809095352e-18
5135.93430868	6.478680638068e-17	2.260459083744e-18
5139.34497675	6.082365664767e-17	2.195518258376e-18
5142.75624743	5.651359947477e-17	2.135314004720e-18
5146.16811951	5.875925088760e-17	2.168094105097e-18
5149.58059175	6.127002839570e-17	2.182980256530e-18
5152.99366293	5.723931811383e-17	2.133679774018e-18
5156.40733185	5.360621113313e-17	2.083649261567e-18
5159.82159729	5.525364256807e-17	2.098582276279e-18
5163.23645804	5.602335562022e-17	2.089691902142e-18
5166.65191288	5.474576097953e-17	2.052315286964e-18
5170.06796061	5.427885233478e-17	2.063922763257e-18
5173.48460002	5.194618262820e-17	2.003808723802e-18
5176.90182992	5.379371324111e-17	2.037390128347e-18
5180.31964909	5.371955122071e-17	2.031971238999e-18
5183.73805635	5.591129659149e-17	2.085381377688e-18
5187.15705049	5.421038697306e-17	2.058619373116e-18
5190.57663032	5.159344476705e-17	2.024731193831e-18
5193.99679465	4.924122337660e-17	1.981631139267e-18
5197.41754228	5.373880719708e-17	2.056267898275e-18
5200.83887204	5.091117955745e-17	2.017503765475e-18
5204.26078273	4.925979140114e-17	1.995940675189e-18
5207.68327317	4.823747701829e-17	1.964478940623e-18
5211.10634218	5.114188455340e-17	1.979659417955e-18
5214.52998858	4.998137133716e-17	1.978056391778e-18
5217.95421120	5.287154686097e-17	2.026103346058e-18
5221.37900885	4.968262382306e-17	1.977524861007e-18
5224.80438037	5.193529329216e-17	2.013521264415e-18
5228.23032459	5.146647710923e-17	1.991366841799e-18
5231.65684033	5.012100653968e-17	1.972883734519e-18
5235.08392643	4.896089658090e-17	1.969046314407e-18
5238.51158174	4.999137614400e-17	1.990700064867e-18
5241.93980507	5.038479528771e-17	1.976072199153e-18
5245.36859528	4.351070353392e-17	1.852091074605e-18
5248.79795121	4.902082462807e-17	1.944878488491e-18
5252.22787170	4.655802078518e-17	1.906616175391e-18
5255.65835560	4.449204211729e-17	1.886354400604e-18
5259.08940176	4.515205256387e-17	1.875964248187e-18
5262.52100903	4.573496673414e-17	1.875056355399e-18
5265.95317625	4.574379574625e-17	1.851568026464e-18
5269.38590230	4.281050735675e-17	1.818918602671e-18
5272.81918602	4.511821165311e-17	1.880014990091e-18
5276.25302627	4.660759392512e-17	1.900283381098e-18
5279.68742191	4.582784361526e-17	1.887222117520e-18
5283.12237182	4.630389377853e-17	1.882483953611e-18
5286.55787485	4.866604624023e-17	1.912724377605e-18
5289.99392987	4.640357745086e-17	1.880212902627e-18
5293.43053576	4.970925202528e-17	1.937062474437e-18
5296.86769138	4.850378631709e-17	1.915331543107e-18
5300.30539560	4.305742086393e-17	1.834899513911e-18
5303.74364731	4.960406142030e-17	1.928626490588e-18
5307.18244539	4.799477611958e-17	1.918375902120e-18
5310.62178871	4.744062316728e-17	1.909370577640e-18
5314.06167615	4.298864738690e-17	1.816845891083e-18
5317.50210660	4.712384056081e-17	1.891666373007e-18
5320.94307895	4.297269088951e-17	1.817286626536e-18
5324.38459209	3.972821027950e-17	1.773425727072e-18
5327.82664490	4.048731917596e-17	1.782313423769e-18
5331.26923629	4.154470014086e-17	1.803495338008e-18
5334.71236514	4.235142473744e-17	1.816322521268e-18
5338.15603035	3.821689750018e-17	1.727622779491e-18
5341.60023082	4.266404151168e-17	1.801063787261e-18
5345.04496545	4.049989910623e-17	1.775418508766e-18
5348.49023315	4.418919230278e-17	1.843452399266e-18
5351.93603282	4.343081158889e-17	1.827364499193e-18
5355.38236336	3.746345535993e-17	1.715594392667e-18
5358.82922370	3.916424220290e-17	1.738874761408e-18
5362.27661273	3.974152170076e-17	1.748927962309e-18
5365.72452938	3.684086119635e-17	1.699772761333e-18
5369.17297255	3.920689334382e-17	1.729363704504e-18
5372.62194117	3.565332978071e-17	1.675532336704e-18
5376.07143415	3.443375218512e-17	1.638758490219e-18
5379.52145042	3.301246336465e-17	1.630336297700e-18
5382.97198890	3.972636246847e-17	1.728669709908e-18
5386.42304852	3.869897658493e-17	1.715511242449e-18
5389.87462820	3.727793910063e-17	1.671986594538e-18
5393.32672688	3.772256801546e-17	1.689721661356e-18
5396.77934348	4.105208773113e-17	1.744966804319e-18
5400.23247694	3.979973069016e-17	1.700895016613e-18
5403.68612620	4.137407409904e-17	1.723654465568e-18
5407.14029019	3.922103494288e-17	1.694641653648e-18
5410.59496785	4.013982389753e-17	1.720007099246e-18
5414.05015813	3.777072065239e-17	1.681355635764e-18
5417.50585996	4.012058392776e-17	1.714495904785e-18
5420.96207231	4.245330586306e-17	1.776375154021e-18
5424.41879410	3.734934378301e-17	1.683322207424e-18
5427.87602430	3.931450461082e-17	1.700681773823e-18
5431.33376185	3.847413318538e-17	1.697303657631e-18
5434.79200571	3.949831420179e-17	1.699303616080e-18
5438.25075483	3.538217204225e-17	1.632591313236e-18
5441.71000818	3.418713890486e-17	1.623137831111e-18
5445.16976471	3.563975238971e-17	1.646355754287e-18
5448.63002338	3.493642603000e-17	1.635250651073e-18
5452.09078316	3.785759935882e-17	1.687888947945e-18
5455.55204302	3.608689898020e-17	1.646516826974e-18
5459.01380191	3.962847441538e-17	1.712030403520e-18
5462.47605882	4.302290534317e-17	1.760265544510e-18
5465.93881271	4.327746457719e-17	1.759488072281e-18
5469.40206256	3.765921849026e-17	1.668639746158e-18
5472.86580733	3.869228480477e-17	1.683350409913e-18
5476.33004602	4.049611024966e-17	1.700595572236e-18
5479.79477760	3.566674201522e-17	1.609840851381e-18
5483.26000105	4.032946334839e-17	1.698490265295e-18
5486.72571535	3.901388777765e-17	1.687846554735e-18
5490.19191949	3.474979218836e-17	1.602440181037e-18
5493.65861246	3.507890348391e-17	1.612963423934e-18
5497.12579325	3.535142088123e-17	1.637397538904e-18
5500.59346084	3.674062844606e-17	1.642843513420e-18
5504.06161423	4.093464868086e-17	1.714291469094e-18
5507.53025243	3.893406526347e-17	1.682415190973e-18
5510.99937441	3.392847181633e-17	1.596868269641e-18
5514.46897918	3.591007006649e-17	1.628906081909e-18
5517.93906575	3.352134592819e-17	1.579194171485e-18
5521.40963312	3.423614463663e-17	1.606074647308e-18
5524.88068028	3.497743526404e-17	1.604824543250e-18
5528.35220625	3.421020493762e-17	1.593000715481e-18
5531.82421004	3.857144911127e-17	1.663986633360e-18
5535.29669066	3.449265230096e-17	1.599961686895e-18
5538.76964711	3.620805725924e-17	1.640795807787e-18
5542.24307842	3.754795529552e-17	1.674387711459e-18
5545.71698359	3.561912831897e-17	1.654326969958e-18
5549.19136166	3.648692973245e-17	1.648122357737e-18
5552.66621163	4.045456463196e-17	1.692271188723e-18
5556.14153253	3.411059943706e-17	1.585791947394e-18
5559.61732338	3.399510644928e-17	1.621319691640e-18
5563.09358322	3.868220623256e-17	1.702051888362e-18
5566.57031106	3.965862275059e-17	1.755215280388e-18
5570.04750594	4.014027023969e-17	2.135135882979e-18
5573.52516688	4.536446455992e-17	3.674623374434e-18
5577.00329293	3.698981907861e-17	3.901063972707e-18
5580.48188311	5.384509954438e-17	3.854909602707e-18
5583.96093647	4.124825114782e-17	2.480255517429e-18
5587.44045204	4.190579481515e-17	1.740559111139e-18
5590.92042886	3.980369627792e-17	1.691935457134e-18
5594.40086598	3.985117827745e-17	1.692766556035e-18
5597.88176243	4.073613122527e-17	1.685123238735e-18
5601.36311728	4.099372007725e-17	1.712523239309e-18
5604.84492956	4.454573964597e-17	1.762822673646e-18
5608.32719832	3.940801776087e-17	1.687512490421e-18
5611.80992263	3.822519302029e-17	1.650825608836e-18
5615.29310152	4.087089068834e-17	1.686180545018e-18
5618.77673406	4.311439934053e-17	1.725072277761e-18
5622.26081930	3.932713836791e-17	1.674279488058e-18
5625.74535631	4.302327278626e-17	1.726361338591e-18
5629.23034414	4.122759093072e-17	1.688286005640e-18
5632.71578186	4.211696812389e-17	1.680126899117e-18
5636.20166853	4.396696055832e-17	1.720028557879e-18
5639.68800322	4.243606221564e-17	1.697497473151e-18
5643.17478500	4.331488759129e-17	1.716808511043e-18
5646.66201294	4.352042278616e-17	1.728375492249e-18
5650.14968610	4.363687504065e-17	1.698552880039e-18
5653.63780357	4.192429000066e-17	1.683610722050e-18
5657.12636443	4.193799266972e-17	1.669429608039e-18
5660.61536774	4.453167227609e-17	1.703480480532e-18
5664.10481258	4.482165196254e-17	1.722201713417e-18
5667.59469805	3.922933037711e-17	1.650204139127e-18
5671.08502322	4.040608439165e-17	1.672149318183e-18
5674.57578717	4.350194204818e-17	1.706983287627e-18
5678.06698900	3.926117859017e-17	1.639893804264e-18
5681.55862779	4.231304485609e-17	1.701150561394e-18
5685.05070263	4.113500672921e-17	1.687293383625e-18
5688.54321262	4.291192542672e-17	1.699206201852e-18
5692.03615685	4.227999487655e-17	1.694973094943e-18
5695.52953440	3.808983503281e-17	1.635338731716e-18
5699.02334439	4.367816321653e-17	1.707453590459e-18
5702.51758591	3.978092949990e-17	1.634145615647e-18
5706.01225807	4.176923290022e-17	1.665839322873e-18
5709.50735995	4.121144718502e-17	1.663589919047e-18
5713.00289068	4.090613387616e-17	1.661005066695e-18
5716.49884935	4.053796146063e-17	1.650720414504e-18
5719.99523508	4.368257905684e-17	1.695323393852e-18
5723.49204697	4.140098532620e-17	1.666533705182e-18
5726.98928413	4.441723193962e-17	1.710780659172e-18
5730.48694568	4.220863031567e-17	1.675359967368e-18
5733.98503074	4.103125527685e-17	1.647766379302e-18
5737.48353842	3.996616978356e-17	1.638603259064e-18
5740.98246783	3.955269387450e-17	1.623358824764e-18
5744.48181811	4.402814479564e-17	1.690120602975e-18
5747.98158837	4.003860599038e-17	1.634823311579e-18
5751.48177773	4.154930408408e-17	1.645907806536e-18
5754.98238533	4.072782054765e-17	1.624824568802e-18
5758.48341029	3.935006004936e-17	1.595688398102e-18
5761.98485173	3.653516324590e-17	1.555896057013e-18
5765.48670880	3.983987985764e-17	1.613232303050e-18
5768.98898061	3.512275415939e-17	1.542606566105e-18
5772.49166632	3.739699163762e-17	1.565230820903e-18
5775.99476504	3.502450220658e-17	1.524760951116e-18
5779.49827593	3.331393061423e-17	1.497505128318e-18
5783.00219812	3.464281077692e-17	1.510593864223e-18
5786.50653074	3.338989947898e-17	1.486436260681e-18
5790.01127295	3.158643217100e-17	1.469754761166e-18
5793.51642390	3.054577685422e-17	1.450889410151e-18
5797.02198271	3.228090788501e-17	1.475061124002e-18
5800.52794855	3.021977300550e-17	1.444972529338e-18
5804.03432057	3.061722531781e-17	1.451778347240e-18
5807.54109790	2.988704011226e-17	1.428452317204e-18
5811.04827972	2.449115786734e-17	1.346803300683e-18
5814.55586517	2.651755788355e-17	1.384489671497e-18
5818.06385341	2.796711446720e-17	1.400238517433e-18
5821.57224360	2.655669838574e-17	1.368353950795e-18
5825.08103490	2.723960738652e-17	1.382550754479e-18
5828.59022646	2.461841475715e-17	1.348974781205e-18
5832.09981746	2.836424661634e-17	1.415530224550e-18
5835.60980706	2.582713408577e-17	1.364471304112e-18
5839.12019442	2.609300215722e-17	1.369235930607e-18
5842.63097872	2.617599073815e-17	1.357131514799e-18
5846.14215912	2.698231692412e-17	1.381379128429e-18
5849.65373480	2.445645754268e-17	1.336596836901e-18
5853.16570492	2.768257553596e-17	1.378767889127e-18
5856.67806867	2.947526045905e-17	1.416968507039e-18
5860.19082522	2.610025608967e-17	1.391736364831e-18
5863.70397375	2.850865977622e-17	1.511463603286e-18
5867.21751344	2.952865506574e-17	1.534174161843e-18
5870.73144347	3.319970878664e-17	1.578612030384e-18
5874.24576302	2.854051965514e-17	1.447667704525e-18
5877.76047129	2.491432290298e-17	1.367952149532e-18
5881.27556745	2.646020409529e-17	1.411605098206e-18
5884.79105069	3.078885037244e-17	1.736318109394e-18
5888.30692021	2.695027649541e-17	1.872852368184e-18
5891.82317520	2.543764576973e-17	1.955093081928e-18
5895.33981484	3.276371305580e-17	1.899905546397e-18
5898.85683834	2.504917404518e-17	1.589505451179e-18
5902.37424489	2.872484849615e-17	1.497483471083e-18
5905.89203369	2.869223319928e-17	1.431024708872e-18
5909.41020394	2.716016493359e-17	1.438270688914e-18
5912.92875484	3.004239635765e-17	1.499474449613e-18
5916.44768559	3.084492677148e-17	1.515601599236e-18
5919.96699540	2.932789293583e-17	1.483228040973e-18
5923.48668348	2.793780560724e-17	1.427958855983e-18
5927.00674903	3.177762701240e-17	1.512905608275e-18
5930.52719126	2.976258303358e-17	1.528710123951e-18
5934.04800938	2.946827073469e-17	1.504824891427e-18
5937.56920260	2.987855396950e-17	1.474476324613e-18
5941.09077015	3.014023615396e-17	1.434296376472e-18
5944.61271123	2.941024855922e-17	1.443044302473e-18
5948.13502507	3.205379633285e-17	1.507308689940e-18
5951.65771087	3.147850554680e-17	1.527053222612e-18
5955.18076787	2.999839800115e-17	1.479956141873e-18
5958.70419529	3.010258184899e-17	1.463784675976e-18
5962.22799234	2.639709373806e-17	1.351829148154e-18
5965.75215826	2.699228672504e-17	1.384878553333e-18
5969.27669227	2.814006355491e-17	1.408360985418e-18
5972.80159360	3.086515295337e-17	1.480271461709e-18
5976.32686147	2.790793501729e-17	1.416339017938e-18
5979.85249514	3.010009000248e-17	1.443761534568e-18
5983.37849381	2.782509597472e-17	1.383063245198e-18
5986.90485674	2.948343311412e-17	1.378750927975e-18
5990.43158315	2.873200637186e-17	1.370534371111e-18
5993.95867228	2.872171587374e-17	1.384242943815e-18
5997.48612338	2.682294304746e-17	1.368016682720e-18
6001.01393569	2.604777683056e-17	1.366474904289e-18
6004.54210844	2.725442273592e-17	1.364308997136e-18
6008.07064088	2.562177040845e-17	1.342057434387e-18
6011.59953226	2.396826610343e-17	1.291520644807e-18
6015.12878183	2.620951334826e-17	1.311373815569e-18
6018.65838883	2.454805910768e-17	1.285874237636e-18
6022.18835251	2.348138403039e-17	1.263928357795e-18
6025.71867213	2.723809097156e-17	1.331523893737e-18
6029.24934694	2.725521434429e-17	1.349798499283e-18
6032.78037619	2.575539965564e-17	1.314791768745e-18
6036.31175914	2.725180018711e-17	1.340857888495e-18
6039.84349505	2.464232556595e-17	1.279583193540e-18
6043.37558318	2.549253319387e-17	1.288579670148e-18
6046.90802279	2.673324012974e-17	1.305886189212e-18
6050.44081314	2.607761352488e-17	1.285985159981e-18
6053.97395350	2.729376588883e-17	1.304444269844e-18
6057.50744312	2.703963706378e-17	1.300387701606e-18
6061.04128129	2.510087619472e-17	1.282639750730e-18
6064.57546726	2.935225323250e-17	1.341240288969e-18
6068.11000031	2.787219684028e-17	1.324975035398e-18
6071.64487971	2.740231049860e-17	1.305908532447e-18
6075.18010474	2.529394141985e-17	1.274161142348e-18
6078.71567466	2.905120969177e-17	1.331721625524e-18
6082.25158875	3.016645871829e-17	1.341545560389e-18
6085.78784629	3.109487898886e-17	1.348204506511e-18
6089.32444656	3.346151805353e-17	1.386170843844e-18
6092.86138884	3.046748662388e-17	1.340097653904e-18
6096.39867241	2.976782437024e-17	1.341783316344e-18
6099.93629656	3.128887162714e-17	1.370731492886e-18
6103.47426057	3.302217995702e-17	1.387447017609e-18
6107.01256373	3.235223556514e-17	1.373379725442e-18
6110.55120532	3.400422797214e-17	1.395775426230e-18
6114.09018464	3.196305704938e-17	1.368299039286e-18
6117.62950097	3.075910329885e-17	1.340608852966e-18
6121.16915361	3.283771542901e-17	1.362178752969e-18
6124.70914185	3.263334996765e-17	1.356000383076e-18
6128.24946499	3.562598955251e-17	1.403109637277e-18
6131.79012232	3.308422357048e-17	1.375484123850e-18
6135.33111314	3.518677877339e-17	1.419328489388e-18
6138.87243675	2.896866977947e-17	1.363005147726e-18
6142.41409246	3.549643696843e-17	1.460033351766e-18
6145.95607956	3.247109320875e-17	1.394663850266e-18
6149.49839736	2.956891172741e-17	1.335664453177e-18
6153.04104516	3.170963858630e-17	1.350721288383e-18
6156.58402228	2.914488790637e-17	1.313237244484e-18
6160.12732801	3.013023480063e-17	1.327381840615e-18
6163.67096167	3.091444632734e-17	1.342337590874e-18
6167.21492258	2.925063130187e-17	1.343139165884e-18
6170.75921003	2.801606997657e-17	1.332182490169e-18
6174.30382335	2.712687619699e-17	1.326520770356e-18
6177.84876186	3.102853865978e-17	1.346871580921e-18
6181.39402486	3.108273326572e-17	1.334885111735e-18
6184.93961168	3.071836492012e-17	1.320165858289e-18
6188.48552163	2.974177128266e-17	1.322017838217e-18
6192.03175405	3.123225975519e-17	1.334333546292e-18
6195.57830824	2.930231286450e-17	1.305506488734e-18
6199.12518354	3.163121456869e-17	1.365354060019e-18
6202.67237927	3.303398848876e-17	1.382485198892e-18
6206.21989475	3.081144751659e-17	1.353171818995e-18
6209.76772931	3.076006989440e-17	1.331937632945e-18
6213.31588229	3.342900581041e-17	1.362058801301e-18
6216.86435302	3.145072672589e-17	1.354315396750e-18
6220.41314082	3.215922553246e-17	1.381660102141e-18
6223.96224502	3.291624989285e-17	1.380720306410e-18
6227.51166498	2.904046057421e-17	1.324765973193e-18
6231.06140001	3.056854617801e-17	1.437582860629e-18
6234.61144947	2.939240603408e-17	1.512420913148e-18
6238.16181268	3.405126203763e-17	1.589713924693e-18
6241.71248899	3.315326124260e-17	1.487525520758e-18
6245.26347774	3.341955986525e-17	1.418367546800e-18
6248.81477827	3.215820496778e-17	1.354651376936e-18
6252.36638994	3.072057614044e-17	1.391810189961e-18
6255.91831207	2.956494552953e-17	1.467334910313e-18
6259.47054403	3.005772039320e-17	1.494436855776e-18
6263.02308516	2.971257598333e-17	1.455454185937e-18
6266.57593480	3.148963526281e-17	1.397355194476e-18
6270.12909232	2.778463097306e-17	1.315836300373e-18
6273.68255707	2.820276144111e-17	1.296451966714e-18
6277.23632839	2.989530457857e-17	1.301299600083e-18
6280.79040564	2.886197156368e-17	1.316554408406e-18
6284.34478818	3.038464579202e-17	1.421270635877e-18
6287.89947537	3.126536349196e-17	1.435120093466e-18
6291.45446657	3.158576274536e-17	1.451258452108e-18
6295.00976114	2.826181812627e-17	1.507313369412e-18
6298.56535844	3.046875730710e-17	1.656725322499e-18
6302.12125783	2.641469606729e-17	1.675457180482e-18
6305.67745868	2.756644493636e-17	1.573029366320e-18
6309.23396035	2.859047103081e-17	1.417781241872e-18
6312.79076222	3.129307821173e-17	1.376780847014e-18
6316.34786364	3.193933938983e-17	1.332247375569e-18
6319.90526400	2.916030490770e-17	1.319277371121e-18
6323.46296265	2.895188212662e-17	1.354108980350e-18
6327.02095898	2.969049734459e-17	1.432702275058e-18
6330.57925236	2.881139764164e-17	1.384039543715e-18
6334.13784216	2.868908370810e-17	1.357236997206e-18
6337.69672776	2.525565198017e-17	1.228065879508e-18
6341.25590854	3.108984690798e-17	1.309321560159e-18
6344.81538388	2.706670004290e-17	1.269287840299e-18
6348.37515315	2.993387236926e-17	1.317575317097e-18
6351.93521574	2.843710784602e-17	1.354334533282e-18
6355.49557103	2.746761125032e-17	1.340322298049e-18
6359.05621840	2.761995169349e-17	1.402326907436e-18
6362.61715725	3.012677973543e-17	1.429583769560e-18
6366.17838695	3.093773100789e-17	1.402254489268e-18
6369.73990690	2.867552121996e-17	1.311122988693e-18
6373.30171649	2.917982071225e-17	1.270351790348e-18
6376.86381509	3.145523917509e-17	1.312201383018e-18
6380.42620212	2.838951838559e-17	1.299022436535e-18
6383.98887696	2.921378125343e-17	1.323135111942e-18
6387.55183900	2.780301081290e-17	1.294164731884e-18
6391.11508764	2.814026910639e-17	1.272200939655e-18
6394.67862228	3.075223535332e-17	1.281841674191e-18
6398.24244231	2.424389318750e-17	1.177500171335e-18
6401.80654714	2.851156689431e-17	1.236636474824e-18
6405.37093617	2.903733667588e-17	1.249276050583e-18
6408.93560879	2.721813450933e-17	1.223978437986e-18
6412.50056441	2.801128768112e-17	1.236203335195e-18
6416.06580243	2.935809645361e-17	1.276555276776e-18
6419.63132227	2.816250388574e-17	1.255418004476e-18
6423.19712332	3.024546946618e-17	1.275207197693e-18
6426.76320500	2.970813097057e-17	1.254722297669e-18
6430.32956671	2.723291163936e-17	1.215210342855e-18
6433.89620786	2.577310761930e-17	1.190381698983e-18
6437.46312787	2.790300718136e-17	1.222522294597e-18
6441.03032615	2.838825069607e-17	1.229979997619e-18
6444.59780212	2.707824464557e-17	1.214666954658e-18
6448.16555518	2.953198863012e-17	1.257686130886e-18
6451.73358476	2.749317514960e-17	1.228888526276e-18
6455.30189027	2.535965079623e-17	1.219254312101e-18
6458.87047113	2.700576306280e-17	1.270772318368e-18
6462.43932676	2.411644864661e-17	1.292921987764e-18
6466.00845659	2.526592105427e-17	1.350044061138e-18
6469.57786004	2.840074413784e-17	1.394070359090e-18
6473.14753652	2.689060064318e-17	1.325036740979e-18
6476.71748547	2.622762839948e-17	1.267898578585e-18
6480.28770631	2.790858701812e-17	1.242257168491e-18
6483.85819847	3.085115298506e-17	1.267724112890e-18
6487.42896137	2.846167005121e-17	1.225505139058e-18
6490.99999445	2.889110373086e-17	1.254881655539e-18
6494.57129714	2.805928534283e-17	1.371565695261e-18
6498.14286887	2.581616113918e-17	1.391054582088e-18
6501.71470907	2.663094729879e-17	1.421815218372e-18
6505.28681717	2.716732875948e-17	1.309652503207e-18
6508.85919262	2.557388328915e-17	1.243169324109e-18
6512.43183485	2.715323626986e-17	1.229017723629e-18
6516.00474330	2.530367160767e-17	1.194979239424e-18
6519.57791740	2.615517049289e-17	1.234345058395e-18
6523.15135660	2.708999017983e-17	1.256988382507e-18
6526.72506034	2.584731495466e-17	1.271651501451e-18
6530.29902806	2.470613613039e-17	1.327055485915e-18
6533.87325920	2.552419922042e-17	1.324852576783e-18
6537.44775321	2.669066828532e-17	1.332485405539e-18
6541.02250954	2.586195752072e-17	1.268632440421e-18
6544.59752762	2.724651344989e-17	1.281231428402e-18
6548.17280692	2.844997330479e-17	1.368553855541e-18
6551.74834688	2.803346442389e-17	1.384949006488e-18
6555.32414694	3.018716740422e-17	1.408193175915e-18
6558.90020657	2.707267564971e-17	1.341376692574e-18
6562.47652522	2.649193941749e-17	1.254673374016e-18
6566.05310233	2.838677987209e-17	1.318594111095e-18
6569.62993736	2.614212405923e-17	1.270772341704e-18
6573.20702978	2.551567086914e-17	1.321055866377e-18
6576.78437903	2.342890360866e-17	1.284856950759e-18
6580.36198458	2.722601340024e-17	1.323318841960e-18
6583.93984588	2.751030593711e-17	1.245020512022e-18
6587.51796239	2.667442210571e-17	1.209885904437e-18
6591.09633359	2.552246383753e-17	1.206454880473e-18
6594.67495892	2.568645898802e-17	1.221953714711e-18
6598.25383785	2.628278731907e-17	1.244381741934e-18
6601.83296986	2.550442774872e-17	1.252700047066e-18
6605.41235440	2.680786226348e-17	1.268001736617e-18
6608.99199094	2.648781127427e-17	1.224210437766e-18
6612.57187895	2.710878966075e-17	1.206579734876e-18
6616.15201790	2.481795517426e-17	1.163809095890e-18
6619.73240726	2.622421093122e-17	1.185439819706e-18
6623.31304650	2.692309099336e-17	1.227592866563e-18
6626.89393509	2.565495088653e-17	1.530393816559e-18
6630.47507251	2.780937404557e-17	1.296042011949e-18
6634.05645824	2.613926598182e-17	1.305831302195e-18
6637.63809174	2.640979333237e-17	1.223237471689e-18
6641.21997250	2.314672094411e-17	1.152231722963e-18
6644.80209999	2.551943512881e-17	1.193384135035e-18
6648.38447369	2.377939946982e-17	1.151803138210e-18
6651.96709308	2.556272983733e-17	1.189193175975e-18
6655.54995765	2.208781834150e-17	1.145227903320e-18
6659.13306687	2.136444241979e-17	1.120251881008e-18
6662.71642023	2.302526887666e-17	1.157199167027e-18
6666.30001722	1.958348253835e-17	1.099049549599e-18
6669.88385731	2.002639286010e-17	1.108148289117e-18
6673.46794000	1.814843418363e-17	1.059804092439e-18
6677.05226476	2.056019926604e-17	1.094298023612e-18
6680.63683110	2.043228607747e-17	1.085415390091e-18
6684.22163850	1.776866530846e-17	1.049348081457e-18
6687.80668645	1.600887397682e-17	1.023132960600e-18
6691.39197444	1.443426941417e-17	9.910686518041e-19
6694.97750196	1.508729649034e-17	1.010153917518e-18
6698.56326851	1.304987076648e-17	9.854922142779e-19
6702.14927359	1.600994424216e-17	1.040039584141e-18
6705.73551668	1.240902830083e-17	9.735974070008e-19
6709.32199729	1.355807285475e-17	9.732642742148e-19
6712.90871491	1.257853568951e-17	9.643801530105e-19
6716.49566904	1.094692453575e-17	9.389332565751e-19
6720.08285918	1.096209995346e-17	9.309790109571e-19
6723.67028483	1.123018498220e-17	9.343179096990e-19
6727.25794550	1.095635228710e-17	9.289732600550e-19
6730.84584068	1.204982282930e-17	9.392362758213e-19
6734.43396988	9.493739888856e-18	9.019720125432e-19
6738.02233261	1.166353532936e-17	9.457870208327e-19
6741.61092837	1.048623792423e-17	9.289657478471e-19
6745.19975666	1.040890093008e-17	9.260919912919e-19
6748.78881700	1.030600168490e-17	9.210794131912e-19
6752.37810889	1.007616247653e-17	9.182775468090e-19
6755.96763184	1.018839625830e-17	9.146868889248e-19
6759.55738536	1.007894288694e-17	9.098006277601e-19
6763.14736897	9.559044050350e-18	9.050759430581e-19
6766.73758218	1.096487957089e-17	9.212060366777e-19
6770.32802450	1.001166026891e-17	8.963406500649e-19
6773.91869544	1.063633796614e-17	9.047614008087e-19
6777.50959453	1.131645502051e-17	9.265915548909e-19
6781.10072127	1.080321619938e-17	9.080073568216e-19
6784.69207518	1.171972767324e-17	9.541103075062e-19
6788.28365579	1.162205552526e-17	9.451142160608e-19
6791.87546261	1.025113171785e-17	9.157063014304e-19
6795.46749516	1.157478060666e-17	9.370152417751e-19
6799.05975297	9.885956120800e-18	9.120082852196e-19
6802.65223555	1.192657002192e-17	9.389604753869e-19
6806.24494243	1.097793617651e-17	9.274621227084e-19
6809.83787313	9.669168226487e-18	8.924380118693e-19
6813.43102718	1.395341153343e-17	9.830952203603e-19
6817.02440410	1.276441408374e-17	9.615508085175e-19
6820.61800343	1.021333369714e-17	9.552733288897e-19
6824.21182468	1.507947324747e-17	1.253225669281e-18
6827.80586738	1.460195731830e-17	1.408846810530e-18
6831.40013108	1.740995474656e-17	1.562959175444e-18
6834.99461529	1.438641996644e-17	1.417374107457e-18
6838.58931955	1.428749563152e-17	1.280586879946e-18
6842.18424339	1.690057105787e-17	1.137779486187e-18
6845.77938634	1.655564243941e-17	1.112211734819e-18
6849.37474794	1.787734489739e-17	1.077693149974e-18
6852.97032772	1.629562176400e-17	1.056794326178e-18
6856.56612523	1.483935274904e-17	1.127691810812e-18
6860.16213999	1.580815151519e-17	1.472309370486e-18
6863.75837154	1.449638573129e-17	1.519441444939e-18
6867.35481942	1.574013249438e-17	1.505629013936e-18
6870.95148318	1.374515174056e-17	1.153251679401e-18
6874.54836235	1.383626908428e-17	1.034710274670e-18
6878.14545647	1.549801690775e-17	1.069144527942e-18
6881.74276509	1.675842089619e-17	1.115243463549e-18
6885.34028775	1.647256461256e-17	1.171927982014e-18
6888.93802399	1.904538567678e-17	1.174683360901e-18
6892.53597335	1.756758229948e-17	1.151486089424e-18
6896.13413540	1.867600872977e-17	1.142659472474e-18
6899.73250966	1.539207706569e-17	1.098486347845e-18
6903.33109569	2.013072413007e-17	1.167523605488e-18
6906.92989304	1.891982058060e-17	1.177721474509e-18
6910.52890125	1.859453181414e-17	1.221171484015e-18
6914.12811988	1.873047396722e-17	1.223101987074e-18
6917.72754847	1.960919692161e-17	1.302296750095e-18
6921.32718658	1.873316241271e-17	1.328823197389e-18
6924.92703377	2.233079987087e-17	1.370814193639e-18
6928.52708958	2.173281034015e-17	1.273327866475e-18
6932.12735356	2.165137699411e-17	1.158226364498e-18
6935.72782529	2.164741394490e-17	1.233756869019e-18
6939.32850430	1.724593889783e-17	1.205201490060e-18
6942.92939016	1.992163083930e-17	1.336771365606e-18
6946.53048242	1.978950257501e-17	1.418853556378e-18
6950.13178065	2.078919425815e-17	1.404761875397e-18
6953.73328440	1.864159686217e-17	1.312708544160e-18
6957.33499323	1.965325542875e-17	1.145600507571e-18
6960.93690671	2.143368190234e-17	1.167154867765e-18
6964.53902439	2.022794002970e-17	1.195353821723e-18
6968.14134584	2.117062529641e-17	1.244075915411e-18
6971.74387063	1.942051665930e-17	1.252371539197e-18
6975.34659831	2.207227093608e-17	1.373652351328e-18
6978.94952845	2.110206513285e-17	1.329581727680e-18
6982.55266062	2.266260579561e-17	1.313651460010e-18
6986.15599438	2.115680878328e-17	1.162193896081e-18
6989.75952931	1.971954989739e-17	1.124423841387e-18
6993.36326497	2.175269136092e-17	1.153508367211e-18
6996.96720092	1.923122435451e-17	1.131532074360e-18
7000.57133675	1.923572103133e-17	1.160841960250e-18
7004.17567201	1.982463540065e-17	1.185385153222e-18
7007.78020629	2.083561252614e-17	1.244208366366e-18
7011.38493915	1.893941334052e-17	1.181207802650e-18
7014.98987017	1.986252460325e-17	1.186477434172e-18
7018.59499892	2.130710366982e-17	1.137142435779e-18
7022.20032498	2.022359528134e-17	1.115146386699e-18
7025.80584792	2.008227139672e-17	1.125655135045e-18
7029.41156732	1.831879262707e-17	1.079497942397e-18
7033.01748275	2.012945938977e-17	1.114563012280e-18
7036.62359379	2.132309001766e-17	1.153913922662e-18
7040.22990002	2.179589790892e-17	1.177749990729e-18
7043.83640103	2.140521810054e-17	1.236562850934e-18
7047.44309638	2.124290516413e-17	1.264015550257e-18
7051.04998567	1.774846891891e-17	1.212534125302e-18
7054.65706847	2.012505857171e-17	1.191586005003e-18
7058.26434436	2.173304117632e-17	1.192032785115e-18
7061.87181294	2.127350786338e-17	1.182016003681e-18
7065.47947377	2.075349222886e-17	1.195976620739e-18
7069.08732646	2.045073001399e-17	1.208570240149e-18
7072.69537057	1.861185596239e-17	1.156941621959e-18
7076.30360570	1.861865173371e-17	1.152782101078e-18
7079.91203144	1.666666136754e-17	1.120335836882e-18
7083.52064737	1.933741117521e-17	1.191253921076e-18
7087.12945309	1.927156888541e-17	1.182192025655e-18
7090.73844817	2.104424219391e-17	1.183097330200e-18
7094.34763221	2.172127633753e-17	1.182981349419e-18
7097.95700480	1.993994541169e-17	1.129980195770e-18
7101.56656554	1.911419744828e-17	1.098730497971e-18
7105.17631400	2.006040299892e-17	1.138415250019e-18
7108.78624979	2.023886080478e-17	1.133575059652e-18
7112.39637251	1.843030318162e-17	1.092418145732e-18
7116.00668173	2.044620483245e-17	1.131840519377e-18
7119.61717707	2.033073436459e-17	1.133344749953e-18
7123.22785810	1.903646616696e-17	1.119576287822e-18
7126.83872444	1.921635329811e-17	1.134718738395e-18
7130.44977567	1.907361894194e-17	1.137736579672e-18
7134.06101140	1.542903888337e-17	1.085330090459e-18
7137.67243122	1.783531141320e-17	1.135221787450e-18
7141.28403473	1.867467033805e-17	1.170637828952e-18
7144.89582153	1.736441768370e-17	1.168113542151e-18
7148.50779123	1.649649836409e-17	1.138819206183e-18
7152.11994341	1.757995465669e-17	1.134958744020e-18
7155.73227769	1.741627819233e-17	1.132080836919e-18
7159.34479367	1.837011173706e-17	1.155756094694e-18
7162.95749095	1.763323274828e-17	1.139554629127e-18
7166.57036913	1.527235815337e-17	1.090720559248e-18
7170.18342781	1.650014828389e-17	1.120140137752e-18
7173.79666661	1.609837126385e-17	1.096131027368e-18
7177.41008513	1.796758903125e-17	1.133452034814e-18
7181.02368297	1.559606991031e-17	1.067988909625e-18
7184.63745975	1.659702821354e-17	1.073345350301e-18
7188.25141506	1.682403401959e-17	1.050959259521e-18
7191.86554852	1.693493966565e-17	1.047280377658e-18
7195.47985974	1.571914817026e-17	1.037829068046e-18
7199.09434832	1.549999644905e-17	1.030740896910e-18
7202.70901388	1.805252478011e-17	1.091535679497e-18
7206.32385603	1.673279076349e-17	1.059187858141e-18
7209.93887438	1.694782336827e-17	1.067968498791e-18
7213.55406854	1.659380697390e-17	1.071475042385e-18
7217.16943812	1.477157459679e-17	1.040226725565e-18
7220.78498274	1.754208490590e-17	1.098316377241e-18
7224.40070201	1.674002077166e-17	1.107399560239e-18
7228.01659555	1.578481621325e-17	1.099455215477e-18
7231.63266297	1.318736568360e-17	1.146449040937e-18
7235.24890389	1.529430770840e-17	1.588198688935e-18
7238.86531792	9.834270321990e-18	1.862827665942e-18
7242.48190469	2.108139154846e-17	2.185837970541e-18
7246.09866380	1.607861759143e-17	1.906583717431e-18
7249.71559488	1.548869576628e-17	1.658371954293e-18
7253.33269755	1.487679638637e-17	1.292825669197e-18
7256.94997142	1.692281320678e-17	1.260756434635e-18
7260.56741613	1.594572497775e-17	1.159663196946e-18
7264.18503128	1.476988665681e-17	1.136289788306e-18
7267.80281649	1.424904792869e-17	1.230870045417e-18
7271.42077140	1.540356829256e-17	1.802889809052e-18
7275.03889563	2.001643750857e-17	2.049924736587e-18
7278.65718879	1.618876007143e-17	2.080610899421e-18
7282.27565051	1.572399170851e-17	1.794992358951e-18
7285.89428042	1.111097429686e-17	1.436045100702e-18
7289.51307813	1.615828980393e-17	1.395217570722e-18
7293.13204329	1.178019515602e-17	1.189637059949e-18
7296.75117550	1.540274498672e-17	1.281978568482e-18
7300.37047440	1.325488493675e-17	1.368677270459e-18
7303.98993962	1.475673176191e-17	1.330012492088e-18
7307.60957078	1.166450170984e-17	1.312487337598e-18
7311.22936752	1.755908485203e-17	1.695780376493e-18
7314.84932945	1.748181205504e-17	1.878403616813e-18
7318.46945621	1.903023274624e-17	1.833522308215e-18
7322.08974744	1.809753473997e-17	1.524333794757e-18
7325.71020276	1.656982672031e-17	1.437755951921e-18
7329.33082180	9.096589674011e-18	1.370605601142e-18
7332.95160419	1.349687514247e-17	1.481559445026e-18
7336.57254957	1.490742335930e-17	1.836656759702e-18
7340.19365757	1.259229750572e-17	1.933447559059e-18
7343.81492782	1.235142346316e-17	1.851709714865e-18
7347.43635995	1.590563726673e-17	1.399704758193e-18
7351.05795361	1.465715959245e-17	1.183595308026e-18
7354.67970842	1.617826203193e-17	1.433316764432e-18
7358.30162403	1.614525588774e-17	1.437464463498e-18
7361.92370006	1.420234804200e-17	1.477021126558e-18
7365.54593616	1.577925496783e-17	1.749696116785e-18
7369.16833195	1.616201457833e-17	1.772196760456e-18
7372.79088709	9.433167022564e-18	1.611206467858e-18
7376.41360120	1.345667817556e-17	1.217173435209e-18
7380.03647392	1.482253069176e-17	1.100492282231e-18
7383.65950490	1.470745651531e-17	1.113842018509e-18
7387.28269378	1.375619244418e-17	1.251982063063e-18
7390.90604018	1.087635652138e-17	1.273808525536e-18
7394.52954377	1.230660213265e-17	1.364216588716e-18
7398.15320416	1.453113586868e-17	1.575254457853e-18
7401.77702102	1.153882943912e-17	1.494742063647e-18
7405.40099397	1.150974963114e-17	1.424478687455e-18
7409.02512267	1.231865250347e-17	1.125614620394e-18
7412.64940675	1.391340605195e-17	1.098939969994e-18
7416.27384586	1.609306701662e-17	1.127380672278e-18
7419.89843964	1.517845162241e-17	1.114249418635e-18
7423.52318774	1.285175647863e-17	1.108055253849e-18
7427.14808980	1.102900937380e-17	1.153068769365e-18
7430.77314547	1.150593874315e-17	1.214809524798e-18
7434.39835439	8.052853616496e-18	1.285501650867e-18
7438.02371621	1.033510996590e-17	1.283530358715e-18
7441.64923058	1.161598226911e-17	1.271496788236e-18
7445.27489715	1.121339721307e-17	1.078939855390e-18
7448.90071555	1.129581429103e-17	1.030087916552e-18
7452.52668545	1.332402145434e-17	1.056493266977e-18
7456.15280649	1.392916224236e-17	1.102580548572e-18
7459.77907831	1.298372613217e-17	1.158120660045e-18
7463.40550057	1.387484021543e-17	1.240483960915e-18
7467.03207293	9.159289295923e-18	1.273769736062e-18
7470.65879501	1.161627515817e-17	1.377063920832e-18
7474.28566649	8.252394182977e-18	1.376938642598e-18
7477.91268701	8.349595697498e-18	1.429953972470e-18
7481.53985623	9.502221993086e-18	1.413850594021e-18
7485.16717378	1.364209516437e-17	1.382771990367e-18
7488.79463934	1.534476066128e-17	1.280358693936e-18
7492.42225255	1.177890760508e-17	1.136663577640e-18
7496.05001306	1.260004529234e-17	1.139055280697e-18
7499.67792053	1.361917231815e-17	1.107227567177e-18
7503.30597461	1.345995334782e-17	1.075286240130e-18
7506.93417496	1.012398938228e-17	1.021432276623e-18
7510.56252124	1.047607268720e-17	1.024834003741e-18
7514.19101309	1.069059569069e-17	1.117146106488e-18
7517.81965018	1.077532662691e-17	1.429746583577e-18
7521.44843216	1.021692144601e-17	1.713600411385e-18
7525.07735869	1.101512474846e-17	1.748259160015e-18
7528.70642942	1.027941686506e-17	1.603825527517e-18
7532.33564402	1.315453802590e-17	1.302186479936e-18
7535.96500214	9.424450607121e-18	1.158090285338e-18
7539.59450344	1.236690881172e-17	1.129862196460e-18
7543.22414757	1.100169295934e-17	1.118466614547e-18
7546.85393421	1.271548665259e-17	1.096258899977e-18
7550.48386300	9.455015512791e-18	1.078236976697e-18
7554.11393361	1.197117911085e-17	1.206046213544e-18
7557.74414570	1.152388135935e-17	1.203940607656e-18
7561.37449893	1.379083435394e-17	1.250666334605e-18
7565.00499295	1.054090870939e-17	1.275732146354e-18
7568.63562744	1.045448669756e-17	1.545048854726e-18
7572.26640206	6.906435681502e-18	1.499784774951e-18
7575.89731645	1.443524657708e-17	1.484319219679e-18
7579.52837030	1.254045816928e-17	1.196127964343e-18
7583.15956326	1.079924786565e-17	1.221057765174e-18
7586.79089499	9.142458083438e-18	1.185742949333e-18
7590.42236516	8.086712899037e-18	1.163555207781e-18
7594.05397343	9.615619277918e-18	1.418435662613e-18
7597.68571947	-2.899532449193e-18	1.634161605604e-18
7601.31760295	5.192822064438e-18	1.679757365137e-18
7604.94962352	5.987202031937e-18	1.526954662906e-18
7608.58178085	6.913535170877e-18	1.443346923892e-18
7612.21407461	9.729469586664e-18	1.334249604409e-18
7615.84650446	6.583581567283e-18	1.187006936049e-18
7619.47907007	6.219102678993e-18	1.272372035039e-18
7623.11177111	8.180389604763e-18	1.449163676028e-18
7626.74460725	9.512847211897e-18	1.474601483837e-18
7630.37757815	4.847575256355e-18	1.375244826723e-18
7634.01068347	8.245008011527e-18	1.317236791397e-18
7637.64392290	5.996797234846e-18	1.191148404774e-18
7641.27729609	9.215125928844e-18	1.173999303136e-18
7644.91080271	9.277134319924e-18	1.138513294468e-18
7648.54444244	8.927086521870e-18	1.127180584825e-18
7652.17821495	1.138279953981e-17	1.161156592973e-18
7655.81211989	4.481539874047e-18	1.084110352025e-18
7659.44615695	9.214689256933e-18	1.200798285267e-18
7663.08032579	8.323700929260e-18	1.161639565061e-18
7666.71462609	7.448103445896e-18	1.091635366610e-18
7670.34905751	1.085921518630e-17	1.051982843905e-18
7673.98361973	7.055004957352e-18	9.741796981700e-19
7677.61831241	9.341704392745e-18	1.046827151851e-18
7681.25313523	1.186678314049e-17	1.128229306785e-18
7684.88808786	1.048604067091e-17	1.140156888066e-18
7688.52316998	9.302147612391e-18	1.145730934707e-18
7692.15838125	8.182582891289e-18	1.131639191297e-18
7695.79372135	7.768650815077e-18	1.191170814290e-18
7699.42918995	1.086554992601e-17	1.217907961609e-18
7703.06478673	1.017062904923e-17	1.246140516999e-18
7706.70051136	1.003384004140e-17	1.643408155400e-18
7710.33636350	9.981650998024e-18	2.247125681657e-18
7713.97234285	8.927881607375e-18	2.586564284498e-18
7717.60844907	8.722207570886e-18	2.414134425526e-18
7721.24468183	8.170815798444e-18	2.007025127469e-18
7724.88104081	1.094487012326e-17	1.534531720293e-18
7728.51752569	7.049288931599e-18	1.395011192182e-18
7732.15413614	7.533884741091e-18	1.226186832581e-18
7735.79087184	1.143625234712e-17	1.213419740050e-18
7739.42773247	9.997144957400e-18	1.216695672222e-18
7743.06471769	1.053488507377e-17	1.516365155818e-18
7746.70182719	9.009368842420e-18	2.280451566404e-18
7750.33906064	1.381777854030e-17	2.418887701848e-18
7753.97641772	8.574451872678e-18	2.360427557227e-18
7757.61389811	8.127472771343e-18	1.820678900337e-18
7761.25150148	9.685598754986e-18	1.640312302167e-18
7764.88922751	6.876673228775e-18	1.414548586164e-18
7768.52707588	1.020980845569e-17	1.330027162512e-18
7772.16504628	1.031377159786e-17	1.415481159981e-18
7775.80313836	4.710713592507e-18	1.526428713662e-18
7779.44135182	8.949630377251e-18	1.525583150913e-18
7783.07968634	1.005196139745e-17	1.491451494338e-18
7786.71814158	9.681885294596e-18	1.565106501036e-18
7790.35671724	5.780386073565e-18	2.059441475401e-18
7793.99541299	8.167744299969e-18	2.130953559460e-18
7797.63422851	7.793405183889e-18	1.941496264548e-18
7801.27316348	9.718698640074e-18	1.409707672691e-18
7804.91221757	9.904157460412e-18	1.572187659228e-18
7808.55139048	8.392019236921e-18	1.591661154547e-18
7812.19068188	6.578058335734e-18	1.591980112194e-18
7815.83009144	6.635352864466e-18	1.912824448742e-18
7819.46961886	1.030844953245e-17	2.289972257065e-18
7823.10926381	7.327024069390e-18	2.202607330520e-18
7826.74902598	6.886593040239e-18	1.727985558085e-18
7830.38890503	7.558485436438e-18	1.144330638347e-18
7834.02890067	7.919466007266e-18	1.217413888978e-18
7837.66901256	8.964186377705e-18	1.494322208565e-18
7841.30924039	8.855261382188e-18	1.520262561305e-18
7844.94958384	8.983574926147e-18	1.644230869339e-18
7848.59004259	1.230495704096e-17	2.177357290280e-18
7852.23061633	7.050787057210e-18	2.354641217767e-18
7855.87130473	1.265477408441e-17	2.487938226793e-18
7859.51210749	8.275807290820e-18	1.997546544087e-18
7863.15302428	9.281961857837e-18	1.821218346137e-18
7866.79405478	9.849599019788e-18	1.891039015691e-18
7870.43519868	7.222230935404e-18	1.821378486618e-18
7874.07645567	1.034696715134e-17	1.888220295310e-18
7877.71782541	7.999452746249e-18	1.691070861599e-18
7881.35930761	2.834190509602e-18	1.624153608355e-18
7885.00090194	8.659395687701e-18	1.897391695308e-18
7888.64260808	1.024152268143e-17	1.877706165498e-18
7892.28442573	6.121207463134e-18	1.757673659255e-18
7895.92635455	9.664127106749e-18	1.423643122535e-18
7899.56839424	6.613803355175e-18	1.113278436632e-18
7903.21054449	9.327397980446e-18	1.238846999363e-18
7906.85280497	8.828437750881e-18	1.779168403253e-18
7910.49517537	8.281701027912e-18	2.489346073771e-18
7914.13765538	1.270279445267e-17	2.661053177388e-18
7917.78024467	9.173383934117e-18	2.593984621884e-18
7921.42294294	6.395621366214e-18	1.895569705197e-18
7925.06574987	9.985795438128e-18	1.838073806054e-18
7928.70866514	1.003913785116e-17	1.675091502766e-18
7932.35168844	9.585493863807e-18	1.595559256348e-18
7935.99481945	9.719834447357e-18	1.445501680535e-18
7939.63805787	7.730239598208e-18	1.150790398803e-18
7943.28140336	8.548113818565e-18	1.334996136798e-18
7946.92485563	7.309480400617e-18	1.481777199960e-18
7950.56841436	1.033724214890e-17	1.480574588959e-18
7954.21207922	1.089055058736e-17	1.370507687547e-18
7957.85584992	1.087492396288e-17	1.562041084334e-18
7961.49972612	1.087790428628e-17	2.182036140299e-18
7965.14370753	1.005581089382e-17	2.210592526902e-18
7968.78779381	4.789790191916e-18	1.921896745248e-18
7972.43198467	6.564939405526e-18	1.433501425222e-18
7976.07627979	6.893733281781e-18	1.635280909900e-18
7979.72067885	5.506572840463e-18	1.636408284940e-18
7983.36518154	1.092234077933e-17	1.601797775877e-18
7987.00978754	8.009227452402e-18	1.751303112267e-18
7990.65449655	5.061225562344e-18	2.263469703349e-18
7994.29930824	9.685147104354e-18	2.275968057121e-18
7997.94422231	4.278463322404e-18	1.893229852626e-18
8001.58923844	8.701215478071e-18	1.210191736832e-18
8005.23435631	7.181583463479e-18	1.119433498406e-18
8008.87957562	4.979608750088e-18	1.313279502898e-18
8012.52489606	9.011985694300e-18	1.517697832340e-18
8016.17031729	8.692568843547e-18	1.570388141357e-18
8019.81583903	6.676393921703e-18	1.764615242991e-18
8023.46146094	4.421217022106e-18	2.005445475014e-18
8027.10718272	4.490164901682e-18	1.966163465154e-18
8030.75300405	5.950533949495e-18	1.675962342246e-18
8034.39892463	5.500108508499e-18	1.128733841280e-18
8038.04494413	6.957165878001e-18	1.085939614323e-18
8041.69106225	8.781870136775e-18	1.093378509804e-18
8045.33727867	7.794824297688e-18	1.190509309309e-18
8048.98359308	6.426493129264e-18	1.308247483644e-18
8052.63000516	6.040662580219e-18	1.334209149283e-18
8056.27651461	6.481100472866e-18	1.473908646125e-18
8059.92312111	8.225501509254e-18	1.581660731856e-18
8063.56982434	6.674491343151e-18	1.539943874772e-18
8067.21662399	8.754488588445e-18	1.357417398723e-18
8070.86351976	7.338543522812e-18	1.098202484497e-18
8074.51051132	8.545763221554e-18	1.116139780805e-18
8078.15759836	8.568996989597e-18	1.119534053478e-18
8081.80478058	6.735774188456e-18	1.123176883181e-18
8085.45205765	7.497259182459e-18	1.119605316013e-18
8089.09942927	7.578861697951e-18	1.183545310101e-18
8092.74689512	6.915293828973e-18	1.165897107710e-18
8096.39445489	8.255744800160e-18	1.300312359309e-18
8100.04210826	7.874352044046e-18	1.351665804371e-18
8103.68985492	1.059321012691e-17	1.372860646808e-18
8107.33769456	7.387406798364e-18	1.231159369094e-18
8110.98562687	6.289594103769e-18	1.064407984701e-18
8114.63365153	7.079933677034e-18	1.064101911078e-18
8118.28176823	8.782306400600e-18	1.089886220293e-18
8121.92997665	6.627797045431e-18	1.055685304147e-18
8125.57827649	7.928342718246e-18	1.102920997135e-18
8129.22666742	3.351260051796e-18	1.027249837780e-18
8132.87514914	9.017373779655e-18	1.182845103851e-18
8136.52372133	7.467875160239e-18	1.184517794480e-18
8140.17238367	5.860964459119e-18	1.170683798797e-18
8143.82113586	6.979692546115e-18	1.213351478295e-18
8147.46997758	6.070463687417e-18	1.124064798973e-18
8151.11890852	5.504078611519e-18	1.083958713273e-18
8154.76792836	7.817583244927e-18	1.061667800812e-18
8158.41703678	5.850286452278e-18	1.010579348301e-18
8162.06623348	7.190613872838e-18	1.013244400993e-18
8165.71551815	8.485475204565e-18	1.060465340905e-18
8169.36489045	6.369140824093e-18	1.021378071820e-18
8173.01435009	3.654351829572e-18	9.752162340169e-19
8176.66389675	9.203642375837e-18	1.081239494535e-18
8180.31353011	7.083351524997e-18	1.062983413864e-18
8183.96324986	8.410658892262e-18	1.120648208267e-18
8187.61305569	6.878224492224e-18	1.090426424664e-18
8191.26294727	4.638557690360e-18	1.101923119128e-18
8194.91292430	8.816327841550e-18	1.138324486618e-18
8198.56298646	5.392119605608e-18	1.051713845495e-18
8202.21313343	5.228145326515e-18	1.054836337817e-18
8205.86336491	7.514079876742e-18	1.111963704118e-18
8209.51368056	5.630467731694e-18	1.070354517012e-18
8213.16408009	5.152408923854e-18	1.053817432351e-18
8216.81456318	6.371939330956e-18	1.073123725408e-18
8220.46512950	9.164440338834e-18	1.108855835937e-18
8224.11577874	3.631792715561e-18	9.780996800380e-19
8227.76651059	2.381120657889e-18	9.348052525685e-19
8231.41732474	4.683614350397e-18	1.007619696654e-18
8235.06822086	7.364759494959e-18	1.082987384492e-18
8238.71919864	4.276925687271e-18	1.047043199127e-18
8242.37025776	4.321140637553e-18	1.075487700130e-18
8246.02139791	5.613377363391e-18	1.113876736386e-18
8249.67261877	5.662037183900e-18	1.108638935503e-18
8253.32392003	4.120310948556e-18	1.062989798820e-18
8256.97530136	5.632655119062e-18	1.077445932275e-18
8260.62676245	4.282658279786e-18	9.906989766754e-19
8264.27830299	6.378684392976e-18	1.073207600403e-18
8267.92992265	3.686663414004e-18	1.059209440523e-18
8271.58162112	5.531909507042e-18	1.262767193573e-18
8275.23339808	5.718763167028e-18	1.774809650531e-18
8278.88525322	5.859768949023e-18	2.175762374227e-18
8282.53718621	6.306164768101e-18	2.496015159010e-18
8286.18919674	2.036729738964e-18	2.563696264210e-18
8289.84128449	3.960095288770e-18	2.418056943146e-18
8293.49344914	5.450423818691e-18	2.636350006055e-18
8297.14569037	8.137305245419e-18	2.586370373190e-18
8300.79800787	4.793576482021e-18	2.443287673904e-18
8304.45040131	3.440936989866e-18	1.887780207913e-18
8308.10287039	6.851737354852e-18	1.650254052759e-18
8311.75541476	6.113287700547e-18	1.603014847755e-18
8315.40803413	1.509370766696e-18	1.386860316500e-18
8319.06072816	3.676533541427e-18	1.113929021388e-18
8322.71349655	5.385843303611e-18	1.117729273249e-18
8326.36633896	8.509301261755e-18	1.146509427770e-18
8330.01925508	4.774441058051e-18	1.118020117829e-18
8333.67224459	2.356841437030e-18	1.281358655449e-18
8337.32530717	6.268657300840e-18	2.179220305434e-18
8340.97844250	1.122347434038e-17	3.493975736294e-18
8344.63165025	2.083907665525e-18	3.710224803765e-18
8348.28493010	8.874593243552e-18	4.146324855376e-18
8351.93828174	4.346658468965e-18	2.468128677034e-18
8355.59170485	2.478365104322e-18	2.119331482580e-18
8359.24519909	1.404225392448e-19	1.712406744538e-18
8362.89876416	7.224667320778e-18	1.689898499380e-18
8366.55239971	2.591641742253e-18	1.549142079538e-18
8370.20610545	2.226108678422e-18	1.307653646879e-18
8373.85988103	6.658296975072e-18	1.303633265970e-18
8377.51372615	5.515353532348e-18	1.798261170587e-18
8381.16764046	8.535536557365e-18	1.975191135607e-18
8384.82162367	4.046146589975e-18	1.869267839838e-18
8388.47567543	6.505017862209e-18	1.541206526641e-18
8392.12979542	3.990946490105e-18	1.944097508271e-18
8395.78398332	-1.907709496033e-19	2.958888842649e-18
8399.43823882	9.591552145707e-18	3.078133818004e-18
8403.09256157	4.431339124988e-18	2.697520754516e-18
8406.74695126	6.111458548323e-18	1.525487402106e-18
8410.40140756	6.505426989410e-18	1.868537133809e-18
8414.05593015	3.766419144908e-18	2.013949686893e-18
8417.71051870	1.201696524666e-17	2.083056336196e-18
8421.36517289	6.251569893732e-18	1.837841497388e-18
8425.01989238	6.054234832336e-18	2.798066029786e-18
8428.67467686	-6.405710452039e-18	3.198568914917e-18
8432.32952599	6.268622003115e-18	3.125997422173e-18
8435.98443945	8.844567746364e-18	2.205387310842e-18
8439.63941692	3.943811834596e-18	1.157329842826e-18
8443.29445806	6.880198191870e-18	1.254743776975e-18
8446.94956254	4.097605492484e-18	1.710143808274e-18
8450.60473005	3.283351305272e-18	1.913771684499e-18
8454.25996025	4.532043962055e-18	1.927865034166e-18
8457.91525280	6.186954712176e-18	1.963164390258e-18
8461.57060739	1.020158434376e-17	2.696710105521e-18
8465.22602369	6.295597716773e-18	2.728839528302e-18
8468.88150136	8.705264528454e-18	2.525624633463e-18
8472.53704007	5.269193642660e-18	1.497239955673e-18
8476.19263950	6.413243324342e-18	1.186377027146e-18
8479.84829931	4.177343906305e-18	1.108263250696e-18
8483.50401918	5.580262356254e-18	1.121576039891e-18
8487.15979877	2.996299044345e-18	1.362471884715e-18
8490.81563775	5.380430295869e-18	1.669488973912e-18
8494.47153579	4.854154497246e-18	1.717784281756e-18
8498.12749256	4.547671875429e-18	1.864861533550e-18
8501.78350772	9.050408600560e-18	2.174979732444e-18
8505.43958095	-1.064981581220e-19	2.057103807611e-18
8509.09571190	4.143417522127e-18	1.844167352592e-18
8512.75190026	2.954447428794e-18	1.144556088522e-18
8516.40814567	5.559341164608e-18	1.102253978498e-18
8520.06444782	6.428522663966e-18	1.139046915135e-18
8523.72080636	5.608334706349e-18	1.100159262783e-18
8527.37722096	3.057512920211e-18	1.062435998679e-18
8531.03369128	4.017357893977e-18	1.116250696267e-18
8534.69021700	7.030866997834e-18	1.361882141670e-18
8538.34679777	3.401553580760e-18	1.365272690471e-18
8542.00343326	2.616873560005e-18	1.473560673487e-18
8545.66012313	6.586161158791e-18	1.656736139251e-18
8549.31686705	8.081492526327e-18	1.637418963228e-18
8552.97366468	3.006064111825e-18	1.429426367058e-18
8556.63051567	2.153050971276e-18	1.086712910234e-18
8560.28741970	3.640599125723e-18	1.023558857742e-18
8563.94437643	5.891887359625e-18	1.070718466361e-18
8567.60138551	6.588718583718e-18	1.119357212739e-18
8571.25844661	6.372401480824e-18	1.168423045521e-18
8574.91555939	4.343382693335e-18	1.135717615482e-18
8578.57272351	5.042816465662e-18	1.116308823811e-18
8582.22993862	7.492853686171e-18	1.222870694098e-18
8585.88720440	4.915484945313e-18	1.243280299010e-18
8589.54452049	2.991853590230e-18	1.286660331330e-18
8593.20188656	4.727628153728e-18	1.371947773332e-18
8596.85930227	4.908866851053e-18	1.316780343415e-18
8600.51676726	7.443071175894e-18	1.331591968392e-18
8604.17428121	2.599576958120e-18	1.140503706561e-18
8607.83184377	6.135827449916e-18	1.256568156048e-18
8611.48945459	1.108887187146e-17	1.494284328126e-18
8615.14711333	6.364188242462e-18	1.733051356071e-18
8618.80481965	4.263996697891e-18	2.041129289183e-18
8622.46257321	2.877639242611e-18	2.309481397755e-18
8626.12037365	4.578359779386e-18	2.523765214112e-18
8629.77822063	4.538541368953e-18	2.623702240775e-18
8633.43611382	8.917227423251e-18	2.536219121670e-18
8637.09405285	2.702592391687e-18	2.205092277260e-18
8640.75203739	4.786048469189e-18	1.941642077635e-18
8644.41006708	2.665332974125e-18	1.929732940003e-18
8648.06814159	9.240595027716e-18	2.219886207490e-18
8651.72626056	9.846115604444e-18	2.549750499544e-18
8655.38442365	1.293478393619e-19	2.601607450841e-18
8659.04263050	-2.972573080542e-20	2.586233545747e-18
8662.70088077	3.302901983437e-18	2.518950642521e-18
8666.35917410	8.412889269544e-18	2.415529578832e-18
8670.01751016	8.785348655727e-18	2.250605201225e-18
8673.67588858	3.405255461516e-18	2.007111156355e-18
8677.33430901	5.710766574437e-18	1.819186106807e-18
8680.99277112	2.976309382331e-18	1.639329579454e-18
8684.65127453	4.883804174067e-18	1.505290635802e-18
8688.30981891	6.347957023383e-18	1.402248509911e-18
8691.96840389	5.196951485820e-18	1.316069770764e-18
8695.62702913	5.513632585795e-18	1.310308578428e-18
8699.28569428	4.576465091950e-18	1.288164627803e-18
8702.94439897	3.948787979639e-18	1.309021685541e-18
8706.60314285	5.969024334934e-18	1.313352263080e-18
8710.26192557	8.108914666076e-18	1.290084679285e-18
8713.92074677	7.219870039203e-18	1.195006875120e-18
8717.57960610	6.024378019509e-18	1.154985876101e-18
8721.23850320	4.523839018341e-18	1.141818273308e-18
8724.89743772	4.805043545293e-18	1.139743629913e-18
8728.55640928	5.082168694285e-18	1.152597740561e-18
8732.21541755	6.395440988653e-18	1.182750774512e-18
8735.87446216	6.136962222987e-18	1.192560854837e-18
8739.53354274	5.021583015301e-18	1.218596750709e-18
8743.19265895	6.825698392737e-18	1.229591619101e-18
8746.85181042	5.545685645730e-18	1.254300223257e-18
8750.51099679	5.278567886470e-18	1.373965909109e-18
8754.17021770	4.227564751926e-18	2.052008171247e-18
8757.82947278	-2.364737574851e-18	2.841606565818e-18
8761.48876168	9.211044192775e-18	3.489965254416e-18
8765.14808404	7.309245079622e-18	3.748818627924e-18
8768.80743949	8.390465667240e-18	3.356563872459e-18
8772.46682766	1.619343805280e-17	3.586509205655e-18
8776.12624820	8.385485717618e-18	3.402466474974e-18
8779.78570074	1.724346241456e-18	3.175335724755e-18
8783.44518491	4.886752791508e-18	2.442143538538e-18
8787.10470035	8.342697080289e-18	2.030064837514e-18
8790.76424669	5.634469188525e-18	1.999286608532e-18
8794.42382356	7.937439247744e-18	1.915239400333e-18
8798.08343060	1.827364779300e-18	1.302750740290e-18
8801.74306745	4.426955359417e-18	1.165771957958e-18
8805.40273372	4.299084016125e-18	1.253159741795e-18
8809.06242906	6.399654707413e-18	1.316332349768e-18
8812.72215309	3.857387774771e-18	1.320816283933e-18
8816.38190544	4.676968717159e-18	1.580318145844e-18
8820.04168575	-2.844926849868e-18	2.778594251157e-18
8823.70149364	6.724633120533e-18	4.496757195058e-18
8827.36132873	-1.532152206925e-18	4.623485414392e-18
8831.02119067	-2.660195103838e-18	4.483198954533e-18
8834.68107907	7.313501596860e-18	3.305555594246e-18
8838.34099356	3.030105902017e-18	2.835653651422e-18
8842.00093377	8.847537267195e-18	2.253760797020e-18
8845.66089933	2.465591076588e-18	1.810824344605e-18
8849.32088985	8.231577055012e-18	1.931637014833e-18
8852.98090497	6.576848745607e-18	1.792065540762e-18
8856.64094430	5.587070759668e-18	1.486872248104e-18
8860.30100747	6.593078611367e-18	1.773723509807e-18
8863.96109410	5.575133319970e-18	2.440043730574e-18
8867.62120381	4.601891501247e-18	2.429671311479e-18
8871.28133624	5.024582701331e-18	2.199365922275e-18
8874.94149098	5.888004947862e-18	1.611380963211e-18
8878.60166768	4.512552803340e-18	2.305328966171e-18
8882.26186594	5.748508156121e-18	3.748368718404e-18
8885.92208538	5.994140059202e-18	3.889102119273e-18
8889.58232563	3.293066723651e-18	3.483104543505e-18
8893.24258630	4.463562685815e-18	1.971576205254e-18
8896.90286701	1.485769965615e-18	2.009264960780e-18
8900.56316737	1.327330210567e-19	2.592447038691e-18
8904.22348700	5.242501553192e-18	2.643057104115e-18
8907.88382552	3.074829838460e-18	2.331294433073e-18
8911.54418254	7.646429563806e-18	2.198806492580e-18
8915.20455767	9.133181455566e-18	3.784719888150e-18
8918.86495053	-2.637832093920e-18	4.090939329593e-18
8922.52536074	4.142449448050e-18	3.879383678064e-18
8926.18578789	5.980755077385e-18	2.433805973798e-18
8929.84623161	1.941860401949e-18	1.414715071048e-18
8933.50669151	5.074344365138e-18	1.470222777751e-18
8937.16716719	7.636848946821e-18	1.962094946138e-18
8940.82765826	3.256570906945e-18	2.426357324487e-18
8944.48816434	4.899093749095e-18	2.422476067094e-18
8948.14868504	1.240744445640e-17	2.311948796420e-18
8951.80921995	6.797094425302e-18	2.606570351997e-18
8955.46976869	-1.772698037977e-18	3.461944409159e-18
8959.13033086	5.186239413199e-18	3.457967147225e-18
8962.79090607	6.224807504696e-18	2.862500207907e-18
8966.45149393	3.402221244171e-18	1.434143584722e-18
8970.11209403	2.957292137262e-18	1.265916566234e-18
8973.77270599	5.006703474666e-18	1.319869720422e-18
8977.43332940	5.630799126393e-18	1.394759630412e-18
8981.09396386	5.770421545537e-18	1.604761723772e-18
8984.75460899	6.431321950461e-18	2.050291759189e-18
8988.41526438	-3.815735497249e-19	2.047554346233e-18
8992.07592962	6.456288137814e-18	2.079296223949e-18
8995.73660433	4.550176303187e-18	2.351516611176e-18
8999.39728809	3.886957698701e-18	2.714301161503e-18
9003.05798051	4.843595274388e-18	2.626343405624e-18
9006.71868119	3.824220469648e-18	2.051649723276e-18
9010.37938971	4.061773593085e-18	1.177989225705e-18
9014.04010569	1.972091663833e-18	1.077908318533e-18
9017.70082870	4.825468798957e-18	1.171771735887e-18
9021.36155835	-1.330651528871e-18	1.088859317420e-18
9025.02229424	2.217597968295e-18	1.196917480143e-18
9028.68303595	3.068082627941e-18	1.246628470921e-18
9032.34378307	6.888986023586e-18	1.571054865429e-18
9036.00453520	2.687500133795e-18	1.682552454413e-18
9039.66529194	4.647546771458e-18	1.776550024532e-18
9043.32605286	8.081426539653e-18	1.948872281013e-18
9046.98681756	3.523286916135e-18	2.108901521883e-18
9050.64758564	-9.155063889655e-19	2.038030911958e-18
9054.30835667	6.318133548897e-18	1.848785532560e-18
9057.96913024	6.034904335833e-18	1.323502012300e-18
9061.62990595	1.743388581576e-18	1.245164719754e-18
9065.29068337	-1.219883328759e-18	1.188394135367e-18
9068.95146209	3.775543831313e-18	1.282102335130e-18
9072.61224171	2.569189419658e-18	1.192843885267e-18
9076.27302179	2.433210001206e-18	1.153643770970e-18
9079.93380193	2.444561205047e-19	1.094422120692e-18
9083.59458170	5.623844490953e-18	1.222726926146e-18
9087.25536070	9.061138573850e-18	1.459154412402e-18
9090.91613849	1.639516101767e-18	1.435961396059e-18
9094.57691466	3.251894617986e-18	1.535134294168e-18
9098.23768878	2.911078167436e-18	1.666721923064e-18
9101.89846045	3.556085497411e-18	1.669285241076e-18
9105.55922922	4.656840787129e-18	1.602638606582e-18
9109.21999469	2.121091084777e-18	1.276442671570e-18
9112.88075643	2.554950349215e-18	1.118506845182e-18
9116.54151401	5.770345963477e-18	1.187884123094e-18
9120.20226700	5.583719532487e-18	1.166172369873e-18
9123.86301499	1.720681369108e-18	1.078497937596e-18
9127.52375754	2.977376657746e-18	1.100662155901e-18
9131.18449423	3.551120418488e-18	1.127735191188e-18
9134.84522463	3.440738667477e-18	1.164645235734e-18
9138.50594830	5.295526625706e-18	1.219346832568e-18
9142.16666482	1.357438918811e-18	1.164161868065e-18
9145.82737376	2.723622109077e-18	1.282434462738e-18
9149.48807469	1.178264313351e-18	1.398211541255e-18
9153.14876717	3.849880852223e-18	1.555209550148e-18
9156.80945077	2.220296906908e-18	1.642479435564e-18
9160.47012506	3.411385941687e-18	1.578546998660e-18
9164.13078959	7.546680555531e-18	1.534548057691e-18
9167.79144395	4.320501341542e-18	1.282634989974e-18
9171.45208768	6.719707149087e-19	1.128946383933e-18
9175.11272035	2.008795942844e-18	1.151700519343e-18
9178.77334153	4.542674972387e-18	1.237258273862e-18
9182.43395077	5.220049392283e-18	1.232594230382e-18
9186.09454763	5.035283801063e-18	1.225320222464e-18
9189.75513168	2.051118849061e-18	1.145163502601e-18
9193.41570247	2.442041638996e-18	1.156177134187e-18
9197.07625956	6.406419080969e-18	1.242226735972e-18
9200.73680251	5.585716443065e-18	1.248005555405e-18
9204.39733087	1.926196565649e-18	1.230824800333e-18
9208.05784420	1.410894997425e-18	1.221099682319e-18
9211.71834205	1.517553591256e-18	1.379385479005e-18
9215.37882397	8.103961649801e-18	1.586696601740e-18
9219.03928953	3.352932129026e-18	1.585477103115e-18
9222.69973826	3.040890840442e-18	1.587791810178e-18
9226.36016972	9.735535574437e-19	1.507722425356e-18
9230.02058347	4.084671316057e-18	1.437801312420e-18
9233.68097904	6.841031256749e-18	1.328051614611e-18
9237.34135600	1.576484221564e-19	1.173459876358e-18
9241.00171388	5.187314085115e-18	1.331271809124e-18
9244.66205223	5.490044610398e-18	1.372348645292e-18
9248.32237059	5.633334587864e-18	1.453480974725e-18
9251.98266853	5.907405657633e-18	1.476011987422e-18
9255.64294556	3.952949582495e-18	1.399820107556e-18
9259.30320125	3.762758868015e-18	1.389085224818e-18
9262.96343513	5.150942497952e-18	1.390993384137e-18
9266.62364674	4.642502252210e-18	1.378686063076e-18
9270.28383563	2.624048198256e-18	1.297318326247e-18
9273.94400133	4.176077437256e-18	1.289516306827e-18
9277.60414338	2.879712046188e-18	1.256637182330e-18
9281.26426132	6.077025087729e-18	1.445217994432e-18
9284.92435468	7.854830036421e-18	1.591397036200e-18
9288.58442301	8.167747653032e-18	1.713129732975e-18
9292.24446583	2.029444453923e-18	1.664046124172e-18
9295.90448269	8.718022532773e-18	1.960188556078e-18
9299.56447311	1.098396599124e-17	2.630360014713e-18
9303.22443662	8.668313154669e-18	3.898418938093e-18
9306.88437277	1.584305037460e-17	4.952777229371e-18
9310.54428107	-4.814851563138e-18	5.607810326970e-18
9314.20416106	-1.184239790567e-18	5.173473093281e-18
9317.86401227	2.954224218494e-18	4.903055093038e-18
9321.52383421	1.857316937715e-17	4.474638664448e-18
9325.18362644	-2.361091962615e-18	4.068879946966e-18
9328.84338845	3.581312290570e-18	3.331954177272e-18
9332.50311979	6.002689868720e-18	2.481541004667e-18
9336.16281997	4.812080726943e-18	2.532572854576e-18
9339.82248853	1.058589602103e-18	2.399146758239e-18
9343.48212497	-3.598422315934e-18	2.158729965975e-18
9347.14172882	5.426446192730e-18	1.933426152074e-18
9350.80129961	4.222813441401e-18	1.904655675502e-18
9354.46083684	1.056022793838e-19	1.767125909535e-18
9358.12034005	3.896124376550e-18	1.734858936282e-18
9361.77980874	7.445686507262e-18	2.010425416038e-18
9365.43924243	7.662788147887e-18	2.768751184503e-18
9369.09864064	6.985566810777e-18	4.607380535053e-18
9372.75800288	5.626366497890e-18	6.709916089764e-18
9376.41732867	-1.661906436364e-17	6.766244787212e-18
9380.07661752	5.829900671945e-18	5.881834992137e-18
9383.73586893	-9.470688828100e-19	3.066798094435e-18
9387.39508243	6.967688585993e-18	2.212674380076e-18
9391.05425751	5.552738863495e-18	1.983699289288e-18
9394.71339370	6.823488923420e-18	2.271921033057e-18
9398.37249049	5.271321226408e-18	2.829339417035e-18
9402.03154739	1.805088548816e-18	2.838510186850e-18
9405.69056391	-3.875185457109e-19	2.602053743563e-18
9409.34953955	3.765174074160e-18	2.159638080805e-18
9413.00847382	7.515763458524e-18	2.709932584792e-18
9416.66736621	5.309661479408e-18	3.685138598758e-18
9420.32621624	1.170588217872e-18	3.769269945458e-18
9423.98502340	-1.990193448842e-18	3.324970395340e-18
9427.64378718	6.054636728812e-18	2.498559927115e-18
9431.30250710	8.086668073271e-19	3.014181717182e-18
9434.96118264	1.460679936937e-17	5.189419212240e-18
9438.61981331	4.640781448808e-18	5.781042958335e-18
9442.27839859	8.981285276035e-18	5.526315746450e-18
9445.93693799	-4.843547996390e-18	3.847264888101e-18
9449.59543100	2.195522608284e-18	2.809303415996e-18
9453.25387710	7.489465981182e-18	3.805569963774e-18
9456.91227579	1.072080043297e-17	4.328456532833e-18
9460.57062657	-3.712294250231e-18	4.126897917260e-18
9464.22892891	6.287902344187e-18	3.299015072660e-18
9467.88718231	-2.417190986859e-19	2.871378583685e-18
9471.54538626	-3.307023802211e-19	4.602626675831e-18
9475.20354025	2.190028861749e-17	5.641732516896e-18
9478.86164374	1.015795454385e-17	5.471162916359e-18
9482.51969624	2.445208883454e-18	4.037062402552e-18
9486.17769723	1.949143754219e-18	2.346753340090e-18
9489.83564618	-2.903691061662e-19	2.189517562649e-18
9493.49354258	7.711783704796e-18	2.498711129635e-18
9497.15138591	1.125087767188e-18	3.404114847369e-18
9500.80917564	2.215548894491e-17	4.236321496642e-18
9504.46691126	-3.415101652156e-18	3.945573107115e-18
9508.12459224	5.621222843228e-18	3.304159836702e-18
9511.78221806	4.605815982461e-18	2.704599150276e-18
9515.43978819	7.958641013190e-18	3.664015397545e-18
9519.09730210	1.434966883804e-17	3.828052579140e-18
9522.75475927	6.784114562399e-18	3.560559182333e-18
9526.41215917	6.301387830257e-18	2.556825663478e-18
9530.06950127	-1.824393143972e-18	2.245430003052e-18
9533.72678504	4.384128382142e-18	2.411679472710e-18
9537.38400995	8.306271511744e-18	2.415364496925e-18
9541.04117546	8.123481601426e-18	2.354145675415e-18
9544.69828104	5.899085642218e-18	2.544346695630e-18
9548.35532615	-3.304612570949e-18	3.465797824182e-18
9552.01231026	2.103892401900e-18	3.682904580048e-18
9555.66923284	7.689560155667e-18	3.724986887028e-18
9559.32609333	1.275402229390e-18	3.465432925107e-18
9562.98289121	-7.212530772840e-18	4.632545702567e-18
9566.63962594	2.109389135260e-18	4.951241530517e-18
9570.29629696	2.693338292557e-17	4.881146465478e-18
9573.95290374	3.619048877987e-19	3.091604558596e-18
9577.60944573	5.784706965204e-18	2.180097538582e-18
9581.26592240	8.332164710240e-18	2.113962416324e-18
9584.92233319	1.192072141368e-17	2.101265390317e-18
9588.57867755	3.667653144848e-18	1.934076441595e-18
9592.23495494	5.256319427293e-18	2.043664530007e-18
9595.89116480	2.483214249183e-19	1.963063246290e-18
9599.54730660	-2.067302406454e-18	2.208180960716e-18
9603.20337976	4.143614400500e-18	2.867349562325e-18
9606.85938375	2.930744484260e-18	3.012641313908e-18
9610.51531801	-1.054459251950e-18	2.986666250568e-18
9614.17118198	3.682219958425e-18	2.929730181482e-18
9617.82697510	4.431708593329e-18	3.295323090843e-18
9621.48269683	1.584827842623e-18	3.337297590221e-18
9625.13834659	2.009606255510e-18	3.090583529148e-18
9628.79392383	1.321385902377e-18	2.410993817750e-18
9632.44942799	4.710447343892e-18	2.265144891691e-18
9636.10485851	-4.730780331908e-19	2.054464202226e-18
9639.76021482	3.993347849250e-19	1.966612066763e-18
9643.41549636	1.746923230738e-18	2.014548549402e-18
9647.07070256	7.876906219461e-18	2.285431745525e-18
9650.72583286	1.581879337097e-18	2.274294075832e-18
9654.38088668	-1.500650770398e-18	2.459465858477e-18
9658.03586346	7.211913407095e-18	2.703702019945e-18
9661.69076264	4.181102327179e-18	2.919812181765e-18
9665.34558362	6.089767475436e-18	3.429806922020e-18
9669.00032585	4.074533471191e-20	3.510590922715e-18
9672.65498876	2.871917255097e-18	3.623384464833e-18
9676.30957175	-1.624399467521e-18	3.961705436492e-18
9679.96407427	6.527351262855e-18	4.332083721885e-18
9683.61849572	5.390264389617e-18	4.221802138373e-18
9687.27283554	-3.835419259766e-19	3.668501530357e-18
9690.92709314	8.843490883189e-18	3.583510649143e-18
9694.58126794	1.172124347892e-17	4.448321104576e-18
9698.23535935	9.415363176819e-18	4.510263767017e-18
9701.88936681	1.223053154586e-17	4.390534286152e-18
9705.54328971	1.797747269713e-18	3.610568067711e-18
9709.19712748	1.125517575779e-17	3.714090137142e-18
9712.85087953	1.359731362292e-17	4.309881153790e-18
9716.50454526	3.992907611072e-18	5.029467663807e-18
