3612.26970427	1.331694314888e-12	4.145754340750e-13
3615.21079575	4.571940289076e-13	3.285617434426e-13
3618.15336744	-3.289735468615e-14	2.851805572650e-13
3621.09741679	-1.068938002629e-13	2.403654305674e-13
3624.04294125	3.967597548181e-13	2.099215950126e-13
3626.98993826	-1.500054598493e-13	1.797624359960e-13
3629.93840529	-6.873369282219e-13	1.658026362966e-13
3632.88833978	-2.255974375497e-13	1.350310575127e-13
3635.83973921	1.553701035723e-13	1.128991116859e-13
3638.79260104	5.601762379863e-13	1.149320618808e-13
3641.74692273	-1.847829373063e-13	8.922272259665e-14
3644.70270176	1.638092394802e-13	8.024501457043e-14
3647.65993560	-2.155807056181e-13	6.974178440778e-14
3650.61862174	-5.463803656609e-14	6.299449174869e-14
3653.57875765	1.044981216152e-14	5.503963136984e-14
3656.54034082	-1.325963081160e-13	5.039606454834e-14
3659.50336874	1.068526782773e-13	4.537741090472e-14
3662.46783890	1.339480697626e-13	4.277890750141e-14
3665.43374879	2.019674500935e-13	3.912349720440e-14
3668.40109592	3.295148865990e-14	3.332490663809e-14
3671.36987779	1.172200155168e-14	3.026262050387e-14
3674.34009190	9.489976120633e-14	2.957306709311e-14
3677.31173576	1.488609838982e-14	2.448518153789e-14
3680.28480689	5.119846232759e-14	2.340936960227e-14
3683.25930279	-6.134286823714e-14	2.251673296902e-14
3686.23522100	-2.861099449307e-15	1.968099365330e-14
3689.21255902	-1.645086915916e-14	1.806804488881e-14
3692.19131440	-5.305626783604e-14	1.723548428942e-14
3695.17148465	1.348045124761e-14	1.545554919065e-14
3698.15306731	3.085614598729e-14	1.484718430990e-14
3701.13605991	-7.203924111410e-15	1.307488939591e-14
3704.12046000	1.562056338665e-14	1.229525272901e-14
3707.10626511	-3.311184119398e-14	1.156874102822e-14
3710.09347280	7.855324884242e-15	1.007136065174e-14
3713.08208060	-4.872335539589e-15	9.449789730568e-15
3716.07208608	1.593763103803e-14	8.472417909869e-15
3719.06348679	1.030951751932e-14	7.503883604655e-15
3722.05628029	-1.227140571533e-14	6.507228502430e-15
3725.05046414	-2.201757706009e-14	6.015112118645e-15
3728.04603591	-5.099960218025e-16	5.022853305647e-15
3731.04299316	-3.552531496479e-15	4.572883226678e-15
3734.04133347	-2.075470666291e-14	4.505521992035e-15
3737.04105442	5.023245899248e-15	3.740707666277e-15
3740.04215357	7.512995381252e-15	3.332746249083e-15
3743.04462853	3.792174819802e-15	2.758459187806e-15
3746.04847686	9.003111894858e-15	2.920031127424e-15
3749.05369616	1.346877511612e-14	9.075926627191e-15
3752.06028403	1.110535806087e-15	3.629533378884e-15
3755.06823805	9.331086931362e-16	1.664315636978e-15
3758.07755583	-3.608831272893e-15	1.457756815927e-15
3761.08823496	-1.985115816028e-15	1.263875369167e-15
3764.10027306	1.350089935688e-15	1.065769195372e-15
3767.11366773	-1.181798005276e-15	9.266257055528e-16
3770.12841659	5.961191908042e-16	1.610460019297e-15
3773.14451724	-1.628318750214e-15	1.207676903930e-15
3776.16196732	4.538143874904e-16	6.931830472643e-16
3779.18076443	-2.049507523444e-15	5.780767523972e-16
3782.20090621	-4.419359811099e-16	5.130623016735e-16
3785.22239027	-2.902466431609e-15	5.072478418248e-16
3788.24521427	-1.851637027464e-16	3.643591968433e-16
3791.26937582	1.126940586429e-16	3.258603386993e-16
3794.29487257	1.390036488713e-15	3.136029239131e-16
3797.32170216	3.136529941016e-16	2.587214903130e-16
3800.34986223	1.637461550971e-16	2.300298454141e-16
3803.37935044	4.780248828155e-16	2.034334381224e-16
3806.41016442	-3.908442689685e-16	1.766074293279e-16
3809.44230184	7.950096836535e-17	1.546600208939e-16
3812.47576036	3.183874167296e-16	1.463122216769e-16
3815.51053763	2.095460593951e-16	1.272491482430e-16
3818.54663132	-7.465580361918e-17	1.153144083803e-16
3821.58403909	2.321874865767e-16	1.049391206291e-16
3824.62275862	6.111369691993e-16	1.057113059685e-16
3827.66278758	-2.238435410667e-17	8.707099011210e-17
3830.70412365	-2.701703639450e-16	8.158595898185e-17
3833.74676451	-1.346138592968e-16	7.378260093212e-17
3836.79070784	2.568394633919e-16	7.102446911711e-17
3839.83595133	1.304297473628e-16	6.086723517264e-17
3842.88249266	-2.874067802508e-16	6.031481410577e-17
3845.93032953	-7.626957942057e-17	5.341128948367e-17
3848.97945965	3.601263374186e-17	4.759436500667e-17
3852.02988069	9.152925768592e-17	4.437403143028e-17
3855.08159038	-9.668002806379e-17	4.182463046237e-17
3858.13458641	-9.636877764695e-17	3.889275141532e-17
3861.18886650	-4.867205752283e-17	3.608299867304e-17
3864.24442835	1.041436738108e-16	3.390597484508e-17
3867.30126969	-5.108025685299e-17	3.123385189441e-17
3870.35938823	-2.209870386243e-17	2.910288632661e-17
3873.41878169	5.070189400962e-17	2.622782470250e-17
3876.47944780	-1.348470689460e-17	2.554472868469e-17
3879.54138428	7.013335730785e-17	2.577490683131e-17
3882.60458887	3.913905465635e-17	2.275485444870e-17
3885.66905931	7.311248452002e-17	2.310928752396e-17
3888.73479333	5.578102921897e-17	2.133689211197e-17
3891.80178866	8.417427143842e-18	1.899950930316e-17
3894.87004307	-5.665176203340e-18	1.871043039334e-17
3897.93955428	7.335486411987e-17	1.876595267763e-17
3901.01032006	8.509151605290e-17	1.896873645269e-17
3904.08233816	5.082394995677e-17	1.818683626253e-17
3907.15560633	7.579710161449e-18	1.698650574677e-17
3910.23012234	-3.137378450519e-18	1.619763156765e-17
3913.30588394	3.780812482930e-17	1.588327876088e-17
3916.38288891	4.945441340061e-17	1.519148692497e-17
3919.46113501	2.236817838525e-17	1.388332749568e-17
3922.54062002	-2.300865527321e-17	1.299982538783e-17
3925.62134171	2.636150521547e-17	1.241806614240e-17
3928.70329786	3.839181354703e-17	1.209636246889e-17
3931.78648625	1.534712809933e-17	1.128002389875e-17
3934.87090467	2.831659853457e-17	1.143483970300e-17
3937.95655091	2.227621561688e-17	1.110646887617e-17
3941.04342276	-2.595836679203e-17	1.119048057711e-17
3944.13151801	2.029181452920e-17	1.091349545070e-17
3947.22083446	1.378874921162e-17	1.049622339520e-17
3950.31136991	6.408427522600e-17	1.089011089006e-17
3953.40312217	4.246895054377e-17	1.017297237889e-17
3956.49608904	3.785108987101e-17	9.717183250033e-18
3959.59026833	2.405136687224e-17	8.925765895834e-18
3962.68565786	8.493306122289e-18	8.373358520293e-18
3965.78225544	2.813238906643e-17	8.548347225602e-18
3968.88005890	3.846739347808e-17	8.645038825360e-18
3971.97906605	1.630492313644e-17	8.095028447369e-18
3975.07927473	1.106341010732e-17	7.901286601835e-18
3978.18068275	3.679981084939e-19	7.722442810389e-18
3981.28328795	5.138997571846e-18	7.438829406708e-18
3984.38708818	1.460399198085e-17	7.509274266410e-18
3987.49208126	-1.079407971090e-17	7.428841137351e-18
3990.59826503	-4.041253295047e-18	7.159331762933e-18
3993.70563735	3.635963479621e-17	7.563629144975e-18
3996.81419606	-1.144144322628e-17	6.889522708089e-18
3999.92393901	5.578206514809e-18	9.604963725023e-18
4003.03486405	-1.373505674870e-17	7.136493908054e-18
4006.14696904	2.647989056863e-17	7.267617524995e-18
4009.26025185	3.120357826068e-17	7.545456714895e-18
4012.37471032	1.896309264648e-17	7.150748052015e-18
4015.49034234	1.645817054511e-17	6.953171875853e-18
4018.60714576	1.753150126185e-17	6.478594662287e-18
4021.72511846	1.644426052308e-17	6.354788404254e-18
4024.84425832	1.662247330830e-17	6.103878098925e-18
4027.96456322	2.442309996645e-17	6.149849419214e-18
4031.08603103	2.005264301274e-17	5.920391471892e-18
4034.20865964	3.168965372519e-17	6.239647999072e-18
4037.33244694	3.396362000196e-17	6.248776441001e-18
4040.45739081	2.063399631929e-17	6.046410317555e-18
4043.58348916	3.283899507131e-17	6.264396292442e-18
4046.71073988	1.402703227042e-17	5.989991226360e-18
4049.83914086	6.849656942309e-18	5.659364758063e-18
4052.96869001	1.353840235062e-17	5.540857995180e-18
4056.09938524	2.389337843992e-17	5.680454063361e-18
4059.23122446	1.631345376576e-18	5.403556614560e-18
4062.36420557	9.927337588725e-18	5.476236888704e-18
4065.49832650	2.788566016511e-17	5.870638351456e-18
4068.63358515	2.837796362402e-17	5.705013041094e-18
4071.76997946	2.228525306566e-17	5.463421072418e-18
4074.90750734	1.164724580551e-17	5.099966435457e-18
4078.04616672	2.405212586537e-17	5.327122176651e-18
4081.18595554	3.695232595216e-17	5.686823088800e-18
4084.32687172	2.059092788565e-17	5.077976200709e-18
4087.46891320	3.533350391264e-17	5.379978377010e-18
4090.61207792	1.566358958668e-17	4.809299733572e-18
4093.75636382	1.786375472979e-17	4.944320507110e-18
4096.90176885	1.280588086006e-17	4.795623480073e-18
4100.04829096	3.052276682470e-17	5.193098121837e-18
4103.19592809	1.489270231151e-17	4.433080673522e-18
4106.34467820	4.719254616221e-18	4.436224142520e-18
4109.49453925	3.206871125185e-17	4.867858896140e-18
4112.64550920	1.681445520043e-17	4.499210582542e-18
4115.79758601	9.429771430413e-18	4.269379034473e-18
4118.95076764	1.445886737035e-17	4.421770113668e-18
4122.10505207	1.990797634719e-17	4.479025660241e-18
4125.26043727	1.882844214190e-17	4.484654377502e-18
4128.41692121	2.953862996896e-17	4.744598953456e-18
4131.57450187	2.791315861130e-17	4.580582235973e-18
4134.73317724	3.637627208555e-17	4.869411437680e-18
4137.89294529	1.786188351992e-17	4.321579605716e-18
4141.05380401	1.567346773363e-17	4.196818390867e-18
4144.21575139	3.061488032771e-17	4.456474825563e-18
4147.37878543	2.096754979092e-17	4.238291293963e-18
4150.54290412	1.652294139893e-17	4.042783305573e-18
4153.70810546	2.567977566880e-17	4.323116068545e-18
4156.87438745	3.172911967816e-17	4.688719820637e-18
4160.04174810	2.229570395451e-17	4.332867615824e-18
4163.21018541	9.619235052261e-18	4.224359775965e-18
4166.37969740	1.813916675398e-17	4.388148750322e-18
4169.55028208	2.075622269513e-17	4.386854450491e-18
4172.72193746	2.347008158859e-17	4.366660772688e-18
4175.89466156	1.025084235225e-17	3.994938567546e-18
4179.06845241	2.248599831606e-17	4.141014669713e-18
4182.24330803	1.570302456553e-17	3.913911561746e-18
4185.41922645	1.189653905277e-17	3.785623492474e-18
4188.59620571	1.839276118314e-17	3.864122457082e-18
4191.77424382	1.498899872623e-17	3.708475061506e-18
4194.95333884	1.788333876956e-17	3.740985050306e-18
4198.13348881	1.052306531507e-17	3.542230171085e-18
4201.31469175	1.611828412695e-17	3.777557062791e-18
4204.49694573	1.661807291375e-17	3.651936330786e-18
4207.68024879	2.307592423528e-17	3.820176267831e-18
4210.86459898	1.044887452360e-17	3.434886163114e-18
4214.04999435	1.744127341883e-17	3.548513219700e-18
4217.23643297	1.098135410853e-17	3.339143949635e-18
4220.42391289	1.626273572880e-17	3.465167564648e-18
4223.61243218	2.573855694168e-17	3.683449681325e-18
4226.80198891	2.735632539218e-17	3.757145929963e-18
4229.99258113	2.675458032713e-17	3.675969004981e-18
4233.18420693	2.802545371098e-17	3.697270486225e-18
4236.37686437	7.809675246987e-18	3.194512528369e-18
4239.57055155	1.436065796755e-17	3.318072321133e-18
4242.76526653	2.373957714727e-17	3.577887321587e-18
4245.96100740	2.099868479178e-17	3.511233238774e-18
4249.15777225	1.825011676811e-17	3.524480423653e-18
4252.35555917	2.707425883362e-17	3.750461239867e-18
4255.55436624	1.812960178782e-17	3.459294168094e-18
4258.75419157	1.236758042545e-17	3.323690199559e-18
4261.95503325	1.117015133237e-17	3.307690175024e-18
4265.15688938	1.907332030244e-17	3.378955922857e-18
4268.35975807	3.194158381643e-17	3.741608893871e-18
4271.56363742	2.489373967998e-17	3.488276976467e-18
4274.76852554	1.868437950596e-17	3.314013004504e-18
4277.97442055	2.354716994221e-17	3.417711087427e-18
4281.18132056	2.123875366968e-17	3.319406697360e-18
4284.38922368	1.474508383604e-17	3.080781669690e-18
4287.59812805	1.859961484581e-17	3.147590087074e-18
4290.80803177	2.324097543658e-17	3.320344909177e-18
4294.01893298	2.560595102131e-17	3.387499765315e-18
4297.23082981	2.393022777734e-17	3.295998096528e-18
4300.44372040	1.745796486603e-17	3.106819261212e-18
4303.65760286	2.617497791831e-17	3.293515654428e-18
4306.87247535	2.616003745183e-17	3.248345035111e-18
4310.08833600	2.158557729171e-17	3.206614508971e-18
4313.30518296	1.606686168763e-17	3.123501232522e-18
4316.52301437	1.683013637172e-17	3.176639394607e-18
4319.74182839	2.349665709413e-17	3.288803322290e-18
4322.96162316	2.242260412126e-17	3.272466480667e-18
4326.18239684	2.170028728846e-17	3.077042986621e-18
4329.40414759	2.858298674088e-17	3.291417221437e-18
4332.62687356	2.135651420136e-17	3.094105777285e-18
4335.85057293	3.167214210937e-17	3.373290716803e-18
4339.07524385	2.728025881433e-17	3.284351936094e-18
4342.30088450	2.981019137805e-17	3.344947493054e-18
4345.52749305	2.907720370973e-17	3.301743654322e-18
4348.75506767	2.792096793332e-17	3.253426669416e-18
4351.98360653	1.804831733128e-17	2.976530691886e-18
4355.21310783	1.733019892907e-17	2.977312121740e-18
4358.44356974	1.598160379402e-17	3.031420222409e-18
4361.67499045	2.281554713153e-17	3.116594510363e-18
4364.90736815	3.216909666690e-17	3.379930649599e-18
4368.14070103	1.740516616183e-17	2.969074696061e-18
4371.37498727	2.682730439039e-17	3.180671139026e-18
4374.61022509	2.408231958561e-17	3.134567793096e-18
4377.84641268	2.580379939279e-17	3.211011405247e-18
4381.08354823	1.791655137936e-17	2.897609029255e-18
4384.32162997	2.664075999007e-17	3.178864183165e-18
4387.56065608	3.073375039198e-17	3.272813362637e-18
4390.80062480	2.842363660495e-17	3.192685161786e-18
4394.04153432	2.191606902943e-17	3.014419395879e-18
4397.28338287	3.860087745580e-17	3.533526126558e-18
4400.52616866	2.772783320079e-17	3.219262469869e-18
4403.76988991	3.683221075434e-17	3.616860832844e-18
4407.01454486	3.329943543556e-17	3.514936707049e-18
4410.26013173	2.770395189350e-17	3.421047153381e-18
4413.50664874	2.795929951089e-17	3.395004870278e-18
4416.75409413	2.729600852831e-17	3.329429180958e-18
4420.00246614	1.847136443729e-17	3.127866016928e-18
4423.25176301	3.885094108837e-17	3.664776812573e-18
4426.50198297	2.397309230868e-17	3.224934497210e-18
4429.75312427	2.140599487156e-17	3.099604892929e-18
4433.00518515	3.369373316671e-17	3.412406663118e-18
4436.25816387	3.402419191987e-17	3.388731304058e-18
4439.51205868	4.119978984268e-17	3.587995734057e-18
4442.76686783	4.099627459516e-17	3.602956247430e-18
4446.02258958	3.067738523288e-17	3.266481209777e-18
4449.27922219	3.337623906787e-17	3.330284808063e-18
4452.53676392	3.306172201264e-17	3.247299361420e-18
4455.79521304	3.291766666958e-17	3.243792902913e-18
4459.05456781	5.020320458377e-17	3.759723840049e-18
4462.31482651	3.258449389025e-17	3.183226042399e-18
4465.57598742	3.434646867471e-17	3.207735932089e-18
4468.83804880	2.735736343785e-17	3.010537477895e-18
4472.10100894	3.242879159798e-17	3.140247341368e-18
4475.36486611	3.424378651974e-17	3.188800488480e-18
4478.62961861	3.357342375588e-17	3.173409879959e-18
4481.89526472	2.173509106679e-17	2.826398070732e-18
4485.16180273	2.161063207071e-17	2.756562299804e-18
4488.42923094	2.839665558254e-17	2.988388350025e-18
4491.69754763	3.328077004474e-17	3.122607973179e-18
4494.96675111	3.315453005864e-17	3.187838872654e-18
4498.23683968	3.029415720630e-17	3.043337054361e-18
4501.50781163	4.068135595593e-17	3.383040160834e-18
4504.77966529	3.432912301730e-17	3.133270942776e-18
4508.05239895	2.674642654052e-17	2.929331701978e-18
4511.32601092	3.041225234137e-17	2.993492366285e-18
4514.60049953	1.682275309943e-17	2.639814652127e-18
4517.87586309	1.833873359735e-17	2.671433547698e-18
4521.15209991	2.448924358731e-17	2.865833813394e-18
4524.42920832	3.528555137733e-17	3.167816495484e-18
4527.70718665	2.537147142986e-17	2.902058618845e-18
4530.98603322	3.110692533202e-17	3.088088750801e-18
4534.26574635	3.449362370608e-17	3.224441306870e-18
4537.54632440	4.443531067897e-17	3.573298122379e-18
4540.82776568	3.061419350873e-17	3.126676451869e-18
4544.11006855	3.697701566810e-17	3.275288260875e-18
4547.39323133	3.081507791567e-17	3.086495085982e-18
4550.67725237	3.712366521865e-17	3.262686596726e-18
4553.96213002	3.044930517793e-17	3.011473493135e-18
4557.24786263	3.613193649247e-17	3.205613174794e-18
4560.53444854	3.333566390231e-17	3.075350300206e-18
4563.82188612	3.656222322479e-17	3.144161551065e-18
4567.11017371	2.407752957407e-17	2.704908258674e-18
4570.39930968	2.490901735518e-17	2.752794853276e-18
4573.68929240	3.816770619227e-17	3.185272263568e-18
4576.98012021	3.991575114386e-17	3.232288182635e-18
4580.27179150	2.707160056487e-17	2.855138403984e-18
4583.56430462	4.207384021872e-17	3.311425695296e-18
4586.85765796	3.411376927306e-17	3.036372386113e-18
4590.15184989	3.666154186127e-17	3.115958256310e-18
4593.44687878	3.332520127788e-17	2.985796315329e-18
4596.74274301	3.567163051246e-17	3.004057928429e-18
4600.03944098	3.215040428891e-17	2.896224668351e-18
4603.33697105	2.934778008816e-17	2.786039010975e-18
4606.63533163	3.188572572931e-17	2.916156201942e-18
4609.93452110	3.181510151290e-17	2.877417002264e-18
4613.23453785	3.819049086617e-17	3.055350517958e-18
4616.53538028	3.289849669657e-17	2.872283296294e-18
4619.83704679	3.743471611052e-17	3.043285685886e-18
4623.13953578	3.606446953010e-17	2.992363377924e-18
4626.44284566	3.587619556463e-17	2.982701128201e-18
4629.74697482	3.571992234877e-17	2.986301970657e-18
4633.05192168	4.439997720644e-17	3.253519151363e-18
4636.35768464	2.920932460218e-17	2.697942032134e-18
4639.66426213	3.367989199262e-17	2.833408892490e-18
4642.97165256	3.865675645707e-17	3.006677356674e-18
4646.27985435	3.595663271029e-17	2.914925141633e-18
4649.58886591	3.020556505886e-17	2.707393457893e-18
4652.89868568	3.793420066994e-17	2.978574745466e-18
4656.20931207	3.177454378963e-17	2.842698492401e-18
4659.52074353	3.142087519737e-17	2.833767866621e-18
4662.83297847	2.759302644032e-17	2.724244226910e-18
4666.14601534	2.627193085199e-17	2.646168696278e-18
4669.45985258	2.786153181116e-17	2.698278818928e-18
4672.77448861	3.159192324628e-17	2.823309010524e-18
4676.08992188	3.819755822196e-17	3.007320426762e-18
4679.40615085	3.739782581360e-17	2.994370468931e-18
4682.72317394	4.237303649254e-17	3.127232306363e-18
4686.04098962	4.027430843989e-17	3.076961690938e-18
4689.35959634	4.242721908583e-17	3.111281427726e-18
4692.67899254	4.030846968496e-17	3.040570557558e-18
4695.99917670	3.770217434800e-17	2.925742703452e-18
4699.32014726	3.183559313324e-17	2.731489479105e-18
4702.64190269	3.840873188164e-17	2.956242710825e-18
4705.96444145	3.762788722496e-17	2.914534412154e-18
4709.28776202	3.723162217268e-17	2.905919849681e-18
4712.61186285	3.186652734621e-17	2.730219597869e-18
4715.93674243	3.809164650310e-17	2.927274577390e-18
4719.26239923	2.839490971835e-17	2.612712053613e-18
4722.58883172	2.918271999503e-17	2.622396989191e-18
4725.91603839	4.530664462182e-17	3.150002289736e-18
4729.24401771	3.677326737092e-17	2.851492518148e-18
4732.57276818	4.074906396530e-17	2.945524535689e-18
4735.90228828	3.085632309489e-17	2.629467015822e-18
4739.23257649	3.481462093324e-17	2.736042294749e-18
4742.56363132	3.243582738693e-17	2.640675652605e-18
4745.89545125	3.323621071964e-17	2.673059551145e-18
4749.22803479	2.667148242002e-17	2.479299746055e-18
4752.56138043	3.792232956378e-17	2.837500670825e-18
4755.89548667	3.467352301226e-17	2.704024640740e-18
4759.23035203	3.600102914150e-17	2.721168754038e-18
4762.56597500	3.419734337486e-17	2.654512452191e-18
4765.90235410	4.035228719058e-17	2.859701517443e-18
4769.23948784	3.468192456986e-17	2.691323237518e-18
4772.57737473	3.021856720760e-17	2.558816686599e-18
4775.91601330	4.268818476423e-17	2.955753002308e-18
4779.25540205	2.881893692779e-17	2.511719768646e-18
4782.59553952	3.338871868345e-17	2.637817948075e-18
4785.93642422	3.467476706342e-17	2.700352890932e-18
4789.27805469	3.530879168298e-17	2.701573888504e-18
4792.62042945	3.423568136929e-17	2.680532880417e-18
4795.96354704	3.512956722511e-17	2.729734051353e-18
4799.30740599	2.900023910817e-17	2.539222942182e-18
4802.65200483	3.272167180394e-17	2.649399035100e-18
4805.99734211	4.400616457780e-17	2.991471153013e-18
4809.34341636	3.261243285127e-17	2.589469853340e-18
4812.69022614	2.944262640644e-17	2.546098515046e-18
4816.03776998	2.995889887972e-17	2.563326101216e-18
4819.38604644	3.436187135980e-17	2.733744028908e-18
4822.73505407	4.275661065918e-17	3.040324334975e-18
4826.08479142	3.793031489341e-17	2.871111593034e-18
4829.43525704	3.187547755382e-17	2.678358608442e-18
4832.78644951	3.511670925239e-17	2.793143014841e-18
4836.13836737	3.470216060149e-17	2.766202541553e-18
4839.49100919	3.592605816292e-17	2.785149125052e-18
4842.84437355	3.159142315020e-17	2.649658085898e-18
4846.19845899	3.105742617018e-17	2.579850275782e-18
4849.55326410	2.819134731563e-17	2.495275743105e-18
4852.90878746	3.876173755559e-17	2.777416798031e-18
4856.26502762	3.734459431741e-17	2.725486326556e-18
4859.62198318	2.980619604839e-17	2.438968988847e-18
4862.97965271	3.110986916917e-17	2.490419267185e-18
4866.33803480	2.932346009320e-17	2.459755222581e-18
4869.69712803	3.890031185528e-17	2.733554217935e-18
4873.05693099	2.764768885917e-17	2.385008080729e-18
4876.41744227	2.726547734561e-17	2.399409261808e-18
4879.77866046	3.214832305987e-17	2.554391143700e-18
4883.14058415	2.917882925832e-17	2.457194025886e-18
4886.50321195	3.284677115164e-17	2.571926660513e-18
4889.86654245	3.652926897363e-17	2.671346101075e-18
4893.23057426	3.089187736021e-17	2.540539150441e-18
4896.59530597	3.090328961487e-17	2.521696650084e-18
4899.96073620	2.844527715189e-17	2.414223717168e-18
4903.32686355	2.996356413097e-17	2.451378958412e-18
4906.69368664	2.711665906394e-17	2.376216469032e-18
4910.06120407	2.361262678947e-17	2.277243997223e-18
4913.42941448	2.829941125293e-17	2.388416358708e-18
4916.79831646	2.671638169602e-17	2.328598467917e-18
4920.16790865	2.927046711062e-17	2.411032419005e-18
4923.53818967	2.988905971635e-17	2.442876304132e-18
4926.90915814	2.573609559914e-17	2.299303288429e-18
4930.28081269	2.760062938041e-17	2.384763134879e-18
4933.65315196	2.834646706521e-17	2.395558552506e-18
4937.02617457	3.131374088626e-17	2.443176545335e-18
4940.39987915	2.695054383168e-17	2.334908157559e-18
4943.77426435	2.741150361203e-17	2.340861372893e-18
4947.14932881	2.271529547159e-17	2.229984201784e-18
4950.52507117	3.253477779074e-17	2.498546381807e-18
4953.90149006	2.695291969549e-17	2.321695211903e-18
4957.27858415	3.310212936715e-17	2.502825333548e-18
4960.65635207	3.791700721417e-17	2.672133325828e-18
4964.03479248	3.008516249524e-17	2.441353426483e-18
4967.41390404	2.959506320633e-17	2.435662484519e-18
4970.79368539	3.434014412734e-17	2.587460291811e-18
4974.17413519	2.917320797563e-17	2.425847295527e-18
4977.55525212	3.189789048711e-17	2.465269158348e-18
4980.93703482	3.246435464607e-17	2.474614315650e-18
4984.31948197	2.800451011419e-17	2.331523544028e-18
4987.70259222	3.472182278706e-17	2.541803096313e-18
4991.08636426	2.824213413058e-17	2.361574386301e-18
4994.47079676	3.440186490977e-17	2.560255548508e-18
4997.85588838	3.186256495041e-17	2.467526146651e-18
5001.24163781	3.217518664340e-17	2.464152845030e-18
5004.62804371	3.078353378705e-17	2.425080369936e-18
5008.01510479	3.012251262793e-17	2.387818928788e-18
5011.40281971	3.100101832444e-17	2.415343659390e-18
5014.79118717	3.068188418562e-17	2.420712083689e-18
5018.18020584	3.099019016580e-17	2.404260050798e-18
5021.56987443	2.956527831440e-17	2.351039691155e-18
5024.96019163	2.842839723259e-17	2.326738529280e-18
5028.35115612	3.639783484672e-17	2.561759083876e-18
5031.74276662	3.693678309624e-17	2.539668310335e-18
5035.13502180	3.799859763016e-17	2.600719856215e-18
5038.52792039	3.275237197849e-17	2.407692545321e-18
5041.92146108	3.802880668897e-17	2.589303055908e-18
5045.31564258	3.264500683714e-17	2.407717243482e-18
5048.71046359	3.391060257521e-17	2.452510978066e-18
5052.10592283	2.644387313236e-17	2.229090750697e-18
5055.50201901	2.659247964947e-17	2.238558231091e-18
5058.89875085	3.122716056311e-17	2.371742070176e-18
5062.29611706	3.901630971054e-17	2.598477531995e-18
5065.69411636	3.729927701801e-17	2.540038532213e-18
5069.09274748	3.440235815447e-17	2.473435932443e-18
5072.49200914	3.233372706366e-17	2.375253532923e-18
5075.89190006	3.411736945618e-17	2.427675007426e-18
5079.29241898	4.026912960330e-17	3.121064285174e-18
5082.69356463	3.054432879413e-17	2.587005604497e-18
5086.09533573	3.399481884392e-17	2.419686939294e-18
5089.49773103	3.543764716808e-17	2.455230189254e-18
5092.90074925	3.919490780199e-17	2.600821397199e-18
5096.30438915	4.258459541323e-17	2.696839931051e-18
5099.70864947	4.168396170464e-17	2.640169434912e-18
5103.11352894	2.563962325390e-17	2.224224432126e-18
5106.51902631	1.506514465861e-17	2.066056748374e-18
5109.92514034	1.210314148572e-17	2.093670785959e-18
5113.33186977	5.987590128200e-18	2.032938239914e-18
5116.73921336	3.502462792918e-17	2.446208308881e-18
5120.14716987	4.089764066488e-17	2.618793893818e-18
5123.55573804	4.448205352811e-17	2.740312592746e-18
5126.96491664	3.922044177092e-17	2.562057113746e-18
5130.37470443	4.199824898284e-17	2.661845835599e-18
5133.78510019	3.691661603029e-17	2.537757294888e-18
5137.19610266	4.107396722091e-17	3.112247022334e-18
5140.60771062	3.980560755831e-17	3.358888739744e-18
5144.01992285	3.885482641944e-17	2.947090474620e-18
5147.43273811	3.446002677177e-17	3.652012323768e-18
5150.84615518	4.068935708567e-17	4.070427475172e-18
5154.26017283	3.711172729318e-17	3.296562343596e-18
5157.67478985	3.699431276298e-17	2.833531278378e-18
5161.09000502	3.930132281040e-17	2.839492662851e-18
5164.50581713	3.927768717138e-17	2.622026251825e-18
5167.92222495	4.333798329566e-17	2.653626883266e-18
5171.33922727	4.156319603951e-17	2.591424445765e-18
5174.75682289	3.883841363900e-17	2.517822616761e-18
5178.17501060	3.603103433544e-17	2.395849198577e-18
5181.59378920	4.803538804924e-17	2.785464420440e-18
5185.01315747	3.866063852004e-17	2.517523006929e-18
5188.43311422	1.769839175631e-17	2.102382955274e-18
5191.85365825	2.730172939561e-17	2.316965036093e-18
5195.27478837	2.428317089947e-17	2.399606391927e-18
5198.69650337	2.272269022282e-17	2.389527512231e-18
5202.11880207	2.681717863236e-17	2.464945684334e-18
5205.54168328	3.463263083591e-17	2.430884006049e-18
5208.96514580	3.801443458370e-17	2.459297290748e-18
5212.38918845	4.464448717624e-17	2.681389936285e-18
5215.81381006	4.857111371349e-17	2.806281520273e-18
5219.23900942	3.812271146945e-17	2.515759685650e-18
5222.66478538	3.700128266444e-17	2.453076683486e-18
5226.09113674	3.625727216088e-17	2.422389755181e-18
5229.51806233	3.831372914155e-17	2.459642248942e-18
5232.94556099	3.488356141740e-17	2.377144636388e-18
5236.37363153	4.076253733449e-17	2.565555954157e-18
5239.80227280	4.135841252790e-17	2.578662397040e-18
5243.23148361	3.016384732215e-17	2.236989700720e-18
5246.66126282	3.918868340735e-17	2.472345705913e-18
5250.09160924	3.660948989063e-17	2.394130958546e-18
5253.52252174	4.240186441175e-17	2.604126545461e-18
5256.95399913	4.010614059607e-17	2.544590354556e-18
5260.38604028	3.406822626905e-17	2.359130989308e-18
5263.81864403	3.321860122679e-17	2.503719584011e-18
5267.25180921	3.114811703729e-17	2.309465440651e-18
5270.68553469	3.411652731924e-17	2.288608504483e-18
5274.11981931	3.986262224326e-17	2.473297476959e-18
5277.55466193	3.032779438575e-17	2.195342754643e-18
5280.99006141	2.779642965749e-17	2.115578821541e-18
5284.42601660	3.509781553184e-17	2.323843306070e-18
5287.86252636	3.205857531247e-17	2.230843749691e-18
5291.29958956	2.808102506822e-17	2.117726008590e-18
5294.73720506	3.037004118727e-17	2.202180325331e-18
5298.17537172	3.233263970962e-17	2.232008207401e-18
5301.61408842	3.350161706830e-17	2.288628064587e-18
5305.05335402	3.214804926453e-17	2.244095919837e-18
5308.49316741	3.025545803558e-17	2.193551549463e-18
5311.93352744	3.803392367500e-17	2.412380738504e-18
5315.37443301	3.559994472035e-17	2.346553959838e-18
5318.81588298	3.182291834860e-17	2.230054275613e-18
5322.25787625	3.367334207099e-17	2.290317704303e-18
5325.70041169	3.127430114985e-17	2.230673716283e-18
5329.14348818	3.159279368423e-17	2.241582605735e-18
5332.58710462	3.349356231658e-17	2.269317810623e-18
5336.03125990	3.139656524084e-17	2.224757050244e-18
5339.47595290	3.309229542035e-17	2.251108914258e-18
5342.92118251	3.590955534327e-17	2.308424103224e-18
5346.36694764	2.933811818335e-17	2.145865897714e-18
5349.81324719	3.095474813122e-17	2.195102135850e-18
5353.26008004	3.086220455078e-17	2.174961473683e-18
5356.70744510	3.468579130424e-17	2.268295845597e-18
5360.15534128	3.398273497462e-17	2.247334782494e-18
5363.60376748	2.760472902726e-17	2.078813481655e-18
5367.05272260	2.818538874783e-17	2.071372369443e-18
5370.50220556	2.867004841940e-17	2.086603966933e-18
5373.95221527	2.965548008984e-17	2.118577413586e-18
5377.40275065	3.202666043249e-17	2.193165752675e-18
5380.85381059	3.315494850322e-17	2.208359523268e-18
5384.30539404	3.206810317641e-17	2.166849390061e-18
5387.75749990	2.771436468767e-17	2.038829041688e-18
5391.21012709	3.106555239679e-17	2.109963159432e-18
5394.66327454	3.338786847339e-17	2.186286047845e-18
5398.11694118	3.390681831344e-17	2.180612857127e-18
5401.57112593	3.329793597097e-17	2.154552307031e-18
5405.02582772	3.016727881187e-17	2.072839314884e-18
5408.48104548	3.652840826833e-17	2.253289554517e-18
5411.93677815	3.262980902935e-17	2.151383915327e-18
5415.39302466	3.057106914214e-17	2.089817294801e-18
5418.84978395	2.705103138841e-17	2.004528216916e-18
5422.30705496	3.019086171969e-17	2.077077014531e-18
5425.76483663	3.031142968701e-17	2.074601552433e-18
5429.22312790	3.254510745021e-17	2.117448603162e-18
5432.68192772	2.931741814840e-17	2.035336541918e-18
5436.14123503	2.259289489873e-17	1.864253215132e-18
5439.60104879	2.753810612613e-17	1.994916884807e-18
5443.06136795	2.710661917736e-17	1.999789125091e-18
5446.52219145	2.770600661942e-17	1.998684002502e-18
5449.98351826	2.681940538219e-17	1.979726763052e-18
5453.44534733	3.129412051863e-17	2.081188160076e-18
5456.90767762	2.795160875755e-17	2.010876836074e-18
5460.37050809	2.626158421494e-17	1.974045698065e-18
5463.83383770	3.040375760975e-17	2.094461950652e-18
5467.29766543	2.935213261615e-17	2.022812474664e-18
5470.76199023	2.858712303016e-17	2.019703722180e-18
5474.22681107	2.174548130155e-17	1.833589786522e-18
5477.69212693	2.551674309853e-17	1.909639876812e-18
5481.15793678	2.473736183860e-17	1.917755466850e-18
5484.62423959	2.347820741175e-17	1.875345881013e-18
5488.09103433	2.870531057827e-17	2.005822783621e-18
5491.55832000	2.540829865540e-17	1.938630848010e-18
5495.02609556	2.555866568071e-17	1.953640831650e-18
5498.49436000	3.074045214730e-17	2.085994207428e-18
5501.96311231	2.423705615213e-17	1.945232630710e-18
5505.43235146	2.916501177271e-17	2.046637314731e-18
5508.90207645	2.906948600778e-17	2.015135459515e-18
5512.37228628	2.674711029577e-17	1.982035337492e-18
5515.84297992	2.556955262670e-17	1.934590073084e-18
5519.31415637	2.676145433914e-17	1.971883208234e-18
5522.78581463	3.139342599927e-17	2.086336357327e-18
5526.25795370	2.684024077294e-17	1.972192845494e-18
5529.73057258	2.990853644753e-17	2.025956241551e-18
5533.20367026	2.850206093353e-17	1.994801189278e-18
5536.67724575	2.709380776095e-17	1.958769472024e-18
5540.15129806	2.261539133555e-17	1.909362987995e-18
5543.62582619	2.266307459631e-17	1.944566081089e-18
5547.10082915	2.877922213714e-17	2.079445176503e-18
5550.57630596	2.936308633773e-17	2.047829886435e-18
5554.05225561	2.841634041465e-17	2.011731945715e-18
5557.52867714	2.286372666767e-17	1.880108442752e-18
5561.00556956	2.786172799543e-17	2.046695468118e-18
5564.48293187	3.424281734678e-17	2.287572203813e-18
5567.96076312	2.433991035032e-17	2.355679222086e-18
5571.43906230	1.752945325711e-17	5.047695005829e-18
5574.91782846	2.769245103233e-17	7.603374175301e-18
5578.39706062	2.363737631200e-17	7.560435608440e-18
5581.87675779	3.779234775819e-17	6.543405173274e-18
5585.35691902	3.444439278352e-17	2.691962718101e-18
5588.83754334	2.443250306737e-17	1.943169344657e-18
5592.31862977	2.898021174155e-17	2.014653428715e-18
5595.80017735	3.068667690314e-17	2.051550532254e-18
5599.28218512	2.468986916184e-17	1.926564708587e-18
5602.76465212	2.416806349450e-17	1.953774386360e-18
5606.24757739	2.584069054600e-17	1.955995963823e-18
5609.73095997	3.030517821479e-17	2.059347285253e-18
5613.21479891	3.035642681143e-17	2.022587639093e-18
5616.69909324	2.451196476721e-17	1.881051454743e-18
5620.18384203	2.605582222368e-17	1.953927723384e-18
5623.66904431	2.932266394663e-17	2.026334602661e-18
5627.15469914	2.763608068879e-17	1.970284326951e-18
5630.64080558	2.549960025432e-17	1.887763988313e-18
5634.12736268	2.860142044830e-17	1.956087266153e-18
5637.61436949	2.191282532840e-17	1.801355375681e-18
5641.10182507	2.612649886818e-17	1.928086338345e-18
5644.58972849	2.761346430768e-17	1.948607907002e-18
5648.07807881	2.662800607666e-17	1.913008337809e-18
5651.56687509	2.665044769973e-17	1.895719664577e-18
5655.05611640	2.866479348904e-17	1.925865187135e-18
5658.54580181	2.882974774810e-17	1.932793354379e-18
5662.03593038	3.113845737366e-17	2.003254965953e-18
5665.52650118	2.678484719551e-17	1.916416700061e-18
5669.01751330	2.449702591332e-17	1.864274372191e-18
5672.50896580	2.714243831069e-17	1.928849628472e-18
5676.00085777	2.762833094501e-17	1.929477214037e-18
5679.49318827	2.984435809835e-17	1.990586736197e-18
5682.98595640	2.823447119005e-17	1.955903886779e-18
5686.47916123	2.860456874278e-17	1.968124507586e-18
5689.97280185	2.802177790358e-17	1.961196566083e-18
5693.46687734	2.955850204987e-17	2.006595751582e-18
5696.96138679	3.047591041781e-17	2.018060109856e-18
5700.45632929	2.801683826391e-17	1.943644608634e-18
5703.95170394	2.809403448825e-17	1.953045061571e-18
5707.44750981	2.856689162986e-17	1.957240486014e-18
5710.94374602	2.519868557992e-17	1.867545666813e-18
5714.44041165	3.029680002302e-17	1.986389644871e-18
5717.93750580	2.964410890029e-17	1.973639388890e-18
5721.43502758	2.781721888906e-17	1.928780439684e-18
5724.93297608	2.575049852553e-17	1.877064812938e-18
5728.43135041	3.330105553213e-17	2.074074023304e-18
5731.93014967	2.472637781387e-17	1.834427469834e-18
5735.42937297	2.915671941086e-17	1.943948597861e-18
5738.92901942	2.795015849324e-17	1.914928185873e-18
5742.42908813	2.945784869565e-17	1.938547244974e-18
5745.92957821	2.694300477822e-17	1.874980509805e-18
5749.43048878	2.763705469852e-17	1.902867735179e-18
5752.93181894	3.135994433048e-17	1.970123610266e-18
5756.43356783	2.751094162482e-17	1.896274692643e-18
5759.93573455	2.864960651458e-17	1.922772708057e-18
5763.43831823	2.873341590417e-17	1.920663720652e-18
5766.94131799	2.932565321962e-17	1.926967108784e-18
5770.44473295	2.723319944688e-17	1.878387314049e-18
5773.94856225	2.656976670734e-17	1.851333118298e-18
5777.45280500	3.485298789364e-17	2.052421214006e-18
5780.95746034	2.444795445957e-17	1.800479119145e-18
5784.46252740	3.001155463501e-17	1.925665870919e-18
5787.96800531	3.145722165236e-17	1.959290009089e-18
5791.47389320	2.937914131631e-17	1.918487397796e-18
5794.98019022	3.132850716287e-17	1.966202256852e-18
5798.48689550	3.207873740305e-17	1.975042173223e-18
5801.99400817	3.512918474307e-17	2.049812891021e-18
5805.50152739	3.488766305441e-17	2.037721567029e-18
5809.00945229	2.839850167824e-17	1.886245342862e-18
5812.51778202	3.328648071996e-17	2.004183780071e-18
5816.02651572	2.970635024399e-17	1.908306246998e-18
5819.53565255	2.943933131265e-17	1.906565315975e-18
5823.04519165	3.399464437439e-17	2.016387376877e-18
5826.55513217	3.138203577503e-17	1.962239017540e-18
5830.06547327	2.893125971436e-17	1.899219357822e-18
5833.57621410	3.130989946151e-17	1.939428378671e-18
5837.08735382	2.906232177063e-17	1.910577667795e-18
5840.59889159	2.787573326411e-17	1.876347484247e-18
5844.11082656	2.785981992900e-17	1.849512474181e-18
5847.62315790	3.336491411603e-17	1.988884685031e-18
5851.13588477	2.957139230754e-17	1.889364946309e-18
5854.64900634	3.296304581280e-17	1.970878006886e-18
5858.16252177	3.159523915018e-17	1.953810963815e-18
5861.67643022	3.381491498836e-17	2.136983228944e-18
5865.19073088	3.058626238996e-17	2.154338949885e-18
5868.70542291	3.385154946650e-17	2.246193091583e-18
5872.22050548	3.093771093876e-17	2.116425289074e-18
5875.73597777	3.210182374703e-17	2.011226086180e-18
5879.25183895	3.138663125685e-17	1.984967345479e-18
5882.76808821	2.747114305158e-17	2.110612311722e-18
5886.28472472	2.641129883608e-17	2.693151688560e-18
5889.80174766	3.303122506705e-17	3.013580581066e-18
5893.31915622	3.195842859768e-17	3.094347887878e-18
5896.83694958	2.790225073044e-17	2.524038318127e-18
5900.35512692	2.608571260202e-17	2.218483805962e-18
5903.87368744	3.186440970250e-17	2.025920492669e-18
5907.39263033	3.042143211522e-17	1.971704486365e-18
5910.91195477	3.367278990337e-17	2.120410211008e-18
5914.43165996	2.855000051577e-17	2.020896511265e-18
5917.95174508	3.402681002336e-17	2.151750058911e-18
5921.47220935	2.710355990686e-17	1.942643308576e-18
5924.99305195	2.965165726153e-17	1.975517758160e-18
5928.51427208	3.230293531705e-17	2.127885235518e-18
5932.03586895	3.032332648622e-17	2.090723402456e-18
5935.55784176	3.326732235399e-17	2.122951375868e-18
5939.08018970	2.980091063975e-17	1.937697984851e-18
5942.60291199	2.567822086903e-17	1.833851825488e-18
5946.12600783	2.730271235694e-17	1.897595835140e-18
5949.64947644	2.567895092447e-17	1.968006323219e-18
5953.17331701	2.907846528005e-17	2.020555097764e-18
5956.69752877	2.907135103967e-17	1.995361893068e-18
5960.22211093	3.155615535728e-17	1.932596534693e-18
5963.74706269	2.323858296122e-17	1.726799357792e-18
5967.27238329	2.641611553309e-17	1.842051595554e-18
5970.79807193	2.714174967328e-17	1.890423658098e-18
5974.32412783	2.316881784408e-17	1.866236226442e-18
5977.85055023	2.835596456185e-17	1.929228960675e-18
5981.37733833	2.751689814324e-17	1.872423346490e-18
5984.90449136	2.766804808556e-17	1.803805665732e-18
5988.43200856	2.724472606279e-17	1.773407749521e-18
5991.95988914	2.711143637233e-17	1.787180834846e-18
5995.48813234	2.339299832607e-17	1.720810884862e-18
5999.01673738	2.605183804365e-17	1.808203306912e-18
6002.54570350	2.929555084438e-17	1.895253012365e-18
6006.07502994	2.344054673450e-17	1.744918501024e-18
6009.60471592	2.549310919480e-17	1.743696748309e-18
6013.13476069	2.502534839550e-17	1.709725094597e-18
6016.66516348	2.735915369637e-17	1.759659740622e-18
6020.19592353	2.942029240283e-17	1.801219134246e-18
6023.72704008	2.659950832739e-17	1.741565625727e-18
6027.25851239	2.828225809892e-17	1.792916208056e-18
6030.79033968	2.726724637868e-17	1.793744617958e-18
6034.32252121	3.142851386113e-17	1.883278539234e-18
6037.85505622	2.953329923077e-17	1.825116822648e-18
6041.38794397	3.212415101039e-17	1.863155426619e-18
6044.92118370	2.973355725524e-17	1.784675228464e-18
6048.45477467	2.761781787290e-17	1.754160300454e-18
6051.98871613	2.972266200095e-17	1.786740916431e-18
6055.52300733	2.601812534997e-17	1.701472703710e-18
6059.05764753	2.231173716495e-17	1.620206651934e-18
6062.59263599	2.371030120010e-17	1.675082469390e-18
6066.12797197	2.401769411218e-17	1.675486868276e-18
6069.66365473	2.479135804365e-17	1.701098633749e-18
6073.19968353	2.600115980216e-17	1.697316629855e-18
6076.73605764	2.673538278156e-17	1.696302313847e-18
6080.27277632	2.257939614317e-17	1.598219997048e-18
6083.80983884	2.873615188521e-17	1.732124991268e-18
6087.34724447	2.494121149127e-17	1.647294803764e-18
6090.88499248	2.922712460874e-17	1.761383582687e-18
6094.42308213	2.743720692009e-17	1.725908596678e-18
6097.96151271	3.158337255854e-17	1.823289797833e-18
6101.50028348	2.578276252449e-17	1.680269574240e-18
6105.03939373	2.789247212152e-17	1.722799060311e-18
6108.57884272	3.003391749469e-17	1.775425639366e-18
6112.11862975	2.517166242507e-17	1.661192256953e-18
6115.65875408	2.910745021717e-17	1.725457940393e-18
6119.19921501	2.784311035695e-17	1.711081872525e-18
6122.74001181	2.906568578782e-17	1.725309470280e-18
6126.28114376	2.920174298172e-17	1.733777115750e-18
6129.82261017	2.451261027464e-17	1.637871433643e-18
6133.36441030	2.999513999138e-17	1.776736567379e-18
6136.90654346	2.523283679935e-17	1.703664088376e-18
6140.44900893	2.319069295225e-17	1.706738108121e-18
6143.99180601	2.530191451279e-17	1.730254728287e-18
6147.53493398	2.247056872502e-17	1.645532418855e-18
6151.07839215	2.650906805873e-17	1.689858630636e-18
6154.62217981	2.565447337263e-17	1.652329990934e-18
6158.16629625	2.774074491109e-17	1.692875456783e-18
6161.71074078	2.089017702143e-17	1.530721576142e-18
6165.25551270	2.383606309661e-17	1.640382881614e-18
6168.80061131	2.539599648749e-17	1.719639955589e-18
6172.34603591	2.535600644892e-17	1.734273071398e-18
6175.89178580	2.926054860230e-17	1.776384885619e-18
6179.43786030	2.602170039286e-17	1.662461193749e-18
6182.98425872	2.082815737212e-17	1.523692359380e-18
6186.53098035	2.639755744610e-17	1.645454327631e-18
6190.07802451	2.337782279671e-17	1.597860691572e-18
6193.62539052	2.716662300739e-17	1.682282058464e-18
6197.17307769	2.930559323101e-17	1.741221313193e-18
6200.72108532	2.686836675371e-17	1.718546096839e-18
6204.26941275	2.475886644837e-17	1.669447417569e-18
6207.81805928	2.417724952375e-17	1.630021640362e-18
6211.36702424	2.877403082767e-17	1.719403427111e-18
6214.91630694	2.428107501908e-17	1.627879258724e-18
6218.46590670	2.561801306474e-17	1.703060129425e-18
6222.01582286	2.307814212105e-17	1.637092081438e-18
6225.56605473	2.975937146998e-17	1.773647403172e-18
6229.11660164	2.647448398759e-17	1.784603532955e-18
6232.66746292	2.660474501885e-17	2.039593660198e-18
6236.21863790	2.324672961635e-17	2.060568851329e-18
6239.77012591	2.203632182198e-17	2.019134917710e-18
6243.32192627	2.617885337699e-17	1.845538079141e-18
6246.87403832	2.538064670204e-17	1.717635235342e-18
6250.42646140	2.604129491356e-17	1.701246558642e-18
6253.97919484	2.369153005873e-17	1.870718618751e-18
6257.53223798	2.818303924753e-17	2.024365053361e-18
6261.08559016	2.206620173883e-17	1.953016415973e-18
6264.63925071	2.316792017060e-17	1.784951549031e-18
6268.19321898	2.946196922812e-17	1.826441983609e-18
6271.74749431	2.638486283977e-17	1.731120816379e-18
6275.30207604	2.652617788033e-17	1.687152340218e-18
6278.85696352	2.690534952315e-17	1.686264197503e-18
6282.41215610	2.780423435343e-17	1.833300146476e-18
6285.96765311	2.209644811853e-17	1.822842056417e-18
6289.52345392	3.134194171540e-17	2.025944508117e-18
6293.07955788	2.512067274220e-17	2.352512086911e-18
6296.63596432	1.910423327406e-17	3.803578178916e-18
6300.19267262	3.254017322326e-17	4.118030558037e-18
6303.74968211	3.696694225452e-17	4.033042024607e-18
6307.30699217	3.298845183367e-17	2.542397038821e-18
6310.86460214	3.199732375496e-17	1.975480250421e-18
6314.42251138	3.511226639807e-17	1.851713018596e-18
6317.98071926	3.218572722997e-17	1.836212838295e-18
6321.53922513	3.143350424943e-17	1.854955356330e-18
6325.09802835	3.552387093085e-17	2.091898421296e-18
6328.65712830	2.918499648728e-17	1.972571225235e-18
6332.21652433	3.183231934503e-17	1.985849922678e-18
6335.77621582	2.869479963313e-17	1.766575280078e-18
6339.33620212	2.927102866710e-17	1.682907122544e-18
6342.89648261	2.778865189469e-17	1.681116883455e-18
6346.45705666	2.379556847223e-17	1.658842452625e-18
6350.01792365	3.005075566380e-17	1.837412419873e-18
6353.57908293	2.517197720871e-17	1.847580776655e-18
6357.14053389	2.440339938921e-17	2.082387481000e-18
6360.70227591	2.703272478094e-17	2.698208134819e-18
6364.26430835	2.749971429797e-17	2.645316498165e-18
6367.82663060	3.062948437903e-17	2.530484624474e-18
6371.38924204	3.233068578875e-17	1.834446502945e-18
6374.95214205	3.121313103425e-17	1.757783112854e-18
6378.51533000	3.191884383365e-17	1.778517362415e-18
6382.07880529	2.867441744277e-17	1.784572702593e-18
6385.64256730	2.697523051556e-17	1.723128528026e-18
6389.20661540	2.513680294630e-17	1.673639051154e-18
6392.77094900	3.287201199209e-17	1.773676082827e-18
6396.33556747	2.868188656522e-17	1.634142107388e-18
6399.90047022	2.882579972942e-17	1.643394442891e-18
6403.46565661	3.254976710126e-17	1.712293178583e-18
6407.03112606	2.712878129233e-17	1.595348072699e-18
6410.59687796	2.552309964685e-17	1.584766390796e-18
6414.16291169	2.849334737666e-17	1.667809631506e-18
6417.72922665	2.841246066967e-17	1.699040251639e-18
6421.29582224	2.923197085597e-17	1.694507668871e-18
6424.86269786	2.758510842358e-17	1.637083889441e-18
6428.42985291	2.729819677054e-17	1.595751682026e-18
6431.99728679	3.136672362607e-17	1.681607075668e-18
6435.56499890	2.937022938791e-17	1.630275488824e-18
6439.13298864	2.427265062149e-17	1.515308454992e-18
6442.70125542	3.011590689933e-17	1.653615264486e-18
6446.26979865	2.900541903012e-17	1.644107726494e-18
6449.83861773	3.019878570153e-17	1.696305542497e-18
6453.40771206	2.763529553969e-17	1.640666869245e-18
6456.97708106	2.681925957345e-17	1.654338821007e-18
6460.54672414	3.026748459624e-17	1.848424875114e-18
6464.11664072	2.653287622136e-17	1.870893652878e-18
6467.68683019	2.536812454541e-17	1.926341641459e-18
6471.25729198	3.146138121685e-17	1.943285512102e-18
6474.82802551	2.813945670687e-17	1.781297986582e-18
6478.39903019	2.317924948349e-17	1.564989854835e-18
6481.97030543	2.539747461584e-17	1.563111940585e-18
6485.54185066	2.675248764447e-17	1.563777067882e-18
6489.11366529	2.390769356983e-17	1.503089275645e-18
6492.68574876	2.403067001610e-17	1.644979234150e-18
6496.25810047	2.609177827041e-17	1.875356435254e-18
6499.83071986	2.723617154768e-17	1.966114935204e-18
6503.40360634	2.627774736719e-17	1.877792441098e-18
6506.97675936	2.718670015326e-17	1.703568397368e-18
6510.55017832	2.722249436787e-17	1.636777490933e-18
6514.12386267	2.903777100441e-17	1.632495607637e-18
6517.69781182	2.416150208631e-17	1.576848523744e-18
6521.27202522	2.367159854198e-17	1.583040673426e-18
6524.84650229	2.593146853098e-17	1.653952098657e-18
6528.42124247	2.516625491720e-17	1.761916257236e-18
6531.99624519	2.403281410140e-17	1.766016173829e-18
6535.57150989	2.139617570058e-17	1.720665305395e-18
6539.14703599	2.581637817524e-17	1.726622798017e-18
6542.72282296	2.869346532174e-17	1.732106157097e-18
6546.29887021	2.593031323615e-17	1.706728050221e-18
6549.87517719	2.797305451957e-17	1.888209573043e-18
6553.45174334	2.199420825895e-17	1.773973352803e-18
6557.02856810	2.663610338779e-17	1.872458940790e-18
6560.60565093	2.556268560456e-17	1.771881314224e-18
6564.18299125	2.437112540950e-17	1.749712901262e-18
6567.76058853	2.615293033717e-17	1.755148597076e-18
6571.33844220	2.760703514634e-17	1.765534406511e-18
6574.91655171	2.702123982789e-17	1.834454761337e-18
6578.49491652	2.661196744613e-17	1.779134173223e-18
6582.07353607	2.518234211644e-17	1.694810652581e-18
6585.65240981	2.376712612261e-17	1.499859898872e-18
6589.23153720	2.728883943348e-17	1.577684680093e-18
6592.81091769	2.830994927360e-17	1.643453594113e-18
6596.39055074	2.598310199273e-17	1.624666077925e-18
6599.97043580	2.536370595470e-17	1.700191268819e-18
6603.55057233	2.669248298332e-17	1.699955596958e-18
6607.13095978	2.646229292568e-17	1.668566238521e-18
6610.71159762	2.613569573536e-17	1.560777086396e-18
6614.29248531	2.640557404938e-17	1.531079025229e-18
6617.87362231	2.852571384593e-17	1.582609876749e-18
6621.45500808	2.831034295464e-17	1.590797562793e-18
6625.03664209	2.938254709253e-17	1.639371967479e-18
6628.61852379	2.650931181987e-17	1.607881887229e-18
6632.20065266	2.302648467012e-17	1.557750808156e-18
6635.78302817	2.829038649028e-17	1.653473551710e-18
6639.36564977	2.818632597523e-17	1.609731033875e-18
6642.94851695	2.755601999498e-17	1.564681430667e-18
6646.53162917	2.964289443660e-17	1.599906304803e-18
6650.11498590	3.261848850617e-17	1.677467735679e-18
6653.69858661	2.902996862812e-17	1.599427559431e-18
6657.28243078	2.481251801998e-17	1.517908656236e-18
6660.86651789	2.780946684718e-17	1.598604053792e-18
6664.45084740	2.669181753018e-17	1.587935595404e-18
6668.03541880	2.591284232287e-17	1.564748888745e-18
6671.62023156	2.981507001488e-17	1.640978748243e-18
6675.20528517	2.842432485281e-17	1.582852722307e-18
6678.79057909	2.718700403726e-17	1.535591105049e-18
6682.37611282	2.465760317121e-17	1.494778190090e-18
6685.96188584	3.172524101484e-17	1.645638417404e-18
6689.54789762	2.638567831707e-17	1.527028390172e-18
6693.13414765	2.690177991123e-17	1.552388757256e-18
6696.72063543	2.308025653415e-17	1.498962594510e-18
6700.30736042	2.937141870378e-17	1.638507080803e-18
6703.89432213	2.528252720322e-17	1.542905322355e-18
6707.48152004	2.786290957059e-17	1.585822208427e-18
6711.06895364	2.412268506348e-17	1.500303458581e-18
6714.65662241	3.100994039463e-17	1.641363684040e-18
6718.24452586	2.778668236567e-17	1.571811625203e-18
6721.83266347	2.962071543026e-17	1.619850982095e-18
6725.42103474	2.789683337250e-17	1.573805095566e-18
6729.00963915	2.952722489074e-17	1.599069401348e-18
6732.59847622	2.772104953621e-17	1.567029389601e-18
6736.18754543	3.069158877416e-17	1.630128500560e-18
6739.77684628	2.895824260259e-17	1.623455790668e-18
6743.36637827	2.884354083601e-17	1.619655141959e-18
6746.95614090	2.488204824710e-17	1.533457452879e-18
6750.54613367	2.588627964727e-17	1.525426394088e-18
6754.13635608	2.554089149777e-17	1.519264342077e-18
6757.72680763	2.845297635772e-17	1.579687247611e-18
6761.31748784	2.885866103485e-17	1.590268588145e-18
6764.90839619	2.812618704888e-17	1.568776582181e-18
6768.49953221	3.009479287716e-17	1.614830796928e-18
6772.09089539	3.031870314406e-17	1.599735566469e-18
6775.68248524	2.547033475295e-17	1.511017622627e-18
6779.27430127	2.647684061711e-17	1.536093035495e-18
6782.86634300	2.661100981136e-17	1.548841266812e-18
6786.45860992	2.653243925105e-17	1.560497036325e-18
6790.05110156	2.552605072042e-17	1.535932963159e-18
6793.64381742	2.995422266261e-17	1.615454261230e-18
6797.23675702	2.699728887873e-17	1.537199991642e-18
6800.82991988	2.903569734862e-17	1.581571559886e-18
6804.42330550	2.155638373893e-17	1.434566315825e-18
6808.01691341	2.797902567079e-17	1.567184274044e-18
6811.61074313	2.381044590869e-17	1.486872182366e-18
6815.20479416	2.250828606836e-17	1.451047786510e-18
6818.79906603	2.663717470952e-17	1.566099791686e-18
6822.39355827	2.665354170417e-17	1.788232482455e-18
6825.98827039	2.438105898105e-17	2.146322614494e-18
6829.58320191	2.874664279102e-17	2.475962243052e-18
6833.17835236	1.721213703165e-17	2.330115293977e-18
6836.77372126	2.185881487518e-17	2.093214991022e-18
6840.36930813	2.737406428373e-17	1.899487827040e-18
6843.96511251	2.804674825727e-17	1.732967798479e-18
6847.56113392	2.420519498217e-17	1.589549348893e-18
6851.15737188	2.149672626921e-17	1.462905947090e-18
6854.75382593	2.079960586767e-17	1.496292923563e-18
6858.35049560	2.343797105572e-17	1.994670698629e-18
6861.94738041	2.420147948143e-17	2.324554526424e-18
6865.54447990	2.378852324104e-17	2.292157072025e-18
6869.14179360	2.860503415432e-17	2.047752074551e-18
6872.73932105	1.944871319674e-17	1.416270895734e-18
6876.33706177	1.557873790587e-17	1.405948890400e-18
6879.93501531	2.060267916349e-17	1.531349721400e-18
6883.53318119	2.255973985041e-17	1.666565507332e-18
6887.13155896	2.278911342175e-17	1.700980004852e-18
6890.73014816	1.894026790288e-17	1.591997887990e-18
6894.32894832	2.425829406621e-17	1.632991119862e-18
6897.92795898	2.149489693530e-17	1.531573211411e-18
6901.52717969	2.024431811164e-17	1.520119874076e-18
6905.12660998	1.798302842261e-17	1.498940853834e-18
6908.72624940	1.959672156005e-17	1.683655579014e-18
6912.32609749	1.637717671469e-17	1.681267443377e-18
6915.92615380	1.866878448847e-17	1.771099647292e-18
6919.52641787	1.862927936580e-17	1.871595212939e-18
6923.12688924	2.027626976878e-17	1.898392747898e-18
6926.72756747	1.893081058956e-17	1.817975830471e-18
6930.32845210	1.815458351050e-17	1.477097932838e-18
6933.92954269	1.911096067621e-17	1.573612231795e-18
6937.53083877	2.134784356789e-17	1.737536188448e-18
6941.13233990	2.173434870456e-17	1.797509702454e-18
6944.73404563	1.549364048945e-17	1.997313996769e-18
6948.33595552	1.949222629282e-17	2.033971193970e-18
6951.93806911	1.906428281888e-17	2.007794198375e-18
6955.54038596	2.244148394015e-17	1.688351382014e-18
6959.14290563	1.907444630272e-17	1.474556581157e-18
6962.74562768	1.653186831368e-17	1.472722899514e-18
6966.34855164	2.127937449936e-17	1.689257672602e-18
6969.95167710	2.043003936846e-17	1.728289636925e-18
6973.55500359	2.270991612996e-17	1.969227372731e-18
6977.15853069	1.753330029006e-17	1.882667573692e-18
6980.76225795	2.350280427746e-17	1.933600647725e-18
6984.36618494	2.009929749184e-17	1.660585065645e-18
6987.97031120	2.275374783259e-17	1.546097895603e-18
6991.57463632	2.048580145156e-17	1.506375355493e-18
6995.17915984	1.881598999472e-17	1.479752190730e-18
6998.78388134	1.940680630700e-17	1.552035361783e-18
7002.38880038	2.188082540158e-17	1.641938144193e-18
7005.99391652	2.184305447404e-17	1.725543035599e-18
7009.59922933	1.946186807131e-17	1.730930839126e-18
7013.20473838	1.924575966515e-17	1.648296480650e-18
7016.81044324	1.902707978546e-17	1.544724394249e-18
7020.41634347	2.196705775541e-17	1.485774157672e-18
7024.02243865	2.039425554751e-17	1.451854721005e-18
7027.62872834	2.109236068755e-17	1.460085581338e-18
7031.23521212	1.981425196553e-17	1.433799034184e-18
7034.84188956	2.209497446753e-17	1.508929941287e-18
7038.44876023	2.332775731359e-17	1.596190637038e-18
7042.05582371	2.385167627766e-17	1.707801825333e-18
7045.66307957	1.808004352812e-17	1.757004563324e-18
7049.27052739	2.302949199807e-17	1.832321728656e-18
7052.87816674	1.727840123934e-17	1.655620752219e-18
7056.48599720	2.274436266967e-17	1.622421408967e-18
7060.09401834	2.262207153346e-17	1.602362860571e-18
7063.70222975	2.553767389340e-17	1.696637873398e-18
7067.31063101	2.289826333679e-17	1.669206995441e-18
7070.91922169	1.976805755048e-17	1.587756278836e-18
7074.52800138	2.914112924646e-17	1.769404427161e-18
7078.13696966	2.526311962680e-17	1.709651597788e-18
7081.74612611	2.787414883339e-17	1.765877941073e-18
7085.35547031	2.374368411346e-17	1.737254637774e-18
7088.96500185	2.353821628792e-17	1.702981213910e-18
7092.57472031	2.591284680364e-17	1.691472935416e-18
7096.18462528	2.101231855154e-17	1.546210154532e-18
7099.79471634	2.117381310658e-17	1.532165564499e-18
7103.40499309	2.306917570751e-17	1.540430311553e-18
7107.01545510	2.240378239422e-17	2.351334460661e-18
7110.62610198	2.390429209263e-17	1.981244721813e-18
7114.23693329	2.509911959777e-17	1.602885207498e-18
7117.84794865	2.873408246329e-17	1.650622110578e-18
7121.45914763	2.595855634089e-17	1.617248569512e-18
7125.07052984	2.715523820989e-17	1.665731558100e-18
7128.68209485	2.374572707281e-17	1.642982493394e-18
7132.29384227	2.314397314558e-17	1.622124883844e-18
7135.90577169	2.313255196460e-17	1.619492261379e-18
7139.51788270	2.321796018678e-17	1.652991907005e-18
7143.13017490	2.677804986887e-17	1.781941031091e-18
7146.74264788	2.622799212738e-17	1.778784947297e-18
7150.35530124	2.572300307784e-17	1.692529051616e-18
7153.96813458	2.625634829934e-17	1.655903395917e-18
7157.58114750	2.875605407597e-17	1.701891390015e-18
7161.19433959	2.997462350568e-17	1.762853894635e-18
7164.80771045	2.383599258504e-17	1.645140794107e-18
7168.42125969	2.891470969300e-17	1.712390554164e-18
7172.03498691	2.731221097544e-17	1.678804505577e-18
7175.64889170	3.055025228139e-17	1.723848663219e-18
7179.26297367	2.377632751173e-17	1.593917451488e-18
7182.87723242	2.918370620192e-17	1.660249863303e-18
7186.49166756	2.322459667434e-17	1.718847951397e-18
7190.10627869	2.649367265642e-17	1.740736255528e-18
7193.72106541	2.730334965522e-17	1.884985407867e-18
7197.33602734	2.445861314929e-17	1.507904637742e-18
7200.95116408	2.454184635783e-17	1.504170730904e-18
7204.56647523	2.469233652909e-17	1.530690747994e-18
7208.18196040	2.741316012161e-17	1.579971342841e-18
7211.79761920	2.554365511246e-17	1.536935045801e-18
7215.41345125	2.647181143633e-17	1.578515796833e-18
7219.02945614	2.948476765505e-17	1.677359252448e-18
7222.64563350	2.573393775892e-17	1.624067569360e-18
7226.26198292	3.140091285926e-17	1.777529964168e-18
7229.87850404	3.212449865697e-17	1.814107011027e-18
7233.49519645	2.722409865754e-17	2.201630095643e-18
7237.11205976	2.272666453073e-17	2.912607983548e-18
7240.72909361	2.747869103574e-17	3.518185996542e-18
7244.34629759	2.546491683301e-17	3.434943872504e-18
7247.96367132	2.643277398767e-17	2.907141220707e-18
7251.58121443	2.214930079936e-17	2.234129698724e-18
7255.19892652	2.579921198864e-17	1.958922048730e-18
7258.81680721	2.534652626763e-17	1.825679723253e-18
7262.43485613	2.299931620984e-17	1.654566167737e-18
7266.05307288	2.958497226405e-17	1.843230783919e-18
7269.67145709	2.091787056079e-17	2.251796817055e-18
7273.29000838	3.004608246302e-17	3.147783717017e-18
7276.90872637	2.054612870129e-17	3.136260182653e-18
7280.52761067	2.582999731132e-17	3.205930019711e-18
7284.14666092	2.099597316093e-17	2.449794739076e-18
7287.76587673	2.442833706235e-17	2.308554027878e-18
7291.38525773	2.466600631392e-17	1.978415890866e-18
7295.00480353	2.285836752215e-17	1.843599561769e-18
7298.62451377	2.587442243582e-17	2.115039590838e-18
7302.24438807	2.486626525293e-17	2.094185284825e-18
7305.86442605	3.002157805575e-17	2.161143167945e-18
7309.48462734	2.309822538774e-17	2.247055406308e-18
7313.10499156	1.984097923580e-17	2.791403558293e-18
7316.72551835	2.669652519890e-17	2.842744947336e-18
7320.34620733	2.509502379959e-17	2.603095936886e-18
7323.96705812	3.035173466420e-17	2.208861376356e-18
7327.58807037	2.042791576442e-17	2.230556495668e-18
7331.20924369	2.796699281869e-17	2.345529614141e-18
7334.83057772	2.034735289481e-17	2.571245288137e-18
7338.45207209	2.211965196427e-17	3.047239678627e-18
7342.07372642	2.349103754657e-17	3.053191788533e-18
7345.69554036	2.967405005667e-17	2.701258714326e-18
7349.31751353	2.639360766613e-17	1.835892840839e-18
7352.93964557	2.138494341067e-17	1.995689521279e-18
7356.56193611	2.376540274495e-17	2.279700855124e-18
7360.18438478	2.329909775599e-17	2.282879656073e-18
7363.80699122	2.938082298637e-17	2.677006047229e-18
7367.42975507	2.754087325378e-17	2.813209225326e-18
7371.05267595	2.457813680223e-17	2.739973754732e-18
7374.67575352	1.996387684852e-17	2.231751273960e-18
7378.29898739	2.214217235599e-17	1.604073310415e-18
7381.92237722	2.108133139669e-17	1.553981102068e-18
7385.54592264	2.334361600205e-17	1.776421216510e-18
7389.16962328	1.900828432172e-17	2.026542382677e-18
7392.79347879	2.131985776542e-17	2.091308707769e-18
7396.41748881	2.547074690343e-17	2.484740556732e-18
7400.04165298	2.578187043844e-17	2.540994214310e-18
7403.66597093	2.442571258337e-17	2.444858330511e-18
7407.29044231	2.892908469765e-17	2.124843552103e-18
7410.91506677	2.113422478080e-17	1.573777215890e-18
7414.53984394	2.328349042307e-17	1.615022259508e-18
7418.16477346	2.690874953593e-17	1.664447499442e-18
7421.78985499	2.431200388533e-17	1.626075321738e-18
7425.41508816	2.324560942580e-17	1.815422634440e-18
7429.04047262	2.358715739524e-17	1.888944365692e-18
7432.66600801	2.413904673248e-17	2.095830023234e-18
7436.29169398	2.451008221781e-17	2.191199288012e-18
7439.91753018	2.405964845342e-17	2.089451348903e-18
7443.54351625	3.098308472263e-17	1.985866649695e-18
7447.16965184	2.363505255445e-17	1.566226932322e-18
7450.79593660	2.573306845533e-17	1.587424585046e-18
7454.42237017	2.355752565114e-17	1.583602837711e-18
7458.04895221	1.983043398405e-17	1.610598964323e-18
7461.67568236	2.468238063514e-17	1.818315126615e-18
7465.30256027	4.264361010309e-17	2.298483608942e-18
7468.92958560	4.871746576060e-17	2.566346559290e-18
7472.55675799	3.233953531596e-17	2.351126222664e-18
7476.18407710	2.150513150004e-17	2.309851774601e-18
7479.81154257	2.111573723477e-17	2.294649279893e-18
7483.43915406	2.284976951254e-17	2.204591129523e-18
7487.06691122	3.206514177089e-17	2.115472330493e-18
7490.69481370	2.660017663861e-17	1.823912437989e-18
7494.32286117	2.891559242642e-17	1.792938172923e-18
7497.95105326	2.618968832828e-17	1.720900937954e-18
7501.57938965	2.379868998749e-17	1.573074592573e-18
7505.20786997	2.341629312015e-17	1.558017612358e-18
7508.83649389	2.276025978251e-17	1.546316023482e-18
7512.46526107	1.985522967035e-17	1.605730813159e-18
7516.09417115	2.075250681487e-17	1.830765249736e-18
7519.72322380	2.639438031329e-17	2.550711159473e-18
7523.35241867	2.823068474343e-17	2.685911917890e-18
7526.98175542	2.045291426899e-17	2.614311751666e-18
7530.61123372	2.354398046355e-17	2.100596244902e-18
7534.24085321	2.534536949814e-17	1.874863392812e-18
7537.87061356	2.213991338203e-17	1.670467957693e-18
7541.50051442	2.162777459002e-17	1.628935809960e-18
7545.13055546	2.460941772095e-17	1.638922125247e-18
7548.76073634	2.404922370360e-17	1.615969537331e-18
7552.39105672	2.519590231520e-17	1.775992717964e-18
7556.02151625	1.915217578672e-17	1.760136945912e-18
7559.65211461	2.050535237602e-17	1.769259063249e-18
7563.28285145	2.287480135599e-17	1.816698376300e-18
7566.91372644	2.827294944597e-17	2.259421765735e-18
7570.54473923	2.606474216440e-17	2.411222457909e-18
7574.17588950	2.962573540611e-17	2.380146875680e-18
7577.80717690	2.363596787830e-17	1.926397371871e-18
7581.43860110	1.918555918624e-17	1.734355879280e-18
7585.07016177	2.127302567776e-17	1.796677235795e-18
7588.70185857	1.736832182110e-17	1.715160430293e-18
7592.33369116	2.251938261812e-17	1.606746162936e-18
7595.96565922	2.492019930955e-17	1.626930675166e-18
7599.59776240	1.754128623028e-17	1.590022523196e-18
7603.23000038	2.990209932204e-17	1.646475887576e-18
7606.86237282	1.234840077394e-17	1.367395281606e-18
7610.49487939	2.268999650598e-17	1.518393603508e-18
7614.12751976	2.132992234362e-17	1.642780639814e-18
7617.76029359	2.700115094211e-17	1.779014651973e-18
7621.39320055	1.890166014722e-17	1.726271255947e-18
7625.02624032	2.037095205497e-17	1.725648625111e-18
7628.65941256	1.732611165743e-17	1.629650520499e-18
7632.29271695	2.466976516573e-17	1.640996651506e-18
7635.92615314	2.939886574560e-17	1.571031094879e-18
7639.55972082	2.614213721296e-17	1.518771585713e-18
7643.19341965	2.869674465172e-17	1.560124877971e-18
7646.82724931	2.353671880877e-17	1.556049751871e-18
7650.46120947	2.482530468668e-17	1.639759678238e-18
7654.09529979	2.904410579904e-17	1.737678434106e-18
7657.72951996	2.558119298016e-17	1.862244007890e-18
7661.36386964	2.509613731556e-17	1.838239494865e-18
7664.99834851	2.032253877283e-17	1.749789122855e-18
7668.63295624	1.864213952592e-17	1.554518652639e-18
7672.26769250	1.804827899615e-17	1.462889971660e-18
7675.90255698	1.741220277870e-17	1.503191506034e-18
7679.53754933	2.274872860876e-17	1.657512056707e-18
7683.17266925	2.629172006316e-17	1.790647910496e-18
7686.80791640	2.057910908089e-17	1.787729853073e-18
7690.44329046	1.781418435836e-17	1.779512867045e-18
7694.07879110	2.170512087597e-17	1.844414554216e-18
7697.71441801	2.058266901041e-17	1.826384163349e-18
7701.35017085	2.444365180807e-17	1.854594941011e-18
7704.98604931	2.589030791504e-17	2.189672673551e-18
7708.62205305	1.864231364648e-17	3.290862187824e-18
7712.25818177	1.362882348540e-17	4.202339505159e-18
7715.89443514	3.189704060969e-17	4.414824339026e-18
7719.53081283	2.009455436556e-17	3.748921510832e-18
7723.16731453	2.149223544832e-17	2.872476967291e-18
7726.80393991	1.726727462498e-17	2.328010171215e-18
7730.44068865	1.610025470736e-17	2.106477432270e-18
7734.07756043	2.339497477260e-17	1.921886854365e-18
7737.71455493	1.931893039272e-17	1.876763264516e-18
7741.35167184	2.288603107057e-17	2.029896212790e-18
7744.98891082	1.585352778012e-17	3.153075100009e-18
7748.62627157	2.820008311907e-17	3.917702636558e-18
7752.26375376	1.624793759242e-17	3.868920768941e-18
7755.90135708	1.422087656043e-17	3.421302837159e-18
7759.53908120	1.627388527942e-17	2.631278039975e-18
7763.17692581	2.464639388920e-17	2.542449058075e-18
7766.81489059	1.908832597080e-17	2.025914743520e-18
7770.45297522	1.942179555743e-17	2.186966789368e-18
7774.09117938	2.401699835023e-17	2.468389047185e-18
7777.72950276	1.842836133134e-17	2.569363850449e-18
7781.36794505	2.202555466321e-17	2.399684340806e-18
7785.00650592	2.189944271454e-17	2.386692736107e-18
7788.64518505	2.324798920538e-17	3.036184475164e-18
7792.28398214	2.524250304282e-17	3.495007998755e-18
7795.92289686	2.269464405202e-17	3.374403537317e-18
7799.56192891	1.585800551011e-17	2.580701689279e-18
7803.20107796	2.167245691186e-17	2.356744793887e-18
7806.84034370	1.629891947358e-17	2.581316316432e-18
7810.47972581	2.364566269519e-17	2.703467568248e-18
7814.11922399	1.523217079644e-17	2.703520922935e-18
7817.75883792	1.609160771796e-17	3.633531148342e-18
7821.39856727	1.995548586192e-17	3.718623812380e-18
7825.03841175	2.031228244517e-17	3.414488230132e-18
7828.67837104	1.500827756509e-17	2.036059174406e-18
7832.31844481	1.854249564449e-17	1.796089609118e-18
7835.95863277	1.517686244899e-17	2.243632989550e-18
7839.59893459	2.069479398889e-17	2.571706244289e-18
7843.23934997	2.635039949082e-17	2.745723545178e-18
7846.87987859	1.935272423193e-17	3.217883302386e-18
7850.52052014	2.127647163568e-17	4.011869727808e-18
7854.16127431	2.783548652982e-17	4.267960295645e-18
7857.80214078	1.152538614461e-17	3.886921037883e-18
7861.44311925	2.557021744735e-17	3.039873518493e-18
7865.08420941	1.039928060390e-17	3.046321770815e-18
7868.72541093	1.769135248512e-17	2.985231275224e-18
7872.36672352	1.199514705463e-17	3.002093905254e-18
7876.00814686	2.201397958134e-17	3.025106321183e-18
7879.64968065	2.795867166837e-17	2.931542254538e-18
7883.29132456	1.917699314220e-17	3.103733288351e-18
7886.93307829	1.762593445030e-17	3.292275587255e-18
7890.57494154	1.869934025043e-17	3.149889164120e-18
7894.21691399	1.616733666174e-17	2.730781667533e-18
7897.85899533	2.270381829057e-17	1.965169003137e-18
7901.50118525	2.387659341974e-17	1.910746783391e-18
7905.14348345	1.986221060273e-17	2.224840838292e-18
7908.78588961	2.558621363742e-17	3.688447558203e-18
7912.42840343	2.356987876216e-17	4.126963004877e-18
7916.07102459	2.885076041267e-17	4.437579554345e-18
7919.71375280	1.744408410309e-17	3.617185745734e-18
7923.35658774	2.706256629220e-17	3.132632838036e-18
7926.99952910	1.922829504374e-17	2.981913550023e-18
7930.64257658	2.500063649012e-17	2.818624088739e-18
7934.28572987	2.028962324790e-17	2.647268502161e-18
7937.92898865	2.039850062628e-17	2.046543470568e-18
7941.57235264	1.989643611134e-17	1.950920617355e-18
7945.21582150	1.813701114300e-17	2.363946577790e-18
7948.85939495	2.503781224124e-17	2.462632167951e-18
7952.50307267	2.190250713924e-17	2.284457778731e-18
7956.14685436	1.957132932267e-17	2.037770529049e-18
7959.79073971	1.893231016106e-17	3.077892783075e-18
7963.43472840	1.634283958709e-17	3.488967511410e-18
7967.07882015	2.329910989616e-17	3.447851256037e-18
7970.72301464	2.072633237290e-17	2.704099959748e-18
7974.36731156	2.199706906500e-17	2.679730325928e-18
7978.01171061	1.996942825942e-17	2.830803407601e-18
7981.65621149	2.179050791439e-17	2.736135506317e-18
7985.30081388	2.376689464019e-17	2.524906502197e-18
7988.94551748	3.470865370710e-17	3.543647349026e-18
7992.59032200	1.591163231337e-17	3.654329472549e-18
7996.23522711	2.580913560562e-17	3.536898235217e-18
7999.88023252	1.958423745721e-17	2.338655268268e-18
8003.52533792	1.927070504175e-17	1.804907003193e-18
8007.17054301	2.284225069273e-17	2.025387162023e-18
8010.81584749	2.051984492530e-17	2.401412796221e-18
8014.46125104	1.884243959615e-17	2.482419648847e-18
8018.10675336	1.459032715589e-17	2.637332897211e-18
8021.75235415	1.894097391071e-17	3.254207606443e-18
8025.39805311	9.717350335586e-18	3.313284594522e-18
8029.04384993	8.349386316443e-18	3.090635771233e-18
8032.68974430	1.585982566968e-17	2.173604505531e-18
8036.33573593	1.688852199009e-17	1.732785428804e-18
8039.98182450	1.474254841611e-17	1.634877422633e-18
8043.62800972	1.991388037647e-17	1.765852881412e-18
8047.27429128	2.098578011699e-17	2.111946455670e-18
8050.92066887	1.920506779692e-17	2.212014388848e-18
8054.56714220	1.794407371820e-17	2.309525062385e-18
8058.21371096	2.034066387444e-17	2.589126477119e-18
8061.86037485	1.525412942216e-17	2.551373036351e-18
8065.50713356	1.677992722347e-17	2.391023073512e-18
8069.15398679	1.631344862129e-17	1.792390676086e-18
8072.80093424	1.696431944333e-17	1.656647486216e-18
8076.44797560	1.842351044198e-17	1.703922470723e-18
8080.09511057	2.263280808031e-17	1.826341679777e-18
8083.74233885	2.363786288002e-17	1.836211403003e-18
8087.38966013	1.550725444456e-17	1.797884163095e-18
8091.03707411	2.092805566646e-17	1.931015193324e-18
8094.68458050	1.617722886576e-17	1.929051241174e-18
8098.33217898	2.421655077076e-17	2.254971464665e-18
8101.97986925	1.766594959610e-17	2.097780151103e-18
8105.62765101	1.486183373899e-17	2.041071447268e-18
8109.27552396	1.443765979334e-17	1.679561315775e-18
8112.92348780	1.701674756192e-17	1.588807100019e-18
8116.57154222	1.358393424251e-17	1.539165496840e-18
8120.21968692	1.725190483478e-17	1.599676150291e-18
8123.86792159	2.009482791637e-17	1.657483475325e-18
8127.51624594	1.568312312338e-17	1.639929424527e-18
8131.16465967	1.485210637663e-17	1.664942981374e-18
8134.81316246	1.797387943088e-17	1.817860635674e-18
8138.46175402	2.171871728835e-17	1.882300183571e-18
8142.11043405	1.524064199193e-17	1.873752952878e-18
8145.75920224	2.059612290361e-17	1.846662865506e-18
8149.40805829	2.093817028748e-17	1.766909444045e-18
8153.05700190	1.986097407139e-17	1.603705476583e-18
8156.70603276	1.643870043744e-17	1.515718723984e-18
8160.35515058	1.639083629111e-17	1.490000028212e-18
8164.00435505	1.311734101188e-17	1.436092819574e-18
8167.65364587	1.662096855663e-17	1.497122524238e-18
8171.30302273	2.012006362168e-17	1.558175791957e-18
8174.95248534	1.493879423272e-17	1.465382186553e-18
8178.60203339	1.964976092495e-17	1.525461873351e-18
8182.25166658	1.464379391743e-17	1.539755793799e-18
8185.90138461	1.707694801718e-17	1.618274253335e-18
8189.55118717	1.743553445038e-17	1.693040910427e-18
8193.20107396	1.913352004258e-17	1.703525202531e-18
8196.85104468	1.636047538487e-17	1.629330333195e-18
8200.50109903	1.815649051916e-17	1.639363995646e-18
8204.15123671	1.598855183121e-17	1.613449674389e-18
8207.80145740	1.715637917632e-17	1.640369825307e-18
8211.45176082	1.865938918127e-17	1.671624210181e-18
8215.10214665	2.045702402938e-17	1.638521417939e-18
8218.75261460	2.208221391986e-17	1.646170145381e-18
8222.40316436	2.186590976734e-17	1.619422502312e-18
8226.05379563	1.350659596319e-17	1.451802601027e-18
8229.70450811	1.664829003323e-17	1.467083192077e-18
8233.35530149	1.696305158276e-17	1.505630927285e-18
8237.00617547	1.888941744706e-17	1.618192875841e-18
8240.65712975	1.749775479088e-17	1.686116635527e-18
8244.30816402	1.863203521283e-17	1.752085617157e-18
8247.95927799	1.913715111514e-17	1.715875405416e-18
8251.61047135	1.700820448932e-17	1.665670848184e-18
8255.26174379	1.722556318897e-17	1.620652453709e-18
8258.91309501	1.466194230604e-17	1.560306094520e-18
8262.56452472	1.631285173666e-17	1.569805641555e-18
8266.21603260	1.633211284104e-17	1.616454234011e-18
8269.86761835	1.662581126063e-17	1.770133120822e-18
8273.51928167	1.127973865777e-17	2.478710179733e-18
8277.17102226	2.501597163555e-17	3.458531687582e-18
8280.82283982	2.051852183857e-17	3.938015830042e-18
8284.47473403	1.921766942227e-17	4.391394100894e-18
8288.12670459	1.153313515966e-17	3.953149202931e-18
8291.77875121	2.052828626006e-17	4.122338537877e-18
8295.43087358	1.605350535401e-17	4.186267682387e-18
8299.08307138	1.730164924552e-17	4.005870260155e-18
8302.73534433	2.637357209463e-17	3.523499221475e-18
8306.38769211	1.779873614123e-17	2.692147154576e-18
8310.04011443	1.474496038604e-17	2.513089186822e-18
8313.69261096	1.561594014330e-17	2.433054066421e-18
8317.34518143	2.031974978335e-17	1.976578254198e-18
8320.99782550	2.028110072130e-17	1.801875322847e-18
8324.65054289	2.370797907989e-17	1.792847738695e-18
8328.30333329	1.340974260695e-17	1.652589064719e-18
8331.95619639	1.602913165802e-17	1.819876570923e-18
8335.60913189	1.884063229139e-17	2.513526027922e-18
8339.26213948	1.046217777168e-17	4.662502412100e-18
8342.91521885	1.186601284104e-17	5.526478430024e-18
8346.56836971	8.883858980610e-18	5.613992511574e-18
8350.22159175	2.026990607182e-17	4.678376459269e-18
8353.87488465	1.995206751650e-17	3.481211675665e-18
8357.52824812	2.033034836981e-17	3.125706437657e-18
8361.18168185	2.100668041081e-17	2.704691587183e-18
8364.83518553	1.655245900622e-17	2.642903507243e-18
8368.48875885	1.607259075421e-17	2.344672129367e-18
8372.14240152	1.858015436524e-17	1.933622145369e-18
8375.79611321	1.969557476385e-17	2.476126750333e-18
8379.44989364	2.095503528908e-17	3.132526634136e-18
8383.10374248	1.800242152438e-17	3.062656796752e-18
8386.75765944	2.398866239011e-17	2.786766583837e-18
8390.41164420	1.861588711204e-17	2.425975239085e-18
8394.06569646	1.372671608877e-17	4.124761227148e-18
8397.71981591	2.032465829331e-17	4.767473951463e-18
8401.37400224	1.557412944298e-17	4.558077023566e-18
8405.02825515	1.982985628035e-17	3.161378217684e-18
8408.68257432	2.042393519317e-17	2.513581553377e-18
8412.33695946	2.342396923426e-17	3.265765386716e-18
8415.99141024	2.208754359340e-17	3.293534062637e-18
8419.64592637	1.985270311382e-17	3.063744913668e-18
8423.30050753	1.101364396389e-17	3.492212447501e-18
8426.95515342	1.976638360978e-17	5.084254375967e-18
8430.60986372	1.579324535946e-17	5.087028720363e-18
8434.26463812	8.986025610088e-18	4.314740619769e-18
8437.91947633	1.293585456767e-17	2.154397353062e-18
8441.57437802	1.495688242377e-17	1.781290615006e-18
8445.22934289	1.425440018127e-17	2.290754245523e-18
8448.88437062	1.329236381856e-17	3.126428540383e-18
8452.53946092	1.139934706074e-17	3.167835137280e-18
8456.19461346	1.698283874350e-17	3.123846974222e-18
8459.84982793	1.113408548621e-17	3.795592021691e-18
8463.50510404	1.562805789387e-17	4.469028509780e-18
8467.16044145	1.832354140816e-17	4.339107342341e-18
8470.81583987	1.322630855834e-17	3.160344586331e-18
8474.47129898	1.586214983078e-17	1.801925725210e-18
8478.12681848	1.587575332574e-17	1.704382558747e-18
8481.78239804	1.895798893681e-17	1.686004269242e-18
8485.43803735	1.840283914434e-17	1.924650233569e-18
8489.09373611	1.885577723244e-17	2.624689709940e-18
8492.74949400	2.014564061728e-17	2.860478836931e-18
8496.40531071	1.490291757608e-17	3.071647516895e-18
8500.06118592	1.585450578250e-17	3.532219496454e-18
8503.71711933	1.235088231408e-17	3.570775315209e-18
8507.37311061	1.674943723350e-17	3.363138213250e-18
8511.02915946	1.822250988491e-17	2.331548386656e-18
8514.68526556	1.269631622648e-17	1.559710115548e-18
8518.34142860	1.587296401786e-17	1.660244133555e-18
8521.99764826	1.513324171919e-17	1.641443534610e-18
8525.65392422	1.857045506493e-17	1.689415100795e-18
8529.31025618	1.211312426769e-17	1.616669135522e-18
8532.96664381	1.613549041081e-17	2.004695861454e-18
8536.62308681	1.948330424600e-17	2.275023492586e-18
8540.27958485	1.478859814542e-17	2.371809905687e-18
8543.93613762	1.733283655391e-17	2.756351999999e-18
8547.59274481	1.530287829196e-17	2.736897181228e-18
8551.24940609	2.293244181739e-17	2.687242749969e-18
8554.90612115	2.144820744157e-17	2.078643878669e-18
8558.56288967	1.923629719003e-17	1.673945240909e-18
8562.21971134	1.995023592566e-17	1.655051307636e-18
8565.87658584	1.848312209078e-17	1.676091374407e-18
8569.53351285	1.764819113173e-17	1.744078469703e-18
8573.19049204	1.954944508415e-17	1.831633845717e-18
8576.84752311	1.990599330970e-17	1.823468649894e-18
8580.50460574	1.419142778511e-17	1.747123474466e-18
8584.16173960	2.017194072840e-17	2.003188359913e-18
8587.81892437	1.548441870377e-17	2.050431654012e-18
8591.47615974	1.662565282852e-17	2.262379551451e-18
8595.13344539	1.747877347940e-17	2.265966090652e-18
8598.79078099	1.163115386681e-17	2.154369732842e-18
8602.44816623	2.301586708297e-17	2.121395539238e-18
8606.10560078	1.365779784100e-17	2.083632638999e-18
8609.76308432	1.895993349903e-17	2.631753628657e-18
8613.42061654	1.577850060170e-17	3.262210578508e-18
8617.07819710	1.590082595970e-17	3.961696864847e-18
8620.73582569	5.459771369377e-18	4.537353810020e-18
8624.39350199	1.152604725426e-17	4.996696849580e-18
8628.05122566	1.767847699349e-17	5.185298964115e-18
8631.70899640	2.014118002220e-17	5.019934409212e-18
8635.36681387	1.913940471390e-17	4.512577022961e-18
8639.02467775	1.796552474875e-17	3.794672338169e-18
8642.68258772	1.541503528859e-17	3.410865543153e-18
8646.34054345	2.073989069451e-17	3.827091371262e-18
8649.99854461	1.059803675249e-17	4.438985385995e-18
8653.65659090	1.669429678700e-17	4.916612372094e-18
8657.31468196	2.197724704684e-17	5.085993851605e-18
8660.97281749	1.993703076315e-17	5.059086863256e-18
8664.63099715	2.202158681261e-17	4.885612203902e-18
8668.28922063	1.188393543856e-17	4.533584652143e-18
8671.94748758	1.256329108477e-17	4.202597767005e-18
8675.60579769	1.634331377467e-17	3.862393430287e-18
8679.26415062	1.703914087274e-17	3.484726810614e-18
8682.92254605	2.189413099746e-17	3.155681584764e-18
8686.58098365	1.945217332278e-17	2.814981870384e-18
8690.23946310	2.457545327344e-17	2.608858023543e-18
8693.89798405	1.543094085060e-17	2.357530557861e-18
8697.55654619	1.837527170895e-17	2.313683855338e-18
8701.21514918	1.805917526531e-17	2.255542334962e-18
8704.87379269	1.667432499045e-17	2.209939116087e-18
8708.53247640	1.506181224477e-17	2.072865809138e-18
8712.19119997	2.008815435201e-17	1.969969361069e-18
8715.84996306	1.558281262844e-17	1.755117009786e-18
8719.50876536	1.691228851517e-17	1.766106525905e-18
8723.16760652	1.721482357172e-17	1.800714000588e-18
8726.82648621	1.254177372634e-17	1.709283722773e-18
8730.48540410	1.303873400653e-17	1.760572914524e-18
8734.14435986	1.658766175151e-17	1.892591176514e-18
8737.80335315	1.573851858223e-17	1.876837757528e-18
8741.46238365	1.885904668866e-17	1.913306766570e-18
8745.12145100	2.045981694295e-17	1.962686797827e-18
8748.78055489	1.757997582331e-17	2.081495498482e-18
8752.43969497	1.491593850298e-17	2.797293652269e-18
8756.09887090	3.201556793423e-17	4.600163825736e-18
8759.75808236	2.685798920184e-17	5.515726722952e-18
8763.41732901	2.488508237683e-17	6.429001473565e-18
8767.07661050	4.466627537969e-17	5.959934684045e-18
8770.73592650	2.307863556208e-17	5.671474538526e-18
8774.39527668	2.292853113951e-17	5.656209208993e-18
8778.05466069	2.049146453811e-17	5.331058993144e-18
8781.71407820	2.903479050165e-17	4.626560464572e-18
8785.37352886	2.103802237406e-17	3.281563056169e-18
8789.03301234	1.349288828066e-17	3.277569908901e-18
8792.69252830	2.736761954208e-17	3.273016994822e-18
8796.35207639	1.959401654916e-17	2.606543234227e-18
8800.01165628	1.568658986023e-17	1.796152405745e-18
8803.67126762	1.917745375503e-17	1.919049530130e-18
8807.33091008	1.585821207146e-17	2.030001730980e-18
8810.99058330	1.716491228638e-17	2.088351628015e-18
8814.65028695	1.954165005938e-17	2.243553064586e-18
8818.31002069	8.223729353032e-18	3.193442376119e-18
8821.96978416	9.851825005796e-18	6.153381732693e-18
8825.62957703	1.871087387313e-17	7.182877092014e-18
8829.28939896	3.077787129649e-17	7.283687142718e-18
8832.94924958	2.205472895263e-17	6.119354963163e-18
8836.60912857	5.871675173077e-18	4.677261931574e-18
8840.26903558	1.610476213907e-17	4.036773368119e-18
8843.92897025	1.754783449266e-17	2.936512122661e-18
8847.58893224	1.362380505677e-17	2.999659839904e-18
8851.24892121	2.232249030659e-17	2.976724666418e-18
8854.90893680	1.860946121109e-17	2.570359707582e-18
8858.56897867	1.390158565429e-17	2.375644532777e-18
8862.22904647	1.847102086673e-17	3.495987938316e-18
8865.88913984	1.624724189832e-17	3.967524666985e-18
8869.54925845	1.122745432430e-17	3.734597639831e-18
8873.20940193	2.240403826721e-17	2.933643574618e-18
8876.86956994	1.803945581684e-17	2.728360703800e-18
8880.52976213	8.138968843798e-18	4.994012198593e-18
8884.18997814	7.289227059583e-18	5.952072606469e-18
8887.85021763	2.319272148111e-17	5.770619457875e-18
8891.51048023	7.573680649338e-18	4.139315576816e-18
8895.17076560	2.010402163446e-17	2.805341778231e-18
8898.83107338	1.489228566919e-17	4.049036768801e-18
8902.49140322	1.626348075646e-17	4.315994335794e-18
8906.15175476	8.905320825075e-18	4.033298813082e-18
8909.81212764	2.089768211747e-17	3.250026861823e-18
8913.47252152	2.199853228039e-18	4.722063557429e-18
8917.13293603	3.661653082505e-17	6.414319266442e-18
8920.79337081	1.246493124272e-17	6.222701829457e-18
8924.45382552	1.093929286761e-17	4.992930352950e-18
8928.11429979	1.328881040083e-17	2.480269108453e-18
8931.77479326	9.920930028925e-18	2.197105813788e-18
8935.43530557	1.904447063042e-17	2.616330557311e-18
8939.09583637	1.479959368548e-17	3.773256601254e-18
8942.75638528	1.432281910126e-17	3.974238388355e-18
8946.41695197	1.886861613265e-17	3.821989101723e-18
8950.07753605	1.698271486507e-17	3.410831187604e-18
8953.73813717	8.527679382383e-18	5.125941009580e-18
8957.39875496	1.300668604140e-17	5.515028792796e-18
8961.05938907	1.135004161205e-17	5.079671251746e-18
8964.72003913	1.425908262768e-17	3.068939845747e-18
8968.38070478	1.985093523295e-17	1.934344563247e-18
8972.04138564	1.887060038964e-17	1.925758345828e-18
8975.70208136	1.942053647668e-17	2.051021422926e-18
8979.36279157	1.787655548132e-17	2.281865986972e-18
8983.02351590	1.080804128222e-17	3.001583984357e-18
8986.68425398	2.285547935208e-17	3.416380614994e-18
8990.34500546	7.618573261914e-18	3.280770265436e-18
8994.00576995	1.673833663902e-17	3.333901589638e-18
8997.66654710	1.363329402955e-17	4.242761780189e-18
9001.32733652	1.356763143156e-17	4.308934005405e-18
9004.98813786	1.613664282173e-17	3.869555316657e-18
9008.64895074	1.562797832706e-17	2.240760737575e-18
9012.30977478	1.848722305610e-17	1.670725726629e-18
9015.97060963	1.142270696767e-17	1.643817327662e-18
9019.63145490	1.643112814148e-17	1.733660113677e-18
9023.29231022	1.604267561650e-17	1.807035728739e-18
9026.95317522	1.831127386993e-17	1.920956131513e-18
9030.61404953	1.708709174892e-17	2.192047505454e-18
9034.27493276	1.523243527435e-17	2.786022090438e-18
9037.93582455	1.257250133251e-17	2.862496687558e-18
9041.59672452	1.735400210269e-17	3.038139943152e-18
9045.25763229	1.505980554079e-17	3.447422754395e-18
9048.91854748	1.721306242653e-17	3.546683558709e-18
9052.57946972	1.420003912484e-17	3.297255408328e-18
9056.24039863	1.445503674843e-17	2.354418349600e-18
9059.90133383	1.621673024545e-17	1.947093568768e-18
9063.56227493	1.281837792783e-17	1.962297649144e-18
9067.22322157	1.891982185598e-17	2.051475186740e-18
9070.88417335	1.533016148161e-17	1.928644431247e-18
9074.54512990	1.658489808583e-17	1.798406353746e-18
9078.20609083	1.557524672055e-17	1.723409700407e-18
9081.86705576	1.528575866357e-17	1.771673389364e-18
9085.52802431	1.636582364572e-17	1.967961652245e-18
9089.18899609	1.275430145459e-17	2.252906226044e-18
9092.84997072	1.636942992014e-17	2.348808303529e-18
9096.51094781	1.449340041791e-17	2.624885581972e-18
9100.17192697	1.994314267290e-17	2.813407625934e-18
9103.83290783	1.642026512132e-17	2.702731185983e-18
9107.49388999	1.660927484126e-17	2.369306027334e-18
9111.15487306	1.413621700928e-17	1.752036014423e-18
9114.81585665	1.698395427879e-17	1.715046138287e-18
9118.47684038	1.644748745270e-17	1.714129587452e-18
9122.13782385	1.354955037647e-17	1.655441596261e-18
9125.79880668	1.387753802408e-17	1.663904449109e-18
9129.45978847	1.856520749394e-17	1.709006949431e-18
9133.12076883	1.131021843386e-17	1.669778644027e-18
9136.78174736	1.385743826529e-17	1.754702213017e-18
9140.44272368	1.348866099100e-17	1.781115123533e-18
9144.10369739	1.798233862464e-17	1.914796088340e-18
9147.76466809	1.937538671695e-17	2.207497955100e-18
9151.42563539	1.620936600556e-17	2.353835356426e-18
9155.08659889	8.981638258277e-18	2.529533245025e-18
9158.74755820	1.893689765282e-17	2.631602425537e-18
9162.40851291	1.530924414559e-17	2.462775894112e-18
9166.06946263	1.149299500948e-17	2.143517046391e-18
9169.73040696	1.240067102458e-17	1.790788824439e-18
9173.39134551	1.758768068271e-17	1.794276206776e-18
9177.05227785	1.701703612257e-17	1.803175559139e-18
9180.71320361	1.713348490547e-17	1.832986478653e-18
9184.37412237	1.148867160075e-17	1.758580628906e-18
9188.03503374	1.290058836053e-17	1.764283395426e-18
9191.69593730	1.059598297736e-17	1.720988027836e-18
9195.35683266	1.108660431578e-17	1.752258220454e-18
9199.01771941	1.452100196508e-17	1.821583334167e-18
9202.67859714	1.389555653149e-17	1.845702746995e-18
9206.33946545	1.404425351695e-17	1.905336740061e-18
9210.00032393	1.411209140233e-17	2.099217454275e-18
9213.66117217	1.361885517817e-17	2.335260900813e-18
9217.32200977	2.102083265445e-17	2.516393221274e-18
9220.98283631	1.220953517343e-17	2.666838144065e-18
9224.64365139	1.133325997541e-17	2.504627546401e-18
9228.30445459	1.820832576595e-17	2.423821093824e-18
9231.96524551	1.419738637082e-17	2.016837160333e-18
9235.62602372	1.711197946858e-17	1.946121445972e-18
9239.28678882	1.474341304111e-17	1.933174803908e-18
9242.94754040	1.919666849538e-17	2.082889124866e-18
9246.60827803	1.842394479509e-17	2.262132157562e-18
9250.26900131	1.901735137612e-17	2.349528710473e-18
9253.92970981	1.730077043844e-17	2.263579140555e-18
9257.59040313	1.770961629986e-17	2.177573629128e-18
9261.25108083	1.547025085356e-17	2.109341760776e-18
9264.91174251	1.309618906734e-17	2.090291426593e-18
9268.57238775	1.868420100761e-17	2.061725638960e-18
9272.23301612	1.536369822435e-17	1.970616162399e-18
9275.89362720	1.534996890707e-17	1.971216235336e-18
9279.55422058	1.997555423310e-17	2.141158140025e-18
9283.21479582	2.048548474199e-17	2.338398832128e-18
9286.87535252	1.020492734275e-17	2.486559353364e-18
9290.53589023	1.137414833467e-17	2.630128463584e-18
9294.19640855	1.144216444518e-17	2.782538185513e-18
9297.85690704	1.844515185763e-17	3.573163975702e-18
9301.51738527	5.800994468429e-18	5.665193324548e-18
9305.17784283	-1.051063143330e-17	7.532569767129e-18
9308.83827927	-1.690114132423e-17	9.384195225695e-18
9312.49869418	9.423155151943e-19	9.225398710610e-18
9316.15908712	8.594069044630e-18	8.353894507812e-18
9319.81945767	4.721173745757e-18	7.309021495222e-18
9323.47980538	7.113175257297e-18	6.403032318890e-18
9327.14012984	1.653625294365e-17	5.765364448884e-18
9330.80043060	2.679440704869e-17	4.032659887584e-18
9334.46070724	-1.423251635445e-18	3.716307671088e-18
9338.12095931	-2.091443674847e-18	3.479285524981e-18
9341.78118639	2.180610334601e-17	3.371772495696e-18
9345.44138804	-8.025542123740e-18	2.981027116644e-18
9349.10156382	1.420960839336e-17	2.971513513207e-18
9352.76171329	8.804870108262e-18	2.778776989193e-18
9356.42183601	1.207329787502e-17	2.553511696033e-18
9360.08193155	1.515750521716e-17	2.739281706514e-18
9363.74199947	-1.008465750481e-18	3.469595139220e-18
9367.40203931	1.510512097985e-17	5.560391804382e-18
9371.06205065	-1.576670746309e-17	9.654386616260e-18
9374.72203304	1.380567465945e-17	1.078787487669e-17
9378.38198604	6.290895839928e-17	1.027268704298e-17
9382.04190919	5.340718364564e-17	6.829534553128e-18
9385.70180206	2.855667392281e-17	3.733251662686e-18
9389.36166420	1.853838948544e-17	3.109778795138e-18
9393.02149516	1.603377813835e-17	3.268213385305e-18
9396.68129449	1.362396472633e-17	4.143191057912e-18
9400.34106175	6.797550558676e-18	4.656127091241e-18
9404.00079648	1.729096383040e-17	4.422406311839e-18
9407.66049824	9.772389637848e-18	3.683106520838e-18
9411.32016657	1.227121994298e-17	3.624508386784e-18
9414.97980103	2.083946089407e-17	5.595303467537e-18
9418.63940115	1.682435416913e-17	6.237357987528e-18
9422.29896648	2.796953635803e-17	6.039121338980e-18
9425.95849657	-5.345462150370e-19	4.413492786712e-18
9429.61799097	6.340919558373e-18	3.925761073459e-18
9433.27744921	-1.046726301006e-19	6.303945752069e-18
9436.93687084	2.355436603817e-17	8.541245649142e-18
9440.59625540	-1.422768223631e-17	8.476731804151e-18
9444.25560243	-1.196074300115e-18	7.122630731145e-18
9447.91491147	5.025907069394e-18	4.571053787999e-18
9451.57418206	9.812565767807e-18	5.351640786588e-18
9455.23341373	-6.695339815649e-18	6.958715585834e-18
9458.89260603	7.356185212724e-18	7.045923336162e-18
9462.55175849	1.159591589644e-17	6.162440915333e-18
9466.21087064	2.287831631465e-17	4.351473761014e-18
9469.86994202	3.551399326996e-17	5.790210460944e-18
9473.52897217	-2.491585899823e-17	8.185114542106e-18
9477.18796061	-1.854755428686e-17	8.371483966442e-18
9480.84690687	1.968548440735e-17	7.386863561972e-18
9484.50581049	-1.115932036653e-17	4.233891856360e-18
9488.16467099	1.191699181581e-17	3.449291998084e-18
9491.82348791	1.055664662583e-17	3.496019398090e-18
9495.48226078	9.575679642905e-18	4.560190881555e-18
9499.14098911	2.086922279205e-17	6.531080422265e-18
9502.79967243	2.480253382102e-17	6.643433615678e-18
9506.45831028	6.025458794687e-18	5.972655804231e-18
9510.11690217	1.201897181579e-17	4.076013980886e-18
9513.77544762	1.254915584990e-17	4.131168584724e-18
9517.43394617	1.944917759593e-17	4.632100971351e-18
9521.09239732	2.448522275836e-17	4.618955920778e-18
9524.75080060	1.924477266919e-17	3.982628035963e-18
9528.40915554	9.336946892069e-18	3.412598225486e-18
9532.06746163	1.504758868127e-17	3.686193334728e-18
9535.72571842	1.230984915987e-17	3.696901079957e-18
9539.38392540	1.386055817948e-17	3.521875640846e-18
9543.04208210	1.881570446498e-17	3.615849223612e-18
9546.70018803	2.933077558619e-18	5.013426902442e-18
9550.35824270	2.544797978111e-17	6.180181867954e-18
9554.01624563	1.569085976635e-17	6.140049218184e-18
9557.67419633	2.207492759942e-17	5.676821618198e-18
9561.33209431	1.961976240368e-17	6.706149858888e-18
9564.98993907	4.508959955855e-18	8.065406348624e-18
9568.64773013	-5.865877502488e-18	7.807046520401e-18
9572.30546699	1.248725844515e-17	6.279659979594e-18
9575.96314916	1.129386897291e-17	3.632837460840e-18
9579.62077614	1.292748316213e-17	3.076587071038e-18
9583.27834745	1.135173786841e-17	2.865686160013e-18
9586.93586257	1.280441775124e-17	2.839161114510e-18
9590.59332103	1.597962311209e-17	2.861198609941e-18
9594.25072231	1.469245673188e-17	2.955203630718e-18
9597.90806592	1.240655376459e-17	3.162744576979e-18
9601.56535135	1.206764892946e-17	4.041315588828e-18
9605.22257811	1.311779661919e-17	4.773292058308e-18
9608.87974569	1.381054181994e-17	4.870759387561e-18
9612.53685360	3.992017390415e-18	4.556369343750e-18
9616.19390131	4.214154321504e-18	4.910005921728e-18
9619.85088834	9.605167589524e-18	5.224972114166e-18
9623.50781417	8.016600526536e-18	5.094000796185e-18
9627.16467829	8.389418019558e-18	4.169042455435e-18
9630.82148020	1.480810233495e-17	3.529109483337e-18
9634.47821938	1.232970926542e-17	3.242530077711e-18
9638.13489533	1.928480694121e-17	3.102397336190e-18
9641.79150753	1.425101950809e-17	2.974170754281e-18
9645.44805548	1.529747319691e-17	3.104715946399e-18
9649.10453865	9.858955020572e-18	3.353459194494e-18
9652.76095653	1.320312114194e-17	3.634269902282e-18
9656.41730861	1.501639489329e-17	3.862347716386e-18
9660.07359437	1.265135281447e-17	4.151200353405e-18
9663.72981329	1.489177163817e-17	5.116689322083e-18
9667.38596485	1.650159862164e-17	5.523185767881e-18
9671.04204853	1.241100430761e-17	5.734324467301e-18
9674.69806381	2.824229982447e-17	5.980504919835e-18
9678.35401017	8.503783682553e-18	6.516770433714e-18
9682.00988708	7.432583772703e-18	6.432540103274e-18
9685.66569402	1.308646687859e-17	6.042197589428e-18
9689.32143047	1.375152201667e-17	5.203698791739e-18
9692.97709589	2.170319570012e-17	5.897252108594e-18
9696.63268977	1.635856482728e-17	6.437966643380e-18
9700.28821156	2.486508645565e-18	6.137989319126e-18
9703.94366075	2.071526013897e-17	5.557766382407e-18
9707.59903680	5.799540409353e-18	4.940796404336e-18
9711.25433917	7.677496703991e-18	5.352288540051e-18
9714.90956734	3.288898802246e-17	6.760226631790e-18
