   5.8801731e+03   1.0169857e+00
   5.8802010e+03   9.7602095e-01
   5.8802289e+03   9.5343714e-01
   5.8802569e+03   1.1995567e+00
   5.8802848e+03   1.0080795e+00
   5.8803127e+03   1.2532257e+00
   5.8803406e+03   8.4180238e-01
   5.8803685e+03   1.1943914e+00
   5.8803964e+03   8.9210762e-01
   5.8804243e+03   1.1988486e+00
   5.8804523e+03   1.1312043e+00
   5.8804802e+03   1.1021743e+00
   5.8805081e+03   9.5976619e-01
   5.8805360e+03   1.3066781e+00
   5.8805639e+03   7.7927762e-01
   5.8805918e+03   8.9945619e-01
   5.8806197e+03   9.4077667e-01
   5.8806476e+03   1.0416505e+00
   5.8806755e+03   7.8569429e-01
   5.8807034e+03   9.0598286e-01
   5.8807313e+03   1.2177876e+00
   5.8807592e+03   9.0635238e-01
   5.8807871e+03   1.1279800e+00
   5.8808150e+03   1.1323671e+00
   5.8808429e+03   1.2033733e+00
   5.8808708e+03   1.0182943e+00
   5.8808987e+03   1.1773286e+00
   5.8809266e+03   1.1528781e+00
   5.8809545e+03   1.0469762e+00
   5.8809824e+03   9.5723905e-01
   5.8810103e+03   9.7188143e-01
   5.8810382e+03   1.1293414e+00
   5.8810661e+03   6.3022524e-01
   5.8810940e+03   9.7457048e-01
   5.8811219e+03   9.0780905e-01
   5.8811498e+03   1.1492867e+00
   5.8811777e+03   8.8377905e-01
   5.8812056e+03   8.1827238e-01
   5.8812335e+03   9.9972000e-01
   5.8812613e+03   1.0149214e+00
   5.8812892e+03   1.1024129e+00
   5.8813171e+03   8.8468667e-01
   5.8813450e+03   1.0762652e+00
   5.8813729e+03   8.0719905e-01
   5.8814008e+03   1.0488390e+00
   5.8814287e+03   9.8745190e-01
   5.8814565e+03   1.0583057e+00
   5.8814844e+03   1.0403857e+00
   5.8815123e+03   1.0078433e+00
   5.8815402e+03   8.3278524e-01
   5.8815681e+03   9.2694000e-01
   5.8815960e+03   1.1600805e+00
   5.8816238e+03   1.1021005e+00
   5.8816517e+03   9.7879143e-01
   5.8816796e+03   8.9520333e-01
   5.8817075e+03   8.8648476e-01
   5.8817353e+03   1.2021581e+00
   5.8817632e+03   7.9963524e-01
   5.8817911e+03   1.2106219e+00
   5.8818190e+03   6.6517476e-01
   5.8818468e+03   9.8352190e-01
   5.8818747e+03   1.0409838e+00
   5.8819026e+03   9.2079714e-01
   5.8819305e+03   1.1008614e+00
   5.8819583e+03   9.7176524e-01
   5.8819862e+03   7.6288286e-01
   5.8820141e+03   1.1282005e+00
   5.8820419e+03   9.7021762e-01
   5.8820698e+03   9.0576714e-01
   5.8820977e+03   9.5176714e-01
   5.8821255e+03   1.0667705e+00
   5.8821534e+03   9.8462857e-01
   5.8821813e+03   1.0400514e+00
   5.8822091e+03   9.3936048e-01
   5.8822370e+03   9.6815190e-01
   5.8822648e+03   1.1031562e+00
   5.8822927e+03   1.0534281e+00
   5.8823206e+03   9.7840905e-01
   5.8823484e+03   9.7753048e-01
   5.8823763e+03   1.1629095e+00
   5.8824041e+03   1.0132462e+00
   5.8824320e+03   9.6097667e-01
   5.8824598e+03   8.9450095e-01
   5.8824877e+03   1.3346162e+00
   5.8825156e+03   9.1005952e-01
   5.8825434e+03   1.0654676e+00
   5.8825713e+03   8.5802524e-01
   5.8825991e+03   9.1859857e-01
   5.8826270e+03   8.8499143e-01
   5.8826548e+03   7.0901476e-01
   5.8826827e+03   1.1386262e+00
   5.8827105e+03   1.1479152e+00
   5.8827384e+03   1.0401810e+00
   5.8827662e+03   8.5028714e-01
   5.8827941e+03   8.9474667e-01
   5.8828219e+03   9.3058286e-01
   5.8828498e+03   1.2237424e+00
   5.8828776e+03   1.1018214e+00
   5.8829054e+03   9.8371429e-01
   5.8829333e+03   1.1799033e+00
   5.8829611e+03   9.8016048e-01
   5.8829890e+03   1.1403590e+00
   5.8830168e+03   1.0224581e+00
   5.8830446e+03   8.7881381e-01
   5.8830725e+03   9.2369381e-01
   5.8831003e+03   9.7822714e-01
   5.8831282e+03   1.0654652e+00
   5.8831560e+03   9.5660524e-01
   5.8831838e+03   1.2336181e+00
   5.8832117e+03   1.0921686e+00
   5.8832395e+03   1.0307181e+00
   5.8832673e+03   1.1350243e+00
   5.8832952e+03   1.1134471e+00
   5.8833230e+03   8.1617952e-01
   5.8833508e+03   9.6402048e-01
   5.8833787e+03   9.0509619e-01
   5.8834065e+03   1.2533048e+00
   5.8834343e+03   9.8418190e-01
   5.8834621e+03   9.5589667e-01
   5.8834900e+03   7.9636714e-01
   5.8835178e+03   1.0413071e+00
   5.8835456e+03   1.0434286e+00
   5.8835735e+03   6.9051762e-01
   5.8836013e+03   8.8612381e-01
   5.8836291e+03   8.2140381e-01
   5.8836569e+03   1.2138357e+00
   5.8836847e+03   9.3534810e-01
   5.8837126e+03   1.0150495e+00
   5.8837404e+03   1.0158767e+00
   5.8837682e+03   8.8008619e-01
   5.8837960e+03   1.0686552e+00
   5.8838238e+03   8.0716571e-01
   5.8838517e+03   1.0367700e+00
   5.8838795e+03   9.9720810e-01
   5.8839073e+03   8.9963143e-01
   5.8839351e+03   9.8613667e-01
   5.8839629e+03   8.8906667e-01
   5.8839907e+03   1.0520881e+00
   5.8840185e+03   8.9769571e-01
   5.8840464e+03   8.9516619e-01
   5.8840742e+03   9.8541667e-01
   5.8841020e+03   7.6873857e-01
   5.8841298e+03   8.2991286e-01
   5.8841576e+03   9.3289143e-01
   5.8841854e+03   9.3824143e-01
   5.8842132e+03   1.1559757e+00
   5.8842410e+03   8.9668476e-01
   5.8842688e+03   9.0338333e-01
   5.8842966e+03   9.4024857e-01
   5.8843244e+03   1.1284343e+00
   5.8843522e+03   9.5333667e-01
   5.8843800e+03   9.9852571e-01
   5.8844078e+03   9.0481095e-01
   5.8844356e+03   1.0798886e+00
   5.8844634e+03   8.4215619e-01
   5.8844912e+03   9.3418143e-01
   5.8845190e+03   1.2108986e+00
   5.8845468e+03   9.1891952e-01
   5.8845746e+03   9.8258571e-01
   5.8846024e+03   9.0698381e-01
   5.8846302e+03   1.1247900e+00
   5.8846580e+03   1.0473538e+00
   5.8846858e+03   1.0012167e+00
   5.8847136e+03   8.6971095e-01
   5.8847414e+03   1.1925557e+00
   5.8847692e+03   1.1728600e+00
   5.8847970e+03   9.2931286e-01
   5.8848248e+03   1.3051114e+00
   5.8848526e+03   1.2235910e+00
   5.8848803e+03   1.1337124e+00
   5.8849081e+03   1.0304205e+00
   5.8849359e+03   1.0906305e+00
   5.8849637e+03   1.0610681e+00
   5.8849915e+03   1.0374462e+00
   5.8850193e+03   9.0091905e-01
   5.8850470e+03   1.3037733e+00
   5.8850748e+03   1.0515733e+00
   5.8851026e+03   1.0187543e+00
   5.8851304e+03   1.0092729e+00
   5.8851582e+03   1.1248429e+00
   5.8851860e+03   9.7421286e-01
   5.8852137e+03   7.9110429e-01
   5.8852415e+03   9.6317524e-01
   5.8852693e+03   9.2699524e-01
   5.8852971e+03   1.1324110e+00
   5.8853248e+03   7.9475095e-01
   5.8853526e+03   9.0600905e-01
   5.8853804e+03   1.1370248e+00
   5.8854082e+03   9.0820714e-01
   5.8854359e+03   9.7989524e-01
   5.8854637e+03   9.0660810e-01
   5.8854915e+03   9.8148810e-01
   5.8855192e+03   1.0873333e+00
   5.8855470e+03   1.0760129e+00
   5.8855748e+03   8.7025667e-01
   5.8856025e+03   1.1273181e+00
   5.8856303e+03   1.0071029e+00
   5.8856581e+03   1.1186143e+00
   5.8856858e+03   8.1786952e-01
   5.8857136e+03   9.6540714e-01
   5.8857414e+03   1.0454405e+00
   5.8857691e+03   8.7158381e-01
   5.8857969e+03   1.0053795e+00
   5.8858247e+03   1.0322424e+00
   5.8858524e+03   1.0306152e+00
   5.8858802e+03   8.4573714e-01
   5.8859079e+03   7.5405381e-01
   5.8859357e+03   8.4093476e-01
   5.8859634e+03   9.7929810e-01
   5.8859912e+03   9.9942286e-01
   5.8860190e+03   9.7095810e-01
   5.8860467e+03   8.2826524e-01
   5.8860745e+03   1.1530367e+00
   5.8861022e+03   8.6365667e-01
   5.8861300e+03   9.6368190e-01
   5.8861577e+03   1.1370900e+00
   5.8861855e+03   9.2335381e-01
   5.8862132e+03   9.0563810e-01
   5.8862410e+03   9.7939667e-01
   5.8862687e+03   8.7482667e-01
   5.8862965e+03   1.0213743e+00
   5.8863242e+03   1.2937133e+00
   5.8863520e+03   1.0548695e+00
   5.8863797e+03   1.1219767e+00
   5.8864074e+03   1.0708400e+00
   5.8864352e+03   1.1860848e+00
   5.8864629e+03   8.8399476e-01
   5.8864907e+03   8.2246571e-01
   5.8865184e+03   8.8954000e-01
   5.8865461e+03   1.0322462e+00
   5.8865739e+03   1.1286005e+00
   5.8866016e+03   1.1505538e+00
   5.8866294e+03   9.0109000e-01
   5.8866571e+03   1.0426805e+00
   5.8866848e+03   1.0106152e+00
   5.8867126e+03   1.0251443e+00
   5.8867403e+03   8.5876238e-01
   5.8867680e+03   1.1862014e+00
   5.8867958e+03   1.0853590e+00
   5.8868235e+03   1.1201448e+00
   5.8868512e+03   8.2418952e-01
   5.8868790e+03   8.3228476e-01
   5.8869067e+03   9.2495000e-01
   5.8869344e+03   9.2292524e-01
   5.8869621e+03   8.4371000e-01
   5.8869899e+03   8.6589952e-01
   5.8870176e+03   9.6257429e-01
   5.8870453e+03   1.1878071e+00
   5.8870730e+03   9.7599619e-01
   5.8871008e+03   1.0939414e+00
   5.8871285e+03   6.9982762e-01
   5.8871562e+03   7.7405429e-01
   5.8871839e+03   1.0715005e+00
   5.8872117e+03   1.0285871e+00
   5.8872394e+03   9.2274952e-01
   5.8872671e+03   9.4861714e-01
   5.8872948e+03   9.4663667e-01
   5.8873225e+03   5.2351714e-01
   5.8873502e+03   1.0342395e+00
   5.8873780e+03   1.0303905e+00
   5.8874057e+03   1.2193614e+00
   5.8874334e+03   1.1222990e+00
   5.8874611e+03   1.0422805e+00
   5.8874888e+03   1.1962514e+00
   5.8875165e+03   1.0980824e+00
   5.8875442e+03   1.0822429e+00
   5.8875719e+03   1.1257867e+00
   5.8875997e+03   1.0357219e+00
   5.8876274e+03   9.9522857e-01
   5.8876551e+03   9.1945238e-01
   5.8876828e+03   8.2498048e-01
   5.8877105e+03   6.9898667e-01
   5.8877382e+03   7.1979000e-01
   5.8877659e+03   8.7458952e-01
   5.8877936e+03   9.9993905e-01
   5.8878213e+03   1.0541767e+00
   5.8878490e+03   8.7999095e-01
   5.8878767e+03   9.1373048e-01
   5.8879044e+03   9.1003476e-01
   5.8879321e+03   1.0316476e+00
   5.8879598e+03   1.0809643e+00
   5.8879875e+03   8.6618905e-01
   5.8880152e+03   1.1576019e+00
   5.8880429e+03   9.4792286e-01
   5.8880706e+03   1.1302043e+00
   5.8880983e+03   9.2794857e-01
   5.8881260e+03   8.5969857e-01
   5.8881537e+03   1.0680695e+00
   5.8881813e+03   1.0343143e+00
   5.8882090e+03   9.3588333e-01
   5.8882367e+03   9.0655857e-01
   5.8882644e+03   1.0588800e+00
   5.8882921e+03   6.9208619e-01
   5.8883198e+03   9.7114524e-01
   5.8883475e+03   1.2771338e+00
   5.8883752e+03   1.1520138e+00
   5.8884028e+03   9.9579476e-01
   5.8884305e+03   1.0626095e+00
   5.8884582e+03   9.7729238e-01
   5.8884859e+03   1.1137914e+00
   5.8885136e+03   1.0261443e+00
   5.8885413e+03   1.1245705e+00
   5.8885689e+03   9.7071238e-01
   5.8885966e+03   1.0177295e+00
   5.8886243e+03   9.8682095e-01
   5.8886520e+03   1.1358595e+00
   5.8886797e+03   8.8963524e-01
   5.8887073e+03   1.1001833e+00
   5.8887350e+03   1.2280729e+00
   5.8887627e+03   8.3257048e-01
   5.8887904e+03   9.5897571e-01
   5.8888180e+03   1.0108957e+00
   5.8888457e+03   1.0452776e+00
   5.8888734e+03   8.4783143e-01
   5.8889010e+03   8.2079286e-01
   5.8889287e+03   1.0054695e+00
   5.8889564e+03   8.1708524e-01
   5.8889840e+03   8.3647619e-01
   5.8890117e+03   1.0006000e+00
   5.8890394e+03   8.6496143e-01
   5.8890670e+03   9.5169381e-01
   5.8890947e+03   7.9614429e-01
   5.8891224e+03   1.2505605e+00
   5.8891500e+03   8.6326286e-01
   5.8891777e+03   6.9299095e-01
   5.8892054e+03   7.7858762e-01
   5.8892330e+03   9.4524190e-01
   5.8892607e+03   9.1849476e-01
   5.8892883e+03   1.1236610e+00
   5.8893160e+03   1.0306495e+00
   5.8893436e+03   9.1125476e-01
   5.8893713e+03   7.7561333e-01
   5.8893990e+03   1.0910381e+00
   5.8894266e+03   9.2536571e-01
   5.8894543e+03   7.6053667e-01
   5.8894819e+03   9.8802000e-01
   5.8895096e+03   1.3479305e+00
   5.8895372e+03   7.9855333e-01
   5.8895649e+03   1.4021390e+00
   5.8895925e+03   1.2321771e+00
   5.8896202e+03   7.7975143e-01
   5.8896478e+03   7.9495714e-01
   5.8896755e+03   8.9849143e-01
   5.8897031e+03   9.6005524e-01
   5.8897307e+03   1.0013571e+00
   5.8897584e+03   8.9281952e-01
   5.8897860e+03   1.0569771e+00
   5.8898137e+03   8.4627095e-01
   5.8898413e+03   8.0250762e-01
   5.8898690e+03   8.3357000e-01
   5.8898966e+03   9.8666429e-01
   5.8899242e+03   1.0630610e+00
   5.8899519e+03   8.9521238e-01
   5.8899795e+03   1.0816005e+00
   5.8900072e+03   9.4496429e-01
   5.8900348e+03   9.4679095e-01
   5.8900624e+03   9.0937095e-01
   5.8900901e+03   8.0148667e-01
   5.8901177e+03   8.3011333e-01
   5.8901453e+03   1.2276257e+00
   5.8901730e+03   1.0163352e+00
   5.8902006e+03   6.7475762e-01
   5.8902282e+03   9.2717571e-01
   5.8902558e+03   1.2285748e+00
   5.8902835e+03   8.6851286e-01
   5.8903111e+03   1.1845829e+00
   5.8903387e+03   1.0774695e+00
   5.8903664e+03   8.4029048e-01
   5.8903940e+03   8.2284095e-01
   5.8904216e+03   9.9957000e-01
   5.8904492e+03   9.9020524e-01
   5.8904768e+03   9.9437571e-01
   5.8905045e+03   1.0068976e+00
   5.8905321e+03   9.9371190e-01
   5.8905597e+03   1.1043919e+00
   5.8905873e+03   9.5232810e-01
   5.8906149e+03   8.8650095e-01
   5.8906426e+03   1.0438205e+00
   5.8906702e+03   1.1312810e+00
   5.8906978e+03   6.7569190e-01
   5.8907254e+03   1.0370319e+00
   5.8907530e+03   1.0210929e+00
   5.8907806e+03   7.4156238e-01
   5.8908082e+03   8.1895619e-01
   5.8908359e+03   1.0269471e+00
   5.8908635e+03   9.6517857e-01
   5.8908911e+03   7.3976286e-01
   5.8909187e+03   7.9664143e-01
   5.8909463e+03   8.0640857e-01
   5.8909739e+03   8.1347762e-01
   5.8910015e+03   6.8070714e-01
   5.8910291e+03   3.4176971e-01
   5.8910567e+03   2.8307243e-01
   5.8910843e+03   3.3333757e-01
   5.8911119e+03   1.0815105e-01
   5.8911395e+03   1.6328790e-01
   5.8911671e+03   1.9107857e-01
   5.8911947e+03   3.9203424e-01
   5.8912223e+03   7.7596143e-01
   5.8912499e+03  -2.4754533e-01
   5.8912775e+03  -1.3695767e-01
   5.8913051e+03   1.9337762e-01
   5.8913327e+03   1.0332429e+00
   5.8913603e+03   4.4889690e-01
   5.8913879e+03   1.3736733e-01
   5.8914155e+03   4.6700976e-01
   5.8914431e+03   5.3417857e-01
   5.8914707e+03   1.0121848e+00
   5.8914983e+03   7.6952238e-01
   5.8915259e+03   1.0052929e+00
   5.8915534e+03   1.3175652e+00
   5.8915810e+03   8.5767381e-01
   5.8916086e+03   8.1598095e-01
   5.8916362e+03   8.9032190e-01
   5.8916638e+03   1.1583643e+00
   5.8916914e+03   1.1413514e+00
   5.8917190e+03   1.1863576e+00
   5.8917465e+03   8.6080238e-01
   5.8917741e+03   9.9204810e-01
   5.8918017e+03   9.7627286e-01
   5.8918293e+03   1.0195262e+00
   5.8918569e+03   9.2537238e-01
   5.8918845e+03   1.0750133e+00
   5.8919120e+03   9.6794667e-01
   5.8919396e+03   1.0108438e+00
   5.8919672e+03   1.0681462e+00
   5.8919948e+03   8.5983714e-01
   5.8920223e+03   1.0447705e+00
   5.8920499e+03   9.0059190e-01
   5.8920775e+03   9.8205429e-01
   5.8921051e+03   1.0776486e+00
   5.8921326e+03   9.8933429e-01
   5.8921602e+03   9.8961095e-01
   5.8921878e+03   1.0094257e+00
   5.8922153e+03   1.0241357e+00
   5.8922429e+03   8.9396524e-01
   5.8922705e+03   1.2138119e+00
   5.8922980e+03   9.0029952e-01
   5.8923256e+03   7.7972571e-01
   5.8923532e+03   1.0605329e+00
   5.8923807e+03   1.0052238e+00
   5.8924083e+03   9.1190048e-01
   5.8924358e+03   1.0958319e+00
   5.8924634e+03   1.0697005e+00
   5.8924910e+03   1.0820562e+00
   5.8925185e+03   1.0910533e+00
   5.8925461e+03   8.9649857e-01
   5.8925736e+03   1.0795410e+00
   5.8926012e+03   1.0031076e+00
   5.8926288e+03   9.7639286e-01
   5.8926563e+03   9.1363619e-01
   5.8926839e+03   9.3847333e-01
   5.8927114e+03   1.0297624e+00
   5.8927390e+03   1.0839429e+00
   5.8927665e+03   9.8155000e-01
   5.8927941e+03   9.2286762e-01
   5.8928216e+03   1.0696814e+00
   5.8928492e+03   9.3392095e-01
   5.8928767e+03   9.7917095e-01
   5.8929043e+03   1.0996100e+00
   5.8929318e+03   9.8798190e-01
   5.8929594e+03   8.3957571e-01
   5.8929869e+03   1.0349367e+00
   5.8930144e+03   1.0277352e+00
   5.8930420e+03   9.2879333e-01
   5.8930695e+03   9.7517286e-01
   5.8930971e+03   1.0097943e+00
   5.8931246e+03   1.0813724e+00
   5.8931521e+03   8.5711048e-01
   5.8931797e+03   1.1045819e+00
   5.8932072e+03   1.1479943e+00
   5.8932348e+03   9.7957810e-01
   5.8932623e+03   9.2016143e-01
   5.8932898e+03   1.0141162e+00
   5.8933174e+03   9.5125571e-01
   5.8933449e+03   1.0101462e+00
   5.8933724e+03   1.0056162e+00
   5.8934000e+03   8.8705143e-01
   5.8934275e+03   9.2437333e-01
   5.8934550e+03   1.0238295e+00
   5.8934825e+03   1.1422095e+00
   5.8935101e+03   1.0428633e+00
   5.8935376e+03   9.1244190e-01
   5.8935651e+03   9.0826952e-01
   5.8935927e+03   9.0064429e-01
   5.8936202e+03   9.8957762e-01
   5.8936477e+03   1.1194129e+00
   5.8936752e+03   1.1258443e+00
   5.8937027e+03   9.8184667e-01
   5.8937303e+03   1.3412605e+00
   5.8937578e+03   1.0393262e+00
   5.8937853e+03   7.8825714e-01
   5.8938128e+03   9.5316381e-01
   5.8938403e+03   1.1054038e+00
   5.8938679e+03   9.3389714e-01
   5.8938954e+03   9.7053143e-01
   5.8939229e+03   1.1028743e+00
   5.8939504e+03   9.9016238e-01
   5.8939779e+03   9.4323714e-01
   5.8940054e+03   9.1881143e-01
   5.8940329e+03   1.0774619e+00
   5.8940604e+03   8.6072619e-01
   5.8940880e+03   9.1297095e-01
   5.8941155e+03   8.4887619e-01
   5.8941430e+03   1.1134290e+00
   5.8941705e+03   7.9817952e-01
   5.8941980e+03   9.1113857e-01
   5.8942255e+03   9.8081095e-01
   5.8942530e+03   7.7661095e-01
   5.8942805e+03   8.5899048e-01
   5.8943080e+03   9.6331571e-01
   5.8943355e+03   7.6879476e-01
   5.8943630e+03   9.7706714e-01
   5.8943905e+03   9.6518143e-01
   5.8944180e+03   9.3094429e-01
   5.8944455e+03   1.0485429e+00
   5.8944730e+03   8.5576190e-01
   5.8945005e+03   1.0575671e+00
   5.8945280e+03   1.0350295e+00
   5.8945555e+03   1.0024538e+00
   5.8945830e+03   1.0946543e+00
   5.8946105e+03   8.9607238e-01
   5.8946380e+03   9.8447286e-01
   5.8946654e+03   7.5081762e-01
   5.8946929e+03   1.0520881e+00
   5.8947204e+03   9.5508762e-01
   5.8947479e+03   8.7790619e-01
   5.8947754e+03   9.5875143e-01
   5.8948029e+03   1.0187424e+00
   5.8948304e+03   9.2510476e-01
   5.8948579e+03   9.6125952e-01
   5.8948853e+03   9.9607762e-01
   5.8949128e+03   1.0481157e+00
   5.8949403e+03   1.2182852e+00
   5.8949678e+03   8.4818762e-01
   5.8949953e+03   1.2122533e+00
   5.8950227e+03   7.9129667e-01
   5.8950502e+03   9.1333619e-01
   5.8950777e+03   7.1702095e-01
   5.8951052e+03   1.1773667e+00
   5.8951327e+03   8.4431238e-01
   5.8951601e+03   9.0600571e-01
   5.8951876e+03   9.7834190e-01
   5.8952151e+03   1.0369405e+00
   5.8952426e+03   8.6437048e-01
   5.8952700e+03   1.0682452e+00
   5.8952975e+03   9.6454905e-01
   5.8953250e+03   8.4698333e-01
   5.8953524e+03   9.5168333e-01
   5.8953799e+03   1.0082157e+00
   5.8954074e+03   1.1294319e+00
   5.8954348e+03   9.0087667e-01
   5.8954623e+03   9.1411571e-01
   5.8954898e+03   8.7156286e-01
   5.8955172e+03   9.0721524e-01
   5.8955447e+03   9.0972238e-01
   5.8955721e+03   9.7027571e-01
   5.8955996e+03   1.0420305e+00
   5.8956271e+03   8.4607952e-01
   5.8956545e+03   8.5897286e-01
   5.8956820e+03   1.0191952e+00
   5.8957094e+03   8.2492000e-01
   5.8957369e+03   9.7066524e-01
   5.8957644e+03   1.0875290e+00
   5.8957918e+03   1.1416543e+00
   5.8958193e+03   9.7381238e-01
   5.8958467e+03   8.5896619e-01
   5.8958742e+03   8.4214143e-01
   5.8959016e+03   1.0872838e+00
   5.8959291e+03   1.0280205e+00
   5.8959565e+03   9.2758238e-01
   5.8959840e+03   9.4665857e-01
   5.8960114e+03   1.1181290e+00
   5.8960389e+03   1.0067643e+00
   5.8960663e+03   7.5764333e-01
   5.8960938e+03   8.7220857e-01
   5.8961212e+03   8.6171571e-01
   5.8961486e+03   9.3957714e-01
   5.8961761e+03   1.0663181e+00
   5.8962035e+03   1.0134538e+00
   5.8962310e+03   1.0601395e+00
   5.8962584e+03   9.8658095e-01
   5.8962858e+03   9.3600048e-01
   5.8963133e+03   9.4376381e-01
   5.8963407e+03   1.0392871e+00
   5.8963681e+03   8.3007476e-01
   5.8963956e+03   9.3941238e-01
   5.8964230e+03   1.1185257e+00
   5.8964504e+03   9.2774810e-01
   5.8964779e+03   9.2128381e-01
   5.8965053e+03   9.0175810e-01
   5.8965327e+03   1.0738610e+00
   5.8965602e+03   9.0810952e-01
   5.8965876e+03   1.0096148e+00
   5.8966150e+03   9.2239524e-01
   5.8966425e+03   1.0519138e+00
   5.8966699e+03   8.9060952e-01
   5.8966973e+03   7.9152571e-01
   5.8967247e+03   1.0026586e+00
   5.8967522e+03   7.9685238e-01
   5.8967796e+03   8.9517429e-01
   5.8968070e+03   8.6137095e-01
   5.8968344e+03   8.9155810e-01
   5.8968618e+03   8.6951762e-01
   5.8968893e+03   8.4253762e-01
   5.8969167e+03   7.9607714e-01
   5.8969441e+03   7.7826381e-01
   5.8969715e+03   7.4291143e-01
   5.8969989e+03   4.8685571e-01
   5.8970263e+03   7.0035286e-01
   5.8970537e+03   3.0815581e-01
   5.8970812e+03   3.6712529e-01
   5.8971086e+03   2.3335867e-01
   5.8971360e+03   9.9320524e-03
   5.8971634e+03   1.9805095e-02
   5.8971908e+03   5.4008762e-01
   5.8972182e+03  -4.8244810e-02
   5.8972456e+03   8.2617810e-01
   5.8972730e+03   6.6268000e-01
   5.8973004e+03   1.3090376e+00
   5.8973278e+03   1.0643543e+00
   5.8973552e+03  -1.2613457e-02
   5.8973826e+03   6.1234333e-01
   5.8974100e+03   7.4045952e-01
   5.8974374e+03   7.3842905e-01
   5.8974648e+03   9.3366333e-01
   5.8974922e+03   1.0212343e+00
   5.8975196e+03   1.1312057e+00
   5.8975470e+03   9.5037905e-01
   5.8975744e+03   8.9364381e-01
   5.8976018e+03   1.1535967e+00
   5.8976292e+03   9.0841667e-01
   5.8976566e+03   1.1175390e+00
   5.8976840e+03   9.8115619e-01
   5.8977114e+03   9.9597238e-01
   5.8977388e+03   8.6854476e-01
   5.8977662e+03   8.3796048e-01
   5.8977936e+03   1.0262224e+00
   5.8978209e+03   8.7422476e-01
   5.8978483e+03   7.2505476e-01
   5.8978757e+03   1.0790633e+00
   5.8979031e+03   9.8393000e-01
   5.8979305e+03   1.0850352e+00
   5.8979579e+03   6.1088381e-01
   5.8979853e+03   1.0298081e+00
   5.8980126e+03   1.0397695e+00
   5.8980400e+03   7.9553333e-01
   5.8980674e+03   9.9369095e-01
   5.8980948e+03   1.0772833e+00
   5.8981222e+03   1.0036743e+00
   5.8981495e+03   1.1257581e+00
   5.8981769e+03   8.6159000e-01
   5.8982043e+03   1.0102376e+00
   5.8982317e+03   1.2128510e+00
   5.8982590e+03   1.0917543e+00
   5.8982864e+03   1.0646652e+00
   5.8983138e+03   1.0437600e+00
   5.8983411e+03   9.9342667e-01
   5.8983685e+03   1.0600038e+00
   5.8983959e+03   8.7848762e-01
   5.8984232e+03   9.3050905e-01
   5.8984506e+03   9.3442000e-01
   5.8984780e+03   1.0538276e+00
   5.8985053e+03   9.5029524e-01
   5.8985327e+03   1.1277962e+00
   5.8985601e+03   8.6483000e-01
   5.8985874e+03   8.2022143e-01
   5.8986148e+03   8.7639143e-01
   5.8986422e+03   8.1072000e-01
   5.8986695e+03   6.4260762e-01
   5.8986969e+03   1.1152224e+00
   5.8987242e+03   1.0094100e+00
   5.8987516e+03   9.4991095e-01
   5.8987789e+03   8.8599714e-01
   5.8988063e+03   1.0334224e+00
   5.8988337e+03   9.4070429e-01
   5.8988610e+03   1.1075843e+00
   5.8988884e+03   7.7389333e-01
   5.8989157e+03   1.1158471e+00
   5.8989431e+03   9.1253619e-01
   5.8989704e+03   9.6034619e-01
   5.8989978e+03   9.2315619e-01
   5.8990251e+03   9.8062524e-01
   5.8990524e+03   1.0392686e+00
   5.8990798e+03   1.0811319e+00
   5.8991071e+03   1.0584100e+00
   5.8991345e+03   9.5450619e-01
   5.8991618e+03   1.0798300e+00
   5.8991892e+03   1.1519490e+00
   5.8992165e+03   1.0593452e+00
   5.8992438e+03   8.3684381e-01
   5.8992712e+03   8.7321905e-01
   5.8992985e+03   8.5022143e-01
   5.8993259e+03   1.0265867e+00
   5.8993532e+03   1.0207952e+00
   5.8993805e+03   8.3026286e-01
   5.8994079e+03   1.1299581e+00
   5.8994352e+03   1.0228067e+00
   5.8994625e+03   9.5167000e-01
   5.8994899e+03   9.8445143e-01
   5.8995172e+03   1.0968248e+00
   5.8995445e+03   8.8725048e-01
   5.8995719e+03   8.8137286e-01
   5.8995992e+03   1.1515419e+00
   5.8996265e+03   9.7684619e-01
   5.8996538e+03   1.1287262e+00
   5.8996812e+03   7.8294048e-01
   5.8997085e+03   1.0685352e+00
   5.8997358e+03   9.9549714e-01
   5.8997631e+03   1.0222305e+00
   5.8997905e+03   8.6518095e-01
   5.8998178e+03   1.0397371e+00
   5.8998451e+03   9.4300952e-01
   5.8998724e+03   8.9665905e-01
   5.8998997e+03   8.4817333e-01
   5.8999270e+03   8.9938286e-01
   5.8999544e+03   9.6631619e-01
   5.8999817e+03   1.0591910e+00
   5.9000090e+03   8.6668524e-01
   5.9000363e+03   9.5078524e-01
   5.9000636e+03   9.7940095e-01
   5.9000909e+03   1.1229219e+00
   5.9001182e+03   8.6520286e-01
   5.9001455e+03   9.1098000e-01
   5.9001729e+03   1.1040081e+00
   5.9002002e+03   7.6361619e-01
   5.9002275e+03   9.9320095e-01
   5.9002548e+03   1.0117743e+00
   5.9002821e+03   9.0908857e-01
   5.9003094e+03   1.1410276e+00
   5.9003367e+03   9.0064952e-01
   5.9003640e+03   7.3259333e-01
   5.9003913e+03   7.4450762e-01
   5.9004186e+03   8.9395286e-01
   5.9004459e+03   9.3210429e-01
   5.9004732e+03   9.2453000e-01
   5.9005005e+03   9.9733000e-01
   5.9005278e+03   9.8290476e-01
   5.9005551e+03   1.0578662e+00
   5.9005824e+03   1.0581148e+00
   5.9006097e+03   8.2511190e-01
   5.9006370e+03   1.1649276e+00
   5.9006642e+03   1.0152752e+00
   5.9006915e+03   9.3803000e-01
   5.9007188e+03   7.8563476e-01
   5.9007461e+03   9.9152286e-01
   5.9007734e+03   9.3529143e-01
   5.9008007e+03   7.0703857e-01
   5.9008280e+03   8.5149095e-01
   5.9008553e+03   8.7588333e-01
   5.9008825e+03   8.7784286e-01
   5.9009098e+03   9.6646476e-01
   5.9009371e+03   7.7113762e-01
   5.9009644e+03   1.0240267e+00
   5.9009917e+03   9.8269571e-01
   5.9010190e+03   8.9784571e-01
   5.9010462e+03   9.7557905e-01
   5.9010735e+03   9.2800619e-01
   5.9011008e+03   7.0534476e-01
   5.9011281e+03   1.0417000e+00
   5.9011553e+03   1.0031352e+00
   5.9011826e+03   1.0161710e+00
   5.9012099e+03   1.0035471e+00
   5.9012372e+03   8.0150714e-01
   5.9012644e+03   9.4725333e-01
   5.9012917e+03   9.2697381e-01
   5.9013190e+03   9.1169095e-01
   5.9013462e+03   9.0481571e-01
   5.9013735e+03   9.8438619e-01
   5.9014008e+03   1.0343310e+00
   5.9014280e+03   8.6794381e-01
   5.9014553e+03   9.4729333e-01
   5.9014826e+03   1.0534724e+00
   5.9015098e+03   9.9960714e-01
   5.9015371e+03   1.1804986e+00
   5.9015643e+03   1.0787362e+00
   5.9015916e+03   1.0314462e+00
   5.9016189e+03   8.9426048e-01
   5.9016461e+03   8.6373048e-01
   5.9016734e+03   1.0677886e+00
   5.9017006e+03   8.1663048e-01
   5.9017279e+03   9.7441000e-01
   5.9017551e+03   9.8617333e-01
   5.9017824e+03   9.6286095e-01
   5.9018096e+03   1.0605605e+00
   5.9018369e+03   8.2968333e-01
   5.9018641e+03   9.8964762e-01
   5.9018914e+03   1.1000952e+00
   5.9019186e+03   1.1175362e+00
   5.9019459e+03   9.6289143e-01
   5.9019731e+03   9.8114095e-01
   5.9020004e+03   9.8569762e-01
   5.9020276e+03   7.8102667e-01
   5.9020549e+03   1.0198005e+00
   5.9020821e+03   1.0135852e+00
   5.9021094e+03   1.0177286e+00
   5.9021366e+03   1.0396652e+00
   5.9021638e+03   9.0765429e-01
   5.9021911e+03   9.4567286e-01
   5.9022183e+03   9.4343667e-01
   5.9022455e+03   9.5879190e-01
   5.9022728e+03   8.2580000e-01
   5.9023000e+03   7.6868476e-01
   5.9023273e+03   8.9507190e-01
   5.9023545e+03   9.0613905e-01
   5.9023817e+03   1.0287329e+00
   5.9024089e+03   9.4958238e-01
   5.9024362e+03   1.0646943e+00
   5.9024634e+03   9.6543476e-01
   5.9024906e+03   7.9079238e-01
   5.9025179e+03   8.6996952e-01
   5.9025451e+03   9.9548286e-01
   5.9025723e+03   9.5463524e-01
   5.9025995e+03   8.2152667e-01
   5.9026268e+03   8.9326429e-01
   5.9026540e+03   1.0212271e+00
   5.9026812e+03   1.1213300e+00
   5.9027084e+03   1.0008862e+00
   5.9027356e+03   9.0129143e-01
   5.9027629e+03   9.4474762e-01
   5.9027901e+03   1.0175067e+00
   5.9028173e+03   1.1543357e+00
   5.9028445e+03   7.2449571e-01
   5.9028717e+03   1.1780114e+00
   5.9028989e+03   9.3934524e-01
   5.9029262e+03   1.0114043e+00
   5.9029534e+03   1.1259614e+00
   5.9029806e+03   9.7156095e-01
   5.9030078e+03   9.3922810e-01
   5.9030350e+03   9.3561333e-01
   5.9030622e+03   8.7898619e-01
   5.9030894e+03   1.1496890e+00
   5.9031166e+03   9.2740000e-01
   5.9031438e+03   8.1090095e-01
   5.9031710e+03   1.0856614e+00
   5.9031982e+03   9.1822619e-01
   5.9032254e+03   7.8165571e-01
   5.9032526e+03   9.0115238e-01
   5.9032798e+03   9.9258238e-01
   5.9033070e+03   1.0089724e+00
   5.9033342e+03   9.5343000e-01
   5.9033614e+03   9.6724286e-01
   5.9033886e+03   9.2951905e-01
   5.9034158e+03   9.9449476e-01
   5.9034430e+03   9.5271286e-01
   5.9034702e+03   8.6280524e-01
   5.9034974e+03   8.9631429e-01
   5.9035246e+03   9.2150619e-01
   5.9035518e+03   8.4774095e-01
   5.9035790e+03   1.0488681e+00
   5.9036062e+03   9.8764571e-01
   5.9036334e+03   9.6778810e-01
   5.9036605e+03   1.0162514e+00
   5.9036877e+03   8.9129905e-01
   5.9037149e+03   1.0435781e+00
   5.9037421e+03   8.8332762e-01
   5.9037693e+03   1.0471505e+00
   5.9037965e+03   9.0750476e-01
   5.9038236e+03   8.1183810e-01
   5.9038508e+03   1.0923395e+00
   5.9038780e+03   7.7607143e-01
   5.9039052e+03   9.9068619e-01
   5.9039324e+03   9.5806000e-01
   5.9039595e+03   9.9556857e-01
   5.9039867e+03   9.2823714e-01
   5.9040139e+03   1.0612186e+00
   5.9040411e+03   1.0083271e+00
   5.9040682e+03   1.0074014e+00
   5.9040954e+03   9.7124571e-01
   5.9041226e+03   1.0491795e+00
   5.9041497e+03   1.0719943e+00
   5.9041769e+03   7.3451143e-01
   5.9042041e+03   9.0305190e-01
   5.9042312e+03   1.0059824e+00
   5.9042584e+03   9.2611952e-01
   5.9042856e+03   8.0887714e-01
   5.9043127e+03   8.2846810e-01
   5.9043399e+03   1.0592614e+00
   5.9043671e+03   9.8978762e-01
   5.9043942e+03   7.9788429e-01
   5.9044214e+03   8.1957905e-01
   5.9044485e+03   5.4974476e-01
   5.9044757e+03   9.8175000e-01
   5.9045029e+03   1.0152652e+00
   5.9045300e+03   8.3443857e-01
   5.9045572e+03   1.0556705e+00
   5.9045843e+03   8.4202190e-01
   5.9046115e+03   9.7213667e-01
   5.9046386e+03   8.8173857e-01
   5.9046658e+03   7.9330238e-01
   5.9046929e+03   1.1653048e+00
   5.9047201e+03   1.0325171e+00
   5.9047472e+03   9.2291476e-01
   5.9047744e+03   9.6915524e-01
   5.9048015e+03   1.1311781e+00
   5.9048287e+03   9.8046000e-01
   5.9048558e+03   1.0964476e+00
   5.9048830e+03   9.7332667e-01
   5.9049101e+03   9.0497000e-01
   5.9049372e+03   1.2108224e+00
   5.9049644e+03   9.4958667e-01
   5.9049915e+03   1.1041824e+00
   5.9050187e+03   9.1129905e-01
   5.9050458e+03   1.0238081e+00
   5.9050729e+03   1.0308319e+00
   5.9051001e+03   1.1512414e+00
   5.9051272e+03   8.8324048e-01
   5.9051543e+03   1.1165452e+00
   5.9051815e+03   9.7940952e-01
   5.9052086e+03   9.4468619e-01
   5.9052357e+03   7.6317190e-01
   5.9052629e+03   9.9872571e-01
   5.9052900e+03   8.6793286e-01
   5.9053171e+03   1.0184152e+00
   5.9053442e+03   9.5106952e-01
   5.9053714e+03   9.0039095e-01
   5.9053985e+03   8.8335619e-01
   5.9054256e+03   9.6738238e-01
   5.9054527e+03   1.0235738e+00
   5.9054799e+03   1.1183610e+00
   5.9055070e+03   1.2363605e+00
   5.9055341e+03   1.0042243e+00
   5.9055612e+03   9.7182810e-01
   5.9055883e+03   1.0237343e+00
   5.9056155e+03   6.7861619e-01
   5.9056426e+03   9.0545524e-01
   5.9056697e+03   9.5469476e-01
   5.9056968e+03   9.0355429e-01
   5.9057239e+03   9.7079905e-01
   5.9057510e+03   9.7734333e-01
   5.9057781e+03   1.2592210e+00
   5.9058052e+03   8.4846952e-01
   5.9058324e+03   9.0625905e-01
   5.9058595e+03   9.1262190e-01
   5.9058866e+03   8.7164905e-01
   5.9059137e+03   8.9873190e-01
   5.9059408e+03   1.1433462e+00
   5.9059679e+03   8.2560476e-01
   5.9059950e+03   1.0202186e+00
   5.9060221e+03   9.3844286e-01
   5.9060492e+03   1.0813152e+00
   5.9060763e+03   1.0938371e+00
   5.9061034e+03   9.0581810e-01
   5.9061305e+03   9.4719857e-01
   5.9061576e+03   1.0613548e+00
   5.9061847e+03   8.7921190e-01
   5.9062118e+03   8.9566095e-01
   5.9062389e+03   1.0439038e+00
   5.9062660e+03   8.3513476e-01
   5.9062931e+03   9.8289524e-01
   5.9063201e+03   8.1285476e-01
   5.9063472e+03   9.2916048e-01
   5.9063743e+03   7.8803571e-01
   5.9064014e+03   7.5326381e-01
   5.9064285e+03   7.3511476e-01
   5.9064556e+03   1.0190710e+00
   5.9064827e+03   1.0994276e+00
   5.9065098e+03   9.5977000e-01
   5.9065368e+03   1.1023729e+00
   5.9065639e+03   9.5109714e-01
   5.9065910e+03   1.0596224e+00
   5.9066181e+03   1.1026124e+00
   5.9066452e+03   1.0618090e+00
   5.9066722e+03   1.0239633e+00
   5.9066993e+03   1.0275367e+00
   5.9067264e+03   9.2565714e-01
   5.9067535e+03   8.2847571e-01
   5.9067805e+03   1.0395376e+00
   5.9068076e+03   9.0969571e-01
   5.9068347e+03   9.6720000e-01
   5.9068618e+03   9.7877524e-01
   5.9068888e+03   9.5998857e-01
   5.9069159e+03   7.8178714e-01
   5.9069430e+03   1.0439371e+00
   5.9069700e+03   9.9305857e-01
   5.9069971e+03   1.0744905e+00
   5.9070242e+03   7.4961667e-01
   5.9070512e+03   7.8611095e-01
   5.9070783e+03   8.0503095e-01
   5.9071054e+03   8.9093286e-01
   5.9071324e+03   1.0136200e+00
   5.9071595e+03   9.3550381e-01
   5.9071865e+03   8.9006857e-01
   5.9072136e+03   1.0928371e+00
   5.9072407e+03   9.6095762e-01
   5.9072677e+03   1.0182719e+00
   5.9072948e+03   9.8533381e-01
   5.9073218e+03   9.9092095e-01
   5.9073489e+03   9.9913333e-01
   5.9073759e+03   1.1221690e+00
   5.9074030e+03   1.0009962e+00
   5.9074300e+03   1.0066571e+00
   5.9074571e+03   6.2277238e-01
   5.9074841e+03   8.9621238e-01
   5.9075112e+03   9.3646238e-01
   5.9075382e+03   1.1001329e+00
   5.9075653e+03   1.1148514e+00
   5.9075923e+03   9.6332905e-01
   5.9076194e+03   1.1177990e+00
   5.9076464e+03   1.1729762e+00
   5.9076734e+03   1.0351171e+00
   5.9077005e+03   1.0841867e+00
   5.9077275e+03   9.6929905e-01
   5.9077546e+03   9.3571952e-01
   5.9077816e+03   1.0496000e+00
   5.9078086e+03   1.0532048e+00
   5.9078357e+03   7.9977952e-01
   5.9078627e+03   7.2501762e-01
   5.9078897e+03   9.5582905e-01
   5.9079168e+03   7.5956571e-01
   5.9079438e+03   8.6725238e-01
   5.9079708e+03   1.0026600e+00
   5.9079979e+03   7.4817619e-01
   5.9080249e+03   9.7670476e-01
   5.9080519e+03   9.0136524e-01
   5.9080789e+03   1.0074310e+00
   5.9081060e+03   1.2274595e+00
   5.9081330e+03   8.2922143e-01
   5.9081600e+03   7.6387524e-01
   5.9081870e+03   7.4713429e-01
   5.9082141e+03   8.8799619e-01
   5.9082411e+03   9.3042857e-01
   5.9082681e+03   9.7871238e-01
   5.9082951e+03   9.0090381e-01
   5.9083221e+03   8.6013143e-01
   5.9083491e+03   9.8613810e-01
   5.9083762e+03   1.0271029e+00
   5.9084032e+03   1.0183252e+00
   5.9084302e+03   8.9788095e-01
   5.9084572e+03   1.1666414e+00
   5.9084842e+03   8.6592286e-01
   5.9085112e+03   9.2733667e-01
   5.9085382e+03   1.0246786e+00
   5.9085652e+03   9.9721810e-01
   5.9085922e+03   8.3345286e-01
   5.9086193e+03   9.5457190e-01
   5.9086463e+03   9.5270571e-01
   5.9086733e+03   9.1973571e-01
   5.9087003e+03   9.2707810e-01
   5.9087273e+03   7.7807238e-01
   5.9087543e+03   8.7703571e-01
   5.9087813e+03   8.9735429e-01
   5.9088083e+03   8.6884190e-01
   5.9088353e+03   8.0158000e-01
   5.9088623e+03   8.2107857e-01
   5.9088893e+03   7.7936571e-01
   5.9089163e+03   9.9619524e-01
   5.9089433e+03   1.0252024e+00
   5.9089702e+03   9.6996143e-01
   5.9089972e+03   7.0143762e-01
   5.9090242e+03   7.6041000e-01
   5.9090512e+03   8.1551905e-01
   5.9090782e+03   1.0218586e+00
   5.9091052e+03   8.8846714e-01
   5.9091322e+03   8.2951333e-01
   5.9091592e+03   1.1229786e+00
   5.9091862e+03   8.6899667e-01
   5.9092131e+03   8.7477048e-01
   5.9092401e+03   7.7508714e-01
   5.9092671e+03   8.6473476e-01
   5.9092941e+03   9.9283143e-01
   5.9093211e+03   9.2828381e-01
   5.9093480e+03   9.2022333e-01
   5.9093750e+03   9.0650000e-01
   5.9094020e+03   9.2546476e-01
   5.9094290e+03   1.0071938e+00
   5.9094559e+03   8.5279095e-01
   5.9094829e+03   9.2726000e-01
   5.9095099e+03   9.9441762e-01
   5.9095369e+03   1.1079081e+00
   5.9095638e+03   9.5309667e-01
   5.9095908e+03   1.1627895e+00
   5.9096178e+03   9.1462762e-01
   5.9096447e+03   9.4143619e-01
   5.9096717e+03   1.1411662e+00
   5.9096987e+03   8.8087095e-01
   5.9097256e+03   8.4078952e-01
   5.9097526e+03   8.3112333e-01
   5.9097796e+03   1.1611862e+00
   5.9098065e+03   9.4808524e-01
   5.9098335e+03   9.4471286e-01
   5.9098604e+03   9.2957952e-01
   5.9098874e+03   7.7295857e-01
   5.9099144e+03   1.1484686e+00
   5.9099413e+03   8.8687381e-01
   5.9099683e+03   1.0642633e+00
   5.9099952e+03   9.8167238e-01
   5.9100222e+03   9.2217810e-01
   5.9100491e+03   8.0846571e-01
   5.9100761e+03   8.3864810e-01
   5.9101030e+03   9.5337143e-01
   5.9101300e+03   1.0360848e+00
   5.9101569e+03   7.7942238e-01
   5.9101839e+03   9.6991143e-01
   5.9102108e+03   1.0462833e+00
   5.9102378e+03   7.8630619e-01
   5.9102647e+03   9.5379000e-01
   5.9102917e+03   9.7532286e-01
   5.9103186e+03   9.3911524e-01
   5.9103455e+03   9.6939571e-01
   5.9103725e+03   9.4341952e-01
   5.9103994e+03   9.2518143e-01
   5.9104264e+03   9.6541952e-01
   5.9104533e+03   9.9647619e-01
   5.9104802e+03   1.0377233e+00
   5.9105072e+03   8.0672190e-01
   5.9105341e+03   8.0988333e-01
   5.9105610e+03   1.0073010e+00
   5.9105880e+03   1.1054929e+00
   5.9106149e+03   1.0635429e+00
   5.9106418e+03   9.3607619e-01
   5.9106687e+03   9.0558048e-01
   5.9106957e+03   9.2826524e-01
   5.9107226e+03   1.0419500e+00
   5.9107495e+03   8.0064857e-01
   5.9107764e+03   8.6594381e-01
   5.9108034e+03   9.6132571e-01
   5.9108303e+03   9.4594143e-01
   5.9108572e+03   9.1357762e-01
   5.9108841e+03   1.0112600e+00
   5.9109111e+03   8.4025286e-01
   5.9109380e+03   8.2100238e-01
   5.9109649e+03   9.0339476e-01
   5.9109918e+03   8.9082095e-01
   5.9110187e+03   1.0399286e+00
   5.9110456e+03   8.0204381e-01
   5.9110726e+03   8.3911619e-01
   5.9110995e+03   9.1490857e-01
   5.9111264e+03   9.2723524e-01
   5.9111533e+03   8.0371952e-01
   5.9111802e+03   9.3118619e-01
   5.9112071e+03   8.8908286e-01
   5.9112340e+03   1.1105605e+00
   5.9112609e+03   8.2681000e-01
   5.9112878e+03   1.0332086e+00
   5.9113147e+03   9.7417524e-01
   5.9113416e+03   8.1094571e-01
   5.9113685e+03   1.0657910e+00
   5.9113954e+03   8.7696238e-01
   5.9114223e+03   1.0075452e+00
   5.9114492e+03   9.8775190e-01
   5.9114761e+03   9.0768143e-01
   5.9115030e+03   8.7973524e-01
   5.9115299e+03   7.4617048e-01
   5.9115568e+03   1.0849443e+00
   5.9115837e+03   8.4737857e-01
   5.9116106e+03   9.6283286e-01
   5.9116375e+03   9.5096381e-01
   5.9116644e+03   1.0133424e+00
   5.9116913e+03   8.9606000e-01
   5.9117182e+03   9.6028667e-01
   5.9117450e+03   8.8933476e-01
   5.9117719e+03   8.8871952e-01
   5.9117988e+03   7.8753429e-01
   5.9118257e+03   1.0672443e+00
   5.9118526e+03   8.4407524e-01
   5.9118795e+03   1.0054790e+00
   5.9119063e+03   9.8849238e-01
   5.9119332e+03   9.4741619e-01
   5.9119601e+03   9.3895286e-01
   5.9119870e+03   9.9333381e-01
   5.9120139e+03   8.9748095e-01
   5.9120407e+03   9.8079667e-01
   5.9120676e+03   8.8392238e-01
   5.9120945e+03   7.8482476e-01
   5.9121213e+03   8.0965286e-01
   5.9121482e+03   8.3737905e-01
   5.9121751e+03   7.6406571e-01
   5.9122020e+03   8.6024333e-01
   5.9122288e+03   1.0260143e+00
   5.9122557e+03   9.4173190e-01
   5.9122826e+03   9.5661619e-01
   5.9123094e+03   9.6539524e-01
   5.9123363e+03   1.0385214e+00
   5.9123632e+03   8.3388286e-01
   5.9123900e+03   8.5174667e-01
   5.9124169e+03   8.8386286e-01
   5.9124437e+03   1.0216824e+00
   5.9124706e+03   1.0192476e+00
   5.9124975e+03   7.9956476e-01
   5.9125243e+03   8.7877000e-01
   5.9125512e+03   9.6926619e-01
   5.9125780e+03   9.7579143e-01
   5.9126049e+03   9.9200619e-01
   5.9126317e+03   9.5623667e-01
   5.9126586e+03   6.1381238e-01
   5.9126854e+03   8.8992524e-01
   5.9127123e+03   1.0516090e+00
   5.9127391e+03   9.6318857e-01
   5.9127660e+03   8.5489667e-01
   5.9127928e+03   8.0634524e-01
   5.9128197e+03   8.5047667e-01
   5.9128465e+03   8.7666190e-01
   5.9128734e+03   8.5069000e-01
   5.9129002e+03   8.9032286e-01
   5.9129270e+03   8.2449571e-01
   5.9129539e+03   1.0014648e+00
   5.9129807e+03   9.8375952e-01
   5.9130076e+03   8.3378048e-01
   5.9130344e+03   1.0953271e+00
   5.9130612e+03   6.9125619e-01
   5.9130881e+03   1.0456648e+00
   5.9131149e+03   1.0600029e+00
   5.9131417e+03   1.0402357e+00
   5.9131686e+03   9.8907238e-01
   5.9131954e+03   8.9665000e-01
   5.9132222e+03   9.4995667e-01
   5.9132490e+03   8.5480619e-01
   5.9132759e+03   1.1127057e+00
   5.9133027e+03   9.8393238e-01
   5.9133295e+03   8.8050476e-01
   5.9133564e+03   8.9481571e-01
   5.9133832e+03   1.0622929e+00
   5.9134100e+03   8.3356095e-01
   5.9134368e+03   8.2855095e-01
   5.9134636e+03   9.8111571e-01
   5.9134905e+03   8.1558571e-01
   5.9135173e+03   9.1799143e-01
   5.9135441e+03   8.5691048e-01
   5.9135709e+03   9.7383286e-01
   5.9135977e+03   8.7380190e-01
   5.9136245e+03   9.1837333e-01
   5.9136513e+03   1.0797129e+00
   5.9136782e+03   1.0398743e+00
   5.9137050e+03   9.2181095e-01
   5.9137318e+03   1.0008719e+00
   5.9137586e+03   7.4842238e-01
   5.9137854e+03   9.9659048e-01
   5.9138122e+03   9.4123476e-01
   5.9138390e+03   7.8127048e-01
   5.9138658e+03   1.1114548e+00
   5.9138926e+03   1.0869300e+00
   5.9139194e+03   9.6830476e-01
   5.9139462e+03   1.1020719e+00
   5.9139730e+03   9.5462857e-01
   5.9139998e+03   8.2654667e-01
   5.9140266e+03   8.6792619e-01
   5.9140534e+03   9.3434190e-01
   5.9140802e+03   7.3864762e-01
   5.9141070e+03   9.9910190e-01
   5.9141338e+03   7.0853238e-01
   5.9141606e+03   8.4867238e-01
   5.9141874e+03   9.1464048e-01
   5.9142142e+03   8.8662190e-01
   5.9142410e+03   9.0258762e-01
   5.9142677e+03   7.7368762e-01
   5.9142945e+03   9.3718476e-01
   5.9143213e+03   7.6078238e-01
   5.9143481e+03   9.7446571e-01
   5.9143749e+03   1.0909510e+00
   5.9144017e+03   9.3645333e-01
   5.9144284e+03   8.1309810e-01
   5.9144552e+03   9.1109714e-01
   5.9144820e+03   1.0121233e+00
   5.9145088e+03   8.8439524e-01
   5.9145356e+03   1.0161948e+00
   5.9145623e+03   1.0028452e+00
