3246.43069235	6.893920101920e-17
3249.66677896	9.703044855204e-17
3252.90286556	1.135426347546e-16
3256.13895217	7.331825704998e-17
3259.37503878	5.500994143945e-17
3262.61112538	4.219938424906e-17
3265.84721199	2.805732363421e-17
3269.08329860	7.811795216467e-17
3272.31938521	1.021297444328e-16
3275.55547181	1.185540331330e-16
3278.79155842	1.734728002285e-17
3282.02764503	7.559740169277e-17
3285.26373163	6.090424332608e-17
3288.49981824	6.046199397440e-17
3291.73590485	8.676177724272e-17
3294.97199145	6.339544634436e-17
3298.20807806	2.767058800192e-17
3301.44416467	4.864774160936e-17
3304.68025128	8.237803723592e-17
3307.91633788	1.019387697510e-16
3311.15242449	4.900175126807e-17
3314.38851110	5.557511775459e-17
3317.62459770	8.174491704649e-17
3320.86068431	8.650451314163e-17
3324.09677092	6.176675091836e-17
3327.33285752	5.924722023956e-17
3330.56894413	8.623264313442e-17
3333.80503074	8.998092371806e-17
3337.04111735	6.413424790543e-17
3340.27720395	5.003118610734e-17
3343.51329056	5.325621996364e-17
3346.74937717	7.906045397133e-17
3349.98546377	4.897606691756e-17
3353.22155038	6.211282743232e-17
3356.45763699	5.664835005444e-17
3359.69372359	4.386786369319e-17
3362.92981020	4.142691168526e-17
3366.16589681	6.541857034979e-17
3369.40198342	6.899988281310e-17
3372.63807002	5.926030644221e-17
3375.87415663	7.011939721060e-17
3379.11024324	4.691330101767e-17
3382.34632984	3.408598550031e-17
3385.58241645	5.119650232582e-17
3388.81850306	6.333371332310e-17
3392.05458966	5.936605338549e-17
3395.29067627	6.128339518771e-17
3398.52676288	6.640336559998e-17
3401.76284949	7.646189669214e-17
3404.99893609	7.342005496754e-17
3408.23502270	5.936723342937e-17
3411.47110931	4.806991191060e-17
3414.70719591	4.811714198737e-17
3417.94328252	5.313740961592e-17
3421.17936913	7.418693743595e-17
3424.41545573	7.033986963459e-17
3427.65154234	6.028066117505e-17
3430.88762895	6.954217547655e-17
3434.12371555	4.329538354552e-17
3437.35980216	6.502902459315e-17
3440.59588877	6.385124821197e-17
3443.83197538	7.373878651353e-17
3447.06806198	7.247902727849e-17
3450.30414859	7.937818466348e-17
3453.54023520	9.415537310475e-17
3456.77632180	1.221192448956e-16
3460.01240841	9.885599526212e-17
3463.24849502	1.121718259816e-16
3466.48458162	9.981096971032e-17
3469.72066823	9.191500038540e-17
3472.95675484	9.053829369891e-17
3476.19284145	1.008445775478e-16
3479.42892805	9.496767355760e-17
3482.66501466	1.117680959202e-16
3485.90110127	9.624576761468e-17
3489.13718787	1.160894201805e-16
3492.37327448	9.067868099726e-17
3495.60936109	8.823163756628e-17
3498.84544769	7.423268123189e-17
3502.08153430	9.228876387258e-17
3505.31762091	1.077926943030e-16
3508.55370752	1.109266973337e-16
3511.78979412	1.051565311860e-16
3515.02588073	1.047789233937e-16
3518.26196734	9.120754641126e-17
3521.49805394	9.046890578354e-17
3524.73414055	9.570410830266e-17
3527.97022716	7.765984787098e-17
3531.20631376	7.514442558983e-17
3534.44240037	7.771035569680e-17
3537.67848698	7.489092098041e-17
3540.91457359	7.456118629659e-17
3544.15066019	7.989377256358e-17
3547.38674680	8.242683806611e-17
3550.62283341	7.481906884184e-17
3553.85892001	9.650185698641e-17
3557.09500662	5.376416030899e-17
3560.33109323	5.046551152369e-17
3563.56717983	7.725403121837e-17
3566.80326644	6.817810980189e-17
3570.03935305	5.096317356849e-17
3573.27543965	6.709643676581e-17
3576.51152626	4.979718903487e-17
3579.74761287	5.817555668821e-17
3582.98369948	5.909054759843e-17
3586.21978608	5.005541648190e-17
3589.45587269	6.710602649453e-17
3592.69195930	5.392810057584e-17
3595.92804590	5.602508069888e-17
3599.16413251	5.035116838843e-17
3602.40021912	5.792400926050e-17
3605.63630572	4.388262428327e-17
3608.87239233	5.074426091614e-17
3612.10847894	4.580294673870e-17
3615.34456555	4.446414389725e-17
3618.58065215	4.458934743854e-17
3621.81673876	5.121233269435e-17
3625.05282537	5.227274745179e-17
3628.28891197	4.376861610901e-17
3631.52499858	4.849657811667e-17
3634.76108519	5.567459216799e-17
3637.99717179	4.427007260553e-17
3641.23325840	5.631788427447e-17
3644.46934501	4.463136751633e-17
3647.70543162	7.187634740326e-17
3650.94151822	5.061285531840e-17
3654.17760483	4.752529109459e-17
3657.41369144	4.728650451302e-17
3660.64977804	4.502222093617e-17
3663.88586465	4.649717873811e-17
3667.12195126	5.174599698281e-17
3670.35803786	5.012234995208e-17
3673.59412447	5.177308177077e-17
3676.83021108	6.318635753720e-17
3680.06629769	6.989331175832e-17
3683.30238429	5.853165290282e-17
3686.53847090	5.291496146263e-17
3689.77455751	5.600928215161e-17
3693.01064411	4.690040576465e-17
3696.24673072	4.844711061910e-17
3699.48281733	4.927952159297e-17
3702.71890393	4.960839238868e-17
3705.95499054	4.669415677341e-17
3709.19107715	6.008296433883e-17
3712.42716376	4.871915006514e-17
3715.66325036	4.500183297955e-17
3718.89933697	3.889931809554e-17
3722.13542358	5.022692097702e-17
3725.37151018	4.985362713767e-17
3728.60759679	5.398166278267e-17
3731.84368340	5.238757343329e-17
3735.07977000	6.494582875985e-17
3738.31585661	6.965532955158e-17
3741.55194322	4.234569227509e-17
3744.78802982	4.583760037700e-17
3748.02411643	5.010741771497e-17
3751.26020304	4.652324006522e-17
3754.49628965	5.264055281347e-17
3757.73237625	5.680123187273e-17
3760.96846286	5.770744805903e-17
3764.20454947	5.215449526597e-17
3767.44063607	5.481109954770e-17
3770.67672268	5.553502403566e-17
3773.91280929	5.856041903840e-17
3777.14889589	5.380217485324e-17
3780.38498250	5.486423629604e-17
3783.62106911	5.229314234682e-17
3786.85715572	6.156402504251e-17
3790.09324232	4.977206392684e-17
3793.32932893	6.278677754888e-17
3796.56541554	5.971426534897e-17
3799.80150214	5.362219186367e-17
3803.03758875	6.055934932585e-17
3806.27367536	5.460934892740e-17
3809.50976196	5.064095083899e-17
3812.74584857	6.397602852732e-17
3815.98193518	5.508499938662e-17
3819.21802179	5.508471752215e-17
3822.45410839	5.156933822576e-17
3825.69019500	5.871302627424e-17
3828.92628161	6.911575572190e-17
3832.16236821	6.022119765678e-17
3835.39845482	6.812924142981e-17
3838.63454143	7.433354234896e-17
3841.87062803	6.719600589164e-17
3845.10671464	5.344821676675e-17
3848.34280125	6.578478367760e-17
3851.57888786	6.530227140294e-17
3854.81497446	7.351099645806e-17
3858.05106107	7.858521941328e-17
3861.28714768	6.437576522414e-17
3864.52323428	8.698305614580e-17
3867.75932089	7.834860012145e-17
3870.99540750	7.277868450356e-17
3874.23149410	8.079562373920e-17
3877.46758071	8.632337622978e-17
3880.70366732	8.221614084249e-17
3883.93975393	8.515142551205e-17
3887.17584053	9.511800864287e-17
3890.41192714	9.401037036148e-17
3893.64801375	9.973441765716e-17
3896.88410035	1.087384235621e-16
3900.12018696	1.044366842545e-16
3903.35627357	1.045356504488e-16
3906.59236017	1.116708151043e-16
3909.82844678	1.193392060298e-16
3913.06453339	1.097712917185e-16
3916.30061999	1.132919339640e-16
3919.53670660	1.190507096740e-16
3922.77279321	1.182859269765e-16
3926.00887982	1.128888068445e-16
3929.24496642	1.152896732691e-16
3932.48105303	1.218828415691e-16
3935.71713964	1.278280856511e-16
3938.95322624	1.175325516106e-16
3942.18931285	1.147090219927e-16
3945.42539946	1.267622971619e-16
3948.66148606	1.283335612788e-16
3951.89757267	1.362498482778e-16
3955.13365928	1.385465131011e-16
3958.36974589	1.253048241844e-16
3961.60583249	1.360595712485e-16
3964.84191910	1.217731368951e-16
3968.07800571	1.336105151445e-16
3971.31409231	1.291343809709e-16
3974.55017892	1.341845587832e-16
3977.78626553	1.254205869258e-16
3981.02235213	1.240318687798e-16
3984.25843874	1.194699954295e-16
3987.49452535	1.330994778669e-16
3990.73061196	1.306454796639e-16
3993.96669856	1.295426280820e-16
3997.20278517	1.303916323140e-16
4000.43887178	1.367483591766e-16
4003.67495838	1.371287633385e-16
4006.91104499	1.371582463893e-16
4010.14713160	1.313650958637e-16
4013.38321820	1.265975552876e-16
4016.61930481	1.295612538283e-16
4019.85539142	1.222383705972e-16
4023.09147803	1.271462163775e-16
4026.32756463	1.329619638704e-16
4029.56365124	1.316212047282e-16
4032.79973785	1.427492100705e-16
4036.03582445	1.254069017199e-16
4039.27191106	1.339507578867e-16
4042.50799767	1.197143653754e-16
4045.74408427	1.428080747477e-16
4048.98017088	1.245111337173e-16
4052.21625749	1.266460898386e-16
4055.45234409	1.417019222033e-16
4058.68843070	1.347279610439e-16
4061.92451731	1.332033981159e-16
4065.16060392	1.432467369808e-16
4068.39669052	1.434369287719e-16
4071.63277713	1.367880339536e-16
4074.86886374	1.434841079363e-16
4078.10495034	1.379062398824e-16
4081.34103695	1.378599593595e-16
4084.57712356	1.338314321267e-16
4087.81321016	1.335267485848e-16
4091.04929677	1.217774060322e-16
4094.28538338	1.262886625813e-16
4097.52146999	1.155987498038e-16
4100.75755659	1.201884564442e-16
4103.99364320	1.028344807821e-16
4107.22972981	1.120897612940e-16
4110.46581641	1.032865539056e-16
4113.70190302	1.040446552356e-16
4116.93798963	9.886484697521e-17
4120.17407623	8.981383349481e-17
4123.41016284	7.543438231179e-17
4126.64624945	8.178762053305e-17
4129.88233606	7.664463162150e-17
4133.11842266	8.408196566432e-17
4136.35450927	7.845175362713e-17
4139.59059588	7.526050815698e-17
4142.82668248	8.205548522843e-17
4146.06276909	6.936459655384e-17
4149.29885570	7.037111114186e-17
4152.53494230	6.731107518119e-17
4155.77102891	7.256253974684e-17
4159.00711552	6.956737699451e-17
4162.24320213	6.979488109716e-17
4165.47928873	6.347205051629e-17
4168.71537534	7.112383141813e-17
4171.95146195	6.740086631366e-17
4175.18754855	6.222590101070e-17
4178.42363516	7.324701245989e-17
4181.65972177	6.552825834816e-17
4184.89580837	7.134712127176e-17
4188.13189498	7.244273157428e-17
4191.36798159	6.769325978188e-17
4194.60406820	8.794781394322e-17
4197.84015480	1.188372578620e-16
4201.07624141	1.094494682434e-16
4204.31232802	7.047390025241e-17
4207.54841462	5.861787894040e-17
4210.78450123	6.470576021304e-17
4214.02058784	7.489276201316e-17
4217.25667444	7.489748404294e-17
4220.49276105	6.349697629238e-17
4223.72884766	6.442903686588e-17
4226.96493426	6.916864923438e-17
4230.20102087	7.692433262296e-17
4233.43710748	7.333380655640e-17
4236.67319409	7.723060405022e-17
4239.90928069	7.902669235222e-17
4243.14536730	8.062515419463e-17
4246.38145391	8.712330086931e-17
4249.61754051	8.123374690544e-17
4252.85362712	9.133792001146e-17
4256.08971373	8.775722598410e-17
4259.32580033	9.282009420933e-17
4262.56188694	9.680043537981e-17
4265.79797355	9.507701890374e-17
4269.03406016	9.650561672888e-17
4272.27014676	9.423853094030e-17
4275.50623337	9.582940699440e-17
4278.74231998	9.186822455532e-17
4281.97840658	9.776323188620e-17
4285.21449319	1.014101897967e-16
4288.45057980	1.004229067432e-16
4291.68666640	1.101942906501e-16
4294.92275301	1.041336144445e-16
4298.15883962	1.052267967538e-16
4301.39492623	1.078806490413e-16
4304.63101283	1.149788802456e-16
4307.86709944	1.117690289064e-16
4311.10318605	1.122614929795e-16
4314.33927265	1.178965966825e-16
4317.57535926	1.135170348531e-16
4320.81144587	1.079243845666e-16
4324.04753247	1.055426470606e-16
4327.28361908	1.180981708214e-16
4330.51970569	1.302394021494e-16
4333.75579230	1.189225421898e-16
4336.99187890	1.273891597963e-16
4340.22796551	1.261532984963e-16
4343.46405212	1.290631865971e-16
4346.70013872	1.265103043873e-16
4349.93622533	1.338418657734e-16
4353.17231194	1.369298557476e-16
4356.40839854	1.458219085694e-16
4359.64448515	1.276598712017e-16
4362.88057176	1.371524160402e-16
4366.11665837	1.441784371269e-16
4369.35274497	1.447836043118e-16
4372.58883158	1.452655779106e-16
4375.82491819	1.326912705039e-16
4379.06100479	1.328778189487e-16
4382.29709140	1.350502476293e-16
4385.53317801	1.334507833719e-16
4388.76926461	1.418222751412e-16
4392.00535122	1.434121554468e-16
4395.24143783	1.341573104390e-16
4398.47752443	1.421571407522e-16
4401.71361104	1.411323485317e-16
4404.94969765	1.398327952225e-16
4408.18578426	1.453074451097e-16
4411.42187086	1.535571385927e-16
4414.65795747	1.474430290658e-16
4417.89404408	1.393786667823e-16
4421.13013068	1.412458505627e-16
4424.36621729	1.415497802568e-16
4427.60230390	1.458014998777e-16
4430.83839050	1.281847071077e-16
4434.07447711	1.388655093639e-16
4437.31056372	1.448598399595e-16
4440.54665033	1.513301250831e-16
4443.78273693	1.550379974732e-16
4447.01882354	1.524102661010e-16
4450.25491015	1.579851422475e-16
4453.49099675	1.517818944263e-16
4456.72708336	1.577583401380e-16
4459.96316997	1.415291134858e-16
4463.19925657	1.515189730191e-16
4466.43534318	1.420990993678e-16
4469.67142979	1.268971204260e-16
4472.90751640	1.359834708955e-16
4476.14360300	1.392918513998e-16
4479.37968961	1.452308049994e-16
4482.61577622	1.528895942851e-16
4485.85186282	1.397925115181e-16
4489.08794943	1.475120088188e-16
4492.32403604	1.491799981939e-16
4495.56012264	1.411143496511e-16
4498.79620925	1.465562270622e-16
4502.03229586	1.471113785225e-16
4505.26838247	1.452415739830e-16
4508.50446907	1.415376259291e-16
4511.74055568	1.466545576700e-16
4514.97664229	1.383225927442e-16
4518.21272889	1.447884462738e-16
4521.44881550	1.422446905463e-16
4524.68490211	1.425560430939e-16
4527.92098871	1.408086819394e-16
4531.15707532	1.459932101655e-16
4534.39316193	1.406103257504e-16
4537.62924854	1.417476287388e-16
4540.86533514	1.415962832950e-16
4544.10142175	1.391865014431e-16
4547.33750836	1.425837129713e-16
4550.57359496	1.509251974479e-16
4553.80968157	1.413865235964e-16
4557.04576818	1.460298386608e-16
4560.28185478	1.551086801089e-16
4563.51794139	1.450991230701e-16
4566.75402800	1.497620551458e-16
4569.99011460	1.414755791517e-16
4573.22620121	1.552618833472e-16
4576.46228782	1.482755482053e-16
4579.69837443	1.533076275204e-16
4582.93446103	1.508017010651e-16
4586.17054764	1.533018188276e-16
4589.40663425	1.628664196511e-16
4592.64272085	1.475614895485e-16
4595.87880746	1.578351323270e-16
4599.11489407	1.477043753440e-16
4602.35098067	1.601509281993e-16
4605.58706728	1.516298018294e-16
4608.82315389	1.444858566810e-16
4612.05924050	1.508771127183e-16
4615.29532710	1.467617477857e-16
4618.53141371	1.466601013927e-16
4621.76750032	1.431144834022e-16
4625.00358692	1.429535217076e-16
4628.23967353	1.461426139283e-16
4631.47576014	1.493355510626e-16
4634.71184674	1.423444756859e-16
4637.94793335	1.401744434744e-16
4641.18401996	1.423745407476e-16
4644.42010657	1.445878858122e-16
4647.65619317	1.433506066162e-16
4650.89227978	1.360870852015e-16
4654.12836639	1.354960376567e-16
4657.36445299	1.419386721714e-16
4660.60053960	1.438128526993e-16
4663.83662621	1.331704890655e-16
4667.07271281	1.292763875435e-16
4670.30879942	1.331516170030e-16
4673.54488603	1.404517820992e-16
4676.78097264	1.219699401364e-16
4680.01705924	1.239444861949e-16
4683.25314585	1.310005287606e-16
4686.48923246	1.314085279693e-16
4689.72531906	1.346703434599e-16
4692.96140567	1.263073971869e-16
4696.19749228	1.253064220552e-16
4699.43357888	1.273671749444e-16
4702.66966549	1.285682012927e-16
4705.90575210	1.237427778184e-16
4709.14183870	1.312247484055e-16
4712.37792531	1.253681638927e-16
4715.61401192	1.297735682766e-16
4718.85009853	1.182687526294e-16
4722.08618513	1.118768101173e-16
4725.32227174	1.147903470597e-16
4728.55835835	1.201712556680e-16
4731.79444495	1.072408686488e-16
4735.03053156	1.155302932824e-16
4738.26661817	1.184883366802e-16
4741.50270477	1.207000006710e-16
4744.73879138	1.174647684827e-16
4747.97487799	1.066675090048e-16
4751.21096460	1.135817236469e-16
4754.44705120	1.140340787041e-16
4757.68313781	1.055678741140e-16
4760.91922442	9.859268814020e-17
4764.15531102	1.023895025966e-16
4767.39139763	1.092761851638e-16
4770.62748424	1.046622545337e-16
4773.86357084	1.000233329229e-16
4777.09965745	9.829509068372e-17
4780.33574406	1.013634576287e-16
4783.57183067	9.777572951176e-17
4786.80791727	9.926432475707e-17
4790.04400388	8.769660505257e-17
4793.28009049	1.005604091110e-16
4796.51617709	1.041016570192e-16
4799.75226370	9.585617030997e-17
4802.98835031	9.605516169974e-17
4806.22443691	9.183006548038e-17
4809.46052352	9.663943509127e-17
4812.69661013	9.433398487379e-17
4815.93269674	9.410437527776e-17
4819.16878334	8.761370501504e-17
4822.40486995	8.909231381754e-17
4825.64095656	8.452305324678e-17
4828.87704316	8.832196105451e-17
4832.11312977	8.559420933615e-17
4835.34921638	8.057771466125e-17
4838.58530298	9.184448617348e-17
4841.82138959	8.529137505534e-17
4845.05747620	8.620891720620e-17
4848.29356281	8.337430564367e-17
4851.52964941	9.484561708252e-17
4854.76573602	9.441134349807e-17
4858.00182263	9.572788695108e-17
4861.23790923	8.789148056921e-17
4864.47399584	9.572868533004e-17
4867.71008245	9.495078702458e-17
4870.94616905	9.164215927878e-17
4874.18225566	9.387027896825e-17
4877.41834227	8.557007475844e-17
4880.65442887	9.250035404003e-17
4883.89051548	9.034280192923e-17
4887.12660209	9.504278981594e-17
4890.36268870	1.030028768007e-16
4893.59877530	9.389751348886e-17
4896.83486191	9.435881012121e-17
4900.07094852	1.027887608870e-16
4903.30703512	9.766164203988e-17
4906.54312173	1.081057071509e-16
4909.77920834	1.064770639163e-16
4913.01529494	1.057999971730e-16
4916.25138155	1.089327487873e-16
4919.48746816	1.059462371606e-16
4922.72355477	1.117384567196e-16
4925.95964137	1.053652351228e-16
4929.19572798	1.021384742573e-16
4932.43181459	1.064853746704e-16
4935.66790119	1.057085452371e-16
4938.90398780	1.032693770494e-16
4942.14007441	1.030835061091e-16
4945.37616101	1.070497743256e-16
4948.61224762	1.037947849878e-16
4951.84833423	1.108017204151e-16
4955.08442084	1.068135265168e-16
4958.32050744	1.094852736229e-16
4961.55659405	1.006583120854e-16
4964.79268066	1.011369652247e-16
4968.02876726	1.032723964767e-16
4971.26485387	1.075014745347e-16
4974.50094048	9.977343027565e-17
4977.73702708	1.011676638174e-16
4980.97311369	9.697406990383e-17
4984.20920030	9.201913412433e-17
4987.44528691	9.858984770205e-17
4990.68137351	9.181662140862e-17
4993.91746012	9.487171963674e-17
4997.15354673	8.835053210107e-17
5000.38963333	9.896706885279e-17
5003.62571994	1.006014225394e-16
5006.86180655	1.003941302814e-16
5010.09789315	1.075620812676e-16
5013.33397976	1.126269510870e-16
5016.57006637	1.090966089385e-16
5019.80615298	1.094609805780e-16
5023.04223958	1.160920418666e-16
5026.27832619	1.098837251640e-16
5029.51441280	1.094050251904e-16
5032.75049940	1.010052743180e-16
5035.98658601	1.052120424342e-16
5039.22267262	1.099669159828e-16
5042.45875922	1.190179571124e-16
5045.69484583	1.058242221635e-16
5048.93093244	1.173525966347e-16
5052.16701904	1.179155558287e-16
5055.40310565	1.090071898965e-16
5058.63919226	1.137725033883e-16
5061.87527887	1.182365718614e-16
5065.11136547	1.138734551220e-16
5068.34745208	1.125688061157e-16
5071.58353869	1.119262235682e-16
5074.81962529	1.190504586982e-16
5078.05571190	1.133153125790e-16
5081.29179851	1.051541630873e-16
5084.52788511	1.143392361818e-16
5087.76397172	1.176213119915e-16
5091.00005833	1.146908707147e-16
5094.23614494	1.141734584592e-16
5097.47223154	1.144101039372e-16
5100.70831815	1.143946715752e-16
5103.94440476	1.104341431516e-16
5107.18049136	1.101956072032e-16
5110.41657797	1.118773107728e-16
5113.65266458	1.152427670605e-16
5116.88875118	1.086283149681e-16
5120.12483779	1.099923158025e-16
5123.36092440	1.060653700166e-16
5126.59701101	1.071717487823e-16
5129.83309761	1.182775676754e-16
5133.06918422	1.140240947745e-16
5136.30527083	1.112004369451e-16
5139.54135743	1.081553976643e-16
5142.77744404	1.140062204131e-16
5146.01353065	1.079059961450e-16
5149.24961725	1.048081652380e-16
5152.48570386	1.059439406432e-16
5155.72179047	1.064374943098e-16
5158.95787708	1.037077113943e-16
5162.19396368	1.032107823490e-16
5165.43005029	1.024157567548e-16
5168.66613690	1.049654565742e-16
5171.90222350	1.069732899646e-16
5175.13831011	1.109285807866e-16
5178.37439672	1.074025898430e-16
5181.61048332	9.663538457442e-17
5184.84656993	1.099939229494e-16
5188.08265654	1.043993584699e-16
5191.31874314	9.896692559689e-17
5194.55482975	1.102554534002e-16
5197.79091636	1.077946996389e-16
5201.02700297	1.039284498559e-16
5204.26308957	1.000798862613e-16
5207.49917618	1.061788089803e-16
5210.73526279	9.655883379703e-17
5213.97134939	1.063737595639e-16
5217.20743600	1.002604764190e-16
5220.44352261	1.017195760115e-16
5223.67960921	1.002176203087e-16
5226.91569582	9.659036054072e-17
5230.15178243	9.876773280929e-17
5233.38786904	1.005297241478e-16
5236.62395564	9.175986532148e-17
5239.86004225	8.776689605142e-17
5243.09612886	1.002803063304e-16
5246.33221546	9.382860392652e-17
5249.56830207	9.395992678001e-17
5252.80438868	9.505550388933e-17
5256.04047528	8.992744715950e-17
5259.27656189	8.401753386723e-17
5262.51264850	8.838671105978e-17
5265.74873511	9.143492590909e-17
5268.98482171	8.650922825061e-17
5272.22090832	7.937397155612e-17
5275.45699493	8.992928469254e-17
5278.69308153	8.638318021158e-17
5281.92916814	8.248267812132e-17
5285.16525475	8.365682215171e-17
5288.40134135	8.860971830611e-17
5291.63742796	8.650086813224e-17
5294.87351457	8.777341213372e-17
5298.10960118	8.209669832510e-17
5301.34568778	8.523112982732e-17
5304.58177439	8.805759456654e-17
5307.81786100	8.303253220847e-17
5311.05394760	8.656456111904e-17
5314.29003421	9.242763141146e-17
5317.52612082	8.678177635177e-17
5320.76220742	8.175528168515e-17
5323.99829403	8.773670112071e-17
5327.23438064	7.568950212785e-17
5330.47046725	8.756268368215e-17
5333.70655385	7.660430585574e-17
5336.94264046	7.586996048821e-17
5340.17872707	7.942124876672e-17
5343.41481367	8.107446731042e-17
5346.65090028	8.525249686179e-17
5349.88698689	7.780020677399e-17
5353.12307349	7.130161970633e-17
5356.35916010	7.478907285435e-17
5359.59524671	8.301928411072e-17
5362.83133331	7.568491533562e-17
5366.06741992	7.749838065041e-17
5369.30350653	7.197920218604e-17
5372.53959314	8.387290727666e-17
5375.77567974	8.560342879222e-17
5379.01176635	8.870122737512e-17
5382.24785296	8.169225417274e-17
5385.48393956	8.022895647108e-17
5388.72002617	8.841048933383e-17
5391.95611278	8.027681208246e-17
5395.19219938	7.999148151568e-17
5398.42828599	8.548146856158e-17
5401.66437260	8.855226171707e-17
5404.90045921	8.135348572550e-17
5408.13654581	8.419753670908e-17
5411.37263242	8.823035513668e-17
5414.60871903	7.679619717723e-17
5417.84480563	8.655564101096e-17
5421.08089224	8.249418168029e-17
5424.31697885	8.464551133319e-17
5427.55306545	7.822724794164e-17
5430.78915206	7.651098703579e-17
5434.02523867	8.439962073849e-17
5437.26132528	7.399074678059e-17
5440.49741188	7.099903494608e-17
5443.73349849	8.069162374697e-17
5446.96958510	7.916712137547e-17
5450.20567170	7.826519849453e-17
5453.44175831	7.883053890714e-17
5456.67784492	7.714906962050e-17
5459.91393152	7.386654233658e-17
5463.15001813	7.653555675938e-17
5466.38610474	7.889601560554e-17
5469.62219135	7.605423182166e-17
5472.85827795	7.366920903305e-17
5476.09436456	9.361232347830e-17
5479.33045117	6.624636721018e-17
5482.56653777	7.237665054398e-17
5485.80262438	6.153164628833e-17
5489.03871099	6.659324850974e-17
5492.27479759	7.231983217442e-17
5495.51088420	6.266656009299e-17
5498.74697081	5.635263467125e-17
5501.98305742	6.813840228713e-17
5505.21914402	5.967007626950e-17
5508.45523063	5.514546269301e-17
5511.69131724	6.735490177290e-17
5514.92740384	6.003736570777e-17
5518.16349045	8.065768524255e-17
5521.39957706	8.494265929247e-17
5524.63566366	6.676042851594e-17
5527.87175027	7.722019898409e-17
5531.10783688	7.468040079870e-17
5534.34392348	6.880033469526e-17
5537.58001009	7.051847041508e-17
5540.81609670	6.880065721979e-17
5544.05218331	6.926081747079e-17
5547.28826991	7.148128510101e-17
5550.52435652	7.513186069611e-17
5553.76044313	7.146023309687e-17
5556.99652973	6.610337102410e-17
5560.23261634	6.804192983964e-17
5563.46870295	8.004293291951e-17
5566.70478955	8.743270316972e-17
5569.94087616	8.311618415641e-17
5573.17696277	7.963206491747e-17
5576.41304938	7.457625028867e-17
5579.64913598	6.872849340265e-17
5582.88522259	7.526703718802e-17
5586.12130920	8.251746428690e-17
5589.35739580	7.820055859826e-17
5592.59348241	6.897248756097e-17
5595.82956902	6.790274748569e-17
5599.06565562	7.658384864853e-17
5602.30174223	7.893806992106e-17
5605.53782884	7.600954772183e-17
5608.77391545	7.313152674283e-17
5612.01000205	6.959433356135e-17
5615.24608866	7.018378429808e-17
5618.48217527	7.477095198541e-17
5621.71826187	7.345075617024e-17
5624.95434848	7.142230206323e-17
5628.19043509	7.377483153281e-17
5631.42652169	7.447952514353e-17
5634.66260830	7.428599399738e-17
5637.89869491	7.617800993872e-17
5641.13478152	7.983370861112e-17
5644.37086812	8.158272748204e-17
5647.60695473	7.847293736254e-17
5650.84304134	7.217184079650e-17
5654.07912794	7.060593543526e-17
5657.31521455	7.594538893447e-17
5660.55130116	7.829063768355e-17
5663.78738776	7.794718967644e-17
5667.02347437	7.845242509309e-17
5670.25956098	7.935331348068e-17
5673.49564758	8.003585997867e-17
5676.73173419	7.883988378790e-17
5679.96782080	7.419873904071e-17
5683.20390741	7.609721231995e-17
5686.43999401	8.596012672305e-17
5689.67608062	8.557520275793e-17
5692.91216723	8.071935057431e-17
5696.14825383	8.095727625394e-17
5699.38434044	8.140662611551e-17
5702.62042705	8.312957518738e-17
5705.85651365	8.675592612031e-17
5709.09260026	8.677909535780e-17
5712.32868687	8.591288312692e-17
5715.56477348	8.748821045997e-17
5718.80086008	8.844342668022e-17
5722.03694669	8.733699259213e-17
5725.27303330	8.573378711072e-17
5728.50911990	8.706080655069e-17
5731.74520651	8.814106778389e-17
5734.98129312	8.672507991094e-17
5738.21737972	8.694253181077e-17
5741.45346633	8.598696472788e-17
5744.68955294	8.215443462200e-17
5747.92563955	8.154230111006e-17
5751.16172615	8.332120353301e-17
5754.39781276	8.458915615656e-17
5757.63389937	8.575532346887e-17
5760.86998597	8.590879982001e-17
5764.10607258	8.540041112407e-17
5767.34215919	8.735766990234e-17
5770.57824579	8.801683013493e-17
5773.81433240	8.557622429802e-17
5777.05041901	8.674833260032e-17
5780.28650562	8.764621659543e-17
5783.52259222	8.532121441914e-17
5786.75867883	8.756347221423e-17
5789.99476544	8.942856209712e-17
5793.23085204	8.663720117860e-17
5796.46693865	8.759156664718e-17
5799.70302526	8.713374143679e-17
5802.93911186	8.058222345641e-17
5806.17519847	7.785252467275e-17
5809.41128508	8.020912298551e-17
5812.64737169	8.299741700648e-17
5815.88345829	8.217819755231e-17
5819.11954490	7.950554857981e-17
5822.35563151	7.846715562019e-17
5825.59171811	7.980812296859e-17
5828.82780472	8.160561401517e-17
5832.06389133	8.125532428298e-17
5835.29997793	7.808178779039e-17
5838.53606454	7.740895981502e-17
5841.77215115	8.209516018679e-17
5845.00823775	8.543107792467e-17
5848.24432436	8.686217532638e-17
5851.48041097	8.698605504499e-17
5854.71649758	8.233082441172e-17
5857.95258418	7.975034207697e-17
5861.18867079	8.380959029910e-17
5864.42475740	8.463348649914e-17
5867.66084400	8.277263195729e-17
5870.89693061	8.222949900570e-17
5874.13301722	8.053588105283e-17
5877.36910382	7.840133594537e-17
5880.60519043	7.779806332002e-17
5883.84127704	7.869108707812e-17
5887.07736365	8.219189824329e-17
5890.31345025	8.658507402010e-17
5893.54953686	8.426751748130e-17
5896.78562347	7.677209407182e-17
5900.02171007	7.110732473733e-17
5903.25779668	7.243840137205e-17
5906.49388329	7.611390118696e-17
5909.72996989	7.625842398458e-17
5912.96605650	7.515718205478e-17
5916.20214311	7.480874532239e-17
5919.43822972	7.458616477110e-17
5922.67431632	7.156420779624e-17
5925.91040293	6.924969418263e-17
5929.14648954	7.074168827281e-17
5932.38257614	7.106161949477e-17
5935.61866275	7.009522312998e-17
5938.85474936	6.940220336356e-17
5942.09083596	6.688406730450e-17
5945.32692257	6.276308634726e-17
5948.56300918	6.051413288947e-17
5951.79909579	6.513535099776e-17
5955.03518239	7.111216379881e-17
5958.27126900	7.111552668923e-17
5961.50735561	6.771012792974e-17
5964.74344221	6.684460738552e-17
5967.97952882	7.019910997039e-17
5971.21561543	6.977422796314e-17
5974.45170203	6.613837999522e-17
5977.68778864	6.364261321115e-17
5980.92387525	6.205394125090e-17
5984.15996186	6.304152443868e-17
5987.39604846	6.713412234053e-17
5990.63213507	6.949052693610e-17
5993.86822168	7.000585951004e-17
5997.10430828	6.963997989982e-17
6000.34039489	6.530863892403e-17
6003.57648150	6.066042372616e-17
6006.81256810	6.047693854540e-17
6010.04865471	6.231233135427e-17
6013.28474132	6.521360758157e-17
6016.52082792	6.862087358671e-17
6019.75691453	6.951531925663e-17
6022.99300114	6.848586431061e-17
6026.22908775	6.757745117213e-17
6029.46517435	6.648059799927e-17
6032.70126096	6.434538228967e-17
6035.93734757	6.244381422339e-17
6039.17343417	6.549231998704e-17
6042.40952078	6.896324082257e-17
6045.64560739	6.712182088396e-17
6048.88169399	6.499817061599e-17
6052.11778060	6.508839525842e-17
6055.35386721	6.592994624347e-17
6058.58995382	6.439940917822e-17
6061.82604042	6.246634090990e-17
6065.06212703	6.381136531733e-17
6068.29821364	6.773752458636e-17
6071.53430024	6.999770264978e-17
6074.77038685	6.747454816163e-17
6078.00647346	6.370498919521e-17
6081.24256006	6.282209789247e-17
6084.47864667	6.587101958691e-17
6087.71473328	6.826454323264e-17
6090.95081989	6.921904576526e-17
6094.18690649	6.998836345187e-17
6097.42299310	6.939232813303e-17
6100.65907971	6.712385693172e-17
6103.89516631	6.420253851475e-17
6107.13125292	6.255656331897e-17
6110.36733953	6.335438538906e-17
6113.60342613	6.578960076414e-17
6116.83951274	6.613243154759e-17
6120.07559935	6.321230493495e-17
6123.31168596	5.928831303184e-17
6126.54777256	5.902312252791e-17
6129.78385917	6.068281290690e-17
6133.01994578	6.039481311371e-17
6136.25603238	5.979735191800e-17
6139.49211899	5.870533242479e-17
6142.72820560	5.657183805064e-17
6145.96429220	5.638430307686e-17
6149.20037881	5.795575715990e-17
6152.43646542	5.878349433147e-17
6155.67255203	5.760230208028e-17
6158.90863863	5.647202467769e-17
6162.14472524	5.775369812616e-17
6165.38081185	5.946406092794e-17
6168.61689845	5.963920988592e-17
6171.85298506	5.842395642724e-17
6175.08907167	5.896744341103e-17
6178.32515827	5.963897736486e-17
6181.56124488	5.833405016658e-17
6184.79733149	6.004345468520e-17
6188.03341809	6.263426063797e-17
6191.26950470	6.193279878444e-17
6194.50559131	6.294640239787e-17
6197.74167792	6.489186018610e-17
6200.97776452	6.374536374245e-17
6204.21385113	6.131141323521e-17
6207.44993774	6.093921177365e-17
6210.68602434	6.359273353551e-17
6213.92211095	6.446025484636e-17
6217.15819756	6.465147806454e-17
6220.39428416	6.728416465682e-17
6223.63037077	6.821550614072e-17
6226.86645738	6.774343786739e-17
6230.10254399	6.778702786235e-17
6233.33863059	6.427186146473e-17
6236.57471720	6.052635104511e-17
6239.81080381	6.156909530365e-17
6243.04689041	6.118380122054e-17
6246.28297702	5.962309019051e-17
6249.51906363	6.081447256822e-17
6252.75515023	6.152678382543e-17
6255.99123684	6.102520437043e-17
6259.22732345	6.132694539283e-17
6262.46341006	6.332358436408e-17
6265.69949666	6.507792000998e-17
6268.93558327	6.434254797166e-17
6272.17166988	6.294778080007e-17
6275.40775648	6.184245871356e-17
6278.64384309	6.131817073812e-17
6281.87992970	6.303204020243e-17
6285.11601630	6.534008222981e-17
6288.35210291	6.518102472024e-17
6291.58818952	6.329792087419e-17
6294.82427613	6.247831545496e-17
6298.06036273	6.494599966889e-17
6301.29644934	6.870318325192e-17
6304.53253595	6.971470616219e-17
6307.76862255	6.573783149899e-17
6311.00470916	6.167839676210e-17
6314.24079577	6.151811237288e-17
6317.47688237	6.442944476098e-17
6320.71296898	6.291760528962e-17
6323.94905559	5.988954973668e-17
6327.18514219	6.245067449446e-17
6330.42122880	6.442320036153e-17
6333.65731541	6.387834617504e-17
6336.89340202	6.363184902939e-17
6340.12948862	6.362099407198e-17
6343.36557523	6.376466564281e-17
6346.60166184	6.462515885307e-17
6349.83774844	6.668268805354e-17
6353.07383505	6.871373493409e-17
6356.30992166	6.801427466436e-17
6359.54600826	6.251056344369e-17
6362.78209487	5.814052450244e-17
6366.01818148	6.124454132602e-17
6369.25426809	6.234319938300e-17
6372.49035469	6.001502636176e-17
6375.72644130	6.034163673686e-17
6378.96252791	6.327057268542e-17
6382.19861451	6.591632884842e-17
6385.43470112	6.597020283638e-17
6388.67078773	6.546082636374e-17
6391.90687433	6.459206149624e-17
6395.14296094	6.282824041665e-17
6398.37904755	6.365662623113e-17
6401.61513416	6.547382809338e-17
6404.85122076	6.368018138776e-17
6408.08730737	5.996802564826e-17
6411.32339398	5.904303141667e-17
6414.55948058	6.322017126194e-17
6417.79556719	6.503979116204e-17
6421.03165380	6.407645557830e-17
6424.26774040	6.500094914831e-17
6427.50382701	6.466214720113e-17
6430.73991362	6.233827292640e-17
6433.97600023	6.034232626281e-17
6437.21208683	5.888925096567e-17
6440.44817344	5.935003521828e-17
6443.68426005	6.224621608767e-17
6446.92034665	6.186279375911e-17
6450.15643326	5.961518813229e-17
6453.39251987	6.103837734757e-17
6456.62860647	6.205178465856e-17
6459.86469308	6.212569093701e-17
6463.10077969	6.384821181203e-17
6466.33686630	6.374718807099e-17
6469.57295290	6.179656509067e-17
6472.80903951	6.085087277655e-17
6476.04512612	5.940761778980e-17
6479.28121272	5.858212441588e-17
6482.51729933	6.050953200338e-17
6485.75338594	6.060093271066e-17
6488.98947254	5.833533188531e-17
6492.22555915	5.720167694093e-17
6495.46164576	5.712602214731e-17
6498.69773236	5.750754411677e-17
6501.93381897	5.805039327743e-17
6505.16990558	5.820121457560e-17
6508.40599219	5.907673117783e-17
6511.64207879	6.143430287374e-17
6514.87816540	6.060807373237e-17
6518.11425201	5.754423039784e-17
6521.35033861	5.712742602596e-17
6524.58642522	5.680683245473e-17
6527.82251183	5.630986095868e-17
6531.05859843	5.812241753127e-17
6534.29468504	6.076461089143e-17
6537.53077165	6.188993640954e-17
6540.76685826	6.058929573680e-17
6544.00294486	5.970643475576e-17
6547.23903147	6.019421825891e-17
6550.47511808	6.061343292000e-17
6553.71120468	6.036853674180e-17
6556.94729129	5.948287636948e-17
6560.18337790	5.861582362219e-17
6563.41946450	5.922724684244e-17
6566.65555111	6.023206054787e-17
6569.89163772	5.948792661562e-17
6573.12772433	5.960969286162e-17
6576.36381093	6.082750554818e-17
6579.59989754	6.100220764092e-17
6582.83598415	6.152822163979e-17
6586.07207075	6.127985634086e-17
6589.30815736	5.794493677316e-17
6592.54424397	5.623313520070e-17
6595.78033057	5.747356453430e-17
6599.01641718	5.859034686675e-17
6602.25250379	5.905516216830e-17
6605.48859040	5.949051904970e-17
6608.72467700	6.029463742765e-17
6611.96076361	6.029792640281e-17
6615.19685022	6.018193693754e-17
6618.43293682	6.168481813212e-17
6621.66902343	6.262586658017e-17
6624.90511004	6.165087572662e-17
6628.14119664	5.962633683510e-17
6631.37728325	5.830844061823e-17
6634.61336986	5.810277131688e-17
6637.84945647	5.814228548562e-17
6641.08554307	5.832493787334e-17
6644.32162968	5.799698418537e-17
6647.55771629	5.695563986178e-17
6650.79380289	5.879380206947e-17
6654.02988950	6.136776741627e-17
6657.26597611	5.933195772885e-17
6660.50206271	5.948462889803e-17
6663.73814932	6.162995365108e-17
6666.97423593	5.888250601448e-17
6670.21032253	5.812228283895e-17
6673.44640914	6.045947972462e-17
6676.68249575	5.952125511623e-17
6679.91858236	5.843428510597e-17
6683.15466896	5.856650900341e-17
6686.39075557	5.770292160856e-17
6689.62684218	5.812904344071e-17
6692.86292878	5.942805635163e-17
6696.09901539	5.829090961064e-17
6699.33510200	5.654944175496e-17
6702.57118860	5.641766796520e-17
6705.80727521	5.783191097568e-17
6709.04336182	5.746895140165e-17
6712.27944843	5.527056128585e-17
6715.51553503	5.476653339666e-17
6718.75162164	5.628146866716e-17
6721.98770825	5.752892444028e-17
6725.22379485	5.595860323123e-17
6728.45988146	5.403338178189e-17
6731.69596807	5.404887449101e-17
6734.93205467	5.598383426008e-17
6738.16814128	5.788882416979e-17
6741.40422789	5.750808703644e-17
6744.64031450	5.427527277141e-17
6747.87640110	5.282529219706e-17
6751.11248771	5.436964607057e-17
6754.34857432	5.550439142634e-17
6757.58466092	5.572273042244e-17
6760.82074753	5.466552518371e-17
6764.05683414	5.205846931593e-17
6767.29292074	5.142130085548e-17
6770.52900735	5.298752948450e-17
6773.76509396	5.304601082398e-17
6777.00118057	5.175035876511e-17
6780.23726717	5.067692305894e-17
6783.47335378	5.088579711655e-17
6786.70944039	5.120841916999e-17
6789.94552699	5.100750340741e-17
6793.18161360	5.099030470544e-17
6796.41770021	5.167015566636e-17
6799.65378681	5.225231169904e-17
6802.88987342	5.138091195548e-17
6806.12596003	5.071027620278e-17
6809.36204663	5.107916176221e-17
6812.59813324	5.136381289988e-17
6815.83421985	5.087699497308e-17
6819.07030646	5.008203648989e-17
6822.30639306	5.022410969580e-17
6825.54247967	5.124458085217e-17
6828.77856628	5.146256142167e-17
6832.01465288	4.903148540321e-17
6835.25073949	4.673300708277e-17
6838.48682610	4.629541489024e-17
6841.72291270	4.659636836029e-17
6844.95899931	4.702348636102e-17
6848.19508592	4.684856161334e-17
6851.43117253	4.560691876875e-17
6854.66725913	4.555074423342e-17
6857.90334574	4.628007746279e-17
6861.13943235	4.509643003421e-17
6864.37551895	4.644120027449e-17
6867.61160556	4.960435065748e-17
6870.84769217	4.733534215953e-17
6874.08377877	4.295711086945e-17
6877.31986538	4.118100198399e-17
6880.55595199	4.264516425258e-17
6883.79203860	4.338687201614e-17
6887.02812520	4.197954249189e-17
6890.26421181	4.142602800294e-17
6893.50029842	4.311045877629e-17
6896.73638502	4.474110400675e-17
6899.97247163	4.243260038233e-17
6903.20855824	4.048232150583e-17
6906.44464484	4.216558433269e-17
6909.68073145	4.537521833681e-17
6912.91681806	4.590635957401e-17
6916.15290467	4.393094156954e-17
6919.38899127	4.411673408068e-17
6922.62507788	4.470437570193e-17
6925.86116449	4.392627710059e-17
6929.09725109	4.288050395212e-17
6932.33333770	4.197251825902e-17
6935.56942431	4.173039297415e-17
6938.80551091	4.250425315585e-17
6942.04159752	4.156838418950e-17
6945.27768413	3.985879212988e-17
6948.51377074	4.225014112293e-17
6951.74985734	4.477950932160e-17
6954.98594395	4.357418322473e-17
6958.22203056	4.021124821847e-17
6961.45811716	4.053430593802e-17
6964.69420377	4.503780656597e-17
6967.93029038	4.698896901387e-17
6971.16637698	4.566513635371e-17
6974.40246359	4.418028064887e-17
6977.63855020	4.578857692657e-17
6980.87463680	4.694104458671e-17
6984.11072341	4.604578617804e-17
6987.34681002	4.624378010346e-17
6990.58289663	4.613749008119e-17
6993.81898323	4.589199997883e-17
6997.05506984	4.836649919427e-17
7000.29115645	4.862803618121e-17
7003.52724305	4.594553711366e-17
7006.76332966	4.689510562372e-17
7009.99941627	4.812043149353e-17
7013.23550287	4.715791114352e-17
7016.47158948	4.733519150004e-17
7019.70767609	4.833713045580e-17
7022.94376270	4.929212427539e-17
7026.17984930	5.034083006575e-17
7029.41593591	4.980199707417e-17
7032.65202252	4.824776907032e-17
7035.88810912	4.901490840739e-17
7039.12419573	4.965820973679e-17
7042.36028234	4.928308739157e-17
7045.59636894	5.100753122393e-17
7048.83245555	5.215091384832e-17
7052.06854216	5.118041889601e-17
7055.30462877	5.098607975451e-17
7058.54071537	5.209477516210e-17
7061.77680198	5.389792148011e-17
7065.01288859	5.569890094240e-17
7068.24897519	5.651091720184e-17
7071.48506180	5.650865135270e-17
7074.72114841	5.687056779844e-17
7077.95723501	5.540257215413e-17
7081.19332162	5.241770445525e-17
7084.42940823	5.243886828528e-17
7087.66549484	5.394552575190e-17
7090.90158144	5.463553982598e-17
7094.13766805	5.486934146951e-17
7097.37375466	5.536685765789e-17
7100.60984126	5.572121591090e-17
7103.84592787	5.468308923890e-17
7107.08201448	5.450380590409e-17
7110.31810108	5.577444649314e-17
7113.55418769	5.554828471357e-17
7116.79027430	5.529885214981e-17
7120.02636091	5.589144540875e-17
7123.26244751	5.507327157483e-17
7126.49853412	5.367345215182e-17
7129.73462073	5.320242194641e-17
7132.97070733	5.388971223376e-17
7136.20679394	5.498670305122e-17
7139.44288055	5.584225316938e-17
7142.67896715	5.643685392851e-17
7145.91505376	5.682776457335e-17
7149.15114037	5.666620870891e-17
7152.38722697	5.549745871410e-17
7155.62331358	5.511377438823e-17
7158.85940019	5.559532028415e-17
7162.09548680	5.403801721678e-17
7165.33157340	5.232790665221e-17
7168.56766001	5.207721089841e-17
7171.80374662	5.159959625223e-17
7175.03983322	5.115456905361e-17
7178.27591983	5.152946658060e-17
7181.51200644	5.258182474533e-17
7184.74809304	5.332490210516e-17
7187.98417965	5.367919890249e-17
7191.22026626	5.486672021007e-17
7194.45635287	5.543532686624e-17
7197.69243947	5.431402163696e-17
7200.92852608	5.283733853908e-17
7204.16461269	5.192609496627e-17
7207.40069929	5.188503394235e-17
7210.63678590	5.251324114000e-17
7213.87287251	5.331667150671e-17
7217.10895911	5.396102928600e-17
7220.34504572	5.458056132253e-17
7223.58113233	5.563657823951e-17
7226.81721894	5.640158959789e-17
7230.05330554	5.457441633243e-17
7233.28939215	5.053292682648e-17
7236.52547876	4.783926660550e-17
7239.76156536	5.108498955603e-17
7242.99765197	5.445544808474e-17
7246.23373858	5.299162361834e-17
7249.46982518	5.021637950743e-17
7252.70591179	4.781452160516e-17
7255.94199840	4.703294894902e-17
7259.17808501	4.949820055040e-17
7262.41417161	5.091550178343e-17
7265.65025822	4.850536623032e-17
7268.88634483	4.622150175115e-17
7272.12243143	4.723572563245e-17
7275.35851804	5.070143614565e-17
7278.59460465	5.149189262648e-17
7281.83069125	4.991933346883e-17
7285.06677786	4.856122431827e-17
7288.30286447	4.856007212860e-17
7291.53895107	4.780735918694e-17
7294.77503768	4.548991963892e-17
7298.01112429	4.484971222138e-17
7301.24721090	4.672509343307e-17
7304.48329750	4.923731872663e-17
7307.71938411	4.902097131874e-17
7310.95547072	4.688211035877e-17
7314.19155732	4.539838011618e-17
7317.42764393	4.618376705099e-17
7320.66373054	4.797263565555e-17
7323.89981714	4.897560366037e-17
7327.13590375	4.872721018502e-17
7330.37199036	4.717279068871e-17
7333.60807697	4.577751296304e-17
7336.84416357	4.742728761571e-17
7340.08025018	4.934161167450e-17
7343.31633679	4.889302316773e-17
7346.55242339	4.819125144380e-17
7349.78851000	4.735775250911e-17
7353.02459661	4.610349181039e-17
7356.26068321	4.553466216462e-17
7359.49676982	4.569977776372e-17
7362.73285643	4.620962511432e-17
7365.96894304	4.709538246921e-17
7369.20502964	4.895354801606e-17
7372.44111625	5.096567031689e-17
7375.67720286	5.015419905290e-17
7378.91328946	4.795319444874e-17
7382.14937607	4.680080440168e-17
7385.38546268	4.773209890251e-17
7388.62154928	5.664554073212e-17
7391.85763589	7.213720624522e-17
7395.09372250	7.747106943769e-17
7398.32980911	7.005327026313e-17
7401.56589571	5.723631553228e-17
7404.80198232	4.851595795595e-17
7408.03806893	4.684022671451e-17
7411.27415553	5.037463255702e-17
7414.51024214	5.470171329196e-17
7417.74632875	5.549447330430e-17
7420.98241535	5.173865958935e-17
7424.21850196	4.775547264547e-17
7427.45458857	4.583113361397e-17
7430.69067518	4.559876509346e-17
7433.92676178	4.496541012508e-17
7437.16284839	4.453973136260e-17
7440.39893500	4.482530922055e-17
7443.63502160	4.383192872492e-17
7446.87110821	4.278974675102e-17
7450.10719482	4.374282521303e-17
7453.34328142	4.635718462614e-17
7456.57936803	4.816288725447e-17
7459.81545464	4.720793731113e-17
7463.05154124	4.444509204904e-17
7466.28762785	4.201391002831e-17
7469.52371446	4.145796719403e-17
7472.75980107	4.240991376534e-17
7475.99588767	4.404037909170e-17
7479.23197428	4.520227492702e-17
7482.46806089	4.457912721004e-17
7485.70414749	4.275885103038e-17
7488.94023410	4.165807281381e-17
7492.17632071	4.296074177722e-17
7495.41240731	4.344777817593e-17
7498.64849392	4.150463500436e-17
7501.88458053	4.240001226452e-17
7505.12066714	4.350608318635e-17
7508.35675374	4.238470162865e-17
7511.59284035	4.498416797549e-17
7514.82892696	4.753118144260e-17
7518.06501356	4.506710299669e-17
7521.30110017	4.217250817569e-17
7524.53718678	4.226176378187e-17
7527.77327338	4.474246141771e-17
7531.00935999	4.504386553729e-17
7534.24544660	4.429705134107e-17
7537.48153321	4.444612872988e-17
7540.71761981	4.272885695541e-17
7543.95370642	4.076291415150e-17
7547.18979303	4.157384688123e-17
7550.42587963	4.462834475594e-17
7553.66196624	4.627128620281e-17
7556.89805285	4.463914095790e-17
7560.13413945	4.409876912779e-17
7563.37022606	4.724917174000e-17
7566.60631267	5.257682504967e-17
7569.84239928	5.417394814329e-17
7573.07848588	5.103046806887e-17
7576.31457249	4.640076630860e-17
7579.55065910	4.498191151533e-17
7582.78674570	4.635299870954e-17
7586.02283231	4.663589990672e-17
7589.25891892	4.238729235569e-17
7592.49500552	3.831247599113e-17
7595.73109213	3.912171291842e-17
7598.96717874	4.041916250085e-17
7602.20326535	4.191007341616e-17
7605.43935195	4.362656346979e-17
7608.67543856	4.053492156542e-17
7611.91152517	3.623853111269e-17
7615.14761177	3.626024492058e-17
7618.38369838	3.833095555276e-17
7621.61978499	4.074912940255e-17
7624.85587159	4.238318645202e-17
7628.09195820	4.142810959189e-17
7631.32804481	4.053800132634e-17
7634.56413141	4.236172015330e-17
7637.80021802	4.379624190180e-17
7641.03630463	4.289893642368e-17
7644.27239124	4.063098846222e-17
7647.50847784	4.048118918908e-17
7650.74456445	4.005882782518e-17
7653.98065106	3.716149849658e-17
7657.21673766	3.734191933942e-17
7660.45282427	3.924363379300e-17
7663.68891088	3.879690970582e-17
7666.92499748	3.745114607900e-17
7670.16108409	3.825159755384e-17
7673.39717070	4.155621892096e-17
7676.63325731	4.195881998631e-17
7679.86934391	4.034089200060e-17
7683.10543052	4.035197731018e-17
7686.34151713	4.150325825547e-17
7689.57760373	4.228456383300e-17
7692.81369034	4.187986998363e-17
7696.04977695	4.112365565235e-17
7699.28586355	3.959138621376e-17
7702.52195016	3.801857235959e-17
7705.75803677	4.081301636328e-17
7708.99412338	4.422469991186e-17
7712.23020998	4.337620226526e-17
7715.46629659	4.293784428783e-17
7718.70238320	4.258743384229e-17
7721.93846980	4.017739585733e-17
7725.17455641	3.913332109336e-17
7728.41064302	4.040078872898e-17
7731.64672962	4.195697775218e-17
7734.88281623	4.077105160884e-17
7738.11890284	3.749324300208e-17
7741.35498945	3.537380126271e-17
7744.59107605	3.736426267169e-17
7747.82716266	4.247083754350e-17
7751.06324927	4.636814196755e-17
7754.29933587	4.411346919787e-17
7757.53542248	4.006239260117e-17
7760.77150909	4.046786013880e-17
7764.00759569	4.170701759692e-17
7767.24368230	4.188593368622e-17
7770.47976891	4.113232852490e-17
7773.71585552	3.892377497667e-17
7776.95194212	3.793899868098e-17
7780.18802873	3.984390747340e-17
7783.42411534	3.925475515463e-17
7786.66020194	3.665123138614e-17
7789.89628855	3.620854724270e-17
7793.13237516	3.860900180104e-17
7796.36846176	4.056954692532e-17
7799.60454837	3.950046973432e-17
7802.84063498	3.918644846350e-17
7806.07672158	3.887679733605e-17
7809.31280819	3.630188735684e-17
7812.54889480	3.498922672887e-17
7815.78498141	3.627658529345e-17
7819.02106801	3.918215584056e-17
7822.25715462	4.253789252606e-17
7825.49324123	4.358633181235e-17
7828.72932783	4.089255737103e-17
7831.96541444	3.875238906139e-17
7835.20150105	3.853121011556e-17
7838.43758765	3.922492389839e-17
7841.67367426	4.082606503980e-17
7844.90976087	4.165391792083e-17
7848.14584748	4.025528994782e-17
7851.38193408	3.884935392534e-17
7854.61802069	3.682281654025e-17
7857.85410730	3.372567502118e-17
7861.09019390	3.503320235492e-17
7864.32628051	3.870249051612e-17
7867.56236712	3.937261660764e-17
7870.79845372	3.923226081741e-17
7874.03454033	3.995975992381e-17
7877.27062694	4.033524356868e-17
7880.50671355	3.684987263037e-17
7883.74280015	3.412733809675e-17
7886.97888676	3.763431528791e-17
7890.21497337	3.959030605646e-17
7893.45105997	3.876411254988e-17
7896.68714658	3.922300277006e-17
7899.92323319	4.053349882421e-17
7903.15931979	4.019343058153e-17
7906.39540640	3.647986905164e-17
7909.63149301	3.205664958075e-17
7912.86757962	3.246427298843e-17
7916.10366622	3.919323272165e-17
7919.33975283	4.067742311777e-17
7922.57583944	3.790909431275e-17
7925.81192604	3.863520782602e-17
7929.04801265	3.839009843323e-17
7932.28409926	3.665533484731e-17
7935.52018586	3.657571699442e-17
7938.75627247	3.731995486637e-17
7941.99235908	3.842343060847e-17
7945.22844568	3.923861552823e-17
7948.46453229	3.674236894845e-17
7951.70061890	3.464452074165e-17
7954.93670551	3.737408515650e-17
7958.17279211	3.716778227669e-17
7961.40887872	3.514148485655e-17
7964.64496533	3.730543627282e-17
7967.88105193	3.870814114285e-17
7971.11713854	3.769526978374e-17
7974.35322515	3.690278608519e-17
7977.58931175	3.770049482686e-17
7980.82539836	3.806902419841e-17
7984.06148497	3.625077368716e-17
7987.29757158	3.707676405857e-17
7990.53365818	3.941946110388e-17
7993.76974479	3.905634631241e-17
7997.00583140	3.920617651638e-17
8000.24191800	3.886458739101e-17
8003.47800461	3.526653131946e-17
8006.71409122	3.369346324057e-17
8009.95017782	3.449355135635e-17
8013.18626443	3.406298148181e-17
8016.42235104	3.321601403962e-17
8019.65843765	3.281759337568e-17
8022.89452425	3.322979463901e-17
8026.13061086	3.564052692362e-17
8029.36669747	3.948607894998e-17
8032.60278407	4.208916659307e-17
8035.83887068	4.000816662033e-17
8039.07495729	3.531888923303e-17
8042.31104389	3.342636894398e-17
8045.54713050	3.526601038696e-17
8048.78321711	3.669669320038e-17
8052.01930372	3.434050569961e-17
8055.25539032	3.549561208345e-17
8058.49147693	3.832270776532e-17
8061.72756354	3.610326418904e-17
8064.96365014	3.580479286085e-17
8068.19973675	3.750656038893e-17
8071.43582336	3.609810629727e-17
8074.67190996	3.627651297128e-17
8077.90799657	3.729852298754e-17
8081.14408318	3.518372518036e-17
8084.38016979	3.578355447856e-17
8087.61625639	3.887689500147e-17
8090.85234300	3.904833617038e-17
8094.08842961	3.745511801718e-17
8097.32451621	3.618246335337e-17
8100.56060282	3.598718729166e-17
8103.79668943	3.588320748919e-17
8107.03277603	3.599417599648e-17
8110.26886264	3.668758063681e-17
8113.50494925	3.560773710187e-17
8116.74103585	3.533026451911e-17
8119.97712246	3.947963249200e-17
8123.21320907	4.050833045701e-17
8126.44929568	3.743462153821e-17
8129.68538228	3.586783022514e-17
8132.92146889	3.600159189760e-17
8136.15755550	3.694322755206e-17
8139.39364210	3.787322495576e-17
8142.62972871	3.715155703123e-17
8145.86581532	3.545951831855e-17
8149.10190192	3.478804276437e-17
8152.33798853	3.427737864173e-17
8155.57407514	3.441321719816e-17
8158.81016175	3.644423461304e-17
8162.04624835	3.811018835326e-17
8165.28233496	3.856507236375e-17
8168.51842157	3.856122859647e-17
8171.75450817	3.740551552660e-17
8174.99059478	3.622277674403e-17
8178.22668139	3.716125386231e-17
8181.46276799	3.892579187497e-17
8184.69885460	3.932575706395e-17
8187.93494121	3.753670991823e-17
8191.17102782	3.677233363890e-17
8194.40711442	3.756663833504e-17
8197.64320103	3.734052486907e-17
8200.87928764	3.508435087342e-17
8204.11537424	3.415416589324e-17
8207.35146085	3.768432468742e-17
8210.58754746	3.723814653449e-17
8213.82363406	3.385236014994e-17
8217.05972067	3.597667992770e-17
8220.29580728	3.768332185318e-17
8223.53189389	3.647134217625e-17
8226.76798049	3.542837615796e-17
8230.00406710	3.293145356120e-17
8233.24015371	3.231386573758e-17
8236.47624031	3.832623444324e-17
8239.71232692	4.069659574511e-17
8242.94841353	3.689121448949e-17
8246.18450013	3.452705742710e-17
8249.42058674	3.608907823520e-17
8252.65667335	3.805301803423e-17
8255.89275996	3.615350743477e-17
8259.12884656	3.696876597817e-17
8262.36493317	3.978011000969e-17
8265.60101978	3.725649509667e-17
8268.83710638	3.414404675904e-17
8272.07319299	3.482419753680e-17
8275.30927960	3.794133236646e-17
8278.54536620	3.666775071922e-17
8281.78145281	3.235448578233e-17
8285.01753942	3.318453752111e-17
8288.25362602	3.764384975065e-17
8291.48971263	4.063488503499e-17
8294.72579924	3.819823595999e-17
8297.96188585	3.294079801689e-17
8301.19797245	3.088253461399e-17
8304.43405906	3.570283011985e-17
8307.67014567	3.790501048592e-17
8310.90623227	3.498469560279e-17
8314.14231888	3.361973129859e-17
8317.37840549	3.415969757138e-17
8320.61449209	3.455709944837e-17
8323.85057870	3.369291924790e-17
8327.08666531	3.436258220761e-17
8330.32275192	3.628818816977e-17
8333.55883852	3.576918747679e-17
8336.79492513	3.285728975055e-17
8340.03101174	3.198266829944e-17
8343.26709834	3.712507867844e-17
8346.50318495	3.943048799853e-17
8349.73927156	3.748042769952e-17
8352.97535816	3.816524332793e-17
8356.21144477	3.635692154531e-17
8359.44753138	3.249469997257e-17
8362.68361799	3.351460345445e-17
8365.91970459	3.391256509474e-17
8369.15579120	3.255045855199e-17
8372.39187781	3.468913248376e-17
8375.62796441	3.656892832432e-17
8378.86405102	3.553761411281e-17
8382.10013763	3.321915215961e-17
8385.33622423	3.104389470256e-17
8388.57231084	3.134174055657e-17
8391.80839745	3.580761371296e-17
8395.04448406	3.945116132285e-17
8398.28057066	3.978585538334e-17
8401.51665727	3.828418923460e-17
8404.75274388	3.340889446530e-17
8407.98883048	2.928134598394e-17
8411.22491709	3.298295577578e-17
8414.46100370	3.522914303742e-17
8417.69709030	3.320824185030e-17
8420.93317691	3.475833370161e-17
8424.16926352	3.865647178104e-17
8427.40535012	3.933569790583e-17
8430.64143673	3.319040521471e-17
8433.87752334	2.857084980371e-17
8437.11360995	2.961554649104e-17
8440.34969655	3.190634131043e-17
8443.58578316	3.258723295716e-17
8446.82186977	3.241705930099e-17
8450.05795637	3.382466442471e-17
8453.29404298	3.383487822056e-17
8456.53012959	3.317868369793e-17
8459.76621619	3.609108561267e-17
8463.00230280	3.637297561009e-17
8466.23838941	3.250602588515e-17
8469.47447602	3.111306193578e-17
8472.71056262	3.332523046100e-17
8475.94664923	3.586232575360e-17
8479.18273584	3.478337148269e-17
8482.41882244	3.397347842737e-17
8485.65490905	3.482325636655e-17
8488.89099566	3.403408914952e-17
8492.12708226	3.320690392164e-17
8495.36316887	3.280672932071e-17
8498.59925548	3.085484631666e-17
8501.83534209	2.948092887391e-17
8505.07142869	3.179911996844e-17
8508.30751530	3.778497020141e-17
8511.54360191	3.796692064660e-17
8514.77968851	3.303215719585e-17
8518.01577512	3.420474530122e-17
8521.25186173	3.220940457356e-17
8524.48794833	2.644852693500e-17
8527.72403494	3.010318252717e-17
8530.96012155	3.392755074525e-17
8534.19620816	3.222724089704e-17
8537.43229476	3.229251848042e-17
8540.66838137	3.579279776262e-17
8543.90446798	3.838842107144e-17
8547.14055458	3.475131160001e-17
8550.37664119	3.298989443296e-17
8553.61272780	3.530155137437e-17
8556.84881440	3.377842039530e-17
8560.08490101	3.256174418191e-17
8563.32098762	3.412336702452e-17
8566.55707423	3.453359404795e-17
8569.79316083	3.554329241831e-17
8573.02924744	3.641513681569e-17
8576.26533405	3.313791675693e-17
8579.50142065	3.252454125432e-17
8582.73750726	3.564466041310e-17
8585.97359387	3.404286780692e-17
8589.20968047	3.085462650292e-17
8592.44576708	3.028812522756e-17
8595.68185369	3.200126098279e-17
8598.91794029	3.478126512080e-17
8602.15402690	3.593142656044e-17
8605.39011351	3.309586909117e-17
8608.62620012	3.258116158343e-17
8611.86228672	3.443616789960e-17
8615.09837333	3.018861634913e-17
8618.33445994	2.657878588611e-17
8621.57054654	2.873767054472e-17
8624.80663315	3.192824185491e-17
8628.04271976	3.146750947157e-17
8631.27880636	2.935740835218e-17
8634.51489297	3.314140128708e-17
8637.75097958	3.880713764128e-17
8640.98706619	3.986877273939e-17
8644.22315279	3.511468963758e-17
8647.45923940	3.419372710894e-17
8650.69532601	3.795586619216e-17
8653.93141261	3.504995571419e-17
8657.16749922	3.370745407186e-17
8660.40358583	3.701996461020e-17
8663.63967243	3.392876591600e-17
8666.87575904	2.846837856235e-17
8670.11184565	2.775060639467e-17
8673.34793226	3.259062597623e-17
8676.58401886	3.557438966493e-17
8679.82010547	3.296151201766e-17
8683.05619208	2.977759674441e-17
8686.29227868	3.051854947268e-17
8689.52836529	3.431781494689e-17
8692.76445190	3.536271695208e-17
8696.00053850	3.490587728206e-17
8699.23662511	3.510187465868e-17
8702.47271172	3.523462925237e-17
8705.70879833	3.455600372655e-17
8708.94488493	3.350764288158e-17
8712.18097154	3.341559118585e-17
8715.41705815	3.295069427537e-17
8718.65314475	3.186123299924e-17
8721.88923136	3.218132478606e-17
8725.12531797	3.256677583638e-17
8728.36140457	3.273028145740e-17
8731.59749118	3.483856460154e-17
8734.83357779	3.610979464477e-17
8738.06966440	3.460086560490e-17
8741.30575100	3.297268183192e-17
8744.54183761	3.541475813646e-17
8747.77792422	3.904697659374e-17
8751.01401082	3.376081429756e-17
8754.25009743	2.603377960888e-17
8757.48618404	2.581560713660e-17
8760.72227064	3.495729224965e-17
8763.95835725	4.140715148610e-17
8767.19444386	3.695071469094e-17
8770.43053046	2.768935501599e-17
8773.66661707	2.496102649314e-17
8776.90270368	3.053735511467e-17
8780.13879029	3.282095479432e-17
8783.37487689	3.295000724587e-17
8786.61096350	3.416506199226e-17
8789.84705011	3.450246039526e-17
8793.08313671	3.458793063336e-17
8796.31922332	3.493550099490e-17
8799.55530993	3.434516796857e-17
8802.79139653	3.397837859704e-17
8806.02748314	3.493161884336e-17
8809.26356975	3.612244317458e-17
8812.49965636	3.454272855901e-17
8815.73574296	3.160528905062e-17
8818.97182957	3.393360959445e-17
8822.20791618	3.571547215584e-17
8825.44400278	3.090602303145e-17
8828.68008939	2.312736567352e-17
8831.91617600	2.301609854118e-17
8835.15226260	3.198630290326e-17
8838.38834921	3.618013065961e-17
8841.62443582	3.523005571084e-17
8844.86052243	3.460828557842e-17
8848.09660903	3.666887017815e-17
8851.33269564	3.511127439604e-17
8854.56878225	2.931507929505e-17
8857.80486885	3.001680703822e-17
8861.04095546	3.245351338709e-17
8864.27704207	3.026020191521e-17
8867.51312867	2.721236863384e-17
8870.74921528	3.130382019581e-17
8873.98530189	3.861978434696e-17
8877.22138850	3.105464080160e-17
8880.45747510	2.412980790294e-17
8883.69356171	3.089554569555e-17
8886.92964832	3.694351682098e-17
8890.16573492	3.642618585004e-17
8893.40182153	3.267346595623e-17
8896.63790814	3.263093473698e-17
8899.87399474	3.219469037116e-17
8903.11008135	2.896431940385e-17
8906.34616796	2.917678196769e-17
8909.58225457	2.629421033151e-17
8912.81834117	1.774143477422e-17
8916.05442778	1.579705035082e-17
8919.29051439	2.182823386307e-17
8922.52660099	2.988679380462e-17
8925.76268760	3.323587950420e-17
8928.99877421	3.336722420697e-17
8932.23486081	3.292664324845e-17
8935.47094742	3.081014651759e-17
8938.70703403	2.902524725850e-17
8941.94312063	2.890197801913e-17
8945.17920724	2.812013380687e-17
8948.41529385	2.614851829010e-17
8951.65138046	2.560052909486e-17
8954.88746706	3.065734869212e-17
8958.12355367	3.539241353321e-17
8961.35964028	3.416340001206e-17
8964.59572688	3.031227012135e-17
8967.83181349	2.870654531314e-17
8971.06790010	2.974123231617e-17
8974.30398670	2.808757218354e-17
8977.54007331	2.913448388772e-17
8980.77615992	3.484580744374e-17
8984.01224653	3.385870223046e-17
8987.24833313	2.645449978009e-17
8990.48441974	2.033806215677e-17
8993.72050635	2.270153720872e-17
8996.95659295	2.909281536539e-17
9000.19267956	3.306778130510e-17
9003.42876617	3.434172603950e-17
9006.66485277	3.289041990938e-17
9009.90093938	2.991925626721e-17
9013.13702599	2.881163823736e-17
9016.37311260	2.921880311158e-17
9019.60919920	2.984821640883e-17
9022.84528581	3.099990804485e-17
9026.08137242	3.162249524617e-17
9029.31745902	3.014489893492e-17
9032.55354563	2.628176952671e-17
9035.78963224	2.402654258211e-17
9039.02571884	2.497935482251e-17
9042.26180545	2.400280821478e-17
9045.49789206	2.284249563596e-17
9048.73397867	2.474866064533e-17
9051.97006527	2.811334870322e-17
9055.20615188	2.940067387226e-17
9058.44223849	2.743607429036e-17
9061.67832509	2.598570425184e-17
9064.91441170	2.628222420517e-17
9068.15049831	2.775804783822e-17
9071.38658491	2.941200350500e-17
9074.62267152	2.915310755851e-17
9077.85875813	2.743532229269e-17
9081.09484473	2.909847751158e-17
9084.33093134	3.127682039161e-17
9087.56701795	3.013707950321e-17
9090.80310456	2.797285872839e-17
9094.03919116	2.613797042598e-17
9097.27527777	2.511205985908e-17
9100.51136438	2.536516589652e-17
9103.74745098	2.568330843318e-17
9106.98353759	2.537181651618e-17
9110.21962420	2.598996030732e-17
9113.45571080	2.677686834243e-17
9116.69179741	2.665659237521e-17
9119.92788402	2.666965667678e-17
9123.16397063	2.782669812334e-17
9126.40005723	2.912049867573e-17
9129.63614384	2.724410692987e-17
9132.87223045	2.592849942681e-17
9136.10831705	2.785367953489e-17
9139.34440366	2.714481508756e-17
9142.58049027	2.498993326204e-17
9145.81657687	2.529141160398e-17
9149.05266348	2.776199528692e-17
9152.28875009	2.897986991890e-17
9155.52483670	2.777973732033e-17
9158.76092330	2.901214774186e-17
9161.99700991	3.150849125203e-17
9165.23309652	3.121965559647e-17
9168.46918312	2.738779288865e-17
9171.70526973	2.739725805954e-17
9174.94135634	3.306396351765e-17
9178.17744294	2.998149967692e-17
9181.41352955	2.360334716175e-17
9184.64961616	2.356796755353e-17
9187.88570277	2.356943229563e-17
9191.12178937	2.289241608971e-17
9194.35787598	2.475029952268e-17
9197.59396259	2.945322046648e-17
9200.83004919	2.962274886344e-17
9204.06613580	2.306857250469e-17
9207.30222241	2.369053958093e-17
9210.53830901	2.799752052579e-17
9213.77439562	2.769930551942e-17
9217.01048223	2.755671908870e-17
9220.24656884	2.834723860874e-17
9223.48265544	2.863758093421e-17
9226.71874205	2.961978571529e-17
9229.95482866	3.026570480568e-17
9233.19091526	2.906683090468e-17
9236.42700187	2.691902872292e-17
9239.66308848	2.552365905742e-17
9242.89917508	2.692107312952e-17
9246.13526169	3.230393607359e-17
9249.37134830	3.595772470673e-17
9252.60743490	3.218950060900e-17
9255.84352151	2.467042643184e-17
9259.07960812	2.270946937904e-17
9262.31569473	2.997020432674e-17
9265.55178133	3.432790721006e-17
9268.78786794	3.204911233361e-17
9272.02395455	2.711090026868e-17
9275.26004115	2.502550531267e-17
9278.49612776	2.622990915504e-17
9281.73221437	2.991223696419e-17
9284.96830097	3.745541799467e-17
9288.20438758	3.829330257066e-17
9291.44047419	2.661382361509e-17
9294.67656080	2.128491192588e-17
9297.91264740	2.716806178645e-17
9301.14873401	3.534432999871e-17
9304.38482062	3.488178471196e-17
9307.62090722	3.859489713153e-17
9310.85699383	5.155202225387e-17
9314.09308044	3.764692601029e-17
9317.32916704	1.657159204539e-17
9320.56525365	2.139922703333e-17
9323.80134026	2.959145186348e-17
9327.03742687	3.162045726065e-17
9330.27351347	3.003312281709e-17
9333.50960008	2.301893793719e-17
9336.74568669	2.024074535830e-17
9339.98177329	2.675070998386e-17
9343.21785990	2.358464664230e-17
9346.45394651	1.972723370390e-17
9349.69003311	2.943433143348e-17
9352.92611972	3.432533070615e-17
9356.16220633	3.086116371590e-17
9359.39829294	2.745766044217e-17
9362.63437954	2.854823591568e-17
9365.87046615	3.528104440523e-17
9369.10655276	4.490565063504e-17
9372.34263936	4.992136637478e-17
9375.57872597	4.903676134510e-17
9378.81481258	4.579566590591e-17
9382.05089918	4.357042197427e-17
9385.28698579	3.929618290649e-17
9388.52307240	3.052759103847e-17
9391.75915901	2.519370178497e-17
9394.99524561	2.598470047576e-17
9398.23133222	2.972998072710e-17
9401.46741883	3.121112378455e-17
9404.70350543	2.951634246187e-17
9407.93959204	2.630620481105e-17
9411.17567865	2.307754114853e-17
9414.41176525	2.780301590451e-17
9417.64785186	4.169957817121e-17
9420.88393847	4.260500237498e-17
9424.12002507	3.223187394538e-17
9427.35611168	2.395243179463e-17
9430.59219829	1.499743305737e-17
9433.82828490	1.453928294756e-17
9437.06437150	2.669443002971e-17
9440.30045811	2.300645107220e-17
9443.53654472	1.281416969494e-17
9446.77263132	2.047099831394e-17
9450.00871793	3.233138145723e-17
9453.24480454	2.932659135515e-17
9456.48089114	1.060982891086e-17
9459.71697775	1.067823810609e-17
9462.95306436	2.586786640028e-17
9466.18915097	3.153312736158e-17
9469.42523757	3.011764295145e-17
9472.66132418	3.684836122470e-17
9475.89741079	5.498329274806e-17
9479.13349739	5.157650354122e-17
9482.36958400	3.397751089135e-17
9485.60567061	2.927171082962e-17
9488.84175721	2.984663165033e-17
9492.07784382	2.713483588814e-17
9495.31393043	2.162891712542e-17
9498.55001704	2.336184931540e-17
9501.78610364	3.300221716264e-17
9505.02219025	4.177162746055e-17
9508.25827686	3.869253420335e-17
9511.49436346	2.340880436069e-17
9514.73045007	5.385100975296e-18
9517.96653668	-1.643616211126e-18
9521.20262328	9.050046428703e-18
9524.43870989	3.041792890271e-17
9527.67479650	3.762043314709e-17
9530.91088311	3.418937966672e-17
9534.14696971	3.670171758294e-17
9537.38305632	3.665791774226e-17
9540.61914293	3.679925204730e-17
9543.85522953	4.346583745594e-17
9547.09131614	4.189520390525e-17
9550.32740275	3.475223311376e-17
9553.56348935	3.324610631638e-17
9556.79957596	2.929110121505e-17
9560.03566257	2.579709377016e-17
9563.27174917	3.167816054828e-17
9566.50783578	4.094700981512e-17
9569.74392239	4.720173448624e-17
9572.98000900	4.747305270063e-17
9576.21609560	4.250906971820e-17
9579.45218221	3.604349391382e-17
9582.68826882	3.264548429162e-17
9585.92435542	3.368821917328e-17
9589.16044203	3.379398592650e-17
9592.39652864	2.804124341331e-17
9595.63261524	2.493385698961e-17
9598.86870185	3.058052614020e-17
9602.10478846	4.040243470142e-17
9605.34087507	3.533407028369e-17
9608.57696167	2.328501866288e-17
9611.81304828	2.591051285222e-17
9615.04913489	3.689099274945e-17
9618.28522149	3.763431922498e-17
9621.52130810	2.167369145892e-17
9624.75739471	2.324851342604e-17
9627.99348131	3.444750061146e-17
9631.22956792	2.730404109549e-17
9634.46565453	2.747118409234e-17
9637.70174114	3.376813922956e-17
9640.93782774	2.650366047974e-17
9644.17391435	2.140258097704e-17
9647.41000096	2.313567002131e-17
9650.64608756	2.485350034044e-17
9653.88217417	3.026792056157e-17
9657.11826078	3.152621490506e-17
9660.35434738	2.307195158038e-17
9663.59043399	3.355642172851e-17
9666.82652060	4.733357257709e-17
9670.06260721	3.153117382257e-17
9673.29869381	2.295634793818e-17
9676.53478042	3.112933543588e-17
9679.77086703	3.570929996820e-17
9683.00695363	3.556007911891e-17
9686.24304024	3.707785655642e-17
9689.47912685	4.230138341754e-17
9692.71521345	3.729077432903e-17
9695.95130006	2.508767991901e-17
9699.18738667	2.048279506431e-17
9702.42347328	2.200424330713e-17
9705.65955988	2.830203184920e-17
9708.89564649	3.829325142285e-17
9712.13173310	4.189400727551e-17
9715.36781970	3.793281185980e-17
9718.60390631	3.444280530570e-17
9721.83999292	3.759560269403e-17
9725.07607952	4.083603966875e-17
9728.31216613	3.458287473195e-17
9731.54825274	2.989832547006e-17
9734.78433934	2.882097538230e-17
9738.02042595	2.489650235944e-17
9741.25651256	2.240815273470e-17
9744.49259917	2.255266769486e-17
9747.72868577	2.189489723467e-17
9750.96477238	1.910826138760e-17
9754.20085899	1.745682049930e-17
9757.43694559	2.146286682813e-17
9760.67303220	2.850858317025e-17
9763.90911881	3.264447528038e-17
9767.14520541	2.979649160014e-17
9770.38129202	2.566208532417e-17
9773.61737863	2.373118785863e-17
9776.85346524	2.418821976250e-17
9780.08955184	2.809440771983e-17
9783.32563845	2.266389360659e-17
9786.56172506	-3.343949707144e-18
9789.79781166	-1.880218510030e-17
9793.03389827	-1.091549191807e-17
9796.26998488	6.484430937864e-18
9799.50607148	1.896868399664e-17
9802.74215809	2.307676016053e-17
9805.97824470	2.417446351943e-17
9809.21433131	2.563180496701e-17
9812.45041791	2.530781731033e-17
9815.68650452	2.072852227405e-17
9818.92259113	2.108219159409e-17
9822.15867773	2.679450855602e-17
9825.39476434	2.810211595244e-17
9828.63085095	1.940458423446e-17
9831.86693755	1.275181004769e-17
9835.10302416	2.136367413579e-17
9838.33911077	1.693102749578e-17
9841.57519738	3.455248092402e-18
9844.81128398	1.131758686066e-17
9848.04737059	2.530616741341e-17
9851.28345720	3.635647854895e-17
9854.51954380	4.646210828678e-17
9857.75563041	3.811553100991e-17
9860.99171702	1.936636595913e-17
9864.22780362	1.575878030422e-17
9867.46389023	1.423346745551e-17
9870.69997684	1.313002633412e-17
9873.93606345	2.419552268070e-17
9877.17215005	3.332418469481e-17
9880.40823666	3.476940302852e-17
9883.64432327	3.515179721509e-17
9886.88040987	3.221780965410e-17
9890.11649648	2.648827978063e-17
9893.35258309	2.372767258979e-17
9896.58866969	2.779362986267e-17
9899.82475630	3.150227774474e-17
9903.06084291	2.627238687081e-17
9906.29692951	3.094552344899e-17
9909.53301612	4.347492197003e-17
9912.76910273	4.041337312864e-17
9916.00518934	2.327520755031e-17
9919.24127594	9.080642376909e-18
9922.47736255	1.325489047011e-17
9925.71344916	1.948860760736e-17
9928.94953576	2.070591583870e-17
9932.18562237	2.411119736152e-17
9935.42170898	2.475719990776e-17
9938.65779558	2.970092753653e-17
9941.89388219	4.800699391173e-17
9945.12996880	4.412547467239e-17
9948.36605541	2.312746364223e-17
9951.60214201	2.677971773861e-17
9954.83822862	3.473013615301e-17
9958.07431523	2.367564829031e-17
9961.31040183	-1.957580610076e-18
9964.54648844	-2.427963776509e-18
9967.78257505	2.118090231976e-17
9971.01866165	2.876162465305e-17
9974.25474826	2.578308217513e-17
9977.49083487	1.952791021148e-17
9980.72692148	8.786630236505e-18
9983.96300808	8.560488599435e-18
9987.19909469	2.234552945267e-17
9990.43518130	3.563780679854e-17
9993.67126790	3.347762536993e-17
9996.90735451	2.106873176818e-17
10000.14344112	1.944906409701e-17
10003.37952772	3.005018081006e-17
10006.61561433	3.738757409718e-17
10009.85170094	2.481533961576e-17
10013.08778755	1.179364460139e-17
10016.32387415	1.082368781065e-17
10019.55996076	1.548744879122e-17
10022.79604737	2.013182911197e-17
10026.03213397	2.201274553972e-17
10029.26822058	2.113874802682e-17
10032.50430719	1.991125870232e-17
10035.74039379	2.116966308480e-17
10038.97648040	2.610506163310e-17
10042.21256701	3.087027540808e-17
10045.44865361	3.674499695239e-17
10048.68474022	4.593991089230e-17
10051.92082683	3.920795559600e-17
10055.15691344	1.748381935097e-17
10058.39300004	4.704505702352e-18
10061.62908665	-8.735332171722e-19
10064.86517326	-3.411219746023e-18
10068.10125986	1.021325286375e-18
10071.33734647	1.799462734093e-17
10074.57343308	3.738821091506e-17
10077.80951968	3.719777678932e-17
10081.04560629	2.049832722954e-17
10084.28169290	4.582082693505e-18
10087.51777951	6.055303218760e-18
10090.75386611	1.300992179620e-17
10093.98995272	1.631436810302e-17
10097.22603933	1.956664398878e-17
10100.46212593	2.325060430163e-17
10103.69821254	2.325613671127e-17
10106.93429915	1.574706960834e-17
10110.17038575	1.121646859418e-17
10113.40647236	1.095251062415e-17
10116.64255897	6.030024404712e-18
10119.87864558	8.928124977671e-18
10123.11473218	2.131667818644e-17
10126.35081879	2.718879273920e-17
10129.58690540	2.538814727523e-17
10132.82299200	2.341702573601e-17
10136.05907861	2.832597302845e-17
10139.29516522	3.136241636662e-17
10142.53125182	2.948759168824e-17
10145.76733843	2.920119710926e-17
10149.00342504	2.402386941570e-17
10152.23951165	1.237309410829e-17
10155.47559825	4.588510946480e-18
10158.71168486	1.114797061593e-17
10161.94777147	2.664374410661e-17
10165.18385807	3.180151631156e-17
10168.41994468	2.711615704976e-17
10171.65603129	1.607382775908e-17
10174.89211789	1.170078319663e-18
10178.12820450	2.802709853468e-19
10181.36429111	1.638155368629e-17
10184.60037772	2.902066280185e-17
10187.83646432	2.463008332324e-17
10191.07255093	1.294064103610e-17
10194.30863754	1.901933851188e-17
10197.54472414	2.966125769006e-17
10200.78081075	2.950466952469e-17
10204.01689736	2.138047677941e-17
10207.25298396	2.201673107675e-17
10210.48907057	2.720689747185e-17
10213.72515718	1.310402261626e-17
10216.96124378	3.566328818340e-18
