     0.793620      0.00000          NaN
     0.794088      0.00000          NaN
     0.794550      0.00000          NaN
     0.795009      0.00000          NaN
     0.795463  1.48232e-12          NaN
     0.795913  8.50237e-13  7.60935e-12
     0.796358  1.96897e-13  1.63171e-12
     0.796798  1.28423e-14  8.06137e-15
     0.797235  1.27944e-16  7.84882e-17
     0.797668  5.65573e-17  7.12786e-17
     0.798096  2.11427e-16  7.18131e-17
     0.798520  1.61646e-16  9.44408e-17
     0.798940  9.96000e-17  1.01168e-16
     0.799358  7.68062e-17  7.56098e-17
     0.799769  1.05625e-16  7.81594e-17
     0.800178  7.87688e-17  6.36486e-17
     0.800583  2.86580e-16  8.91195e-17
     0.800984  1.15075e-16  5.62123e-17
     0.801381  1.93343e-16  8.32423e-17
     0.801775  2.02266e-16  5.36872e-17
     0.802166  1.47116e-16  5.38679e-17
     0.802552  1.79956e-16  6.69418e-17
     0.802935  1.72797e-16  5.37626e-15
     0.803315  1.69351e-16  7.34449e-17
     0.803691  1.95101e-16  7.42127e-17
     0.804065  1.41847e-16  4.89366e-17
     0.804435  4.17343e-17  6.37078e-17
     0.804801  1.57929e-16  6.10941e-17
     0.805165  1.46453e-16  4.49425e-17
     0.805525  1.21967e-16  5.88321e-17
     0.805883  1.43663e-16  3.93138e-17
     0.806237  9.69860e-17  4.47655e-17
     0.806588  1.54018e-16  7.14781e-17
     0.806937  1.96306e-16  6.85201e-17
     0.807283  1.10356e-16  5.88697e-17
     0.807625  1.49130e-16  6.54192e-17
     0.807965  1.02917e-16  4.90289e-17
     0.808303  1.77562e-16  4.88966e-17
     0.808637  1.04617e-16  5.01786e-17
     0.808969  1.18895e-16  6.29276e-17
     0.809299  8.99548e-17  4.56026e-17
     0.809625  8.71706e-17  5.74859e-17
     0.809949  7.33484e-17  6.64978e-17
     0.810271  1.03961e-16  5.17433e-17
     0.810590  6.56986e-17  6.53187e-17
     0.810907  1.93259e-17  6.52570e-17
     0.811222  9.61991e-17  6.37307e-17
     0.811534  1.03679e-16  4.16144e-17
     0.811844  1.95358e-17  6.98213e-17
     0.812151 -2.23612e-17  8.37445e-17
     0.812457  3.52418e-17  5.83074e-17
     0.812760  5.62752e-17  6.46383e-17
     0.813061  8.92280e-17  4.29429e-17
     0.813360  1.32958e-16  6.73475e-17
     0.813658 -1.76411e-18  6.69020e-17
     0.813952  4.61499e-17  6.26766e-17
     0.814246  2.32851e-17  6.28837e-17
     0.814536  9.12232e-17  6.75240e-17
     0.814825  6.29280e-17  6.54899e-17
     0.815112  6.63738e-17  5.61904e-17
     0.815398  7.05181e-17  7.59389e-17
     0.815681  4.32238e-17  5.35184e-17
     0.815963  1.08122e-16  5.50404e-17
     0.816243  8.52396e-17  5.87551e-17
     0.816521  8.84298e-17  5.87528e-17
     0.816797  2.01306e-17  6.80825e-17
     0.817073  6.25475e-17  6.44647e-17
     0.817346  1.39318e-16  6.65326e-17
     0.817617  2.29818e-17  5.74692e-17
     0.817888  3.12447e-17  5.46328e-17
     0.818156  3.70768e-17  4.87737e-17
     0.818423  1.52434e-16  4.65962e-17
     0.818689  1.44028e-16  6.95916e-17
     0.818953  9.15101e-17  5.77488e-17
     0.819216  1.60432e-16  5.86851e-17
     0.819477  3.09623e-17  7.20084e-17
     0.819737  1.46616e-16  4.64368e-17
     0.819996  1.12589e-16  4.37167e-17
     0.820253  1.88037e-16  3.62916e-17
     0.820509  1.17616e-16  6.44709e-17
     0.820764  6.20863e-17  4.09413e-17
     0.821018  1.00433e-16  9.17486e-17
     0.821270  4.30702e-17  5.85084e-17
     0.821521  8.20979e-17  4.58968e-17
     0.821771  4.87934e-17  6.51677e-17
     0.822020  1.18768e-16  7.09007e-17
     0.822268  9.37589e-17  5.47501e-17
     0.822515  3.24961e-17  5.39013e-17
     0.822760  2.12212e-16  4.63957e-17
     0.823005  8.61893e-17  5.23141e-17
     0.823248  2.50375e-17  9.28916e-17
     0.823491  1.10952e-17  5.06049e-17
     0.823733  2.95358e-17  4.74372e-17
     0.823973  1.09601e-16  7.02237e-17
     0.824213  1.57131e-16  5.18857e-17
     0.824452  9.55746e-17  5.17019e-17
     0.824690  4.54350e-17  5.37162e-17
     0.824927  1.04079e-16  6.21206e-17
     0.825163  6.67797e-17  4.22145e-17
     0.825399  4.36283e-17  4.73642e-17
     0.825634  1.08876e-16  4.82642e-17
     0.825868  4.94683e-17  5.51880e-17
     0.826100  1.47672e-16  4.50462e-17
     0.826333  8.39226e-17  6.12057e-17
     0.826565  8.33199e-18  4.60844e-17
     0.826796 -8.50742e-18  5.25324e-17
     0.827026  4.56230e-17  5.30381e-17
     0.827256  1.42891e-17  5.22594e-17
     0.827485  7.90231e-17  8.03637e-17
     0.827713  5.06784e-17  6.24485e-17
     0.827941  5.87126e-17  5.43890e-17
     0.828168  9.11742e-17  4.20058e-17
     0.828395  1.08409e-16  6.14294e-17
     0.828621  8.61048e-17  3.98807e-17
     0.828847  9.24996e-17  4.79364e-17
     0.829072  1.12096e-16  4.87376e-17
     0.829296  7.73370e-17  6.53681e-17
     0.829520  1.14989e-16  5.62726e-17
     0.829744  9.18161e-17  4.14377e-17
     0.829967  8.90388e-17  4.56182e-17
     0.830190  9.73896e-17  4.71904e-17
     0.830411  1.04582e-16  5.55180e-17
     0.830634  1.24133e-16  4.74756e-17
     0.830855  1.35875e-16  6.30869e-17
     0.831076  1.05521e-16  5.47373e-17
     0.831296  4.82355e-17  4.90279e-17
     0.831517 -2.40981e-17  4.86418e-17
     0.831737  4.20824e-17  5.71314e-17
     0.831956  1.77961e-16  6.00532e-17
     0.832176  1.06030e-16  6.30507e-17
     0.832395  1.16674e-16  4.80958e-17
     0.832613  4.58391e-17  6.45280e-17
     0.832832  7.33757e-17  4.13828e-17
     0.833050  5.53484e-17  4.95050e-17
     0.833268  1.36849e-17  4.99719e-17
     0.833486  1.52516e-16  3.53158e-17
     0.833703  8.91797e-17  4.77692e-17
     0.833920  6.86452e-17  4.99200e-17
     0.834137  5.81584e-17  5.38283e-17
     0.834354  7.96198e-17  4.97249e-17
     0.834571  8.71784e-17  5.24130e-17
     0.834787  9.63176e-17  5.00220e-17
     0.835003  8.99882e-17  4.94959e-17
     0.835220  3.94704e-17  5.26222e-17
     0.835436  1.14298e-16  4.91884e-17
     0.835651  9.91963e-17  5.28482e-17
     0.835867  1.05127e-16  6.63332e-17
     0.836083  3.05224e-17  5.31421e-17
     0.836298  1.35134e-16  3.72889e-17
     0.836514  4.20912e-17  5.41970e-17
     0.836729  1.15336e-16  6.25257e-17
     0.836944  9.39338e-17  3.15155e-17
     0.837160  1.35938e-16  6.36957e-17
     0.837375  1.52284e-16  4.37281e-17
     0.837590  9.63660e-17  5.45104e-17
     0.837805  9.18909e-17  3.64151e-17
     0.838020  7.86279e-17  5.18406e-17
     0.838235  7.72963e-17  5.99520e-17
     0.838450  1.18697e-16  4.38115e-17
     0.838666  1.25139e-16  4.68600e-17
     0.838880  7.89395e-17  4.85863e-17
     0.839096  9.22842e-17  5.25517e-17
     0.839311  1.13159e-16  6.80129e-17
     0.839526  6.53351e-17  6.16793e-17
     0.839741  1.42512e-16  4.58464e-17
     0.839956  1.11876e-16  4.55590e-17
     0.840172  6.16391e-17  4.90741e-17
     0.840387  1.35583e-16  3.74134e-17
     0.840602  1.42610e-16  4.75906e-17
     0.840818  1.13391e-16  5.13937e-17
     0.841033  3.54475e-17  2.95573e-17
     0.841249  1.75247e-16  4.55632e-17
     0.841464  1.75426e-16  3.41658e-17
     0.841680  1.33625e-16  3.88125e-17
     0.841896  1.71010e-16  4.07559e-17
     0.842112  1.49331e-16  4.64191e-17
     0.842328  1.57857e-16  3.26901e-17
     0.842544  1.62276e-16  5.54699e-17
     0.842761  5.83952e-17  4.63529e-17
     0.842977  1.27471e-16  4.01734e-17
     0.843194  9.95656e-17  5.71221e-17
     0.843411  5.53081e-17  4.26334e-17
     0.843628  3.77065e-17  4.48437e-17
     0.843845  1.28090e-16  4.58589e-17
     0.844063  7.56466e-17  3.34091e-17
     0.844280  1.54879e-16  4.03074e-17
     0.844497  1.21557e-16  5.46275e-17
     0.844715  1.25780e-16  4.21907e-17
     0.844933  1.20572e-16  6.04191e-17
     0.845151  1.36945e-16  3.84045e-17
     0.845370  1.97532e-16  4.01630e-17
     0.845588  1.39555e-16  5.10243e-17
     0.845807  1.65098e-16  4.32271e-17
     0.846026  1.75155e-16  4.43486e-17
     0.846245  1.66458e-16  4.99197e-17
     0.846465  1.17037e-16  3.63335e-17
     0.846683  1.56750e-16  3.97177e-17
     0.846904  1.41673e-16  6.13937e-17
     0.847124  1.67440e-16  4.42583e-17
     0.847344  1.36488e-16  4.16919e-17
     0.847564  1.03583e-16  4.17941e-17
     0.847785  2.48672e-16  4.33530e-17
     0.848006  1.53121e-16  5.26302e-17
     0.848227  1.67713e-16  3.22450e-17
     0.848449  1.02741e-16  4.46896e-17
     0.848670  2.22247e-16  3.37595e-17
     0.848892  2.01648e-16  3.69933e-17
     0.849114  1.87716e-16  4.87738e-17
     0.849337  2.55570e-16  3.13936e-17
     0.849559  2.63222e-16  4.77595e-17
     0.849782  2.13206e-16  3.99343e-17
     0.850005  2.00069e-16  6.00087e-17
     0.850229  3.24267e-16  4.64765e-17
     0.850452  3.23833e-16  4.91229e-17
     0.850677  3.13986e-16  4.23983e-17
     0.850900  2.97775e-16  3.38767e-17
     0.851125  3.96531e-16  5.57400e-17
     0.851350  3.31031e-16  4.75273e-17
     0.851575  3.67799e-16  4.15624e-17
     0.851800  3.33396e-16  4.39327e-17
     0.852026  3.10720e-16  4.00665e-17
     0.852252  3.59495e-16  5.45983e-17
     0.852478  4.75262e-16  4.80529e-17
     0.852705  3.12777e-16  4.68783e-17
     0.852932  3.05322e-16  4.85686e-17
     0.853159  3.81628e-16  3.43571e-17
     0.853386  3.56653e-16  4.37929e-17
     0.853614  3.11895e-16  9.02193e-17
     0.853842  4.00337e-16  4.85553e-17
     0.854070  3.58256e-16  3.91599e-17
     0.854298  3.59475e-16  3.66024e-17
     0.854528  4.13472e-16  3.20243e-17
     0.854757  3.81390e-16  3.38393e-17
     0.854986  3.90183e-16  3.21594e-17
     0.855216  4.44444e-16  3.87178e-17
     0.855447  4.56498e-16  4.34661e-17
     0.855677  4.09506e-16  3.78602e-17
     0.855908  4.29341e-16  3.89701e-17
     0.856139  4.57685e-16  4.75683e-17
     0.856370  4.63265e-16  4.77180e-17
     0.856602  4.74404e-16  5.87203e-17
     0.856834  4.95117e-16  4.45240e-17
     0.857066  4.89813e-16  4.78515e-17
     0.857299  5.02622e-16  5.42865e-17
     0.857532  4.19941e-16  4.15596e-17
     0.857765  4.20310e-16  4.08445e-17
     0.857999  4.61153e-16  4.03983e-17
     0.858232  4.31410e-16  5.17841e-17
     0.858467  5.26747e-16  6.52907e-17
     0.858702  5.54249e-16  4.94884e-17
     0.858935  5.23959e-16  6.33803e-17
     0.859172  6.20574e-16  9.86436e-17
     0.859406  5.43277e-16  8.28559e-17
     0.859643  5.00138e-16  3.47193e-17
     0.859880  4.57523e-16  5.63105e-17
     0.860116  6.03573e-16  5.23312e-17
     0.860353  5.81140e-16  3.74580e-17
     0.860590  5.63543e-16  5.96733e-17
     0.860828  4.68473e-16  4.77996e-17
     0.861066  5.44733e-16  5.33850e-17
     0.861304  5.14936e-16  3.99629e-17
     0.861542  5.28788e-16  3.22280e-17
     0.861782  4.53529e-16  4.54519e-17
     0.862021  5.72874e-16  7.41734e-17
     0.862260  5.16830e-16  3.71587e-17
     0.862500  5.57733e-16  4.86819e-17
     0.862740  6.23373e-16  3.98115e-17
     0.862981  5.50075e-16  5.12120e-17
     0.863222  5.41091e-16  4.18602e-17
     0.863463  5.75987e-16  5.66847e-17
     0.863705  4.76459e-16  5.84560e-17
     0.863947  5.39255e-16  4.41438e-17
     0.864189  5.13800e-16  2.40826e-16
     0.864432  4.94185e-16  1.29767e-16
     0.864674  4.81218e-16  4.76370e-17
     0.864918  5.36166e-16  4.37169e-17
     0.865161  5.26434e-16  4.47465e-17
     0.865405  5.57728e-16  4.18964e-17
     0.865649  5.19021e-16  3.05472e-17
     0.865894  5.39279e-16  3.66641e-17
     0.866139  4.86344e-16  5.01103e-17
     0.866384  5.48658e-16  5.00396e-17
     0.866630  4.91152e-16  6.15848e-17
     0.866876  4.43389e-16  4.21979e-17
     0.867122  5.26825e-16  4.74922e-17
     0.867369  4.85216e-16  2.84840e-17
     0.867616  4.73291e-16  4.48771e-17
     0.867863  5.57379e-16  4.92544e-17
     0.868110  5.11245e-16  2.53733e-17
     0.868358  5.70725e-16  4.54737e-17
     0.868607  4.14327e-16  3.15044e-17
     0.868855  4.72869e-16  3.11223e-17
     0.869104  4.57680e-16  2.90622e-17
     0.869354  5.36833e-16  3.81510e-17
     0.869603  5.33178e-16  4.13001e-17
     0.869853  4.48155e-16  3.24976e-17
     0.870103  4.45322e-16  4.23784e-17
     0.870354  4.60398e-16  3.54912e-17
     0.870605  5.03158e-16  4.24747e-17
     0.870856  4.55407e-16  3.49047e-17
     0.871108  4.60028e-16  2.33313e-17
     0.871359  4.62276e-16  3.66800e-17
     0.871612  4.19809e-16  3.99019e-17
     0.871865  4.32519e-16  3.06866e-17
     0.872117  4.65895e-16  4.23075e-17
     0.872371  4.04363e-16  4.29885e-17
     0.872624  4.19109e-16  3.21300e-17
     0.872878  4.18160e-16  4.30263e-17
     0.873132  3.55878e-16  5.31919e-17
     0.873387  3.63370e-16  3.81494e-17
     0.873643  4.49536e-16  2.79879e-17
     0.873897  4.10151e-16  4.00686e-17
     0.874153  3.73200e-16  4.40933e-17
     0.874409  3.82108e-16  3.82320e-17
     0.874665  3.43508e-16  2.82273e-17
     0.874922  3.22181e-16  3.35209e-17
     0.875178  4.06981e-16  3.65362e-17
     0.875436  3.73418e-16  4.67706e-17
     0.875693  3.04080e-16  5.76689e-17
     0.875951  3.50620e-16  4.55137e-17
     0.876209  3.53521e-16  2.78230e-17
     0.876468  2.86788e-16  4.75557e-17
     0.876727  3.74059e-16  4.65776e-17
     0.876986  3.37469e-16  3.70652e-17
     0.877245  3.42168e-16  5.10081e-17
     0.877505  3.46582e-16  5.63168e-17
     0.877766  3.83365e-16  4.71690e-17
     0.878025  3.23336e-16  3.79733e-17
     0.878287  3.36232e-16  4.78870e-17
     0.878548  3.18748e-16  3.40605e-17
     0.878809  2.77522e-16  5.59215e-17
     0.879071  3.47684e-16  3.51107e-17
     0.879333  3.04573e-16  3.04519e-17
     0.879595  3.36643e-16  3.50330e-17
     0.879858  2.98937e-16  3.22618e-17
     0.880121  3.23174e-16  2.47260e-17
     0.880385  3.77075e-16  3.41329e-17
     0.880648  3.18887e-16  4.58078e-17
     0.880912  3.29478e-16  3.12518e-17
     0.881177  3.19643e-16  3.24865e-17
     0.881441  3.50444e-16  2.99919e-17
     0.881706  3.20135e-16  4.39198e-17
     0.881972  3.28846e-16  4.86236e-17
     0.882237  3.11754e-16  3.17301e-17
     0.882503  3.29956e-16  3.90467e-17
     0.882769  3.75946e-16  4.81399e-17
     0.883036  2.96632e-16  3.86071e-17
     0.883303  3.47252e-16  4.85098e-17
     0.883570  3.95534e-16  4.37627e-17
     0.883838  3.09382e-16  4.38007e-17
     0.884105  4.61524e-16  4.60915e-17
     0.884374  3.53471e-16  2.89521e-17
     0.884642  2.90331e-16  4.03030e-17
     0.884911  3.53208e-16  3.33097e-17
     0.885180  4.03680e-16  3.28851e-17
     0.885449  4.42969e-16  4.08191e-17
     0.885719  3.71618e-16  3.32601e-17
     0.885989  3.64369e-16  3.35286e-17
     0.886259  3.65448e-16  3.34111e-17
     0.886530  3.92168e-16  3.78631e-17
     0.886801  3.70188e-16  3.95521e-17
     0.887072  4.30657e-16  3.21234e-17
     0.887344  4.21494e-16  3.16875e-17
     0.887616  4.56765e-16  3.94397e-17
     0.887888  4.30037e-16  2.55753e-17
     0.888161  3.84062e-16  2.86057e-17
     0.888434  4.77193e-16  3.46466e-17
     0.888707  3.53349e-16  3.26446e-17
     0.888981  3.68436e-16  4.28666e-17
     0.889254  3.62864e-16  2.69959e-17
     0.889528  4.48886e-16  3.24456e-17
     0.889803  4.21369e-16  3.74157e-17
     0.890078  4.51148e-16  4.36698e-17
     0.890352  3.73730e-16  3.34524e-17
     0.890628  4.10575e-16  3.18196e-17
     0.890904  4.07962e-16  4.68879e-17
     0.891179  4.35525e-16  3.24083e-17
     0.891456  3.89130e-16  4.01119e-17
     0.891732  4.18604e-16  4.15472e-17
     0.892009  4.44877e-16  3.78744e-17
     0.892287  4.46579e-16  4.32201e-17
     0.892564  4.25292e-16  5.45852e-17
     0.892842  4.61117e-16  4.45190e-17
     0.893120  4.14736e-16  5.20879e-17
     0.893399  4.05020e-16  3.07447e-17
     0.893677  4.19026e-16  3.37182e-17
     0.893957  4.00115e-16  2.19368e-16
     0.894236  3.95821e-16  3.35571e-15
     0.894516  3.91836e-16  1.01761e-15
     0.894796  4.53594e-16  4.43285e-17
     0.895076  4.57331e-16  4.05541e-17
     0.895357  4.24072e-16  4.07797e-17
     0.895638  3.81389e-16  7.50156e-17
     0.895919  3.89261e-16  7.98008e-17
     0.896201  4.35912e-16  3.72072e-17
     0.896483  3.97823e-16  3.50643e-17
     0.896765  4.70390e-16  4.36059e-17
     0.897048  3.90249e-16  4.03513e-17
     0.897330  3.95153e-16  1.43913e-16
     0.897613  3.98949e-16  4.36729e-17
     0.897897  4.24699e-16  3.90346e-17
     0.898181  3.86219e-16  4.37177e-17
     0.898464  3.11571e-16  6.12060e-17
     0.898750  4.34124e-16  3.77313e-17
     0.899034  4.36341e-16  4.62761e-17
     0.899319  4.25166e-16  3.46557e-17
     0.899604  4.31868e-16  2.36976e-17
     0.899890  4.39178e-16  3.82724e-17
     0.900177  3.96024e-16  3.33234e-17
     0.900462  3.83790e-16  5.16132e-17
     0.900749  4.08891e-16  3.12295e-17
     0.901036  3.93904e-16  4.58820e-17
     0.901323  3.69673e-16  3.91168e-17
     0.901611  3.11119e-16  3.02839e-17
     0.901899  3.60246e-16  3.24392e-17
     0.902187  3.30588e-16  3.18793e-17
     0.902475  3.68968e-16  3.63513e-17
     0.902764  3.77486e-16  4.26848e-17
     0.903053  3.51049e-16  3.18920e-17
     0.903343  3.35691e-16  3.83334e-17
     0.903632  3.42473e-16  4.00194e-17
     0.903923  3.68735e-16  3.40202e-17
     0.904213  3.57364e-16  3.35791e-17
     0.904504  3.49629e-16  3.23035e-17
     0.904790  3.35398e-16  3.77673e-17
     0.905086  3.51745e-16  2.37391e-17
     0.905377  3.90689e-16  3.03697e-17
     0.905670  3.51357e-16  2.73947e-17
     0.905962  3.66825e-16  3.09014e-17
     0.906254  3.17751e-16  3.64426e-17
     0.906548  3.32438e-16  3.37317e-17
     0.906841  3.94650e-16  3.72644e-17
     0.907134  3.68176e-16  2.89667e-17
     0.907428  3.63170e-16  2.95053e-17
     0.907722  3.88866e-16  2.22774e-17
     0.908017  3.51058e-16  3.42364e-17
     0.908312  3.64550e-16  3.42996e-17
     0.908607  3.30156e-16  3.82461e-17
     0.908903  3.19805e-16  3.16335e-17
     0.909198  3.44834e-16  3.46216e-17
     0.909495  3.23112e-16  3.73875e-17
     0.909791  4.00932e-16  2.97253e-17
     0.910088  3.30151e-16  3.37598e-17
     0.910385  3.48444e-16  3.60065e-17
     0.910683  3.83120e-16  3.54068e-17
     0.910981  3.56303e-16  3.05654e-17
     0.911278  3.34604e-16  3.54148e-17
     0.911577  3.53212e-16  3.05891e-17
     0.911876  3.79684e-16  3.69841e-17
     0.912175  3.71382e-16  3.30621e-17
     0.912474  3.32257e-16  4.22151e-17
     0.912774  3.99476e-16  3.97622e-17
     0.913074  3.33027e-16  4.70698e-17
     0.913375  3.34819e-16  2.52259e-17
     0.913675  3.84793e-16  2.50421e-17
     0.913976  3.58067e-16  2.83028e-17
     0.914278  3.00871e-16  3.76350e-17
     0.914580  3.16639e-16  2.63598e-17
     0.914882  3.44633e-16  3.18522e-17
     0.915185  3.69962e-16  4.36537e-17
     0.915487  3.37776e-16  3.08949e-17
     0.915790  3.27882e-16  3.69624e-17
     0.916093  3.83305e-16  2.87145e-17
     0.916397  3.35119e-16  3.23772e-17
     0.916701  3.52132e-16  3.84902e-17
     0.917006  3.53300e-16  2.33272e-17
     0.917311  3.54176e-16  3.08956e-17
     0.917616  3.83357e-16  3.01451e-17
     0.917921  3.41006e-16  3.07714e-17
     0.918228  3.46426e-16  2.81844e-17
     0.918533  3.54978e-16  4.17812e-17
     0.918840  3.61869e-16  3.09842e-17
     0.919147  3.15500e-16  3.06749e-17
     0.919454  3.64974e-16  2.60176e-17
     0.919761  3.49676e-16  2.38724e-17
     0.920069  4.16454e-16  2.43891e-17
     0.920378  3.37380e-16  3.16832e-17
     0.920686  3.85927e-16  3.23405e-17
     0.920995  3.65940e-16  3.81377e-17
     0.921305  3.80748e-16  2.98844e-17
     0.921614  3.83489e-16  3.48472e-17
     0.921924  3.54314e-16  2.54479e-17
     0.922234  4.11401e-16  3.75839e-17
     0.922545  3.88963e-16  3.29148e-17
     0.922856  3.81839e-16  2.07054e-17
     0.923168  3.77756e-16  2.60745e-17
     0.923479  4.22872e-16  3.91576e-17
     0.923791  3.76666e-16  2.20454e-17
     0.924104  3.91674e-16  1.84185e-17
     0.924417  4.39926e-16  3.47652e-17
     0.924731  4.19669e-16  2.99240e-17
     0.925051  4.12281e-16  2.90286e-17
     0.925358  4.38429e-16  2.61559e-17
     0.925672  4.11284e-16  2.49592e-17
     0.925986  4.30311e-16  2.67158e-17
     0.926302  4.34516e-16  2.64447e-17
     0.926617  4.86096e-16  3.35878e-17
     0.926933  4.75716e-16  2.91841e-17
     0.927249  4.48869e-16  3.16631e-17
     0.927565  4.89562e-16  2.60967e-17
     0.927882  4.75493e-16  2.26042e-17
     0.928200  5.19254e-16  2.38253e-17
     0.928517  4.89976e-16  3.05193e-17
     0.928835  4.96495e-16  3.59012e-17
     0.929153  5.08653e-16  2.95227e-17
     0.929472  5.96676e-16  5.00207e-17
     0.929791  5.49167e-16  4.52121e-17
     0.930111  6.51610e-16  4.12219e-17
     0.930430  6.40333e-16  5.59923e-17
     0.930751  6.72223e-16  4.57992e-17
     0.931071  5.98602e-16  6.43778e-17
     0.931392  5.47729e-16  5.85274e-17
     0.931713  6.79758e-16  5.97832e-17
     0.932035  6.65391e-16  7.23291e-17
     0.932357  7.90014e-16  5.51774e-17
     0.932680  6.11122e-16  5.72865e-17
     0.933002  6.10870e-16  5.98910e-17
     0.933326  6.33947e-16  5.59531e-17
     0.933650  6.75530e-16  6.54689e-17
     0.933974  6.24409e-16  5.58778e-17
     0.934298  6.29569e-16  6.64267e-17
     0.934623  7.01779e-16  5.22571e-17
     0.934948  6.28836e-16  4.55601e-17
     0.935274  6.89271e-16  5.10037e-17
     0.935599  7.50704e-16  4.82937e-17
     0.935926  6.55754e-16  3.25270e-17
     0.936252  6.72289e-16  3.71108e-17
     0.936580  6.41877e-16  5.71989e-17
     0.936908  7.09310e-16  5.75740e-17
     0.937235  6.26851e-16  5.47019e-17
     0.937564  6.57816e-16  5.45692e-17
     0.937893  6.46682e-16  5.57142e-17
     0.938222  6.45697e-16  4.67231e-17
     0.938551  5.77366e-16  5.16538e-17
     0.938882  4.95790e-16  4.15668e-17
     0.939212  6.21203e-16  5.85733e-17
     0.939543  6.23543e-16  6.14302e-16
     0.939874  5.43978e-16  4.20029e-17
     0.940206  5.63667e-16  4.45216e-17
     0.940537  5.53846e-16  4.12484e-17
     0.940870  6.19165e-16  5.06148e-17
     0.941202  5.38285e-16  4.13046e-17
     0.941536  5.42594e-16  5.21197e-17
     0.941869  5.23369e-16  3.68116e-17
     0.942204  5.38723e-16  3.76361e-17
     0.942538  5.32207e-16  3.63474e-17
     0.942873  4.88902e-16  4.06833e-17
     0.943208  4.86483e-16  4.30882e-17
     0.943544  5.37363e-16  4.01765e-17
     0.943880  5.01806e-16  3.28730e-17
     0.944217  3.44307e-16  4.88329e-17
     0.944554  4.65208e-16  3.52384e-17
     0.944891  4.38228e-16  4.10046e-17
     0.945229  4.67983e-16  3.79503e-17
     0.945567  4.24835e-16  5.29648e-17
     0.945906  3.52177e-16  4.24631e-17
     0.946245  4.85272e-16  4.44282e-17
     0.946584  4.34471e-16  4.97275e-17
     0.946925  4.14497e-16  4.53608e-17
     0.947265  5.34944e-16  3.30597e-17
     0.947606  4.32903e-16  3.38022e-17
     0.947947  4.23450e-16  4.32813e-17
     0.948289  4.12682e-16  2.98601e-17
     0.948631  4.34200e-16  4.12595e-17
     0.948974  4.01856e-16  3.84760e-17
     0.949317  4.36654e-16  3.24061e-17
     0.949660  3.89428e-16  3.24855e-17
     0.950004  3.95239e-16  3.10917e-17
     0.950348  4.12869e-16  3.39227e-17
     0.950693  4.24556e-16  3.00584e-17
     0.951038  4.53891e-16  3.39648e-17
     0.951384  4.23203e-16  3.55869e-17
     0.951730  4.83145e-16  3.73460e-17
     0.952077  3.76677e-16  3.71428e-17
     0.952424  3.44744e-16  2.02248e-17
     0.952771  4.24598e-16  3.00614e-17
     0.953119  3.49498e-16  3.32225e-17
     0.953468  4.12355e-16  3.63095e-17
     0.953816  4.37758e-16  3.96251e-17
     0.954166  3.82424e-16  2.99308e-17
     0.954515  4.27998e-16  3.42413e-17
     0.954866  3.85942e-16  3.24579e-17
     0.955216  3.97734e-16  3.15219e-17
     0.955567  4.04180e-16  3.24477e-17
     0.955919  4.22890e-16  3.31339e-17
     0.956271  3.60800e-16  2.58579e-17
     0.956624  3.69262e-16  2.93519e-17
     0.956977  4.19424e-16  3.14302e-17
     0.957330  3.90905e-16  2.64552e-17
     0.957684  3.59523e-16  3.51193e-17
     0.958038  3.69069e-16  3.43116e-17
     0.958393  3.57397e-16  3.38698e-17
     0.958749  3.78911e-16  2.71162e-17
     0.959104  3.73607e-16  3.17886e-17
     0.959460  3.23547e-16  2.08442e-17
     0.959817  3.58972e-16  2.31586e-17
     0.960174  4.17072e-16  2.77117e-17
     0.960532  3.39293e-16  2.71947e-17
     0.960890  3.17051e-16  3.59458e-17
     0.961249  3.76455e-16  3.32111e-17
     0.961608  3.68050e-16  2.88097e-17
     0.961968  3.90274e-16  1.89143e-17
     0.962327  3.89255e-16  2.79522e-17
     0.962688  3.35491e-16  2.33409e-17
     0.963049  3.80464e-16  1.72801e-17
     0.963411  3.29788e-16  2.41719e-17
     0.963773  3.25578e-16  3.20424e-17
     0.964135  3.52084e-16  2.83530e-17
     0.964498  3.81215e-16  2.87027e-17
     0.964861  3.72441e-16  2.85375e-17
     0.965226  3.22166e-16  3.08215e-17
     0.965590  3.79721e-16  2.56961e-17
     0.965955  3.78649e-16  2.44302e-17
     0.966320  4.12382e-16  3.11513e-17
     0.966687  3.76633e-16  2.40053e-17
     0.967053  3.74958e-16  2.72723e-17
     0.967420  3.72067e-16  2.13565e-17
     0.967787  3.51698e-16  3.56832e-17
     0.968156  3.32967e-16  5.74808e-17
     0.968523  3.28175e-16  2.96291e-17
     0.968893  3.91841e-16  2.34484e-17
     0.969262  3.54652e-16  3.08572e-17
     0.969632  3.60550e-16  1.57652e-17
     0.970003  3.80702e-16  2.81038e-17
     0.970374  3.72667e-16  3.10889e-17
     0.970745  3.81088e-16  2.76343e-17
     0.971117  3.43058e-16  2.24324e-17
     0.971490  3.36274e-16  2.49317e-17
     0.971862  3.64764e-16  2.19594e-17
     0.972236  3.73032e-16  2.87612e-17
     0.972610  3.53437e-16  2.49320e-17
     0.972985  3.42798e-16  2.87684e-17
     0.973360  3.48699e-16  2.29634e-17
     0.973735  3.70192e-16  2.77474e-17
     0.974112  3.57954e-16  2.34194e-17
     0.974488  3.32649e-16  2.96449e-17
     0.974865  3.86213e-16  1.99800e-17
     0.975243  3.59140e-16  2.85326e-17
     0.975621  3.40193e-16  3.06556e-17
     0.976000  3.43887e-16  1.67752e-17
     0.976379  3.62010e-16  2.01060e-17
     0.976759  3.16313e-16  2.72997e-17
     0.977139  3.44755e-16  2.45166e-17
     0.977520  3.42605e-16  2.23857e-17
     0.977902  3.59504e-16  1.88685e-17
     0.978285  3.39620e-16  2.81980e-17
     0.978666  3.29744e-16  2.71480e-17
     0.979049  3.40397e-16  2.54468e-17
     0.979433  3.75722e-16  2.85689e-17
     0.979817  3.81355e-16  2.75884e-17
     0.980201  3.51096e-16  2.61228e-17
     0.980587  4.26446e-16  1.86134e-17
     0.980972  3.22290e-16  3.25610e-17
     0.981358  3.61074e-16  2.05975e-17
     0.981745  3.91773e-16  2.61381e-17
     0.982133  3.64270e-16  2.05521e-17
     0.982520  3.81596e-16  1.77844e-17
     0.982909  3.42934e-16  1.68694e-17
     0.983298  3.13647e-16  2.16796e-17
     0.983687  3.19878e-16  2.08846e-17
     0.984077  2.94581e-16  1.75834e-17
     0.984468  3.23468e-16  2.32803e-17
     0.984859  3.29731e-16  2.39818e-17
     0.985250  3.27343e-16  3.24407e-17
     0.985643  2.91523e-16  2.12429e-17
     0.986035  3.16869e-16  2.63249e-17
     0.986429  3.36252e-16  2.25557e-17
     0.986823  2.74366e-16  2.18764e-17
     0.987217  2.40703e-16  3.65681e-17
     0.987612  2.72369e-16  1.90564e-17
     0.988008  2.35085e-16  2.04025e-17
     0.988404  2.07107e-16  2.54996e-17
     0.988801  2.31927e-16  1.68643e-17
     0.989198  2.04072e-16  2.15512e-17
     0.989596  1.63295e-16  2.07166e-17
     0.989994  1.95765e-16  2.60642e-17
     0.990393  1.61961e-16  1.64899e-17
     0.990793  1.81409e-16  1.64674e-17
     0.991193  8.80586e-17  3.16994e-17
     0.991594  1.15497e-16  3.19145e-17
     0.991995  1.06968e-16  2.69396e-17
     0.992396  1.28391e-16  2.22257e-17
     0.992799  5.35784e-17  3.65233e-17
     0.993202  7.03819e-17  3.19475e-17
     0.993605  1.41741e-16  2.06820e-17
     0.994010  1.15923e-16  2.66994e-17
     0.994414  1.95123e-16  1.76559e-17
     0.994820  1.71221e-16  2.33664e-17
     0.995225  1.67347e-16  2.04952e-17
     0.995632  1.39742e-16  2.96653e-17
     0.996039  1.55511e-16  2.72245e-17
     0.996447  1.51455e-16  2.07390e-17
     0.996855  1.18768e-16  2.55069e-17
     0.997263  1.18586e-16  1.87585e-17
     0.997673  1.38404e-16  1.82541e-17
     0.998083  1.25910e-16  1.94542e-17
     0.998494  1.35210e-16  2.32506e-17
     0.998905  1.03611e-16  1.72337e-17
     0.999316  1.13114e-16  1.18568e-17
     0.999729  9.39929e-17  2.07986e-17
      1.00014  1.15374e-16  2.61323e-17
      1.00055  1.26746e-16  1.75172e-17
      1.00097  1.40036e-16  2.08724e-17
      1.00138  1.19135e-16  2.62554e-17
      1.00180  1.31333e-16  2.25918e-17
      1.00222  1.45613e-16  2.13510e-17
      1.00263  1.20883e-16  1.80996e-17
      1.00305  1.22354e-16  1.73968e-17
      1.00347  1.14898e-16  1.99465e-17
      1.00388  1.00697e-16  2.01449e-17
      1.00430  1.28448e-16  1.45024e-17
      1.00472  1.56363e-16  1.13470e-17
      1.00514  1.27360e-16  1.53868e-17
      1.00556  1.47489e-16  1.88101e-17
      1.00598  1.50747e-16  1.64336e-17
      1.00641  1.49149e-16  1.83731e-17
      1.00683  1.16814e-16  2.37146e-17
      1.00725  1.08752e-16  2.39687e-17
      1.00768  1.89314e-16  2.02216e-17
      1.00810  1.76396e-16  1.81273e-17
      1.00853  1.66046e-16  1.61699e-17
      1.00895  1.47709e-16  1.88940e-17
      1.00938  2.09486e-16  1.62935e-17
      1.00980  1.88999e-16  2.64602e-17
      1.01023  1.96845e-16  2.22386e-17
      1.01066  1.82781e-16  1.83898e-17
      1.01109  1.75889e-16  1.64364e-17
      1.01152  1.79307e-16  1.81060e-17
      1.01195  2.04602e-16  1.83920e-17
      1.01238  2.00970e-16  1.66856e-17
      1.01281  2.25228e-16  1.72094e-17
      1.01324  2.23174e-16  1.78775e-17
      1.01367  2.48280e-16  1.74325e-17
      1.01411  2.23358e-16  2.03469e-17
      1.01454  2.36758e-16  2.07170e-17
      1.01498  2.61938e-16  1.78515e-17
      1.01541  2.50026e-16  2.17071e-17
      1.01585  2.55684e-16  2.06180e-17
      1.01628  2.73397e-16  2.14243e-17
      1.01672  2.48375e-16  2.38446e-17
      1.01716  2.76235e-16  2.25412e-17
      1.01759  2.09746e-16  2.06448e-17
      1.01803  2.66373e-16  1.93381e-17
      1.01847  3.14936e-16  2.46162e-17
      1.01891  2.73795e-16  2.18107e-17
      1.01935  2.99591e-16  1.73154e-17
      1.01979  2.85656e-16  1.78484e-17
      1.02024  2.98688e-16  2.34121e-17
      1.02068  3.02647e-16  1.84593e-17
      1.02112  2.78277e-16  2.52620e-17
      1.02157  2.51522e-16  2.39524e-17
      1.02201  3.22524e-16  2.07450e-17
      1.02246  3.17976e-16  1.86086e-17
      1.02290  2.48291e-16  2.48987e-17
      1.02335  2.42724e-16  2.87524e-17
      1.02379  2.80450e-16  1.81912e-17
      1.02424  2.82547e-16  1.96441e-17
      1.02469  2.65125e-16  1.44847e-17
      1.02514  2.66521e-16  1.76322e-17
      1.02559  2.54889e-16  1.80041e-17
      1.02604  2.80768e-16  1.71386e-17
      1.02649  2.33803e-16  1.71881e-17
      1.02694  2.46478e-16  1.94101e-17
      1.02740  2.48585e-16  2.10570e-17
      1.02785  2.53860e-16  1.61908e-17
      1.02830  2.78526e-16  1.90038e-17
      1.02876  2.35619e-16  2.26848e-17
      1.02921  2.53624e-16  2.41348e-17
      1.02967  2.45663e-16  2.20866e-17
      1.03012  2.49465e-16  2.64662e-17
      1.03058  1.60138e-16  2.56398e-17
      1.03104  1.96626e-16  1.74747e-17
      1.03150  1.86069e-16  1.72851e-17
      1.03196  2.20569e-16  2.21664e-17
      1.03241  1.84781e-16  1.74488e-17
      1.03288  1.80625e-16  1.75345e-17
      1.03334  1.80394e-16  1.38125e-17
      1.03380  1.95563e-16  1.59683e-17
      1.03426  1.81975e-16  1.16718e-17
      1.03472  1.48306e-16  1.51534e-17
      1.03519  1.55428e-16  2.05328e-17
      1.03565  1.45846e-16  2.39999e-17
      1.03612  1.34966e-16  1.91799e-17
      1.03658  1.65096e-16  1.74114e-17
      1.03705  1.53480e-16  1.71670e-17
      1.03752  1.48590e-16  1.97520e-17
      1.03798  1.12370e-16  1.99920e-17
      1.03845  1.36437e-16  2.01668e-17
      1.03892  1.29974e-16  1.53858e-17
      1.03939  8.03930e-17  2.13192e-17
      1.03986  1.10272e-16  1.87196e-17
      1.04033  1.12704e-16  1.74221e-17
      1.04080  1.11615e-16  1.91305e-17
      1.04128  1.06474e-16  1.52375e-17
      1.04175  7.59164e-17  1.93662e-17
      1.04222  3.44316e-17  1.95430e-17
      1.04270  9.01762e-17  1.68015e-17
      1.04317  8.95190e-17  2.01398e-17
      1.04365  7.95670e-17  1.59482e-17
      1.04413  1.04417e-16  1.75324e-17
      1.04460  8.61388e-17  1.75627e-17
      1.04508  9.50438e-17  1.59636e-17
      1.04556  4.93431e-17  1.23352e-17
      1.04604  4.56934e-17  2.29554e-17
      1.04652  8.58849e-17  1.90566e-17
      1.04700  6.05019e-17  1.41133e-17
      1.04748  5.76114e-17  1.70808e-17
      1.04796  6.01826e-17  1.83121e-17
      1.04845  6.21032e-17  1.69932e-17
      1.04893  2.35418e-17  1.57297e-17
      1.04942  5.89760e-17  1.41930e-17
      1.04990  4.95196e-17  1.02400e-17
      1.05039  6.04876e-17  1.13413e-17
      1.05087  5.60073e-17  1.18409e-17
      1.05136  6.04550e-17  1.64812e-17
      1.05185  3.09049e-17  1.58225e-17
      1.05234  3.95620e-17  1.06623e-17
      1.05283  5.43157e-17  1.33983e-17
      1.05332  4.83558e-17  9.40940e-18
      1.05381  2.92521e-17  1.39860e-17
      1.05430  5.13812e-17  1.15437e-17
      1.05479  4.52877e-17  1.38099e-17
      1.05528  5.04888e-17  1.19191e-17
      1.05578  4.15640e-17  9.83222e-18
      1.05627  4.61762e-17  1.19381e-17
      1.05677  3.45938e-17  1.13354e-17
      1.05726  5.01859e-17  1.11546e-17
      1.05776  6.08034e-17  8.88847e-18
      1.05826  4.77073e-17  1.05078e-17
      1.05876  8.52974e-19  1.95850e-17
      1.05925  2.76197e-17  1.12010e-17
      1.05975  2.13530e-17  1.29373e-17
      1.06025  4.34320e-17  1.36966e-17
      1.06075  2.58764e-17  1.13515e-17
      1.06126  3.20992e-17  1.06958e-17
      1.06176  3.89754e-17  1.01815e-17
      1.06226  4.77571e-17  1.09501e-17
      1.06277  4.62077e-17  1.12254e-17
      1.06327  4.40264e-17  1.20656e-17
      1.06378  4.42319e-17  1.01979e-17
      1.06428  2.18803e-17  1.01340e-17
      1.06479  3.86233e-17  9.64051e-18
      1.06530  2.58288e-17  1.37431e-17
      1.06581  5.89243e-17  7.24581e-18
      1.06631  3.29513e-17  1.19668e-17
      1.06682  4.16248e-17  9.06874e-18
      1.06733  2.87253e-17  1.15637e-17
      1.06785  3.51521e-17  1.01797e-17
      1.06836  4.74154e-17  1.49340e-17
      1.06887  2.58931e-17  1.27725e-17
      1.06938  2.99059e-17  1.64363e-17
      1.06990  1.42440e-17  1.13013e-17
      1.07041  1.34444e-17  1.40678e-17
      1.07093  2.61631e-17  1.25470e-17
      1.07145  3.91481e-17  1.37517e-17
      1.07196  2.21605e-18  1.72094e-17
      1.07248  6.90689e-17  1.29303e-17
      1.07300  6.27184e-17  1.85441e-17
      1.07352  3.74359e-17  1.84889e-17
      1.07404  3.17075e-17  1.50311e-17
      1.07456  4.62633e-17  1.58313e-17
      1.07508  4.14570e-18  1.65461e-17
      1.07561  4.24520e-18  1.51019e-17
      1.07613  3.32971e-17  1.72392e-17
      1.07665  2.89023e-17  1.44347e-17
      1.07718  3.90033e-17  1.71042e-17
      1.07770  4.67732e-17  1.61277e-17
      1.07823  3.51821e-17  1.06987e-16
      1.07876  9.16038e-18  5.36350e-16
      1.07929  3.31175e-17  1.23750e-17
      1.07981  2.90447e-17  7.53223e-18
      1.08034  2.33605e-17  1.28053e-17
      1.08087  2.39345e-17  7.40573e-18
      1.08141  2.40636e-17  8.54327e-18
      1.08194  2.36648e-17  1.58982e-17
      1.08247  7.06039e-18  1.50521e-17
      1.08300  3.59402e-17  1.84211e-17
      1.08354  5.20621e-17  2.21657e-17
      1.08407  3.75477e-17  1.64390e-17
      1.08461  2.13711e-17  2.58895e-17
      1.08515  6.73023e-17  2.69135e-17
      1.08568  3.72270e-17  1.69844e-17
      1.08622  5.13655e-17  1.33328e-17
      1.08676  1.50560e-17  1.41150e-17
      1.08730  2.44307e-17  1.78719e-17
      1.08784  1.97050e-17  1.05665e-17
      1.08838  4.25215e-17  8.64286e-18
      1.08892  3.44198e-17  1.81449e-17
      1.08947  4.06625e-17  1.16753e-17
      1.09001  3.93424e-17  1.17129e-17
      1.09056  3.97594e-17  1.23035e-17
      1.09110  2.33741e-17  1.34224e-17
      1.09165  3.64853e-17  1.42274e-17
      1.09219  4.58663e-17  1.66014e-17
      1.09274  4.97913e-18  8.95789e-18
      1.09329  1.81357e-17  1.91488e-17
      1.09384  4.68310e-17  1.78695e-17
      1.09439  8.12304e-17  1.40625e-17
      1.09494  4.19059e-17  1.48616e-17
      1.09549  2.26220e-17  9.56276e-18
      1.09605  3.71861e-17  1.37261e-17
      1.09660  2.18248e-17  2.01237e-17
      1.09715  4.05216e-17  1.91645e-17
      1.09771  3.56804e-17  1.58082e-17
      1.09827  3.10312e-17  1.84062e-17
      1.09882  3.07303e-17  1.70389e-17
      1.09938  5.96092e-17  1.53935e-17
      1.09994  3.72591e-17  1.96141e-17
      1.10050  2.40596e-17  1.09874e-17
      1.10106  5.72397e-17  1.29416e-17
      1.10162  5.74285e-17  1.44637e-17
      1.10218  5.72471e-17  1.88938e-17
      1.10274  3.52835e-17  1.66487e-17
      1.10331  7.07086e-17  1.95359e-17
      1.10387  1.29539e-17  1.28884e-17
      1.10444  2.79816e-17  1.48226e-17
      1.10500  4.37166e-17  1.53413e-17
      1.10557  4.07649e-17  1.28192e-17
      1.10614  1.52939e-17  1.47638e-17
      1.10670  1.92992e-19  1.86692e-17
      1.10727  3.55468e-17  9.80388e-18
      1.10784  4.03767e-17  1.17028e-17
      1.10842  3.76352e-17  1.69933e-17
      1.10899  1.57767e-17  1.77201e-17
      1.10956  2.00462e-17  2.11520e-17
      1.11013  7.28061e-18  1.52695e-17
      1.11071  3.08591e-17  1.17101e-17
      1.11128  3.22540e-17  1.39334e-17
      1.11186  1.13877e-17  1.30560e-17
      1.11244  3.26767e-17  8.19017e-18
      1.11301  2.71114e-17  1.30054e-17
      1.11359  5.04741e-17  1.16871e-17
      1.11417  3.00392e-17  1.12802e-17
      1.11475  3.19688e-17  1.64627e-17
      1.11533  2.07952e-17  1.15621e-17
      1.11592  2.27687e-17  1.02058e-17
      1.11650  3.47798e-17  1.23093e-17
      1.11708  2.07051e-17  1.36311e-17
      1.11767  3.34062e-17  1.10236e-17
      1.11825  3.24320e-17  1.36252e-17
      1.11884  9.93239e-18  1.49296e-17
      1.11943  4.03300e-17  1.49872e-17
      1.12002  1.63782e-17  1.30578e-17
      1.12061  3.16740e-17  1.26436e-17
      1.12120  4.23312e-17  1.38000e-17
      1.12179  1.71945e-17  1.34013e-17
      1.12238  8.31915e-18  1.84524e-17
      1.12297  4.21222e-17  1.58316e-17
      1.12357  3.78475e-17  1.30175e-17
      1.12416  1.74989e-17  1.32712e-17
      1.12476  1.44932e-17  1.82208e-17
      1.12535  2.37340e-17  1.31807e-17
      1.12595  1.12666e-17  1.90955e-17
      1.12655  3.45222e-17  1.69193e-17
      1.12715  3.66107e-17  1.76155e-17
      1.12775  2.12157e-17  1.45517e-16
      1.12835  1.22948e-17  1.30953e-15
      1.12895  4.98935e-17  3.65702e-16
      1.12950  6.74340e-18  2.07777e-16
      1.13015  1.08150e-17  1.02298e-16
      1.13076 -1.47561e-17  3.08985e-17
      1.13137 -9.30652e-19  2.63335e-17
      1.13197  3.47279e-17  1.75729e-17
      1.13258  1.02009e-17  2.76735e-17
      1.13319  5.00002e-17  3.73654e-17
      1.13380  5.71317e-17  3.24363e-17
      1.13441  6.07048e-17  3.35931e-17
      1.13502  3.24778e-17  2.05000e-17
      1.13563 -1.79715e-17  2.42921e-17
      1.13624 -1.51184e-17  2.07871e-17
      1.13686  2.73899e-17  1.71267e-17
      1.13747  3.28770e-17  1.45734e-17
      1.13809  3.70562e-17  1.81509e-17
      1.13870  3.13975e-17  1.45456e-17
      1.13932  6.92056e-18  1.12747e-17
      1.13994  4.14562e-17  1.07018e-17
      1.14056  2.60942e-17  7.62725e-18
      1.14118  3.35665e-17  7.33477e-18
      1.14180  3.67227e-17  1.25437e-17
      1.14242 -5.85994e-18  1.77299e-17
      1.14304  1.22673e-17  2.45254e-17
      1.14367 -3.90160e-18  2.57825e-17
      1.14429 -2.02296e-17  2.87392e-17
      1.14492  3.12959e-17  3.12875e-17
      1.14555  5.38064e-17  3.35212e-17
      1.14618 -7.64367e-18  3.30865e-17
      1.14680  3.11913e-17  2.90420e-17
      1.14743  2.56077e-17  1.93711e-17
      1.14806  4.91571e-17  1.91703e-17
      1.14870 -1.25540e-17  1.64133e-17
      1.14933  3.03320e-18  1.33317e-17
      1.14996  1.78763e-17  1.37340e-17
      1.15060  1.64038e-18  1.08011e-17
      1.15123  1.49802e-17  1.35199e-17
      1.15187  1.24599e-17  1.44780e-17
      1.15251  3.83299e-17  1.78910e-17
      1.15315  3.74019e-18  1.44088e-17
      1.15379  2.06949e-17  2.40265e-17
      1.15443 -2.93594e-17  2.27949e-17
      1.15507 -2.77234e-17  3.87235e-17
      1.15571 -6.47299e-18  1.73977e-17
      1.15635  1.32739e-17  1.67690e-17
      1.15700 -3.48364e-17  1.43752e-17
      1.15764 -2.38161e-17  3.12848e-17
      1.15829 -1.43973e-17  2.88131e-17
      1.15894 -1.00608e-17  1.82899e-17
      1.15959 -3.15696e-18  1.62466e-17
      1.16024  3.02088e-17  1.25812e-17
      1.16089  6.26945e-18  1.44389e-17
      1.16154 -1.37826e-17  1.23094e-17
      1.16219  1.83936e-17  1.46760e-17
      1.16285  1.20446e-17  1.13745e-17
      1.16350  2.41651e-17  1.81701e-17
      1.16416  1.49234e-17  1.09813e-17
      1.16481  4.52190e-17  1.06023e-17
      1.16547  4.24717e-17  1.65232e-17
      1.16613  2.47948e-17  1.83569e-17
      1.16679  3.43864e-17  1.18781e-17
      1.16745  4.07430e-17  1.36015e-17
      1.16811  5.42899e-19  1.15164e-17
      1.16877  1.57507e-17  9.17061e-18
      1.16944 -2.34038e-18  8.49726e-18
      1.17010 -1.61815e-17  8.71968e-18
      1.17077 -7.96281e-18  1.81897e-17
      1.17144 -1.72249e-17  1.48202e-17
      1.17210  6.37016e-18  1.04708e-17
      1.17277  1.47754e-18  1.26698e-17
      1.17344  1.39091e-17  7.86247e-18
      1.17411  4.00459e-18  1.29664e-17
      1.17479  1.70414e-17  1.18285e-17
      1.17546  1.12666e-17  7.78808e-18
      1.17613  7.85641e-18  7.64223e-18
      1.17681  9.59927e-18  6.72085e-18
      1.17749  1.00396e-17  7.14105e-18
      1.17816 -4.70027e-19  8.52727e-18
      1.17884  1.38518e-17  1.32520e-17
      1.17952  7.24190e-18  9.88156e-18
      1.18020  3.09796e-17  1.12180e-17
      1.18088  1.32021e-17  6.12802e-18
      1.18157  2.66941e-17  5.96240e-18
      1.18225  8.44781e-18  6.55551e-18
      1.18294  2.09906e-17  6.22844e-18
      1.18362  1.20242e-17  6.97737e-18
      1.18431  1.24673e-17  5.74858e-18
      1.18500  8.52069e-18  6.41307e-18
      1.18569  1.32894e-18  8.43957e-18
      1.18638  8.02636e-19  5.54863e-18
      1.18707  1.36194e-17  7.72861e-18
      1.18776  4.57870e-18  6.94217e-18
      1.18846  6.76483e-18  6.79896e-18
      1.18915  7.55580e-18  6.05224e-18
      1.18985  7.46098e-18  5.68329e-18
      1.19054  8.77837e-18  5.95983e-18
      1.19124  7.38832e-18  3.99723e-18
      1.19194  8.96449e-18  4.72364e-18
      1.19264  1.29465e-17  6.46294e-18
      1.19334 -1.88917e-18  9.33048e-18
      1.19405  1.55305e-17  9.78166e-18
      1.19475  4.76860e-17  1.06812e-17
      1.19545  4.50288e-18  6.16145e-18
      1.19616  5.72990e-18  8.47202e-18
      1.19687  8.78903e-18  8.54485e-18
      1.19758 -2.88653e-18  1.07750e-17
      1.19829  1.59962e-17  1.20729e-17
      1.19900 -6.25992e-18  1.37437e-17
      1.19971  2.45548e-17  1.93703e-17
      1.20042 -7.79367e-18  1.82403e-17
      1.20114  2.39255e-17  1.34051e-17
      1.20185  7.77673e-20  1.57915e-17
      1.20257  1.83939e-17  1.83020e-17
      1.20328  1.16361e-17  3.79393e-17
      1.20399 -1.73707e-17  1.01515e-16
      1.20472  4.89262e-18  1.06679e-17
      1.20544  1.32466e-17  1.02301e-17
      1.20617  5.47864e-18  7.83832e-18
      1.20689  6.37170e-18  9.82765e-18
      1.20761  1.46189e-17  8.38693e-18
      1.20834 -7.21617e-18  8.23983e-18
      1.20907  1.05061e-17  7.10674e-18
      1.20978 -6.11294e-18  4.54574e-17
      1.21052  4.28658e-17  1.77151e-17
      1.21125  2.03519e-17  1.37321e-17
      1.21199 -5.88648e-19  1.19717e-17
      1.21272 -5.23169e-18  1.74266e-17
      1.21344 -2.70449e-17  2.20421e-17
      1.21418 -5.90891e-17  3.09278e-17
      1.21492 -2.41852e-17  2.21448e-17
      1.21566  2.68194e-17  1.11015e-17
      1.21640 -7.92079e-18  1.32419e-17
      1.21714  3.15187e-18  9.12454e-18
      1.21788  2.51317e-18  7.48104e-18
      1.21862  1.64040e-17  8.14383e-18
      1.21937 -2.41342e-17  8.48856e-18
      1.22011 -2.31316e-17  2.24954e-17
      1.22086 -3.14220e-17  1.97725e-17
      1.22160 -9.25993e-18  1.15874e-17
      1.22235  2.22169e-17  1.38155e-17
      1.22310  3.80114e-17  1.27807e-17
      1.22385  1.58030e-18  1.21168e-17
      1.22461  1.71450e-17  1.48577e-17
      1.22536  1.36594e-17  1.24449e-17
      1.22611  7.33502e-17  1.69391e-17
      1.22687  7.47883e-17  2.79638e-17
      1.22762  4.05162e-17  1.19285e-17
      1.22838  3.80423e-17  3.58553e-17
      1.22914  1.46234e-17  1.79675e-17
      1.22990  4.65093e-17  1.93437e-17
      1.23067  8.92807e-17  2.62980e-17
      1.23143  5.02999e-17  1.40230e-17
      1.23219  4.60523e-17  8.81622e-18
      1.23296  4.13084e-17  1.58472e-17
      1.23373  9.43832e-18  1.19942e-17
      1.23449  6.35180e-17  9.45737e-18
      1.23526  6.31806e-17  6.87125e-18
      1.23603  6.07364e-17  9.40278e-18
      1.23681  9.70419e-17  9.19173e-18
      1.23758  1.00865e-16  7.00713e-18
      1.23835  1.05605e-16  1.15641e-17
      1.23913  9.78096e-17  6.72167e-18
      1.23991  1.25951e-16  9.80517e-18
      1.24068  1.48442e-16  7.79547e-18
      1.24146  1.53619e-16  1.22055e-17
      1.24225  1.41671e-16  1.08179e-17
      1.24303  1.58322e-16  8.38134e-18
      1.24381  1.75513e-16  1.22912e-17
      1.24460  2.19381e-16  1.17447e-17
      1.24538  2.20909e-16  8.95650e-18
      1.24617  2.07501e-16  1.27378e-17
      1.24696  2.40268e-16  8.37979e-18
      1.24775  2.54702e-16  8.58356e-18
      1.24854  2.69309e-16  7.60937e-18
      1.24933  2.79583e-16  8.00811e-18
      1.25013  2.75541e-16  1.35749e-17
      1.25092  2.79841e-16  8.84124e-18
      1.25172  2.97902e-16  1.20250e-17
      1.25252  3.14077e-16  7.43172e-18
      1.25332  3.20382e-16  8.79260e-18
      1.25412  3.22342e-16  1.22649e-17
      1.25492  3.28659e-16  8.95827e-18
      1.25572  3.44936e-16  1.16768e-17
      1.25653  3.51828e-16  1.04256e-17
      1.25733  3.34520e-16  1.43316e-17
      1.25814  3.50505e-16  1.52951e-17
      1.25895  3.63451e-16  3.07043e-17
      1.25976  3.74597e-16  1.15407e-17
      1.26057  3.71803e-16  1.53584e-17
      1.26138  3.82652e-16  1.21677e-17
      1.26220  3.93983e-16  1.36747e-17
      1.26301  3.68643e-16  1.52113e-17
      1.26383  3.74562e-16  1.23902e-17
      1.26465  3.68407e-16  1.65728e-17
      1.26547  3.53844e-16  1.75662e-17
      1.26629  3.77022e-16  1.52934e-17
      1.26711  3.68682e-16  1.45682e-17
      1.26793  3.57760e-16  1.80005e-17
      1.26876  3.70707e-16  1.37805e-17
      1.26958  3.83712e-16  1.96815e-17
      1.27041  3.86228e-16  1.91557e-17
      1.27124  3.54162e-16  1.67753e-17
      1.27207  2.89407e-16  1.48578e-17
      1.27290  2.66266e-16  1.47641e-17
      1.27374  2.63785e-16  1.36969e-17
      1.27457  2.51891e-16  1.91185e-17
      1.27541  2.47599e-16  4.61850e-17
      1.27624  1.24127e-16  1.70243e-17
      1.27708  1.97629e-16  1.41943e-17
      1.27792  3.12297e-16  2.50205e-17
      1.27877  3.06283e-16  3.40978e-17
      1.27961  1.98755e-16  5.75971e-17
      1.28044  1.65670e-16  5.07905e-17
      1.28129  1.56795e-16  1.90380e-17
      1.28215  2.18045e-16  1.18659e-17
      1.28299  2.08855e-16  9.75326e-18
      1.28385  2.22374e-16  1.20562e-17
      1.28470  2.19936e-16  1.21462e-17
      1.28555  2.18239e-16  9.20547e-18
      1.28640  2.35500e-16  5.11860e-18
      1.28726  2.22455e-16  1.14678e-17
      1.28812  2.35709e-16  1.56458e-17
      1.28898  1.90186e-16  1.30321e-17
      1.28984  2.10637e-16  1.04124e-17
      1.29070  2.32689e-16  1.61733e-17
      1.29157  2.33439e-16  2.93366e-17
      1.29243  2.08477e-16  2.16062e-17
      1.29329  2.40670e-16  1.82326e-17
      1.29416  2.37808e-16  1.39539e-17
      1.29503  2.03174e-16  1.00367e-17
      1.29590  2.10174e-16  1.17919e-17
      1.29677  1.75734e-16  9.05071e-18
      1.29764  1.95733e-16  7.14967e-18
      1.29852  1.79681e-16  6.51331e-18
      1.29940  1.87097e-16  1.10375e-17
      1.30027  1.73674e-16  1.34843e-17
      1.30115  1.59630e-16  1.67598e-17
      1.30203  1.85326e-16  9.84652e-18
      1.30292  1.91718e-16  9.90694e-18
      1.30380  1.66756e-16  8.90710e-18
      1.30468  1.70689e-16  1.09421e-17
      1.30557  1.81057e-16  1.35743e-17
      1.30646  1.70303e-16  1.21899e-17
      1.30735  1.80178e-16  1.11468e-17
      1.30824  1.65567e-16  8.19892e-18
      1.30913  1.65502e-16  1.21774e-17
      1.31003  1.65176e-16  1.17918e-17
      1.31092  1.51274e-16  4.10203e-17
      1.31182  1.58553e-16  2.94656e-17
      1.31272  1.48457e-16  1.16136e-17
      1.31362  1.49498e-16  4.35927e-17
      1.31452  1.49736e-16  1.28773e-17
      1.31543  1.50758e-16  1.11109e-17
      1.31633  1.65458e-16  1.34174e-17
      1.31724  1.53883e-16  1.55789e-17
      1.31814  1.54825e-16  8.92781e-18
      1.31905  1.55726e-16  7.00447e-18
      1.31996  1.42913e-16  9.08030e-18
      1.32088  1.60256e-16  9.83954e-18
      1.32179  1.46503e-16  1.37232e-17
      1.32271  1.45548e-16  1.64635e-17
      1.32362  1.54564e-16  1.64731e-17
      1.32454  1.79349e-16  1.72381e-17
      1.32546  1.69188e-16  8.38889e-18
      1.32638  1.49689e-16  1.18088e-17
      1.32731  1.33041e-16  1.05726e-17
      1.32823  1.45384e-16  7.72173e-18
      1.32916  1.21404e-16  9.70642e-18
      1.33009  1.26375e-16  7.57045e-18
      1.33101  1.18003e-16  9.19351e-18
      1.33195  1.37012e-16  6.71378e-18
      1.33288  1.11018e-16  7.22810e-18
      1.33381  1.24379e-16  6.86436e-18
      1.33475  1.07468e-16  7.55300e-18
      1.33569  1.10841e-16  5.29177e-18
      1.33663  1.06660e-16  6.95721e-18
      1.33756  1.02423e-16  4.69469e-18
      1.33851  9.43539e-17  6.23325e-18
      1.33945  8.96308e-17  8.85233e-18
      1.34040  8.55646e-17  6.81191e-18
      1.34134  7.30800e-17  9.83577e-18
      1.34229  6.87849e-17  8.39943e-18
      1.34324  5.82607e-17  7.82359e-18
      1.34419  6.29853e-17  5.32817e-18
      1.34515  6.63329e-17  7.12212e-18
      1.34610  5.78930e-17  8.11143e-18
      1.34706  5.58989e-17  6.37366e-18
      1.34801  4.28728e-17  7.64004e-18
      1.34897  5.48170e-17  7.05827e-18
      1.34994  3.67002e-17  1.09846e-17
      1.35090  3.27823e-17  9.66461e-18
      1.35186  3.25916e-17  1.46895e-17
      1.35283  3.24396e-17  2.28435e-17
      1.35380  3.25075e-17  1.89179e-17
      1.35477  2.26510e-17  2.79756e-17
      1.35574  1.87423e-17  4.69542e-17
      1.35671  5.19445e-17  4.78613e-17
      1.35768  5.70919e-17  8.16133e-17
      1.35866 -3.64628e-18  1.36412e-16
      1.35964 -1.77626e-16  2.10199e-16
      1.36061  1.64015e-16  1.53104e-16
      1.36160  6.70426e-17  1.90359e-16
      1.36258 -3.60385e-16  3.38032e-16
      1.36356 -5.50896e-16  3.06695e-16
      1.36455  3.82408e-16  3.98461e-16
      1.36553  5.32209e-17  3.88880e-16
      1.36652  4.64382e-16  3.23341e-16
      1.36751 -1.95479e-16  4.95123e-16
      1.36851 -2.96243e-17  3.78392e-16
      1.36950  1.63492e-16  4.10721e-16
      1.37049 -2.63192e-17  3.27195e-16
      1.37149  1.71827e-16  2.28338e-16
      1.37249  1.23647e-16  1.66357e-16
      1.37349 -1.47734e-17  1.16581e-16
      1.37449  2.25035e-16  1.14753e-16
      1.37550  3.78403e-17  7.43313e-17
      1.37650  4.60816e-17  5.18254e-17
      1.37751  5.82741e-17  5.47695e-17
      1.37852  6.35278e-17  5.69100e-17
      1.37953  3.31999e-17  4.24444e-17
      1.38054  6.63042e-17  6.51288e-17
      1.38155 -3.85177e-17  9.43448e-17
      1.38257  4.27858e-17  1.31681e-16
      1.38359  8.15794e-17  1.16806e-16
      1.38461 -2.23244e-16  1.93914e-16
      1.38563 -1.27804e-17  2.36911e-16
      1.38665 -1.06547e-16  9.41154e-17
      1.38767 -5.82492e-18  7.44813e-17
      1.38870 -3.97818e-17  5.89799e-17
      1.38972  4.15367e-18  4.66071e-17
      1.39075  8.23582e-18  5.51976e-17
      1.39178 -1.81496e-18  4.99280e-17
      1.39282 -2.87906e-17  4.98679e-17
      1.39385  5.62783e-17  3.12756e-17
      1.39489 -8.09204e-18  5.98171e-17
      1.39592  4.32750e-17  5.46989e-17
      1.39696  6.60809e-17  4.64765e-17
      1.39800 -7.54030e-18  5.06520e-17
      1.39905  8.08768e-17  5.45143e-17
      1.40009  3.72386e-17  4.62444e-17
      1.40114  1.18533e-17  4.34278e-17
      1.40218 -1.25423e-16  6.17208e-17
      1.40323 -1.14238e-16  1.08259e-16
      1.40428  3.05656e-17  4.58924e-17
      1.40534  1.36347e-16  6.52337e-17
      1.40639  6.93129e-17  5.26420e-17
      1.40745  5.33970e-17  4.65988e-17
      1.40850 -1.90045e-16  6.81049e-17
      1.40956 -5.34171e-20  3.60977e-17
      1.41063  7.62009e-17  3.24574e-17
      1.41169  8.26045e-17  3.11488e-17
      1.41275  7.79573e-17  3.97358e-17
      1.41382  1.73543e-17  2.55166e-17
      1.41489  5.71832e-17  3.59412e-17
      1.41596  8.29709e-17  3.54238e-17
      1.41703 -1.19787e-17  5.62604e-17
      1.41810  2.76377e-17  2.79075e-17
      1.41918 -2.48685e-17  3.71503e-17
      1.42026  8.21909e-17  2.58850e-17
      1.42134  3.88774e-17  1.59130e-17
      1.42241 -7.54326e-19  1.49252e-17
      1.42350 -3.08074e-18  1.07265e-17
      1.42458 -5.66367e-18  1.15208e-17
      1.42567  8.95291e-18  1.46332e-17
      1.42675  2.61601e-17  1.18162e-17
      1.42784  4.96719e-18  1.07350e-17
      1.42893 -1.74473e-18  1.22227e-17
      1.43003 -1.18337e-17  1.45638e-17
      1.43112 -9.69033e-17  3.69213e-17
      1.43222 -1.16907e-17  1.22902e-17
      1.43331  4.77858e-19  2.24842e-17
      1.43441  2.77958e-18  1.57516e-17
      1.43551 -1.38130e-17  3.36530e-17
      1.43662 -3.15970e-17  3.08692e-17
      1.43772  3.67569e-17  1.54379e-17
      1.43883 -1.85021e-17  2.20351e-17
      1.43994 -5.08390e-18  1.92238e-17
      1.44105  8.29378e-18  5.74986e-18
      1.44216  1.27455e-17  7.37409e-18
      1.44329  1.43985e-17  7.69374e-18
      1.44436  2.46863e-18  6.33629e-16
      1.44553  1.62466e-17  6.00950e-18
      1.44663  1.18250e-17  9.44312e-18
      1.44774  2.10036e-17  8.74310e-18
      1.44887  7.42319e-18  1.28611e-17
      1.44999  2.87841e-17  1.63427e-17
      1.45112  1.23750e-17  1.46891e-17
      1.45225  7.31544e-18  1.94774e-17
      1.45338  4.43320e-17  1.63781e-17
      1.45451  2.31267e-17  1.46660e-17
      1.45564  3.01610e-17  1.18494e-17
      1.45678  4.85754e-18  1.44196e-17
      1.45791 -1.96977e-17  4.68586e-17
      1.45905  1.34798e-17  1.24129e-17
      1.46019  3.41620e-17  1.46319e-17
      1.46133  1.84272e-18  1.49142e-17
      1.46248  1.32735e-17  9.78936e-18
      1.46362  7.76412e-18  9.18762e-18
      1.46477  3.20742e-17  1.16903e-17
      1.46592 -2.67186e-19  9.78388e-18
      1.46707  2.77158e-17  8.55375e-18
      1.46822  5.08397e-18  1.02302e-17
      1.46938  6.87550e-18  9.07361e-18
      1.47053  5.81189e-19  1.08206e-17
      1.47169  2.29386e-17  1.09834e-17
      1.47285  1.91182e-17  1.38161e-17
      1.47401  2.68267e-17  1.12096e-17
      1.47518  8.78105e-18  1.05982e-17
      1.47634  1.22954e-17  1.34140e-17
      1.47751  2.01088e-17  1.19947e-17
      1.47868  2.68010e-17  1.60270e-17
      1.47985  1.29089e-17  1.66749e-17
      1.48102 -7.59085e-17  2.40851e-17
      1.48219 -3.20704e-17  6.52185e-17
      1.48337 -1.24534e-17  2.25316e-17
      1.48455 -5.82416e-18  2.67119e-17
      1.48573 -7.83633e-19  4.72540e-17
      1.48691 -2.73362e-17  1.14609e-17
      1.48809  9.05286e-18  1.72018e-17
      1.48928  1.78638e-17  1.51565e-17
      1.49046  4.37185e-17  1.76089e-17
      1.49165  1.37261e-17  1.56836e-17
      1.49284  7.30672e-18  1.20054e-17
      1.49403  1.92035e-17  1.06155e-17
      1.49523  1.91090e-17  9.24694e-18
      1.49642  2.25245e-17  7.30056e-18
      1.49762  1.75033e-17  4.66907e-18
      1.49882  1.27211e-17  5.54429e-18
      1.50002  1.11748e-17  6.17695e-18
      1.50122  3.56948e-17  9.22194e-18
      1.50243  8.65745e-18  1.31984e-17
      1.50363  1.25047e-17  1.51612e-17
      1.50484  6.07919e-17  2.76304e-17
      1.50605 -8.45740e-18  4.56222e-17
      1.50726  1.20796e-17  5.62227e-16
      1.50848  9.87779e-18  6.81483e-17
      1.50969  4.04450e-17  1.69474e-17
      1.51091  2.83230e-17  7.14647e-18
      1.51213  2.45071e-17  1.03521e-17
      1.51335  3.65880e-17  6.57040e-18
      1.51457  6.03763e-17  5.15235e-18
      1.51579  3.71045e-17  6.26085e-18
      1.51702  4.54132e-17  8.74554e-18
      1.51825  4.43867e-17  5.97009e-18
      1.51948  4.57059e-17  7.17259e-18
      1.52071  5.83067e-17  8.39735e-18
      1.52195  4.77500e-17  1.81649e-17
      1.52318  9.28769e-17  1.92548e-17
      1.52441  4.92498e-17  1.13343e-17
      1.52566  8.89427e-17  1.20805e-17
      1.52689  1.15132e-16  1.89849e-17
      1.52814  1.33588e-16  1.28038e-17
      1.52938  1.02040e-16  8.58800e-18
      1.53063  6.37647e-17  8.77141e-18
      1.53187  1.46593e-16  7.77623e-18
      1.53312  1.16410e-16  9.62766e-18
      1.53437  1.19575e-16  1.80929e-17
      1.53563  1.58615e-16  1.36276e-17
      1.53688  1.28950e-16  1.13655e-17
      1.53814  1.15656e-16  1.24218e-17
      1.53940  1.10729e-16  2.90326e-17
      1.54066  6.46056e-17  3.59392e-17
      1.54192  6.96719e-17  3.12802e-17
      1.54318  1.10941e-16  2.25793e-17
      1.54445  1.11383e-16  1.19203e-17
      1.54572  1.04909e-16  1.13724e-17
      1.54698  1.08903e-16  1.33739e-17
      1.54825  1.12864e-16  9.37641e-18
      1.54953  4.22044e-17  2.75483e-17
      1.55080  9.41447e-17  1.05849e-17
      1.55208  1.05719e-16  9.53638e-18
      1.55336  1.11294e-16  1.26846e-17
      1.55464  1.24482e-16  8.80095e-18
      1.55592  1.33026e-16  9.04004e-18
      1.55720  9.94656e-17  1.02754e-17
      1.55849  1.04264e-16  8.74162e-18
      1.55977  7.47537e-17  1.30358e-17
      1.56106  7.71422e-17  1.03393e-17
      1.56235  7.59366e-17  1.13970e-17
      1.56364  9.57581e-17  1.11312e-17
      1.56494  1.00083e-16  1.26531e-17
      1.56623  5.18998e-17  1.22857e-17
      1.56753  6.51761e-17  9.29712e-18
      1.56883  5.63791e-17  1.32419e-17
      1.57013  7.65255e-17  6.38836e-18
      1.57144  5.24944e-17  6.39050e-18
      1.57276  3.88966e-17  5.60601e-18
      1.57405  4.69763e-17  6.82925e-18
      1.57535  3.84151e-17  4.34079e-18
      1.57666  3.17011e-17  5.86383e-18
      1.57797  3.87955e-17  6.34147e-18
      1.57929  6.30196e-17  7.56641e-18
      1.58060  4.52902e-17  1.66300e-17
      1.58192  3.28014e-17  1.91770e-17
      1.58324  5.05790e-17  1.65238e-17
      1.58456  8.75751e-17  1.71479e-17
      1.58588  7.12749e-17  1.53770e-17
      1.58721  5.31760e-17  5.84187e-17
      1.58853  6.62328e-17  8.75295e-17
      1.58986  3.28350e-17  1.79098e-17
      1.59119  6.15938e-17  7.23588e-18
      1.59252  6.12936e-17  5.02835e-18
      1.59385  6.21649e-17  5.68137e-18
      1.59519  6.23001e-17  5.74432e-18
      1.59652  6.75904e-17  7.60715e-18
      1.59786  4.34844e-17  6.59906e-18
      1.59920  5.99208e-17  9.17569e-18
      1.60054  4.74105e-17  1.09279e-17
      1.60189  8.74720e-17  1.29451e-17
      1.60323  1.09539e-16  1.04468e-17
      1.60458  9.86911e-17  1.25101e-17
      1.60593  1.02730e-16  1.25688e-17
      1.60728  1.02462e-16  9.68434e-18
      1.60863  7.87863e-17  1.81391e-17
      1.60998  5.06281e-17  1.12152e-17
      1.61134  6.61236e-17  1.17968e-17
      1.61270  7.68548e-17  1.30602e-17
      1.61406  6.46833e-17  1.12277e-17
      1.61542  8.33526e-17  1.05408e-17
      1.61679  7.87033e-17  9.94019e-18
      1.61814  1.12360e-16  1.08969e-17
      1.61951  8.91424e-17  7.84953e-18
      1.62088  1.03796e-16  9.12652e-18
      1.62225  1.24717e-16  1.00286e-17
      1.62362  1.57834e-16  9.55927e-18
      1.62499  1.29942e-16  8.03419e-18
      1.62637  1.45458e-16  1.53180e-17
      1.62774  1.37221e-16  9.10022e-18
      1.62912  1.36396e-16  6.64346e-18
      1.63050  1.57645e-16  9.73012e-18
      1.63188  1.54936e-16  8.94629e-18
      1.63326  1.72779e-16  7.78322e-18
      1.63465  1.81652e-16  1.09855e-17
      1.63603  1.96832e-16  7.53328e-18
      1.63742  2.21964e-16  1.10671e-17
      1.63881  1.88757e-16  2.90836e-17
      1.64020  2.13639e-16  7.22041e-18
      1.64160  1.77013e-16  1.50664e-17
      1.64299  2.39728e-16  8.77997e-18
      1.64439  2.08611e-16  8.06953e-18
      1.64579  2.11440e-16  7.75429e-18
      1.64719  2.11727e-16  9.28561e-18
      1.64859  2.18845e-16  9.29200e-18
      1.64998  2.09148e-16  2.13820e-17
      1.65140  2.60738e-16  7.79402e-18
      1.65281  2.53675e-16  9.91040e-18
      1.65421  2.33564e-16  8.66781e-18
      1.65562  2.33003e-16  1.09046e-17
      1.65704  2.16753e-16  1.05068e-17
      1.65845  2.15731e-16  8.13915e-18
      1.65986  2.19007e-16  7.78886e-18
      1.66128  2.07534e-16  7.72999e-18
      1.66270  2.11602e-16  7.23950e-18
      1.66412  2.01398e-16  7.78085e-18
      1.66554  2.00722e-16  9.92940e-18
      1.66696  2.11689e-16  8.48180e-18
      1.66839  1.90638e-16  1.15706e-17
      1.66982  2.05981e-16  9.06842e-18
      1.67124  2.05304e-16  2.93745e-17
      1.67268  1.66428e-16  1.53016e-17
      1.67411  1.70370e-16  2.00797e-17
      1.67554  1.80216e-16  2.12994e-17
      1.67698  1.54684e-16  1.11440e-17
      1.67841  1.24681e-16  7.56037e-18
      1.67985  1.18142e-16  4.57021e-18
      1.68129  1.17793e-16  5.22709e-18
      1.68273  1.05225e-16  5.69933e-18
      1.68418  9.71408e-17  5.58831e-18
      1.68563  9.28944e-17  4.44284e-18
      1.68707  8.40377e-17  5.56154e-18
      1.68851  9.37577e-17  1.19188e-17
      1.68996  9.11067e-17  9.80555e-18
      1.69142  7.17137e-17  8.47931e-18
      1.69287  9.18547e-17  9.14187e-18
      1.69432  8.49138e-17  9.12809e-18
      1.69578  8.93120e-17  6.22975e-18
      1.69724  5.69412e-17  1.01628e-17
      1.69870  5.78055e-17  9.30053e-18
      1.70016  5.03724e-17  1.14980e-17
      1.70162  4.41037e-17  1.27878e-17
      1.70308  6.06607e-17  7.98252e-18
      1.70455  3.40523e-17  8.36188e-18
      1.70602  3.60770e-17  1.57733e-17
      1.70750  3.89237e-17  8.09312e-18
      1.70896  2.94417e-17  1.28199e-17
      1.71043  2.41511e-17  8.00963e-18
      1.71190  4.85127e-17  7.79154e-18
      1.71338 -5.80781e-18  1.71140e-17
      1.71486  7.19801e-17  8.47005e-18
      1.71633  4.26522e-17  9.36449e-18
      1.71781  2.66075e-17  5.58674e-18
      1.71929  4.41631e-17  6.73587e-18
      1.72078  4.10184e-17  6.38517e-18
      1.72226  5.22490e-17  9.04874e-18
      1.72375  3.73981e-17  8.63188e-18
      1.72524  4.15129e-17  1.18341e-17
      1.72673  3.14616e-17  1.83364e-17
      1.72822  3.88848e-17  1.38011e-17
      1.72973  3.26276e-17  5.18692e-18
      1.73120  2.52591e-17  5.78147e-18
      1.73270  5.48985e-17  6.56131e-18
      1.73420  5.50356e-17  6.97477e-18
      1.73570  4.64563e-17  8.24811e-18
      1.73720  4.73126e-17  1.20646e-17
      1.73870  5.87913e-17  1.08951e-17
      1.74020  5.79703e-17  7.09602e-18
      1.74171  5.40097e-17  9.35036e-18
      1.74321  6.04664e-17  6.85182e-18
      1.74472  2.62175e-17  7.70659e-18
      1.74623  4.03742e-18  1.11590e-17
      1.74774  4.35810e-17  1.04870e-17
      1.74925  4.15629e-17  7.00888e-18
      1.75077  3.06852e-17  3.68711e-18
      1.75228  2.97898e-17  4.59727e-18
      1.75380  3.50674e-17  5.17127e-18
      1.75532  4.65936e-17  4.32619e-18
      1.75684  2.99479e-17  3.87172e-18
      1.75836  3.80128e-17  3.43527e-18
      1.75988  3.55531e-17  7.73407e-18
      1.76140  9.43663e-18  7.19111e-18
      1.76293  6.96650e-17  1.58733e-17
      1.76446  4.17235e-17  1.31878e-17
      1.76599  3.00484e-17  1.11157e-17
      1.76752  3.09983e-17  9.67237e-18
      1.76905  3.44829e-17  1.68344e-17
      1.77058  3.89570e-17  9.46380e-18
      1.77212  4.29240e-17  5.09639e-18
      1.77365  4.40638e-17  6.10164e-18
      1.77519  3.67188e-17  6.18827e-18
      1.77673  4.35068e-17  3.09672e-18
      1.77827  4.40246e-17  2.16873e-18
      1.77981  5.45995e-17  2.90939e-18
      1.78135  5.24432e-17  3.92950e-18
      1.78290  6.89751e-17  5.88951e-18
      1.78444  8.19039e-17  1.28792e-17
      1.78599  6.92950e-17  1.12288e-17
      1.78754  7.60944e-17  9.75474e-18
      1.78909  1.03466e-16  1.05293e-17
      1.79064  8.58432e-17  9.93874e-18
      1.79220  8.40119e-17  8.78215e-18
      1.79375  7.81152e-17  6.15533e-18
      1.79531  7.92687e-17  5.49749e-18
      1.79686  8.51643e-17  1.51538e-17
      1.79842  6.76321e-17  9.56785e-18
      1.79998  1.37454e-16  1.15144e-17
      1.80155  1.41775e-16  1.51480e-17
      1.80311  1.27190e-16  1.49103e-17
      1.80467  1.03981e-16  1.73258e-17
      1.80624  1.04739e-16  8.89134e-18
      1.80781  9.73464e-17  1.31164e-17
      1.80937  9.88567e-17  1.32201e-17
      1.81094  1.08886e-16  1.42748e-17
      1.81252  1.20773e-16  1.21624e-17
      1.81409  5.29152e-17  1.59626e-17
      1.81566  9.99715e-17  1.04704e-17
      1.81724  8.00833e-17  2.14596e-17
      1.81882  8.51071e-17  1.45644e-17
      1.82039  7.88792e-17  1.48888e-17
      1.82197  5.15294e-17  2.34978e-17
      1.82355  6.03272e-17  1.37874e-17
      1.82514  5.74906e-17  1.50328e-17
      1.82672  6.43859e-17  1.40746e-17
      1.82830  7.49857e-17  1.92111e-17
      1.82989  1.08808e-16  2.63201e-17
      1.83148  8.06405e-17  4.67458e-17
      1.83307  7.90948e-17  8.26633e-17
      1.83466  2.98409e-17  1.04190e-16
      1.83625  4.07054e-16  2.17300e-16
      1.83784 -3.07269e-16  1.93968e-16
      1.83944  2.37523e-16  2.06890e-16
      1.84103  3.96167e-16  1.52109e-16
      1.84263  2.60454e-17  1.37835e-16
      1.84423  2.89385e-16  1.14451e-16
      1.84582  6.23355e-18  1.05890e-16
      1.84743 -2.88599e-17  8.69497e-17
      1.84903  4.39347e-17  8.06897e-17
      1.85063  1.20243e-16  1.02938e-16
      1.85223  1.41246e-16  1.41967e-16
      1.85384  2.41801e-16  1.56058e-16
      1.85545  4.65994e-16  1.98059e-16
      1.85706  1.68958e-16  1.60678e-16
      1.85867  3.44437e-17  1.18815e-16
      1.86028  7.67853e-17  1.25833e-16
      1.86189 -4.16050e-18  1.04225e-16
      1.86350  3.80670e-17  8.19406e-17
      1.86512  1.78617e-16  7.11922e-17
      1.86673  3.25346e-17  8.63155e-17
      1.86835  1.91825e-16  8.28895e-17
      1.86997  2.21539e-16  1.66991e-16
      1.87159  2.70324e-17  1.71232e-16
      1.87321 -2.83183e-16  2.95811e-16
      1.87483 -3.15945e-16  2.62042e-16
      1.87645  7.76144e-17  9.28825e-17
      1.87808  2.14300e-17  7.31679e-17
      1.87970  2.59199e-17  5.98774e-17
      1.88133 -8.43732e-17  7.32228e-17
      1.88296  8.16845e-17  3.23191e-17
      1.88459  7.73727e-17  3.49718e-17
      1.88622  8.45307e-17  2.80554e-17
      1.88785  1.68496e-17  4.35449e-17
      1.88948  7.73522e-17  4.05904e-17
      1.89112  3.81553e-17  3.59420e-17
      1.89275  9.05180e-17  3.21882e-17
      1.89439  9.40739e-18  2.37056e-17
      1.89602 -5.41740e-17  4.48922e-17
      1.89766  4.33604e-17  5.30553e-17
      1.89930  5.79389e-17  6.44889e-17
      1.90094 -4.56952e-17  6.65433e-17
      1.90259  5.12626e-17  1.40268e-16
      1.90423  2.47739e-16  1.26862e-16
      1.90588  4.17170e-17  1.14206e-16
      1.90752 -1.37167e-16  1.27361e-16
      1.90917  1.36114e-16  9.26645e-17
      1.91082 -8.34437e-17  6.76969e-17
      1.91247  8.91166e-18  7.86927e-17
      1.91412 -2.97051e-16  7.18887e-17
      1.91577  7.51758e-17  3.42102e-17
      1.91742  3.88989e-17  5.51394e-17
      1.91907  2.90120e-17  3.10591e-17
      1.92073 -2.12108e-17  2.39068e-17
      1.92238  2.84902e-18  2.58673e-17
      1.92404  8.44347e-17  3.78628e-17
      1.92570  5.28207e-17  4.59552e-17
      1.92736  4.20325e-17  3.79803e-17
      1.92902  7.83179e-17  2.90864e-17
      1.93068  4.65250e-18  3.01561e-17
      1.93234 -7.52957e-18  2.61370e-17
      1.93401  3.12490e-17  2.18095e-17
      1.93567  1.27931e-17  2.15917e-17
      1.93734  4.57456e-17  1.49601e-17
      1.93901  3.76806e-17  1.75040e-17
      1.94067  1.15475e-17  1.26249e-17
      1.94234  1.79863e-17  9.93329e-18
      1.94401  5.78708e-17  8.97621e-18
      1.94568  3.02055e-17  7.56141e-18
      1.94735  3.89245e-17  7.31855e-18
      1.94903  2.75444e-17  8.85607e-18
      1.95070  4.11605e-17  6.90902e-18
      1.95238  1.61180e-17  1.04304e-17
      1.95405  1.48851e-17  1.88349e-17
      1.95573  4.25261e-17  1.41619e-17
      1.95741  4.94787e-17  1.14380e-17
      1.95909  4.16457e-17  1.44867e-17
      1.96077  1.18904e-17  7.22856e-18
      1.96245  5.06719e-17  1.19384e-17
      1.96413  4.46948e-17  6.57951e-18
      1.96582  2.22243e-17  8.29645e-18
      1.96750  2.48343e-17  9.41896e-18
      1.96919  3.90837e-17  7.29260e-18
      1.97087  1.37666e-17  1.94092e-17
      1.97261  3.29945e-17  7.32760e-18
      1.97425 -3.20903e-17  1.14992e-17
      1.97594  3.60498e-17  9.64793e-18
      1.97763  2.57184e-17  4.43640e-18
      1.97932  1.93403e-17  8.96821e-18
      1.98102  1.93987e-17  6.33364e-18
      1.98271  1.70755e-17  8.11704e-18
      1.98440  1.22521e-17  3.81684e-18
      1.98610  1.76516e-17  4.14651e-18
      1.98780  1.63199e-17  2.84359e-18
      1.98949  2.09211e-17  4.19290e-18
      1.99120  1.25832e-17  7.24512e-18
      1.99290  1.47789e-17  4.76505e-18
      1.99460  1.89346e-17  5.18531e-18
      1.99629  1.02403e-17  5.08129e-18
      1.99800  1.57908e-17  8.06184e-18
      1.99970  3.35320e-17  6.67055e-18
      2.00140  1.35304e-17  1.40388e-17
      2.00311 -3.90228e-17  1.37923e-17
      2.00481  1.86999e-17  1.83467e-17
      2.00652  2.27550e-17  1.53572e-17
      2.00823  2.56601e-17  8.56807e-18
      2.00994  2.85126e-17  1.03310e-17
      2.01165  2.87593e-17  7.73649e-18
      2.01336  1.79159e-17  7.36340e-18
      2.01507  5.03297e-18  1.07776e-17
      2.01678  1.66433e-17  1.01213e-17
      2.01849  2.74403e-17  7.22281e-18
      2.02021  2.44471e-17  5.75136e-18
      2.02192  1.60428e-17  5.32821e-18
      2.02364  9.15184e-18  9.54000e-18
      2.02536  3.47160e-17  7.47360e-18
      2.02707  3.79292e-17  8.33835e-18
      2.02879  3.72867e-17  1.05162e-17
      2.03051  1.77046e-17  7.63661e-18
      2.03223  2.35634e-17  7.03057e-18
      2.03395  2.77068e-17  4.00257e-18
      2.03568  3.31555e-17  7.62169e-18
      2.03740  3.29749e-17  4.81858e-18
      2.03912  2.07509e-17  9.97123e-18
      2.04085  3.62548e-17  6.91892e-18
      2.04257  4.39478e-17  7.25703e-18
      2.04430  1.47470e-17  6.15334e-18
      2.04603  1.93368e-17  5.62479e-18
      2.04775  2.46152e-17  4.40440e-18
      2.04948  2.04332e-17  5.08560e-18
      2.05121  2.41443e-17  3.90317e-18
      2.05294  1.94478e-17  1.07517e-17
      2.05467  2.10185e-17  6.03918e-18
      2.05640  2.89209e-17  7.60144e-18
      2.05814  1.27796e-17  7.63488e-18
      2.05987  2.45089e-17  6.24243e-18
      2.06161  2.00699e-17  6.31077e-18
      2.06334  1.65929e-17  5.28624e-18
      2.06508  1.81036e-17  3.78259e-18
      2.06681  1.57322e-17  5.26285e-18
      2.06855  1.14542e-17  5.39214e-18
      2.07029  2.02634e-17  5.23928e-18
      2.07203  1.14618e-17  5.36083e-18
      2.07377  1.15735e-17  4.14677e-18
      2.07551  1.01410e-17  4.57365e-18
      2.07725  1.20210e-17  3.04404e-18
      2.07899  1.32782e-17  2.66836e-18
      2.08073  1.84693e-17  3.19245e-18
      2.08248  1.76066e-17  3.48604e-18
      2.08423  1.13255e-17  3.38261e-18
      2.08597  2.64555e-17  3.40696e-18
      2.08771  9.31878e-18  4.39171e-18
      2.08946  2.23913e-17  9.69919e-18
      2.09121  1.53219e-17  3.62000e-18
      2.09296  2.21831e-17  3.86791e-18
      2.09471  2.08474e-17  3.58166e-18
      2.09645  1.22303e-17  2.70406e-18
      2.09820  1.73941e-17  2.52061e-18
      2.09995  1.27983e-17  2.67697e-18
      2.10171  1.01926e-17  3.08685e-18
      2.10346  1.18688e-17  4.44682e-18
      2.10521  1.25677e-17  4.18605e-18
      2.10697  1.70743e-17  5.45432e-18
      2.10872  1.71813e-17  6.03040e-18
      2.11048  3.30486e-18  6.27975e-18
      2.11223  9.46604e-18  7.11653e-18
      2.11399  9.33478e-18  4.65605e-18
      2.11575  8.91516e-18  4.14373e-18
      2.11750  1.91573e-17  4.25281e-18
      2.11926  1.36940e-17  4.23111e-18
      2.12102  2.23690e-17  4.38352e-18
      2.12278  2.06819e-17  5.57323e-18
      2.12454  1.35604e-17  7.02961e-18
      2.12630  1.68203e-17  4.05279e-17
      2.12806  5.39364e-18  3.29495e-18
      2.12983  7.96391e-18  4.29539e-18
      2.13159  1.44725e-17  5.59216e-18
      2.13336  1.10403e-17  4.62869e-18
      2.13512  1.56418e-17  3.10810e-18
      2.13688  1.04877e-17  4.20915e-18
      2.13863  2.41500e-17  6.65385e-18
      2.14041  1.90892e-17  2.66290e-18
      2.14218  1.86929e-17  2.41449e-18
      2.14395  1.95374e-17  2.84707e-18
      2.14571  2.18800e-17  3.94288e-18
      2.14748  1.71842e-17  2.91885e-18
      2.14925  2.08351e-17  7.92116e-18
      2.15102  2.72558e-17  5.02568e-18
      2.15279  1.18243e-17  4.06431e-18
      2.15457  2.66114e-17  5.18353e-18
      2.15634  2.54292e-17  7.45641e-18
      2.15811  1.71031e-17  4.12223e-18
      2.15988  1.60725e-17  3.94845e-18
      2.16165  1.49739e-17  3.04904e-18
      2.16343  1.61194e-17  3.51831e-18
      2.16520  1.47528e-17  2.47597e-18
      2.16698  1.75005e-17  6.78458e-18
      2.16875  1.33594e-17  1.23897e-17
      2.17053  7.43508e-18  5.01392e-18
      2.17230  2.07445e-17  4.84979e-18
      2.17408  1.43564e-17  2.82638e-17
      2.17586 -2.73547e-18  8.49616e-18
      2.17764  1.60928e-17  7.14559e-18
      2.17941  9.50353e-18  9.38400e-18
      2.18119  3.12890e-17  4.51771e-18
      2.18297  1.94685e-17  5.55524e-18
      2.18475  1.03401e-17  8.03549e-18
      2.18653  1.73948e-17  3.67064e-18
      2.18832  2.20785e-17  5.00247e-18
      2.19010  3.13803e-17  4.96509e-18
      2.19188  2.75335e-17  3.60285e-18
      2.19366  3.04247e-17  5.62122e-18
      2.19544  2.60348e-17  5.67638e-18
      2.19723  2.62888e-17  5.83196e-18
      2.19901  3.61799e-17  6.33077e-18
      2.20080  2.36077e-17  6.54238e-18
      2.20258  2.75130e-17  4.78466e-18
      2.20436  3.09657e-17  4.06616e-18
      2.20615  2.92585e-17  1.90754e-17
      2.20794  2.43915e-17  2.06446e-17
      2.20972  3.65101e-17  5.14195e-18
      2.21151  3.83217e-17  6.52760e-18
      2.21330  3.54538e-17  5.33544e-18
      2.21509  1.54899e-17  5.74231e-18
      2.21686  3.68869e-17  2.98654e-17
      2.21866  2.71723e-17  7.30195e-18
      2.22045  3.03229e-17  4.14936e-18
      2.22224  3.29258e-17  3.91891e-18
      2.22403  3.20564e-17  3.82555e-18
      2.22582  4.07027e-17  4.84593e-18
      2.22761  4.91782e-17  7.50614e-18
      2.22940  3.96139e-17  6.02122e-18
      2.23119  3.38269e-17  6.45994e-18
      2.23298  3.92473e-17  3.45001e-18
      2.23477  2.81695e-17  2.90106e-18
      2.23657  3.75905e-17  4.16177e-18
      2.23836  3.65302e-17  4.41819e-18
      2.24015  4.42638e-17  2.83833e-18
      2.24194  3.56638e-17  4.42512e-18
      2.24374  4.12581e-17  4.42994e-18
      2.24553  3.54897e-17  3.28369e-18
      2.24733  3.41214e-17  4.91009e-18
      2.24912  3.17045e-17  5.36898e-18
      2.25092  4.02826e-17  4.06551e-18
      2.25271  3.57040e-17  3.60814e-18
      2.25451  2.39670e-17  4.88797e-18
      2.25630  2.14242e-17  7.67121e-18
      2.25810  3.72269e-17  4.43922e-18
      2.25989  3.07413e-17  4.44069e-18
      2.26169  2.31074e-17  5.42750e-18
      2.26349 -2.73563e-18  5.35997e-18
      2.26528  2.59516e-17  2.40628e-17
      2.26708  2.77087e-17  1.98510e-17
      2.26888  3.86520e-17  5.80798e-18
      2.27068  2.99680e-17  4.63448e-18
      2.27247  1.98864e-17  9.51992e-18
      2.27426  1.05047e-17  1.04757e-17
      2.27607  3.74660e-17  3.70888e-18
      2.27787  2.17219e-17  4.30951e-18
      2.27967  3.15726e-17  4.10258e-18
      2.28147  2.63974e-17  4.45389e-18
      2.28327 -2.01315e-17  7.07336e-18
      2.28507  9.94016e-18  5.12799e-18
      2.28686  2.29525e-17  4.71106e-18
      2.28866  1.97773e-17  5.27149e-18
      2.29046  9.82848e-18  3.87603e-18
      2.29226  3.68960e-18  6.14466e-18
      2.29406  1.66018e-17  5.02537e-18
      2.29586  5.08328e-18  6.20845e-18
      2.29766  1.94276e-17  5.81067e-18
      2.29946  2.09194e-17  4.88095e-18
      2.30126  1.21703e-17  7.14245e-18
      2.30306  1.49944e-17  4.16036e-18
      2.30487  1.53243e-17  5.58046e-18
      2.30667  6.91654e-18  6.92125e-18
      2.30847  1.15989e-17  5.57768e-18
      2.31027  1.79865e-17  4.27463e-18
      2.31207  3.35996e-18  6.06793e-18
      2.31387  3.29687e-18  4.49673e-18
      2.31568  2.63472e-17  7.64364e-18
      2.31747  1.64490e-17  6.11266e-18
      2.31925 -3.00132e-18  3.20071e-17
      2.32109  5.25086e-18  1.10877e-17
      2.32288  2.53619e-17  6.05423e-18
      2.32468  2.00744e-17  6.77960e-18
      2.32648  3.19302e-17  5.43519e-18
      2.32828  2.40772e-17  5.59029e-18
      2.33008  1.74603e-17  3.69066e-18
      2.33188  2.73384e-17  5.39176e-18
      2.33368  2.31052e-17  5.67650e-18
      2.33548  2.12531e-17  7.68363e-18
      2.33728  9.65845e-19  6.89865e-18
      2.33908  2.85542e-17  7.03947e-18
      2.34088  1.29169e-17  6.11336e-18
      2.34268  2.90000e-17  6.66670e-18
      2.34449  4.21072e-17  5.36677e-18
      2.34629  5.11623e-18  7.96672e-18
      2.34809  1.44054e-17  6.14701e-18
      2.34989  2.21759e-17  7.17022e-18
      2.35169  4.11172e-17  6.27757e-18
      2.35349  4.24132e-17  7.74596e-18
      2.35528  1.67511e-17  9.47989e-18
      2.35708  1.81029e-17  7.01355e-18
      2.35888  1.99712e-17  5.52145e-18
      2.36068  2.58735e-17  8.18511e-18
      2.36248  2.50437e-17  1.21945e-17
      2.36428  1.66837e-17  7.80150e-18
      2.36608  3.08359e-17  5.14723e-18
      2.36787  2.49345e-17  6.67699e-18
      2.36967  4.15992e-17  1.55706e-17
      2.37147  2.23112e-17  6.30117e-18
      2.37327  3.58772e-17  1.41624e-17
      2.37506  4.68637e-17  8.76821e-18
      2.37686  3.81727e-17  1.32160e-17
      2.37866  1.39369e-17  1.03895e-17
      2.38045  4.15362e-18  1.63925e-17
      2.38225  8.25319e-18  8.42807e-18
      2.38408  2.04894e-17  1.54965e-17
      2.38588 -3.60765e-18  7.16858e-18
      2.38763  2.77926e-17  1.18368e-17
      2.38943  6.60001e-18  1.76008e-17
      2.39122  2.15560e-17  8.63069e-18
      2.39301  3.77179e-17  8.44025e-18
      2.39481 -1.17938e-17  1.75397e-17
      2.39660 -7.28282e-17  2.66150e-17
      2.39839 -1.64814e-17  2.37619e-17
      2.40018 -2.08096e-17  1.18943e-17
      2.40197 -4.53233e-17  1.03616e-17
      2.40372  1.39593e-17  1.99475e-17
      2.40551 -3.78881e-17  2.93196e-17
      2.40734 -8.69619e-19  7.82671e-18
      2.40913 -1.02925e-17  8.85553e-18
      2.41092  2.46581e-17  1.28000e-17
      2.41271  1.70954e-18  1.01474e-17
      2.41449 -1.10409e-18  1.82016e-17
      2.41628  3.90321e-17  1.74355e-17
      2.41806  7.42583e-17  2.06597e-17
      2.41985 -3.61858e-18  1.58675e-17
      2.42163  3.66798e-18  1.57865e-17
      2.42342 -3.54250e-17  2.58020e-17
      2.42520 -2.31665e-17  1.51284e-17
      2.42698  1.62929e-17  1.43912e-17
      2.42876 -7.05168e-18  9.72061e-18
      2.43054 -2.22829e-17  9.73413e-18
      2.43230 -3.41453e-17  1.60929e-17
      2.43408 -8.81109e-18  3.18326e-17
      2.43588 -1.55683e-17  1.74029e-17
      2.43766  2.49064e-17  1.89621e-17
      2.43945  2.59470e-18  1.89275e-17
      2.44121  5.97280e-17  1.41018e-17
      2.44299  4.71827e-17  1.25750e-17
      2.44476  5.81724e-17  1.91850e-17
      2.44653  9.29240e-17  1.73018e-17
      2.44830  1.32219e-16  2.12293e-17
      2.45007  6.17039e-17  3.83944e-16
      2.45184  4.33079e-17  2.20962e-16
      2.45361  9.49844e-17  3.39528e-17
      2.45538 -2.35728e-17  2.90415e-17
      2.45717 -5.40821e-17  3.51014e-17
      2.45892 -9.03949e-17  5.54991e-17
      2.46068 -1.62248e-16  5.80713e-17
      2.46244 -5.12350e-17  1.12342e-17
      2.46421 -4.42170e-18  1.40370e-17
      2.46597 -5.84285e-17  3.34642e-17
      2.46773  1.74349e-17  3.11894e-17
      2.46948 -5.51553e-17  3.83884e-17
      2.47124 -2.87092e-20  4.57560e-17
      2.47300 -9.31157e-17  4.69383e-17
      2.47476 -1.43095e-17  4.65419e-17
      2.47651  6.66193e-17  3.81378e-17
      2.47827 -1.67082e-16  4.48498e-17
      2.48002 -4.22246e-17  6.97098e-17
      2.48177  8.77380e-17  4.73571e-17
      2.48352  1.19326e-16  5.37340e-17
      2.48526  3.58540e-17  6.40202e-17
      2.48701  4.41963e-16  2.09733e-16
      2.48875  3.27798e-16  1.01845e-16
      2.49050  1.63397e-16  1.22188e-16
      2.49224 -9.23237e-17  1.61833e-16
      2.49398  3.80633e-16  1.70927e-16
      2.49572 -6.16841e-16  2.03853e-16
      2.49747  2.13041e-17  1.09397e-16
      2.49921 -6.36675e-16  2.06452e-16
      2.50092 -8.28571e-16  1.72584e-16
      2.50265 -2.07227e-17  9.48712e-16
      2.50439 -3.45943e-16  1.50396e-15
      2.50611 -1.60290e-16  3.37453e-16
      2.50784 -1.88318e-15  3.66626e-16
      2.50957 -2.04058e-15  3.54643e-16
      2.51129 -3.12011e-15  9.77867e-16
      2.51299 -8.04871e-15  1.06396e-15
      2.51469 -2.51104e-15  2.56320e-15
      2.51645 -9.76421e-15  1.80723e-15
      2.51816 -2.05933e-15  3.17702e-15
      2.51988 -8.36634e-16  6.70765e-16
      2.52159 -5.26079e-16  8.98036e-16
      2.52330  1.98422e-15  8.42019e-16
      2.52501  6.91878e-16  8.35148e-16
      2.52671 -4.05640e-17  1.65965e-15
      2.52841  7.73835e-15  3.88923e-15
      2.53012  1.36719e-14  4.84908e-15
      2.53182  8.87142e-15  4.17733e-15
      2.53351  1.48863e-14  8.08542e-15
      2.53521  1.89450e-14  8.61406e-15
      2.53690  2.61797e-14  2.50511e-14
      2.53859  1.77913e-14  1.05980e-14
      2.54027  3.49096e-14  3.74432e-14
      2.54196  1.24438e-14  6.58220e-15
      2.54364  3.71850e-14  6.56236e-14
      2.54533  8.38991e-14  1.94975e-13
      2.54700  3.97291e-14  4.98101e-14
      2.54868  3.84075e-15  2.94036e-15
      2.55035  5.62926e-15  7.49597e-15
      2.55202  2.83718e-15  3.50253e-15
      2.55369 -1.09156e-14  7.28143e-15
      2.55535 -8.65067e-15  5.53189e-15
      2.55702 -7.03468e-15  3.39540e-15
      2.55868 -3.03011e-15  1.35219e-15
      2.56033  5.03227e-15  3.29869e-15
      2.56199  3.12164e-15  2.11400e-15
      2.56362 -1.14707e-15  2.70743e-15
      2.56528  3.00901e-16  4.31873e-16
      2.56693 -4.38323e-16  1.27641e-15
      2.56857         -NaN          NaN
