# ISOT = 2022-01-07T10:50:43
# JD = 2459586.9518865743
# EXPTIME = 2160.0
3776.7 2.72e-17
3802.3 9.682e-18
3827.9 -6.032e-17
3853.4 5.654e-18
3879.0 -5.357e-17
3904.6 5.628e-18
3930.1 -2.527e-17
3955.7 -1.715e-18
3981.3 9.623e-17
4006.8 -4.644e-18
4032.4 -7.978e-18
4058.0 2.083e-17
4083.6 2.284e-17
4109.1 8.582e-18
4134.7 4.834e-18
4160.3 -2.729e-17
4185.8 4.169e-18
4211.4 1.183e-17
4237.0 7.781e-18
4262.6 7.676e-18
4288.1 1.141e-17
4313.7 2.323e-17
4339.3 1.656e-17
4364.8 3.021e-17
4390.4 1.982e-17
4416.0 3.424e-17
4441.6 4.298e-17
4467.1 2.76e-17
4492.7 3.636e-17
4518.3 2.897e-17
4543.8 1.197e-17
4569.4 3.3e-17
4595.0 2.253e-17
4620.5 3.762e-17
4646.1 2.751e-17
4671.7 2.031e-17
4697.3 3.078e-17
4722.8 2.477e-17
4748.4 1.12e-17
4774.0 2.745e-17
4799.5 3.376e-17
4825.1 3.065e-17
4850.7 2.872e-17
4876.3 2.336e-17
4901.8 2.226e-17
4927.4 1.076e-17
4953.0 2.285e-17
4978.5 2.274e-17
5004.1 2.382e-17
5029.7 1.655e-17
5055.3 2.316e-17
5080.8 1.797e-17
5106.4 2.646e-17
5132.0 2.026e-17
5157.5 2.185e-17
5183.1 2.915e-17
5208.7 1.471e-17
5234.2 2.662e-17
5259.8 2.55e-17
5285.4 2.283e-17
5311.0 2.419e-17
5336.5 2.57e-17
5362.1 2.334e-17
5387.7 3.262e-17
5413.2 2.959e-17
5438.8 3.867e-17
5464.4 2.775e-17
5490.0 2.535e-17
5515.5 3.138e-17
5541.1 2.41e-17
5566.7 2.685e-17
5592.2 2.525e-17
5617.8 2.159e-17
5643.4 2.377e-17
5668.9 2.347e-17
5694.5 2.309e-17
5720.1 2.395e-17
5745.7 1.81e-17
5771.2 1.594e-17
5796.8 2.412e-17
5822.4 1.494e-17
5847.9 9.828e-18
5873.5 1.166e-17
5899.1 1.482e-17
5924.7 1.618e-17
5950.2 4.583e-18
5975.8 9.406e-18
6001.4 8.769e-18
6026.9 2.591e-18
6052.5 1.081e-17
6078.1 2.204e-18
6103.7 1.793e-18
6129.2 9.551e-18
6154.8 1.116e-17
6180.4 1.479e-17
6205.9 1.159e-17
6231.5 1.074e-17
6257.1 1.07e-17
6282.6 1.515e-17
6308.2 7.843e-18
6333.8 7.907e-18
6359.4 1.502e-17
6384.9 1.543e-17
6410.5 1.312e-17
6436.1 1.403e-17
6461.6 1.436e-17
6487.2 1.571e-17
6512.8 1.645e-17
6538.4 1.8e-17
6563.9 1.37e-17
6589.5 1.293e-17
6615.1 1.553e-17
6640.6 1.653e-17
6666.2 1.651e-17
6691.8 1.724e-17
6717.4 2.345e-17
6742.9 2.357e-17
6768.5 2.91e-17
6794.1 4.355e-17
6819.6 5.513e-17
6845.2 6.046e-17
6870.8 5.103e-17
6896.3 3.303e-17
6921.9 2.009e-17
6947.5 1.514e-17
6973.1 1.455e-17
6998.6 1.051e-17
7024.2 7.366e-18
7049.8 8.326e-18
7075.3 6.847e-18
7100.9 5.6e-18
7126.5 4.834e-18
7152.1 6.548e-18
7177.6 7.53e-18
7203.2 3.688e-18
7228.8 7.444e-19
7254.3 8.015e-19
7279.9 5.315e-18
7305.5 7.196e-18
7331.1 3.122e-18
7356.6 1.759e-18
7382.2 7.299e-18
7407.8 9.25e-18
7433.3 7.158e-18
7458.9 7.376e-18
7484.5 1.091e-17
7510.0 1.013e-17
7535.6 7.775e-18
7561.2 1.078e-17
7586.8 9.944e-18
7612.3 6.257e-18
7637.9 1.196e-17
7663.5 1.282e-17
7689.0 6.093e-18
7714.6 3.394e-18
7740.2 5.354e-18
7765.8 7.789e-18
7791.3 7.193e-18
7816.9 6.938e-18
7842.5 7.564e-18
7868.0 5.605e-18
7893.6 2.608e-18
7919.2 6.028e-18
7944.7 9.925e-18
7970.3 5.595e-18
7995.9 3.719e-18
8021.5 5.476e-18
8047.0 4.723e-18
8072.6 4.339e-18
8098.2 4.93e-18
8123.7 4.009e-18
8149.3 4.458e-18
8174.9 6.434e-18
8200.5 6.826e-18
8226.0 5.908e-18
8251.6 6.88e-18
8277.2 8.124e-18
8302.7 1.096e-17
8328.3 1.098e-17
8353.9 5.794e-18
8379.5 3.312e-18
8405.0 6.275e-18
8430.6 6.508e-18
8456.2 4.133e-18
8481.7 6.2e-18
8507.3 7.379e-18
8532.9 7.541e-18
8558.4 1.037e-17
8584.0 1.048e-17
8609.6 1.112e-17
8635.2 1.578e-17
8660.7 1.511e-17
8686.3 9.433e-18
8711.9 6.176e-18
8737.4 7.008e-18
8763.0 9.626e-18
8788.6 9.247e-18
8814.2 1.122e-17
8839.7 1.644e-17
8865.3 1.716e-17
8890.9 1.457e-17
8916.4 1.523e-17
8942.0 2.411e-17
8967.6 3.196e-17
8993.2 2.721e-17
9018.7 2.175e-17
9044.3 1.708e-17
9069.9 1.015e-17
9095.4 1.112e-17
9121.0 1.803e-17
9146.6 1.427e-17
9172.1 2.194e-18
9197.7 -2.491e-19
9223.3 1.203e-17
