# ISOT = 2021-07-09T05:14:22
# JD = 2459404.7183101852
# EXPTIME = 2700.0
3776.7 5.302e-16
3802.3 4.962e-16
3827.9 5.661e-16
3853.4 5.031e-16
3879.0 4.96e-16
3904.6 4.875e-16
3930.1 4.554e-16
3955.7 4.912e-16
3981.3 4.267e-16
4006.8 4.75e-16
4032.4 5.283e-16
4058.0 5.417e-16
4083.6 4.965e-16
4109.1 5.286e-16
4134.7 5.611e-16
4160.3 5.173e-16
4185.8 4.602e-16
4211.4 4.568e-16
4237.0 4.271e-16
4262.6 4.255e-16
4288.1 4.224e-16
4313.7 3.593e-16
4339.3 3.535e-16
4364.8 4.181e-16
4390.4 3.641e-16
4416.0 4.271e-16
4441.6 4.045e-16
4467.1 3.788e-16
4492.7 3.78e-16
4518.3 3.798e-16
4543.8 3.718e-16
4569.4 3.724e-16
4595.0 3.827e-16
4620.5 3.391e-16
4646.1 3.249e-16
4671.7 3.372e-16
4697.3 3.222e-16
4722.8 3.215e-16
4748.4 3.412e-16
4774.0 3.312e-16
4799.5 3.337e-16
4825.1 3.56e-16
4850.7 3.562e-16
4876.3 3.66e-16
4901.8 3.286e-16
4927.4 3.129e-16
4953.0 2.849e-16
4978.5 2.781e-16
5004.1 2.85e-16
5029.7 2.806e-16
5055.3 2.829e-16
5080.8 2.894e-16
5106.4 3.038e-16
5132.0 2.874e-16
5157.5 3.038e-16
5183.1 2.748e-16
5208.7 3.036e-16
5234.2 2.744e-16
5259.8 2.726e-16
5285.4 2.796e-16
5311.0 2.675e-16
5336.5 2.543e-16
5362.1 2.626e-16
5387.7 2.826e-16
5413.2 2.927e-16
5438.8 2.999e-16
5464.4 2.819e-16
5490.0 3.07e-16
5515.5 2.967e-16
5541.1 3.111e-16
5566.7 3.212e-16
5592.2 3.01e-16
5617.8 2.895e-16
5643.4 2.761e-16
5668.9 2.931e-16
5694.5 2.769e-16
5720.1 2.487e-16
5745.7 2.397e-16
5771.2 2.59e-16
5796.8 2.279e-16
5822.4 2.17e-16
5847.9 2.168e-16
5873.5 1.971e-16
5899.1 1.703e-16
5924.7 1.714e-16
5950.2 1.546e-16
5975.8 1.224e-16
6001.4 1.103e-16
6026.9 1.41e-16
6052.5 1.278e-16
6078.1 1.366e-16
6103.7 1.387e-16
6129.2 1.364e-16
6154.8 1.297e-16
6180.4 1.347e-16
6205.9 1.369e-16
6231.5 1.481e-16
6257.1 1.528e-16
6282.6 1.481e-16
6308.2 1.717e-16
6333.8 1.596e-16
6359.4 1.57e-16
6384.9 1.735e-16
6410.5 1.842e-16
6436.1 1.822e-16
6461.6 1.991e-16
6487.2 1.985e-16
6512.8 1.857e-16
6538.4 1.917e-16
6563.9 1.848e-16
6589.5 1.877e-16
6615.1 1.84e-16
6640.6 1.857e-16
6666.2 2.011e-16
6691.8 2.131e-16
6717.4 2.27e-16
6742.9 2.365e-16
6768.5 2.5e-16
6794.1 2.802e-16
6819.6 3.198e-16
6845.2 3.42e-16
6870.8 3.413e-16
6896.3 3.034e-16
6921.9 2.491e-16
6947.5 2.073e-16
6973.1 1.623e-16
6998.6 1.396e-16
7024.2 1.352e-16
7049.8 1.242e-16
7075.3 9.761e-17
7100.9 9.152e-17
7126.5 9.893e-17
7152.1 9.7e-17
7177.6 9.347e-17
7203.2 8.363e-17
7228.8 8.235e-17
7254.3 9.288e-17
7279.9 9.172e-17
7305.5 8.655e-17
7331.1 9.775e-17
7356.6 9.945e-17
7382.2 1.064e-16
7407.8 1.167e-16
7433.3 1.099e-16
7458.9 1.093e-16
7484.5 1.198e-16
7510.0 1.143e-16
7535.6 1.101e-16
7561.2 1.155e-16
7586.8 1.186e-16
7612.3 1.163e-16
7637.9 1.123e-16
7663.5 1.091e-16
7689.0 1.127e-16
7714.6 1.179e-16
7740.2 1.099e-16
7765.8 9.993e-17
7791.3 1.076e-16
7816.9 1.134e-16
7842.5 1.112e-16
7868.0 1.108e-16
7893.6 1.169e-16
7919.2 1.063e-16
7944.7 1.031e-16
7970.3 1.032e-16
7995.9 1e-16
8021.5 9.467e-17
8047.0 8.751e-17
8072.6 8.65e-17
8098.2 8.797e-17
8123.7 8.553e-17
8149.3 9.038e-17
8174.9 9.764e-17
8200.5 8.702e-17
8226.0 8.03e-17
8251.6 8.216e-17
8277.2 7.802e-17
8302.7 7.414e-17
8328.3 7.574e-17
8353.9 8.248e-17
8379.5 8.734e-17
8405.0 7.862e-17
8430.6 6.587e-17
8456.2 6.361e-17
8481.7 6.821e-17
8507.3 7.216e-17
8532.9 7.535e-17
8558.4 7.803e-17
8584.0 8.511e-17
8609.6 9.221e-17
8635.2 9.879e-17
8660.7 1.196e-16
8686.3 1.445e-16
8711.9 1.632e-16
8737.4 1.823e-16
8763.0 2.012e-16
8788.6 2.12e-16
8814.2 2.177e-16
8839.7 2.229e-16
8865.3 2.364e-16
8890.9 2.592e-16
8916.4 2.749e-16
8942.0 2.711e-16
8967.6 2.693e-16
8993.2 2.706e-16
9018.7 2.485e-16
9044.3 2.274e-16
9069.9 2.237e-16
9095.4 2.162e-16
9121.0 2.019e-16
9146.6 1.769e-16
9172.1 1.518e-16
9197.7 1.46e-16
9223.3 1.365e-16
