3772.4145538192  1.130619E-14
3775.18157082079  1.333930E-14
3777.94858782237  1.428487E-14
3780.71560482396  1.531854E-14
3783.48262182554  1.497492E-14
3786.24963882713  1.359540E-14
3789.01665582871  1.355352E-14
3791.7836728303  1.330128E-14
3794.55068983188  1.223110E-14
3797.31770683347  1.245488E-14
3800.08472383505  1.223368E-14
3802.85174083663  1.303733E-14
3805.61875783822  1.283578E-14
3808.3857748398  1.281113E-14
3811.15279184139  1.312754E-14
3813.91980884297  1.150646E-14
3816.68682584456  1.238660E-14
3819.45384284614  1.289700E-14
3822.22085984773  1.134078E-14
3824.98787684931  1.154336E-14
3827.7548938509  1.247104E-14
3830.52191085248  1.217386E-14
3833.28892785407  1.187793E-14
3836.05594485565  1.187232E-14
3838.82296185723  1.226563E-14
3841.58997885882  1.201643E-14
3844.3569958604  1.190217E-14
3847.12401286199  1.218950E-14
3849.89102986357  1.223264E-14
3852.65804686516  1.301963E-14
3855.42506386674  1.275884E-14
3858.19208086833  1.321636E-14
3860.95909786991  1.302603E-14
3863.7261148715  1.385054E-14
3866.49313187308  1.392445E-14
3869.26014887467  1.431008E-14
3872.02716587625  1.425471E-14
3874.79418287783  1.468336E-14
3877.56119987942  1.560269E-14
3880.328216881  1.581308E-14
3883.09523388259  1.648584E-14
3885.86225088417  1.703097E-14
3888.62926788576  1.811235E-14
3891.39628488734  1.867184E-14
3894.16330188893  1.961332E-14
3896.93031889051  1.997649E-14
3899.6973358921  2.014422E-14
3902.46435289368  2.087952E-14
3905.23136989527  2.160850E-14
3907.99838689685  2.151412E-14
3910.76540389843  2.270721E-14
3913.53242090002  2.305418E-14
3916.2994379016  2.360856E-14
3919.06645490319  2.391983E-14
3921.83347190477  2.401484E-14
3924.60048890636  2.380192E-14
3927.36750590794  2.425142E-14
3930.13452290953  2.466629E-14
3932.90153991111  2.494732E-14
3935.6685569127  2.393605E-14
3938.43557391428  2.438334E-14
3941.20259091587  2.420812E-14
3943.96960791745  2.437838E-14
3946.73662491903  2.543212E-14
3949.50364192062  2.483304E-14
3952.2706589222  2.468491E-14
3955.03767592379  2.467420E-14
3957.80469292537  2.501275E-14
3960.57170992696  2.503514E-14
3963.33872692854  2.445768E-14
3966.10574393013  2.488666E-14
3968.87276093171  2.519349E-14
3971.6397779333  2.494372E-14
3974.40679493488  2.521991E-14
3977.17381193646  2.585362E-14
3979.94082893805  2.582847E-14
3982.70784593963  2.655888E-14
3985.47486294122  2.635903E-14
3988.2418799428  2.597553E-14
3991.00889694439  2.583157E-14
3993.77591394597  2.533378E-14
3996.54293094756  2.455847E-14
3999.30994794914  2.451088E-14
4002.07696495073  2.455019E-14
4004.84398195231  2.449195E-14
4007.6109989539  2.426995E-14
4010.37801595548  2.382002E-14
4013.14503295706  2.368905E-14
4015.91204995865  2.381894E-14
4018.67906696023  2.394923E-14
4021.44608396182  2.431317E-14
4024.2131009634  2.352284E-14
4026.98011796499  2.296245E-14
4029.74713496657  2.364377E-14
4032.51415196816  2.343038E-14
4035.28116896974  2.294660E-14
4038.04818597133  2.294430E-14
4040.81520297291  2.324192E-14
4043.5822199745  2.311147E-14
4046.34923697608  2.310611E-14
4049.11625397766  2.312774E-14
4051.88327097925  2.321909E-14
4054.65028798083  2.357038E-14
4057.41730498242  2.328958E-14
4060.184321984  2.339046E-14
4062.95133898559  2.377358E-14
4065.71835598717  2.384002E-14
4068.48537298876  2.394427E-14
4071.25238999034  2.448902E-14
4074.01940699193  2.479620E-14
4076.78642399351  2.489050E-14
4079.55344099509  2.487522E-14
4082.32045799668  2.544251E-14
4085.08747499826  2.520683E-14
4087.85449199985  2.509689E-14
4090.62150900143  2.545753E-14
4093.38852600302  2.585121E-14
4096.1555430046  2.542570E-14
4098.92256000619  2.574199E-14
4101.68957700777  2.551701E-14
4104.45659400936  2.520730E-14
4107.22361101094  2.531118E-14
4109.99062801253  2.547945E-14
4112.75764501411  2.576578E-14
4115.52466201569  2.542587E-14
4118.29167901728  2.561016E-14
4121.05869601887  2.503775E-14
4123.82571302045  2.505500E-14
4126.59273002203  2.532554E-14
4129.35974702362  2.495794E-14
4132.1267640252  2.442003E-14
4134.89378102679  2.429802E-14
4137.66079802837  2.378711E-14
4140.42781502996  2.400182E-14
4143.19483203154  2.375371E-14
4145.96184903313  2.407957E-14
4148.72886603471  2.370452E-14
4151.49588303629  2.317959E-14
4154.26290003788  2.334007E-14
4157.02991703946  2.294818E-14
4159.79693404105  2.264529E-14
4162.56395104263  2.207315E-14
4165.33096804422  2.196541E-14
4168.0979850458  2.190492E-14
4170.86500204739  2.148855E-14
4173.63201904897  2.136877E-14
4176.39903605056  2.138993E-14
4179.16605305214  2.130289E-14
4181.93307005373  2.121052E-14
4184.70008705531  2.098336E-14
4187.46710405689  2.109798E-14
4190.23412105848  2.155156E-14
4193.00113806006  2.167254E-14
4195.76815506165  2.171585E-14
4198.53517206323  2.164590E-14
4201.30218906482  2.185612E-14
4204.0692060664  2.213959E-14
4206.83622306799  2.218869E-14
4209.60324006957  2.192593E-14
4212.37025707116  2.232128E-14
4215.13727407274  2.221594E-14
4217.90429107432  2.213491E-14
4220.67130807591  2.218679E-14
4223.43832507749  2.230223E-14
4226.20534207908  2.190410E-14
4228.97235908066  2.152264E-14
4231.73937608225  2.126905E-14
4234.50639308383  2.085093E-14
4237.27341008542  2.060707E-14
4240.040427087  2.042544E-14
4242.80744408859  2.023467E-14
4245.57446109017  1.987987E-14
4248.34147809176  1.926482E-14
4251.10849509334  1.914363E-14
4253.87551209493  1.884337E-14
4256.64252909651  1.879270E-14
4259.40954609809  1.853816E-14
4262.17656309968  1.831875E-14
4264.94358010126  1.784256E-14
4267.71059710285  1.786192E-14
4270.47761410443  1.788448E-14
4273.24463110602  1.720231E-14
4276.0116481076  1.705655E-14
4278.77866510919  1.707224E-14
4281.54568211077  1.698024E-14
4284.31269911236  1.672489E-14
4287.07971611394  1.652801E-14
4289.84673311553  1.652619E-14
4292.61375011711  1.654965E-14
4295.38076711869  1.609567E-14
4298.14778412028  1.603894E-14
4300.91480112186  1.580807E-14
4303.68181812345  1.557082E-14
4306.44883512503  1.547853E-14
4309.21585212662  1.523196E-14
4311.9828691282  1.511576E-14
4314.74988612979  1.482072E-14
4317.51690313137  1.470564E-14
4320.28392013296  1.450115E-14
4323.05093713454  1.422557E-14
4325.81795413612  1.415656E-14
4328.58497113771  1.404223E-14
4331.35198813929  1.410626E-14
4334.11900514088  1.390338E-14
4336.88602214246  1.393490E-14
4339.65303914405  1.364634E-14
4342.42005614563  1.383244E-14
4345.18707314722  1.365208E-14
4347.9540901488  1.370669E-14
4350.72110715039  1.396603E-14
4353.48812415197  1.365697E-14
4356.25514115356  1.376469E-14
4359.02215815514  1.385505E-14
4361.78917515672  1.430545E-14
4364.55619215831  1.424096E-14
4367.32320915989  1.448740E-14
4370.09022616148  1.441469E-14
4372.85724316306  1.436678E-14
4375.62426016465  1.463499E-14
4378.39127716623  1.470631E-14
4381.15829416782  1.474343E-14
4383.9253111694  1.483374E-14
4386.69232817099  1.493988E-14
4389.45934517257  1.484371E-14
4392.22636217415  1.497636E-14
4394.99337917574  1.518325E-14
4397.76039617732  1.538423E-14
4400.52741317891  1.558260E-14
4403.29443018049  1.561788E-14
4406.06144718208  1.575504E-14
4408.82846418366  1.589052E-14
4411.59548118525  1.591259E-14
4414.36249818683  1.609041E-14
4417.12951518842  1.635843E-14
4419.89653219  1.661260E-14
4422.66354919159  1.711971E-14
4425.43056619317  1.699085E-14
4428.19758319476  1.695813E-14
4430.96460019634  1.720926E-14
4433.73161719792  1.731866E-14
4436.49863419951  1.751646E-14
4439.26565120109  1.779355E-14
4442.03266820268  1.769475E-14
4444.79968520426  1.765231E-14
4447.56670220585  1.756394E-14
4450.33371920743  1.768140E-14
4453.10073620902  1.757253E-14
4455.8677532106  1.718353E-14
4458.63477021219  1.726260E-14
4461.40178721377  1.706064E-14
4464.16880421535  1.692486E-14
4466.93582121694  1.683019E-14
4469.70283821852  1.664969E-14
4472.46985522011  1.680026E-14
4475.23687222169  1.660398E-14
4478.00388922328  1.695236E-14
4480.77090622486  1.667761E-14
4483.53792322645  1.658731E-14
4486.30494022803  1.667060E-14
4489.07195722962  1.707216E-14
4491.8389742312  1.704407E-14
4494.60599123279  1.755407E-14
4497.37300823437  1.734144E-14
4500.14002523596  1.757566E-14
4502.90704223754  1.785229E-14
4505.67405923913  1.825944E-14
4508.44107624071  1.821690E-14
4511.20809324229  1.854004E-14
4513.97511024388  1.853159E-14
4516.74212724546  1.856794E-14
4519.50914424705  1.889450E-14
4522.27616124863  1.906287E-14
4525.04317825022  1.916964E-14
4527.8101952518  1.909074E-14
4530.57721225339  1.926421E-14
4533.34422925497  1.948966E-14
4536.11124625655  1.923248E-14
4538.87826325814  1.932503E-14
4541.64528025972  1.939720E-14
4544.41229726131  1.946615E-14
4547.17931426289  1.935110E-14
4549.94633126448  1.917762E-14
4552.71334826606  1.928560E-14
4555.48036526765  1.940549E-14
4558.24738226923  1.919808E-14
4561.01439927082  1.897977E-14
4563.7814162724  1.919564E-14
4566.54843327399  1.899939E-14
4569.31545027557  1.880203E-14
4572.08246727716  1.856261E-14
4574.84948427874  1.870322E-14
4577.61650128032  1.863794E-14
4580.38351828191  1.845485E-14
4583.15053528349  1.844648E-14
4585.91755228508  1.811523E-14
4588.68456928666  1.805284E-14
4591.45158628825  1.826597E-14
4594.21860328983  1.798346E-14
4596.98562029142  1.770139E-14
4599.752637293  1.783225E-14
4602.51965429459  1.784596E-14
4605.28667129617  1.787495E-14
4608.05368829776  1.797083E-14
4610.82070529934  1.810303E-14
4613.58772230092  1.795153E-14
4616.35473930251  1.795407E-14
4619.12175630409  1.819050E-14
4621.88877330568  1.811830E-14
4624.65579030726  1.787274E-14
4627.42280730885  1.824417E-14
4630.18982431043  1.828685E-14
4632.95684131202  1.844381E-14
4635.7238583136  1.869529E-14
4638.49087531519  1.824182E-14
4641.25789231677  1.852430E-14
4644.02490931836  1.851592E-14
4646.79192631994  1.834637E-14
4649.55894332152  1.866156E-14
4652.32596032311  1.851329E-14
4655.09297732469  1.847801E-14
4657.85999432628  1.825895E-14
4660.62701132786  1.822441E-14
4663.39402832945  1.831889E-14
4666.16104533103  1.812543E-14
4668.92806233262  1.788344E-14
4671.6950793342  1.773966E-14
4674.46209633579  1.775210E-14
4677.22911333737  1.781017E-14
4679.99613033896  1.747683E-14
4682.76314734054  1.739819E-14
4685.53016434212  1.714766E-14
4688.29718134371  1.711959E-14
4691.06419834529  1.701648E-14
4693.83121534688  1.693725E-14
4696.59823234846  1.654283E-14
4699.36524935005  1.640938E-14
4702.13226635163  1.619988E-14
4704.89928335322  1.594599E-14
4707.6663003548  1.579998E-14
4710.43331735639  1.560147E-14
4713.20033435797  1.521627E-14
4715.96735135955  1.523418E-14
4718.73436836114  1.492920E-14
4721.50138536272  1.500251E-14
4724.26840236431  1.482656E-14
4727.03541936589  1.491399E-14
4729.80243636748  1.507099E-14
4732.56945336906  1.472021E-14
4735.33647037065  1.448243E-14
4738.10348737223  1.455159E-14
4740.87050437382  1.459534E-14
4743.6375213754  1.464297E-14
4746.40453837699  1.477792E-14
4749.17155537857  1.467938E-14
4751.93857238015  1.454195E-14
4754.70558938174  1.458059E-14
4757.47260638332  1.483895E-14
4760.23962338491  1.482350E-14
4763.00664038649  1.477137E-14
4765.77365738808  1.462670E-14
4768.54067438966  1.454141E-14
4771.30769139125  1.464414E-14
4774.07470839283  1.453202E-14
4776.84172539442  1.429613E-14
4779.608742396  1.438815E-14
4782.37575939759  1.440942E-14
4785.14277639917  1.408477E-14
4787.90979340075  1.427170E-14
4790.67681040234  1.401013E-14
4793.44382740392  1.362044E-14
4796.21084440551  1.373181E-14
4798.97786140709  1.348388E-14
4801.74487840868  1.331564E-14
4804.51189541026  1.341004E-14
4807.27891241185  1.310531E-14
4810.04592941343  1.297182E-14
4812.81294641502  1.293724E-14
4815.5799634166  1.294119E-14
4818.34698041819  1.285086E-14
4821.11399741977  1.287982E-14
4823.88101442135  1.310686E-14
4826.64803142294  1.309984E-14
4829.41504842452  1.299299E-14
4832.18206542611  1.319666E-14
4834.94908242769  1.316581E-14
4837.71609942928  1.324998E-14
4840.48311643086  1.321747E-14
4843.25013343245  1.330952E-14
4846.01715043403  1.339974E-14
4848.78416743561  1.330747E-14
4851.5511844372  1.343240E-14
4854.31820143879  1.344135E-14
4857.08521844037  1.318995E-14
4859.85223544195  1.317022E-14
4862.61925244354  1.330900E-14
4865.38626944512  1.319963E-14
4868.15328644671  1.313778E-14
4870.92030344829  1.315915E-14
4873.68732044988  1.291298E-14
4876.45433745146  1.298710E-14
4879.22135445305  1.298420E-14
4881.98837145463  1.262245E-14
4884.75538845622  1.257364E-14
4887.5224054578  1.247978E-14
4890.28942245939  1.229449E-14
4893.05643946097  1.224995E-14
4895.82345646255  1.198536E-14
4898.59047346414  1.167098E-14
4901.35749046572  1.174378E-14
4904.12450746731  1.173862E-14
4906.89152446889  1.145196E-14
4909.65854147048  1.129161E-14
4912.42555847206  1.143179E-14
4915.19257547365  1.145932E-14
4917.95959247523  1.145858E-14
4920.72660947681  1.143679E-14
4923.4936264784  1.148411E-14
4926.26064347999  1.153465E-14
4929.02766048157  1.133684E-14
4931.79467748315  1.147318E-14
4934.56169448474  1.164926E-14
4937.32871148632  1.155894E-14
4940.09572848791  1.145559E-14
4942.86274548949  1.159907E-14
4945.62976249108  1.161886E-14
4948.39677949266  1.174054E-14
4951.16379649425  1.176321E-14
4953.93081349583  1.152352E-14
4956.69783049741  1.150860E-14
4959.464847499  1.162102E-14
4962.23186450058  1.152778E-14
4964.99888150217  1.141030E-14
4967.76589850375  1.134475E-14
4970.53291550534  1.125209E-14
4973.29993250692  1.117432E-14
4976.06694950851  1.109672E-14
4978.83396651009  1.118437E-14
4981.60098351168  1.107045E-14
4984.36800051326  1.094510E-14
4987.13501751485  1.095592E-14
4989.90203451643  1.100253E-14
4992.66905151801  1.097759E-14
4995.4360685196  1.102148E-14
4998.20308552119  1.074868E-14
5000.97010252277  1.060602E-14
5003.73711952435  1.076355E-14
5006.50413652594  1.050729E-14
5009.27115352752  1.047657E-14
5012.03817052911  1.043017E-14
5014.80518753069  1.052226E-14
5017.57220453228  1.036890E-14
5020.33922153386  1.026555E-14
5023.10623853545  1.020092E-14
5025.87325553703  1.012989E-14
5028.64027253861  1.001659E-14
5031.4072895402  1.013340E-14
5034.17430654178  1.008830E-14
5036.94132354337  9.922428E-15
5039.70834054495  1.004753E-14
5042.47535754654  1.018122E-14
5045.24237454812  9.973960E-15
5048.00939154971  1.004953E-14
5050.77640855129  1.020223E-14
5053.54342555288  1.058495E-14
5056.31044255446  1.047504E-14
5059.07745955605  1.035175E-14
5061.84447655763  1.049664E-14
5064.61149355922  1.053621E-14
5067.3785105608  1.062992E-14
5070.14552756238  1.056735E-14
5072.91254456397  1.091502E-14
5075.67956156555  1.104019E-14
5078.44657856714  1.113297E-14
5081.21359556872  1.132643E-14
5083.98061257031  1.143901E-14
5086.74762957189  1.128497E-14
5089.51464657348  1.135146E-14
5092.28166357506  1.164438E-14
5095.04868057665  1.178893E-14
5097.81569757823  1.186975E-14
5100.58271457981  1.202751E-14
5103.3497315814  1.212540E-14
5106.11674858298  1.203292E-14
5108.88376558457  1.241183E-14
5111.65078258615  1.255356E-14
5114.41779958774  1.267553E-14
5117.18481658932  1.278461E-14
5119.95183359091  1.287493E-14
5122.71885059249  1.325106E-14
5125.48586759408  1.338626E-14
5128.25288459566  1.341650E-14
5131.01990159725  1.352447E-14
5133.78691859883  1.374504E-14
5136.55393560041  1.386622E-14
5139.320952602  1.397240E-14
5142.08796960358  1.409772E-14
5144.85498660517  1.428048E-14
5147.62200360675  1.439660E-14
5150.38902060834  1.432891E-14
5153.15603760992  1.430876E-14
5155.92305461151  1.445484E-14
5158.69007161309  1.446259E-14
5161.45708861468  1.466311E-14
5164.22410561626  1.475424E-14
5166.99112261784  1.451629E-14
5169.75813961943  1.453650E-14
5172.52515662101  1.445232E-14
5175.2921736226  1.450422E-14
5178.05919062418  1.453296E-14
5180.82620762577  1.436816E-14
5183.59322462735  1.443421E-14
5186.36024162894  1.452035E-14
5189.12725863052  1.423058E-14
5191.89427563211  1.413426E-14
5194.66129263369  1.399278E-14
5197.42830963528  1.415307E-14
5200.19532663686  1.388660E-14
5202.96234363844  1.401801E-14
5205.72936064003  1.363916E-14
5208.49637764161  1.367135E-14
5211.2633946432  1.367298E-14
5214.03041164478  1.359384E-14
5216.79742864637  1.344413E-14
5219.56444564795  1.362262E-14
5222.33146264954  1.341562E-14
5225.09847965112  1.331424E-14
5227.86549665271  1.355258E-14
5230.63251365429  1.370055E-14
5233.39953065588  1.369995E-14
5236.16654765746  1.355843E-14
5238.93356465904  1.351018E-14
5241.70058166063  1.348036E-14
5244.46759866221  1.348982E-14
5247.2346156638  1.360911E-14
5250.00163266538  1.347483E-14
5252.76864966697  1.347260E-14
5255.53566666855  1.359528E-14
5258.30268367014  1.342432E-14
5261.06970067172  1.330414E-14
5263.83671767331  1.328053E-14
5266.60373467489  1.304056E-14
5269.37075167648  1.288728E-14
5272.13776867806  1.294645E-14
5274.90478567964  1.278256E-14
5277.67180268123  1.264676E-14
5280.43881968281  1.254186E-14
5283.2058366844  1.246712E-14
5285.97285368598  1.226310E-14
5288.73987068757  1.199572E-14
5291.50688768915  1.182819E-14
5294.27390469074  1.149986E-14
5297.04092169232  1.118053E-14
5299.80793869391  1.102628E-14
5302.57495569549  1.086973E-14
5305.34197269708  1.058313E-14
5308.10898969866  1.033337E-14
5310.87600670024  1.039570E-14
5313.64302370183  1.002556E-14
5316.41004070341  9.543563E-15
5319.177057705  9.669195E-15
5321.94407470658  9.790966E-15
5324.71109170817  9.422692E-15
5327.47810870975  9.310390E-15
5330.24512571134  9.361536E-15
5333.01214271292  9.489590E-15
5335.77915971451  9.288065E-15
5338.54617671609  9.133043E-15
5341.31319371768  9.210368E-15
5344.08021071926  9.162910E-15
5346.84722772084  9.059300E-15
5349.61424472243  9.069749E-15
5352.38126172401  9.108388E-15
5355.1482787256  9.209265E-15
5357.91529572718  9.359993E-15
5360.68231272877  9.455729E-15
5363.44932973035  9.398167E-15
5366.21634673194  9.237616E-15
5368.98336373352  9.342438E-15
5371.75038073511  9.374873E-15
5374.51739773669  9.344686E-15
5377.28441473828  9.450224E-15
5380.05143173986  9.389619E-15
5382.81844874144  9.497099E-15
5385.58546574303  9.516378E-15
5388.35248274461  9.649596E-15
5391.1194997462  9.682499E-15
5393.88651674778  1.001344E-14
5396.65353374937  1.009523E-14
5399.42055075095  9.961491E-15
5402.18756775254  9.947290E-15
5404.95458475412  1.015752E-14
5407.72160175571  1.030390E-14
5410.48861875729  1.052547E-14
5413.25563575887  1.057199E-14
5416.02265276046  1.062975E-14
5418.78966976204  1.074324E-14
5421.55668676363  1.072885E-14
5424.32370376521  1.071174E-14
5427.0907207668  1.062493E-14
5429.85773776838  1.069867E-14
5432.62475476997  1.065337E-14
5435.39177177155  1.082695E-14
5438.15878877314  1.065570E-14
5440.92580577472  1.056785E-14
5443.69282277631  1.070344E-14
5446.45983977789  1.060293E-14
5449.22685677947  1.061650E-14
5451.99387378106  1.055126E-14
5454.76089078264  1.036105E-14
5457.52790778423  1.041932E-14
5460.29492478581  1.040297E-14
5463.0619417874  1.036119E-14
5465.82895878898  1.026590E-14
5468.59597579057  1.023529E-14
5471.36299279215  1.023574E-14
5474.13000979374  1.020559E-14
5476.89702679532  1.003094E-14
5479.66404379691  1.011652E-14
5482.43106079849  1.006519E-14
5485.19807780007  9.929038E-15
5487.96509480166  9.610461E-15
5490.73211180324  9.317168E-15
5493.49912880483  9.439925E-15
5496.26614580641  9.348727E-15
5499.033162808  9.277816E-15
5501.80017980958  9.319861E-15
5504.56719681117  9.019447E-15
5507.33421381275  8.817732E-15
5510.10123081434  8.841225E-15
5512.86824781592  8.815482E-15
5515.63526481751  8.766412E-15
5518.40228181909  8.755147E-15
5521.16929882067  8.708120E-15
5523.93631582226  8.757733E-15
5526.70333282384  8.847306E-15
5529.47034982543  8.737829E-15
5532.23736682701  8.790241E-15
5535.0043838286  9.142641E-15
5537.77140083018  9.240888E-15
5540.53841783177  9.244664E-15
5543.30543483335  9.267613E-15
5546.07245183494  9.503035E-15
5548.83946883652  9.665028E-15
5551.60648583811  9.753025E-15
5554.37350283969  9.963706E-15
5557.14051984128  9.965338E-15
5559.90753684286  1.006299E-14
5562.67455384444  1.036296E-14
5565.44157084603  1.051556E-14
5568.20858784761  1.039314E-14
5570.9756048492  1.058010E-14
5573.74262185078  1.075192E-14
5576.50963885237  1.078060E-14
5579.27665585395  1.078174E-14
5582.04367285554  1.099649E-14
5584.81068985712  1.110244E-14
5587.5777068587  1.101829E-14
5590.34472386029  1.123653E-14
5593.11174086187  1.125303E-14
5595.87875786346  1.125083E-14
5598.64577486504  1.133727E-14
5601.41279186663  1.148588E-14
5604.17980886821  1.168168E-14
5606.9468258698  1.161329E-14
5609.71384287138  1.159810E-14
5612.48085987297  1.161716E-14
5615.24787687455  1.171361E-14
5618.01489387614  1.178694E-14
5620.78191087772  1.181911E-14
5623.54892787931  1.178942E-14
5626.31594488089  1.176929E-14
5629.08296188247  1.192925E-14
5631.84997888406  1.193571E-14
5634.61699588564  1.188668E-14
5637.38401288723  1.188017E-14
5640.15102988881  1.182285E-14
5642.9180468904  1.184521E-14
5645.68506389198  1.200633E-14
5648.45208089357  1.206964E-14
5651.21909789515  1.199451E-14
5653.98611489674  1.218178E-14
5656.75313189832  1.224172E-14
5659.5201488999  1.214116E-14
5662.28716590149  1.199383E-14
5665.05418290307  1.193455E-14
5667.82119990466  1.210395E-14
5670.58821690624  1.201818E-14
5673.35523390783  1.182428E-14
5676.12225090941  1.175518E-14
5678.889267911  1.189607E-14
5681.65628491258  1.179027E-14
5684.42330191417  1.157113E-14
5687.19031891575  1.161089E-14
5689.95733591734  1.160848E-14
5692.72435291892  1.145553E-14
5695.4913699205  1.145365E-14
5698.25838692209  1.142605E-14
5701.02540392367  1.130720E-14
5703.79242092526  1.122940E-14
5706.55943792684  1.123396E-14
5709.32645492843  1.122653E-14
5712.09347193001  1.121326E-14
5714.8604889316  1.113445E-14
5717.62750593318  1.104182E-14
5720.39452293477  1.116038E-14
5723.16153993635  1.110327E-14
5725.92855693794  1.099294E-14
5728.69557393952  1.108786E-14
5731.4625909411  1.102514E-14
5734.22960794269  1.100621E-14
5736.99662494427  1.094615E-14
5739.76364194586  1.084808E-14
5742.53065894744  1.105367E-14
5745.29767594903  1.107376E-14
5748.06469295061  1.083258E-14
5750.8317099522  1.068859E-14
5753.59872695378  1.075720E-14
5756.36574395537  1.079251E-14
5759.13276095695  1.086231E-14
5761.89977795854  1.079961E-14
5764.66679496012  1.062277E-14
5767.4338119617  1.070761E-14
5770.20082896329  1.081303E-14
5772.96784596487  1.088510E-14
5775.73486296646  1.066773E-14
5778.50187996804  1.060715E-14
5781.26889696963  1.078713E-14
5784.03591397121  1.066145E-14
5786.8029309728  1.053866E-14
5789.56994797438  1.056787E-14
5792.33696497596  1.054375E-14
5795.10398197755  1.050912E-14
5797.87099897914  1.055635E-14
5800.63801598072  1.046878E-14
5803.4050329823  1.038866E-14
5806.17204998389  1.041276E-14
5808.93906698547  1.044828E-14
5811.70608398706  1.037502E-14
5814.47310098864  1.039424E-14
5817.24011799023  1.043747E-14
5820.00713499181  1.054153E-14
5822.7741519934  1.051722E-14
5825.54116899498  1.029812E-14
5828.30818599656  1.024754E-14
5831.07520299815  1.026517E-14
5833.84221999974  1.031077E-14
5836.60923700132  1.047898E-14
5839.3762540029  1.037407E-14
5842.14327100449  1.044860E-14
5844.91028800607  1.057858E-14
5847.67730500766  1.040427E-14
5850.44432200924  1.039212E-14
5853.21133901083  1.052040E-14
5855.97835601241  1.078455E-14
5858.745373014  1.071185E-14
5861.51239001558  1.060901E-14
5864.27940701716  1.057994E-14
5867.04642401875  1.055350E-14
5869.81344102034  1.073014E-14
5872.58045802192  1.069474E-14
5875.3474750235  1.067770E-14
5878.11449202509  1.093061E-14
5880.88150902667  1.070230E-14
5883.64852602826  1.077581E-14
5886.41554302984  1.081821E-14
5889.18256003143  1.069438E-14
5891.94957703301  1.069830E-14
5894.7165940346  1.081705E-14
5897.48361103618  1.076238E-14
5900.25062803777  1.051746E-14
5903.01764503935  1.053459E-14
5905.78466204093  1.050991E-14
5908.55167904252  1.052848E-14
5911.3186960441  1.059814E-14
5914.08571304569  1.063819E-14
5916.85273004727  1.050089E-14
5919.61974704886  1.052787E-14
5922.38676405044  1.057551E-14
5925.15378105203  1.052103E-14
5927.92079805361  1.057859E-14
5930.6878150552  1.054555E-14
5933.45483205678  1.056691E-14
5936.22184905837  1.051810E-14
5938.98886605995  1.043273E-14
5941.75588306154  1.019953E-14
5944.52290006312  1.016151E-14
5947.2899170647  1.016256E-14
5950.05693406629  1.026720E-14
5952.82395106787  1.027253E-14
5955.59096806946  1.011321E-14
5958.35798507104  1.022322E-14
5961.12500207263  1.051413E-14
5963.89201907421  1.047760E-14
5966.6590360758  1.052739E-14
5969.42605307738  1.053897E-14
5972.19307007896  1.052410E-14
5974.96008708055  1.048877E-14
5977.72710408214  1.054767E-14
5980.49412108372  1.040747E-14
5983.2611380853  1.037338E-14
5986.02815508689  1.035531E-14
5988.79517208847  1.038395E-14
5991.56218909006  1.045009E-14
5994.32920609164  1.029664E-14
5997.09622309323  1.028131E-14
5999.86324009481  1.040508E-14
6002.6302570964  1.036990E-14
6005.39727409798  1.029534E-14
6008.16429109956  1.026379E-14
6010.93130810115  1.013716E-14
6013.69832510274  1.006155E-14
6016.46534210432  1.009043E-14
6019.2323591059  1.000236E-14
6021.99937610749  1.006396E-14
6024.76639310907  1.021148E-14
6027.53341011066  1.007511E-14
6030.30042711224  9.975922E-15
6033.06744411383  9.901370E-15
6035.83446111541  9.864141E-15
6038.601478117  1.000763E-14
6041.36849511858  1.004956E-14
6044.13551212016  1.001309E-14
6046.90252912175  1.002997E-14
6049.66954612334  9.968849E-15
6052.43656312492  9.904659E-15
6055.2035801265  1.003599E-14
6057.97059712809  9.951807E-15
6060.73761412967  9.888967E-15
6063.50463113126  9.928539E-15
6066.27164813284  9.802122E-15
6069.03866513443  9.860255E-15
6071.80568213601  9.987524E-15
6074.5726991376  9.976289E-15
6077.33971613918  9.757409E-15
6080.10673314077  9.711704E-15
6082.87375014235  9.746945E-15
6085.64076714393  9.657244E-15
6088.40778414552  9.682346E-15
6091.1748011471  9.626099E-15
6093.94181814869  9.499623E-15
6096.70883515027  9.442892E-15
6099.47585215186  9.453541E-15
6102.24286915344  9.442670E-15
6105.00988615503  9.177511E-15
6107.77690315661  9.183018E-15
6110.5439201582  9.119980E-15
6113.31093715978  9.009490E-15
6116.07795416137  8.821916E-15
6118.84497116295  8.795443E-15
6121.61198816453  8.578544E-15
6124.37900516612  8.383757E-15
6127.1460221677  8.284178E-15
6129.91303916929  8.221172E-15
6132.68005617087  8.031262E-15
6135.44707317246  7.773607E-15
6138.21409017404  7.487322E-15
6140.98110717563  7.474113E-15
6143.74812417721  7.242769E-15
6146.5151411788  6.972718E-15
6149.28215818038  6.980295E-15
6152.04917518197  6.744048E-15
6154.81619218355  6.520635E-15
6157.58320918513  6.298567E-15
6160.35022618672  5.970911E-15
6163.1172431883  5.853853E-15
6165.88426018989  5.825591E-15
6168.65127719147  5.788215E-15
6171.41829419306  5.705265E-15
6174.18531119464  5.474854E-15
6176.95232819622  5.301953E-15
6179.71934519781  5.210635E-15
6182.4863621994  5.037146E-15
6185.25337920098  4.936954E-15
6188.02039620257  5.012182E-15
6190.78741320415  4.948776E-15
6193.55443020574  4.836686E-15
6196.32144720732  4.841554E-15
6199.0884642089  4.715364E-15
6201.85548121049  4.593668E-15
6204.62249821207  4.639463E-15
6207.38951521366  4.698199E-15
6210.15653221524  4.654144E-15
6212.92354921683  4.651586E-15
6215.69056621841  4.637070E-15
6218.45758322  4.587920E-15
6221.22460022158  4.618713E-15
6223.99161722317  4.692779E-15
6226.75863422475  4.862485E-15
6229.52565122633  4.896165E-15
6232.29266822792  4.983734E-15
6235.0596852295  5.183451E-15
6237.82670223109  5.245759E-15
6240.59371923267  5.391610E-15
6243.36073623426  5.571795E-15
6246.12775323584  5.707402E-15
6248.89477023742  5.712738E-15
6251.66178723901  5.859269E-15
6254.4288042406  6.035139E-15
6257.19582124218  6.088538E-15
6259.96283824377  6.107772E-15
6262.72985524535  6.282943E-15
6265.49687224693  6.568857E-15
6268.26388924852  6.620650E-15
6271.0309062501  6.660040E-15
6273.79792325169  6.744149E-15
6276.56494025327  6.899928E-15
6279.33195725486  7.053825E-15
6282.09897425644  7.031696E-15
6284.86599125802  7.095190E-15
6287.63300825961  7.221718E-15
6290.40002526119  7.345086E-15
6293.16704226278  7.459668E-15
6295.93405926437  7.541936E-15
6298.70107626595  7.612803E-15
6301.46809326753  7.685637E-15
6304.23511026912  7.671027E-15
6307.0021272707  7.700144E-15
6309.76914427229  7.810760E-15
6312.53616127387  7.856107E-15
6315.30317827546  7.706290E-15
6318.07019527704  7.823881E-15
6320.83721227862  7.898806E-15
6323.60422928021  7.750530E-15
6326.3712462818  7.865800E-15
6329.13826328338  8.112735E-15
6331.90528028496  8.095892E-15
6334.67229728655  7.812791E-15
6337.43931428813  8.007856E-15
6340.20633128972  8.030423E-15
6342.9733482913  7.979042E-15
6345.74036529289  7.998619E-15
6348.50738229447  7.836590E-15
6351.27439929606  7.970961E-15
6354.04141629764  7.910353E-15
6356.80843329922  7.927120E-15
6359.57545030081  8.053926E-15
6362.34246730239  7.933584E-15
6365.10948430398  7.921734E-15
6367.87650130556  7.819963E-15
6370.64351830715  7.827323E-15
6373.41053530873  7.833808E-15
6376.17755231032  7.796464E-15
6378.9445693119  7.818303E-15
6381.71158631349  7.868639E-15
6384.47860331507  7.689180E-15
6387.24562031666  7.593190E-15
6390.01263731824  7.754028E-15
6392.77965431982  7.799876E-15
6395.54667132141  7.810426E-15
6398.31368832299  7.747317E-15
6401.08070532458  7.591763E-15
6403.84772232616  7.594089E-15
6406.61473932775  7.609524E-15
6409.38175632933  7.573356E-15
6412.14877333092  7.464281E-15
6414.9157903325  7.390008E-15
6417.68280733409  7.385505E-15
6420.44982433567  7.326562E-15
6423.21684133726  7.288378E-15
6425.98385833884  7.286481E-15
6428.75087534043  7.258067E-15
6431.51789234201  7.170308E-15
6434.28490934359  7.176860E-15
6437.05192634518  7.248794E-15
6439.81894334676  7.150682E-15
6442.58596034835  7.084919E-15
6445.35297734993  7.168422E-15
6448.11999435152  7.186311E-15
6450.8870113531  7.070527E-15
6453.65402835469  7.106269E-15
6456.42104535627  7.298907E-15
6459.18806235786  7.208891E-15
6461.95507935944  7.067799E-15
6464.72209636102  7.064058E-15
6467.48911336261  7.094397E-15
6470.25613036419  7.008931E-15
6473.02314736578  7.036782E-15
6475.79016436736  7.084795E-15
6478.55718136895  6.978952E-15
6481.32419837053  7.076902E-15
6484.09121537212  6.959678E-15
6486.8582323737  6.989510E-15
6489.62524937529  6.977698E-15
6492.39226637687  7.040977E-15
6495.15928337845  7.061814E-15
6497.92630038004  6.918062E-15
6500.69331738162  7.023142E-15
6503.46033438321  7.066769E-15
6506.2273513848  6.883426E-15
6508.99436838638  6.946750E-15
6511.76138538796  7.081101E-15
6514.52840238955  6.962090E-15
6517.29541939113  6.787931E-15
6520.06243639272  6.866176E-15
6522.8294533943  6.885086E-15
6525.59647039589  6.805976E-15
6528.36348739747  6.770289E-15
6531.13050439905  6.750556E-15
6533.89752140064  6.801088E-15
6536.66453840222  6.786145E-15
6539.43155540381  6.842085E-15
6542.1985724054  6.896872E-15
6544.96558940698  6.737653E-15
6547.73260640856  6.775074E-15
6550.49962341015  6.766168E-15
6553.26664041173  6.592090E-15
6556.03365741332  6.650704E-15
6558.8006744149  6.634492E-15
6561.56769141649  6.556985E-15
6564.33470841807  6.658927E-15
6567.10172541965  6.402488E-15
6569.86874242124  6.404103E-15
6572.63575942282  6.490349E-15
6575.40277642441  6.512665E-15
6578.16979342599  6.499803E-15
6580.93681042758  6.436907E-15
6583.70382742916  6.496993E-15
6586.47084443075  6.510577E-15
6589.23786143233  6.306580E-15
6592.00487843392  6.327146E-15
6594.7718954355  6.359659E-15
6597.53891243709  6.241619E-15
6600.30592943867  6.200736E-15
6603.07294644025  6.275668E-15
6605.83996344184  6.231510E-15
6608.60698044342  6.127682E-15
6611.37399744501  6.194911E-15
6614.14101444659  6.344516E-15
6616.90803144818  6.188518E-15
6619.67504844976  6.142739E-15
6622.44206545135  6.219496E-15
6625.20908245293  6.091532E-15
6627.97609945452  6.094773E-15
6630.7431164561  6.112939E-15
6633.51013345769  6.038071E-15
6636.27715045927  6.065609E-15
6639.04416746086  6.024834E-15
6641.81118446244  5.958635E-15
6644.57820146402  5.995048E-15
6647.34521846561  6.051825E-15
6650.11223546719  5.955637E-15
6652.87925246878  5.998665E-15
6655.64626947036  6.020996E-15
6658.41328647195  5.942798E-15
6661.18030347353  5.859718E-15
6663.94732047512  5.831098E-15
6666.7143374767  5.939738E-15
6669.48135447828  5.792451E-15
6672.24837147987  5.820281E-15
6675.01538848145  5.812488E-15
6677.78240548304  5.777957E-15
6680.54942248462  5.756515E-15
6683.31643948621  5.749208E-15
6686.08345648779  5.582012E-15
6688.85047348938  5.637890E-15
6691.61749049096  5.514456E-15
6694.38450749255  5.607792E-15
6697.15152449413  5.588872E-15
6699.91854149572  5.554269E-15
6702.6855584973  5.556951E-15
6705.45257549889  5.495136E-15
6708.21959250047  5.459921E-15
6710.98660950205  5.472057E-15
6713.75362650364  5.450607E-15
6716.52064350522  5.393296E-15
6719.28766050681  5.353283E-15
6722.05467750839  5.378652E-15
6724.82169450998  5.481110E-15
6727.58871151156  5.450792E-15
6730.35572851315  5.382420E-15
6733.12274551473  5.400418E-15
6735.88976251632  5.306039E-15
6738.6567795179  5.430365E-15
6741.42379651948  5.405951E-15
6744.19081352107  5.345717E-15
6746.95783052265  5.406814E-15
6749.72484752424  5.297732E-15
6752.49186452582  5.286559E-15
6755.25888152741  5.304411E-15
6758.02589852899  5.303312E-15
6760.79291553058  5.241184E-15
6763.55993253216  5.232772E-15
6766.32694953375  5.247727E-15
6769.09396653533  5.198509E-15
6771.86098353692  5.200845E-15
6774.6280005385  5.089621E-15
6777.39501754008  5.050277E-15
6780.16203454167  5.102305E-15
6782.92905154325  5.150094E-15
6785.69606854484  4.959607E-15
6788.46308554642  4.912990E-15
6791.23010254801  5.055063E-15
6793.99711954959  5.069072E-15
6796.76413655118  5.142536E-15
6799.53115355276  5.105149E-15
6802.29817055435  4.939679E-15
6805.06518755593  4.911309E-15
6807.83220455752  4.864496E-15
6810.5992215591  4.888062E-15
6813.36623856068  4.868711E-15
6816.13325556227  4.783649E-15
6818.90027256385  4.881444E-15
6821.66728956544  4.747224E-15
6824.43430656702  4.694327E-15
6827.20132356861  4.677149E-15
6829.96834057019  4.750810E-15
6832.73535757178  4.793408E-15
6835.50237457336  4.727193E-15
6838.26939157495  4.884786E-15
6841.03640857653  4.741359E-15
6843.80342557811  4.692963E-15
6846.5704425797  4.730912E-15
6849.33745958128  4.749736E-15
6852.10447658287  4.562729E-15
6854.87149358445  4.582048E-15
6857.63851058604  4.703300E-15
6860.40552758762  4.829480E-15
6863.17254458921  4.688064E-15
6865.93956159079  4.520782E-15
6868.70657859238  4.565873E-15
6871.47359559396  4.544801E-15
6874.24061259555  4.611709E-15
6877.00762959713  4.573370E-15
6879.77464659871  4.548822E-15
6882.5416636003  4.597259E-15
6885.30868060188  4.409714E-15
6888.07569760347  4.383096E-15
6890.84271460505  4.494705E-15
6893.60973160664  4.377984E-15
6896.37674860822  4.334440E-15
6899.14376560981  4.396118E-15
6901.91078261139  4.328676E-15
6904.67779961298  4.223452E-15
6907.44481661456  4.359887E-15
6910.21183361615  4.474999E-15
6912.97885061773  4.344729E-15
6915.74586761931  4.275487E-15
6918.5128846209  4.359471E-15
6921.27990162248  4.234414E-15
6924.04691862407  4.249876E-15
6926.81393562565  4.138229E-15
6929.58095262724  4.184942E-15
6932.34796962882  4.276845E-15
6935.11498663041  4.265464E-15
6937.88200363199  4.201446E-15
6940.64902063358  4.234323E-15
6943.41603763516  4.197131E-15
6946.18305463675  4.066488E-15
6948.95007163833  4.078293E-15
6951.71708863992  4.085837E-15
6954.4841056415  4.079123E-15
6957.25112264308  4.057100E-15
6960.01813964467  3.998133E-15
6962.78515664625  3.982928E-15
6965.55217364784  3.997137E-15
6968.31919064942  4.008150E-15
6971.08620765101  3.924769E-15
6973.85322465259  3.946500E-15
6976.62024165418  3.853534E-15
6979.38725865576  3.902798E-15
6982.15427565735  3.912199E-15
6984.92129265893  3.946592E-15
6987.68830966051  3.967674E-15
6990.4553266621  3.868202E-15
6993.22234366368  3.813103E-15
6995.98936066527  3.831145E-15
6998.75637766685  3.771288E-15
7001.52339466844  3.785987E-15
7004.29041167002  3.878724E-15
7007.05742867161  3.835723E-15
7009.82444567319  3.784572E-15
7012.59146267478  3.831220E-15
7015.35847967636  3.838490E-15
7018.12549667795  3.756660E-15
7020.89251367953  3.781837E-15
7023.65953068111  3.742532E-15
7026.4265476827  3.693564E-15
7029.19356468428  3.750992E-15
7031.96058168587  3.794256E-15
7034.72759868745  3.685210E-15
7037.49461568904  3.602693E-15
7040.26163269062  3.702344E-15
7043.02864969221  3.691689E-15
7045.79566669379  3.737267E-15
7048.56268369538  3.690546E-15
7051.32970069696  3.725829E-15
7054.09671769855  3.613409E-15
7056.86373470013  3.615503E-15
7059.63075170171  3.599369E-15
7062.3977687033  3.686993E-15
7065.16478570488  3.586001E-15
7067.93180270647  3.595060E-15
7070.69881970805  3.518590E-15
7073.46583670964  3.437581E-15
7076.23285371122  3.523183E-15
7078.99987071281  3.514257E-15
7081.76688771439  3.542276E-15
7084.53390471598  3.481470E-15
7087.30092171756  3.471409E-15
7090.06793871914  3.396863E-15
7092.83495572073  3.423731E-15
7095.60197272231  3.488956E-15
7098.3689897239  3.413885E-15
7101.13600672548  3.378988E-15
7103.90302372707  3.417789E-15
7106.67004072865  3.442961E-15
7109.43705773024  3.399035E-15
7112.20407473182  3.340145E-15
7114.97109173341  3.369039E-15
7117.73810873499  3.441165E-15
7120.50512573658  3.382430E-15
7123.27214273816  3.398353E-15
7126.03915973974  3.476822E-15
7128.80617674133  3.354789E-15
7131.57319374291  3.415545E-15
7134.3402107445  3.382271E-15
7137.10722774608  3.416494E-15
7139.87424474767  3.420126E-15
7142.64126174925  3.371430E-15
7145.40827875084  3.366012E-15
7148.17529575242  3.357512E-15
7150.94231275401  3.268289E-15
7153.70932975559  3.345081E-15
7156.47634675718  3.327110E-15
7159.24336375876  3.266625E-15
7162.01038076034  3.232914E-15
7164.77739776193  3.159970E-15
7167.54441476351  3.115389E-15
7170.3114317651  3.145590E-15
7173.07844876668  3.161838E-15
7175.84546576827  3.140090E-15
7178.61248276985  3.144174E-15
7181.37949977144  3.109717E-15
7184.14651677302  3.109619E-15
7186.91353377461  3.037264E-15
7189.68055077619  2.989091E-15
7192.44756777777  2.976576E-15
7195.21458477936  2.981767E-15
7197.98160178094  3.062845E-15
7200.74861878253  3.087028E-15
7203.51563578411  3.116305E-15
7206.2826527857  3.113109E-15
7209.04966978728  3.121118E-15
7211.81668678887  3.104709E-15
7214.58370379045  3.086496E-15
7217.35072079204  3.131612E-15
7220.11773779362  3.160507E-15
7222.88475479521  3.090641E-15
7225.65177179679  3.021017E-15
7228.41878879837  3.022078E-15
7231.18580579996  3.056575E-15
7233.95282280154  3.029970E-15
7236.71983980313  2.934698E-15
7239.48685680471  2.978911E-15
7242.2538738063  3.054990E-15
7245.02089080788  2.977621E-15
7247.78790780947  2.986461E-15
7250.55492481105  2.963725E-15
7253.32194181264  2.935422E-15
7256.08895881422  3.017183E-15
7258.85597581581  2.951254E-15
7261.62299281739  2.989079E-15
7264.39000981898  2.993731E-15
7267.15702682056  2.846667E-15
7269.92404382214  2.864750E-15
7272.69106082373  2.908158E-15
7275.45807782531  2.872839E-15
7278.2250948269  2.988791E-15
7280.99211182848  2.929782E-15
7283.75912883007  2.889321E-15
7286.52614583165  2.878454E-15
7289.29316283324  2.953687E-15
7292.06017983482  2.914958E-15
7294.82719683641  2.917990E-15
7297.59421383799  2.931813E-15
7300.36123083958  2.850082E-15
7303.12824784116  2.842441E-15
7305.89526484274  2.922162E-15
7308.66228184433  2.920211E-15
7311.42929884591  2.800626E-15
7314.1963158475  2.853016E-15
7316.96333284908  2.769812E-15
7319.73034985067  2.866254E-15
7322.49736685225  2.857739E-15
7325.26438385384  2.891944E-15
7328.03140085542  2.850812E-15
7330.79841785701  2.837968E-15
7333.56543485859  2.896592E-15
7336.33245186018  2.800928E-15
7339.09946886176  2.739653E-15
7341.86648586335  2.659963E-15
7344.63350286493  2.715975E-15
7347.40051986651  2.784261E-15
7350.1675368681  2.808916E-15
7352.93455386968  2.764296E-15
7355.70157087127  2.794551E-15
7358.46858787285  2.784055E-15
7361.23560487444  2.704716E-15
7364.00262187602  2.744129E-15
7366.76963887761  2.726116E-15
7369.53665587919  2.682483E-15
7372.30367288077  2.753343E-15
7375.07068988236  2.648193E-15
7377.83770688394  2.555723E-15
7380.60472388553  2.656629E-15
7383.37174088711  2.579430E-15
7386.1387578887  2.572895E-15
7388.90577489028  2.504889E-15
7391.67279189187  2.613435E-15
7394.43980889345  2.569869E-15
7397.20682589504  2.573734E-15
7399.97384289662  2.549447E-15
7402.74085989821  2.506735E-15
7405.50787689979  2.515357E-15
7408.27489390138  2.500392E-15
7411.04191090296  2.496291E-15
7413.80892790454  2.568318E-15
7416.57594490613  2.577498E-15
7419.34296190771  2.610390E-15
7422.1099789093  2.663482E-15
7424.87699591088  2.562248E-15
7427.64401291247  2.494837E-15
7430.41102991405  2.542603E-15
7433.17804691564  2.526310E-15
7435.94506391722  2.546152E-15
7438.71208091881  2.540591E-15
7441.47909792039  2.392763E-15
7444.24611492197  2.424992E-15
7447.01313192356  2.571876E-15
7449.78014892514  2.504755E-15
7452.54716592673  2.482560E-15
7455.31418292831  2.506495E-15
7458.0811999299  2.420607E-15
7460.84821693148  2.375688E-15
7463.61523393307  2.518054E-15
7466.38225093465  2.447761E-15
7469.14926793624  2.329910E-15
7471.91628493782  2.401928E-15
7474.68330193941  2.457662E-15
7477.45031894099  2.466801E-15
7480.21733594257  2.351664E-15
7482.98435294416  2.265014E-15
7485.75136994574  2.424628E-15
7488.51838694733  2.454625E-15
7491.28540394891  2.316142E-15
7494.0524209505  2.399447E-15
7496.81943795208  2.382667E-15
7499.58645495367  2.228137E-15
7502.35347195525  2.371295E-15
7505.12048895684  2.330609E-15
7507.88750595842  2.317328E-15
7510.65452296001  2.223243E-15
7513.42153996159  2.234011E-15
7516.18855696317  2.275946E-15
7518.95557396476  2.321931E-15
7521.72259096634  2.296674E-15
7524.48960796793  2.262632E-15
7527.25662496951  2.267088E-15
7530.0236419711  2.159921E-15
7532.79065897268  2.123413E-15
7535.55767597427  2.126814E-15
7538.32469297585  2.185065E-15
7541.09170997744  2.185935E-15
7543.85872697902  2.154423E-15
7546.62574398061  2.235616E-15
7549.39276098219  2.217644E-15
7552.15977798377  2.117663E-15
7554.92679498536  2.100870E-15
7557.69381198694  2.114574E-15
7560.46082898853  2.096136E-15
7563.22784599011  1.995742E-15
7565.9948629917  2.019591E-15
7568.76187999328  2.069106E-15
7571.52889699487  2.069186E-15
7574.29591399645  2.129939E-15
7577.06293099804  2.156785E-15
7579.82994799962  2.130615E-15
7582.59696500121  2.099959E-15
7585.36398200279  2.075584E-15
7588.13099900437  2.108192E-15
7590.89801600596  2.204990E-15
7593.66503300754  2.171067E-15
7596.43205000913  2.129702E-15
7599.19906701071  2.126420E-15
7601.9660840123  2.080348E-15
7604.73310101388  2.072351E-15
7607.50011801547  2.054847E-15
7610.26713501705  2.053187E-15
7613.03415201864  1.990652E-15
7615.80116902022  1.975547E-15
7618.56818602181  2.019854E-15
7621.33520302339  1.946308E-15
7624.10222002497  1.956407E-15
7626.86923702656  1.871916E-15
7629.63625402814  2.030356E-15
7632.40327102973  2.027353E-15
7635.17028803131  2.067832E-15
7637.9373050329  1.946940E-15
7640.70432203448  1.990176E-15
7643.47133903607  2.056372E-15
7646.23835603765  2.093794E-15
7649.00537303924  2.079057E-15
7651.77239004082  2.201117E-15
7654.53940704241  2.136298E-15
7657.30642404399  2.073950E-15
7660.07344104557  2.075518E-15
7662.84045804716  1.981608E-15
7665.60747504874  2.020177E-15
7668.37449205033  2.036750E-15
7671.14150905191  2.139850E-15
7673.9085260535  2.235142E-15
7676.67554305508  2.203029E-15
7679.44256005667  2.128806E-15
7682.20957705825  2.020553E-15
7684.97659405984  2.024510E-15
7687.74361106142  2.078872E-15
7690.51062806301  2.231732E-15
7693.27764506459  2.100254E-15
7696.04466206617  2.080364E-15
7698.81167906776  2.087893E-15
7701.57869606934  2.063136E-15
7704.34571307093  1.986056E-15
7707.11273007251  2.067706E-15
7709.8797470741  2.046121E-15
7712.64676407568  2.025440E-15
7715.41378107727  2.119750E-15
7718.18079807885  2.110336E-15
7720.94781508044  2.086447E-15
7723.71483208202  2.045449E-15
7726.48184908361  1.969139E-15
7729.24886608519  1.980266E-15
7732.01588308677  2.088103E-15
7734.78290008836  2.041038E-15
7737.54991708994  2.089793E-15
7740.31693409153  2.121891E-15
7743.08395109311  2.126254E-15
7745.8509680947  2.069597E-15
7748.61798509628  2.006884E-15
7751.38500209787  2.007097E-15
7754.15201909945  1.960224E-15
7756.91903610104  1.991158E-15
7759.68605310262  2.131288E-15
7762.45307010421  2.222187E-15
7765.22008710579  2.193922E-15
7767.98710410737  2.094724E-15
7770.75412110896  2.078733E-15
7773.52113811054  2.158104E-15
7776.28815511213  2.198602E-15
7779.05517211371  2.245079E-15
7781.82218911529  2.256770E-15
7784.58920611688  2.219323E-15
7787.35622311847  2.250471E-15
7790.12324012005  2.111674E-15
7792.89025712163  2.302538E-15
7795.65727412322  2.273909E-15
7798.42429112481  2.195347E-15
7801.19130812639  2.258192E-15
7803.95832512797  2.302200E-15
7806.72534212956  2.204138E-15
7809.49235913114  2.270531E-15
7812.25937613273  2.252129E-15
7815.02639313431  2.255210E-15
7817.79341013589  2.287341E-15
7820.56042713748  2.267184E-15
7823.32744413907  2.253254E-15
7826.09446114065  2.260549E-15
7828.86147814223  2.268606E-15
7831.62849514382  2.345292E-15
7834.39551214541  2.460721E-15
7837.16252914699  2.420048E-15
7839.92954614857  2.343349E-15
7842.69656315016  2.262248E-15
7845.46358015174  2.303379E-15
7848.23059715333  2.513233E-15
7850.99761415491  2.502504E-15
7853.7646311565  2.520585E-15
7856.53164815808  2.445798E-15
7859.29866515967  2.523124E-15
7862.06568216125  2.496979E-15
7864.83269916283  2.452176E-15
7867.59971616442  2.452831E-15
7870.366733166  2.479498E-15
7873.13375016759  2.474356E-15
7875.90076716917  2.426091E-15
7878.66778417076  2.517991E-15
7881.43480117234  2.541394E-15
7884.20181817393  2.440784E-15
7886.96883517551  2.546681E-15
7889.7358521771  2.629372E-15
7892.50286917868  2.619479E-15
7895.26988618026  2.588087E-15
7898.03690318185  2.599376E-15
7900.80392018343  2.606203E-15
7903.57093718502  2.485320E-15
7906.3379541866  2.543392E-15
7909.10497118819  2.602171E-15
7911.87198818977  2.586220E-15
7914.63900519136  2.603445E-15
7917.40602219294  2.557334E-15
7920.17303919453  2.677488E-15
7922.94005619611  2.795163E-15
7925.70707319769  2.758022E-15
7928.47409019928  2.685634E-15
7931.24110720086  2.730700E-15
7934.00812420245  2.752656E-15
7936.77514120403  2.655820E-15
7939.54215820562  2.602583E-15
7942.3091752072  2.574989E-15
7945.07619220879  2.650092E-15
7947.84320921037  2.699247E-15
7950.61022621196  2.601294E-15
7953.37724321354  2.557704E-15
7956.14426021513  2.474940E-15
7958.91127721671  2.556077E-15
7961.67829421829  2.623571E-15
7964.44531121988  2.575607E-15
7967.21232822147  2.666905E-15
7969.97934522305  2.648624E-15
7972.74636222463  2.620220E-15
7975.51337922622  2.676863E-15
7978.2803962278  2.639169E-15
7981.04741322939  2.626353E-15
7983.81443023097  2.605424E-15
7986.58144723256  2.562766E-15
7989.34846423414  2.582587E-15
7992.11548123573  2.526772E-15
7994.88249823731  2.557936E-15
7997.6495152389  2.636888E-15
8000.41653224048  2.574823E-15
8003.18354924206  2.629058E-15
8005.95056624365  2.614477E-15
8008.71758324523  2.546280E-15
8011.48460024682  2.559094E-15
8014.2516172484  2.551499E-15
8017.01863424999  2.416048E-15
8019.78565125157  2.612899E-15
8022.55266825316  2.562664E-15
8025.31968525474  2.561275E-15
8028.08670225633  2.670905E-15
8030.85371925791  2.519477E-15
8033.6207362595  2.445520E-15
8036.38775326108  2.578986E-15
8039.15477026266  2.572222E-15
8041.92178726425  2.519828E-15
8044.68880426583  2.594530E-15
8047.45582126742  2.634076E-15
8050.222838269  2.577768E-15
8052.98985527059  2.484747E-15
8055.75687227217  2.521292E-15
8058.52388927376  2.513719E-15
8061.29090627534  2.548247E-15
8064.05792327693  2.677700E-15
8066.82494027851  2.563592E-15
8069.59195728009  2.539455E-15
8072.35897428168  2.584474E-15
8075.12599128326  2.572083E-15
8077.89300828485  2.508232E-15
8080.66002528643  2.508335E-15
8083.42704228802  2.473214E-15
8086.1940592896  2.440699E-15
8088.96107629119  2.448455E-15
8091.72809329277  2.422514E-15
8094.49511029436  2.420578E-15
8097.26212729594  2.429704E-15
8100.02914429753  2.513449E-15
8102.79616129911  2.458042E-15
8105.5631783007  2.377338E-15
8108.33019530228  2.316753E-15
8111.09721230386  2.268835E-15
8113.86422930545  2.363409E-15
8116.63124630703  2.274822E-15
8119.39826330862  2.285765E-15
8122.1652803102  2.360504E-15
8124.93229731179  2.470131E-15
8127.69931431337  2.407109E-15
8130.46633131496  2.398735E-15
8133.23334831654  2.265270E-15
8136.00036531813  2.196870E-15
8138.76738231971  2.216925E-15
8141.53439932129  2.133034E-15
8144.30141632288  2.247459E-15
8147.06843332446  2.287715E-15
8149.83545032605  2.260681E-15
8152.60246732763  2.379487E-15
8155.36948432922  2.294564E-15
8158.1365013308  2.326110E-15
8160.90351833239  2.270739E-15
8163.67053533397  2.284668E-15
8166.43755233556  2.294319E-15
8169.20456933714  2.341150E-15
8171.97158633872  2.268495E-15
8174.73860334031  2.154903E-15
8177.50562034189  2.145890E-15
8180.27263734348  2.251195E-15
8183.03965434506  2.317272E-15
8185.80667134665  2.331867E-15
8188.57368834823  2.266237E-15
8191.34070534982  2.288825E-15
8194.1077223514  2.272937E-15
8196.87473935299  2.172988E-15
8199.64175635457  2.376989E-15
8202.40877335616  2.261348E-15
8205.17579035774  2.190856E-15
8207.94280735933  2.251988E-15
8210.70982436091  2.295286E-15
8213.4768413625  2.374907E-15
8216.24385836408  2.332013E-15
8219.01087536566  2.306754E-15
8221.77789236725  2.302144E-15
8224.54490936883  2.170794E-15
8227.31192637042  2.297359E-15
8230.078943372  2.342582E-15
8232.84596037359  2.331090E-15
8235.61297737517  2.329315E-15
8238.37999437676  2.179647E-15
8241.14701137834  2.096716E-15
8243.91402837992  2.099798E-15
8246.68104538151  2.160923E-15
8249.44806238309  2.196563E-15
8252.21507938468  2.083620E-15
8254.98209638626  2.206398E-15
8257.74911338785  2.225127E-15
8260.51613038943  2.042933E-15
8263.28314739102  2.008532E-15
8266.0501643926  2.012357E-15
8268.81718139419  2.022907E-15
8271.58419839577  1.954323E-15
8274.35121539736  1.920657E-15
8277.11823239894  1.905258E-15
8279.88524940053  1.947671E-15
8282.65226640211  1.913554E-15
8285.41928340369  1.875390E-15
8288.18630040528  1.960344E-15
8290.95331740686  1.895338E-15
8293.72033440845  1.834847E-15
8296.48735141003  2.005402E-15
8299.25436841162  1.990726E-15
8302.0213854132  1.903355E-15
8304.78840241479  1.895484E-15
8307.55541941637  1.887641E-15
8310.32243641796  1.807251E-15
8313.08945341954  1.828304E-15
8315.85647042112  1.847745E-15
8318.62348742271  1.725876E-15
8321.39050442429  1.783817E-15
8324.15752142588  1.743244E-15
8326.92453842746  1.729307E-15
8329.69155542905  1.633791E-15
8332.45857243063  1.582903E-15
8335.22558943222  1.661296E-15
8337.9926064338  1.679508E-15
8340.75962343539  1.784457E-15
8343.52664043697  1.837722E-15
8346.29365743855  1.755425E-15
8349.06067444014  1.839203E-15
8351.82769144172  1.829451E-15
8354.59470844331  1.824374E-15
8357.36172544489  1.854427E-15
8360.12874244648  1.838832E-15
8362.89575944806  1.862330E-15
8365.66277644965  1.876740E-15
8368.42979345123  1.930002E-15
8371.19681045282  1.952796E-15
8373.9638274544  1.802740E-15
8376.73084445599  1.909162E-15
8379.49786145757  1.921809E-15
8382.26487845916  1.856478E-15
8385.03189546074  1.856253E-15
8387.79891246232  1.831259E-15
8390.56592946391  1.933132E-15
8393.33294646549  1.949371E-15
8396.09996346708  1.866949E-15
8398.86698046866  1.953257E-15
8401.63399747025  1.945157E-15
8404.40101447183  1.945658E-15
8407.16803147341  2.064651E-15
8409.935048475  1.962334E-15
8412.70206547659  1.909388E-15
8415.46908247817  2.025976E-15
8418.23609947975  1.933251E-15
8421.00311648134  1.984657E-15
8423.77013348292  2.098737E-15
8426.53715048451  2.012236E-15
8429.30416748609  1.945358E-15
8432.07118448768  2.002921E-15
8434.83820148926  2.015831E-15
8437.60521849085  2.009217E-15
8440.37223549243  2.004620E-15
8443.13925249402  1.962043E-15
8445.9062694956  2.041299E-15
8448.67328649719  2.097333E-15
8451.44030349877  2.046199E-15
8454.20732050036  2.022464E-15
8456.97433750194  2.017847E-15
8459.74135450352  2.008462E-15
8462.50837150511  2.052031E-15
8465.27538850669  2.048102E-15
8468.04240550828  2.116817E-15
8470.80942250986  2.128167E-15
8473.57643951145  2.088373E-15
8476.34345651303  2.115527E-15
8479.11047351461  2.246176E-15
8481.8774905162  2.254514E-15
8484.64450751779  2.182673E-15
8487.41152451937  2.201055E-15
8490.17854152095  2.179070E-15
8492.94555852254  2.283288E-15
8495.71257552412  2.336608E-15
8498.47959252571  2.243695E-15
8501.24660952729  2.390069E-15
8504.01362652888  2.418723E-15
8506.78064353046  2.328796E-15
8509.54766053205  2.371099E-15
8512.31467753363  2.348504E-15
8515.08169453522  2.370228E-15
8517.8487115368  2.479819E-15
8520.61572853838  2.528607E-15
8523.38274553997  2.372708E-15
8526.14976254155  2.402486E-15
8528.91677954314  2.459869E-15
8531.68379654472  2.300647E-15
8534.45081354631  2.303998E-15
8537.21783054789  2.452521E-15
8539.98484754948  2.558350E-15
8542.75186455106  2.485783E-15
8545.51888155265  2.506682E-15
8548.28589855423  2.638944E-15
8551.05291555581  2.574212E-15
8553.8199325574  2.496789E-15
8556.58694955899  2.469166E-15
8559.35396656057  2.496276E-15
8562.12098356215  2.449014E-15
8564.88800056374  2.427617E-15
8567.65501756532  2.499868E-15
8570.42203456691  2.484261E-15
8573.18905156849  2.519085E-15
8575.95606857008  2.538171E-15
8578.72308557166  2.429547E-15
8581.49010257325  2.551503E-15
8584.25711957483  2.698387E-15
8587.02413657642  2.608961E-15
8589.791153578  2.633569E-15
8592.55817057958  2.444122E-15
8595.32518758117  2.561105E-15
8598.09220458275  2.503713E-15
8600.85922158434  2.407929E-15
8603.62623858592  2.634848E-15
8606.39325558751  2.579709E-15
8609.16027258909  2.529431E-15
8611.92728959068  2.534950E-15
8614.69430659226  2.533606E-15
8617.46132359385  2.475683E-15
8620.22834059543  2.492573E-15
8622.99535759701  2.522340E-15
8625.7623745986  2.471220E-15
8628.52939160019  2.432941E-15
8631.29640860177  2.433475E-15
8634.06342560335  2.507169E-15
8636.83044260494  2.453482E-15
8639.59745960652  2.483917E-15
8642.36447660811  2.525033E-15
8645.13149360969  2.518919E-15
8647.89851061128  2.507506E-15
8650.66552761286  2.448347E-15
8653.43254461445  2.438512E-15
8656.19956161603  2.438947E-15
8658.96657861762  2.454601E-15
8661.7335956192  2.445757E-15
8664.50061262078  2.505331E-15
8667.26762962237  2.542843E-15
8670.03464662395  2.502560E-15
8672.80166362554  2.440563E-15
8675.56868062712  2.467544E-15
8678.33569762871  2.541260E-15
8681.10271463029  2.405374E-15
8683.86973163188  2.397626E-15
8686.63674863346  2.367651E-15
8689.40376563505  2.485309E-15
8692.17078263663  2.496045E-15
8694.93779963821  2.374341E-15
8697.7048166398  2.509709E-15
8700.47183364138  2.568833E-15
8703.23885064297  2.455580E-15
8706.00586764455  2.459793E-15
8708.77288464614  2.492062E-15
8711.53990164772  2.453283E-15
8714.30691864931  2.494810E-15
8717.07393565089  2.449796E-15
8719.84095265248  2.341812E-15
8722.60796965406  2.422343E-15
8725.37498665565  2.499081E-15
8728.14200365723  2.549870E-15
8730.90902065882  2.520362E-15
8733.6760376604  2.468912E-15
8736.44305466199  2.567784E-15
8739.21007166357  2.504974E-15
8741.97708866515  2.492439E-15
8744.74410566674  2.481080E-15
8747.51112266832  2.415155E-15
8750.27813966991  2.506253E-15
8753.04515667149  2.528922E-15
8755.81217367308  2.571030E-15
8758.57919067466  2.495798E-15
8761.34620767624  2.443027E-15
8764.11322467783  2.415892E-15
8766.88024167942  2.422883E-15
8769.647258681  2.577351E-15
8772.41427568258  2.379251E-15
8775.18129268417  2.406890E-15
8777.94830968575  2.620432E-15
8780.71532668734  2.490916E-15
8783.48234368892  2.476377E-15
8786.24936069051  2.583384E-15
8789.01637769209  2.555078E-15
8791.78339469368  2.491257E-15
8794.55041169526  2.441346E-15
8797.31742869685  2.356771E-15
8800.08444569843  2.326773E-15
8802.85146270002  2.418325E-15
8805.6184797016  2.422939E-15
8808.38549670319  2.264923E-15
8811.15251370477  2.290224E-15
8813.91953070635  2.436740E-15
8816.68654770794  2.392153E-15
8819.45356470952  2.457389E-15
8822.22058171111  2.557450E-15
8824.98759871269  2.497921E-15
8827.75461571428  2.480888E-15
8830.52163271586  2.440309E-15
8833.28864971744  2.540618E-15
8836.05566671903  2.505543E-15
8838.82268372062  2.374466E-15
8841.5897007222  2.299274E-15
8844.35671772378  2.326933E-15
8847.12373472537  2.405189E-15
8849.89075172695  2.397251E-15
8852.65776872854  2.345874E-15
8855.42478573012  2.355498E-15
8858.19180273171  2.332615E-15
8860.95881973329  2.326577E-15
8863.72583673488  2.366057E-15
8866.49285373646  2.267463E-15
8869.25987073805  2.263939E-15
8872.02688773963  2.211767E-15
8874.79390474121  2.214522E-15
8877.5609217428  2.189703E-15
8880.32793874438  2.350651E-15
8883.09495574597  2.280426E-15
8885.86197274755  2.262871E-15
8888.62898974914  2.310526E-15
8891.39600675072  2.306464E-15
8894.16302375231  2.323623E-15
8896.93004075389  2.279492E-15
8899.69705775548  2.270081E-15
8902.46407475706  2.297098E-15
8905.23109175864  2.280503E-15
8907.99810876023  2.323736E-15
8910.76512576182  2.266219E-15
8913.5321427634  2.288739E-15
8916.29915976498  2.322322E-15
8919.06617676657  2.280593E-15
