4260.00	2.01748e-17
4261.00	4.13469e-17
4262.00	4.93068e-17
4263.00	4.54057e-17
4264.00	1.66646e-17
4265.00	3.6053e-17
4266.00	2.89136e-17
4267.00	3.05885e-17
4268.00	5.21871e-17
4269.00	3.31817e-17
4270.00	1.9774e-17
4271.00	3.54069e-17
4272.00	3.69149e-17
4273.00	3.01921e-17
4274.00	3.79258e-17
4275.00	2.18176e-17
4276.00	3.31681e-17
4277.00	2.3543e-17
4278.00	1.80067e-17
4279.00	3.30523e-17
4280.00	2.94728e-17
4281.00	2.20808e-17
4282.00	2.8519e-17
4283.00	4.62282e-17
4284.00	5.00062e-17
4285.00	4.67881e-17
4286.00	3.74408e-17
4287.00	2.76964e-17
4288.00	3.22226e-17
4289.00	3.79832e-17
4290.00	5.69572e-17
4291.00	3.52529e-17
4292.00	2.19592e-17
4293.00	1.96391e-17
4294.00	3.97657e-17
4295.00	4.07073e-17
4296.00	4.55056e-17
4297.00	3.11701e-17
4298.00	3.18768e-17
4299.00	3.17454e-17
4300.00	2.34903e-17
4301.00	4.39667e-17
4302.00	4.25124e-17
4303.00	2.97959e-17
4304.00	3.72451e-17
4305.00	5.37736e-17
4306.00	5.16688e-17
4307.00	4.65253e-17
4308.00	5.13791e-17
4309.00	4.54898e-17
4310.00	5.12443e-17
4311.00	4.02899e-17
4312.00	3.82613e-17
4313.00	2.17056e-17
4314.00	3.89148e-17
4315.00	4.38363e-17
4316.00	3.13749e-17
4317.00	2.52045e-17
4318.00	4.02768e-17
4319.00	4.29312e-17
4320.00	2.81161e-17
4321.00	2.19067e-17
4322.00	2.51861e-17
4323.00	2.99435e-17
4324.00	3.44623e-17
4325.00	3.16686e-17
4326.00	2.10486e-17
4327.00	2.21184e-17
4328.00	2.811e-17
4329.00	3.96922e-17
4330.00	4.0122e-17
4331.00	3.13321e-17
4332.00	1.75154e-17
4333.00	3.27473e-17
4334.00	3.18989e-17
4335.00	4.66466e-17
4336.00	5.16711e-17
4337.00	2.65785e-17
4338.00	3.61547e-17
4339.00	5.46965e-17
4340.00	4.3297e-17
4341.00	4.10836e-17
4342.00	3.81692e-17
4343.00	4.49905e-17
4344.00	5.90191e-17
4345.00	4.3476e-17
4346.00	4.19419e-17
4347.00	4.82402e-17
4348.00	3.96346e-17
4349.00	4.19677e-17
4350.00	2.57216e-17
4351.00	3.8004e-17
4352.00	4.3896e-17
4353.00	3.52975e-17
4354.00	2.82678e-17
4355.00	1.18742e-17
4356.00	2.71416e-17
4357.00	3.70584e-17
4358.00	3.13157e-17
4359.00	2.70296e-17
4360.00	2.72061e-17
4361.00	7.39037e-18
4362.00	3.07134e-17
4363.00	7.3351e-18
4364.00	1.16113e-18
4365.00	1.8349e-17
4366.00	2.41125e-17
4367.00	3.69341e-17
4368.00	3.33824e-17
4369.00	3.62268e-17
4370.00	3.33819e-17
4371.00	3.38616e-17
4372.00	2.52348e-17
4373.00	4.00912e-17
4374.00	3.83994e-17
4375.00	4.33989e-17
4376.00	4.72389e-17
4377.00	3.99967e-17
4378.00	5.19123e-17
4379.00	3.835e-17
4380.00	3.79681e-17
4381.00	4.55922e-17
4382.00	3.41433e-17
4383.00	2.79273e-17
4384.00	2.67528e-17
4385.00	3.71958e-17
4386.00	4.09533e-17
4387.00	4.23647e-17
4388.00	4.26056e-17
4389.00	4.43631e-17
4390.00	3.39932e-17
4391.00	2.48817e-17
4392.00	4.57996e-17
4393.00	5.14928e-17
4394.00	3.38653e-17
4395.00	3.28803e-17
4396.00	4.44457e-17
4397.00	4.24562e-17
4398.00	3.44365e-17
4399.00	3.33962e-17
4400.00	3.78155e-17
4401.00	4.3696e-17
4402.00	5.00228e-17
4403.00	3.45693e-17
4404.00	2.64404e-17
4405.00	3.90262e-17
4406.00	4.77321e-17
4407.00	5.73193e-17
4408.00	4.5183e-17
4409.00	4.23923e-17
4410.00	4.8438e-17
4411.00	4.4679e-17
4412.00	4.39577e-17
4413.00	4.09285e-17
4414.00	3.89198e-17
4415.00	3.76728e-17
4416.00	4.38743e-17
4417.00	4.87649e-17
4418.00	4.49898e-17
4419.00	4.91019e-17
4420.00	5.00001e-17
4421.00	5.11717e-17
4422.00	4.95036e-17
4423.00	5.2416e-17
4424.00	4.7525e-17
4425.00	4.81285e-17
4426.00	3.21956e-17
4427.00	4.38403e-17
4428.00	4.90798e-17
4429.00	5.50115e-17
4430.00	3.83377e-17
4431.00	3.25988e-17
4432.00	3.7595e-17
4433.00	5.05811e-17
4434.00	4.44712e-17
4435.00	4.04678e-17
4436.00	5.19824e-17
4437.00	4.32214e-17
4438.00	4.86201e-17
4439.00	6.20672e-17
4440.00	4.05752e-17
4441.00	4.87657e-17
4442.00	5.17202e-17
4443.00	6.47198e-17
4444.00	5.49357e-17
4445.00	6.36621e-17
4446.00	5.78286e-17
4447.00	4.22117e-17
4448.00	3.12518e-17
4449.00	4.02007e-17
4450.00	4.62582e-17
4451.00	4.66976e-17
4452.00	6.2572e-17
4453.00	6.14365e-17
4454.00	5.34982e-17
4455.00	4.48652e-17
4456.00	6.01385e-17
4457.00	5.40425e-17
4458.00	3.66702e-17
4459.00	4.09919e-17
4460.00	4.75116e-17
4461.00	5.28388e-17
4462.00	5.0862e-17
4463.00	5.58604e-17
4464.00	5.94471e-17
4465.00	4.40549e-17
4466.00	4.69265e-17
4467.00	5.99192e-17
4468.00	4.45262e-17
4469.00	4.96255e-17
4470.00	3.86574e-17
4471.00	6.44803e-17
4472.00	5.8581e-17
4473.00	7.85156e-17
4474.00	5.92139e-17
4475.00	4.19998e-17
4476.00	3.95482e-17
4477.00	4.24778e-17
4478.00	5.54413e-17
4479.00	4.5654e-17
4480.00	5.15083e-17
4481.00	3.08029e-17
4482.00	4.32758e-17
4483.00	3.80694e-17
4484.00	4.84094e-17
4485.00	5.08905e-17
4486.00	5.44427e-17
4487.00	6.52772e-17
4488.00	3.28588e-17
4489.00	3.25082e-17
4490.00	5.11369e-17
4491.00	5.83809e-17
4492.00	5.34357e-17
4493.00	5.38973e-17
4494.00	4.34108e-17
4495.00	4.35481e-17
4496.00	4.35122e-17
4497.00	5.24272e-17
4498.00	4.7356e-17
4499.00	5.65461e-17
4500.00	5.26865e-17
4501.00	5.42055e-17
4502.00	4.16088e-17
4503.00	3.00579e-17
4504.00	3.00587e-17
4505.00	4.65051e-17
4506.00	4.04288e-17
4507.00	2.85243e-17
4508.00	1.9861e-17
4509.00	2.57276e-17
4510.00	4.20546e-17
4511.00	2.79709e-17
4512.00	4.05406e-17
4513.00	4.91567e-17
4514.00	3.91083e-17
4515.00	4.63167e-17
4516.00	4.01575e-17
4517.00	3.35729e-17
4518.00	4.46812e-17
4519.00	6.77981e-17
4520.00	4.94644e-17
4521.00	4.4727e-17
4522.00	4.67341e-17
4523.00	4.56448e-17
4524.00	5.12616e-17
4525.00	5.24773e-17
4526.00	5.97882e-17
4527.00	5.06534e-17
4528.00	3.4709e-17
4529.00	5.35608e-17
4530.00	4.52442e-17
4531.00	3.66163e-17
4532.00	3.37625e-17
4533.00	4.40268e-17
4534.00	6.09983e-17
4535.00	4.11258e-17
4536.00	3.64001e-17
4537.00	3.96605e-17
4538.00	4.9893e-17
4539.00	5.84689e-17
4540.00	3.89454e-17
4541.00	5.09396e-17
4542.00	4.70496e-17
4543.00	4.80744e-17
4544.00	4.42877e-17
4545.00	5.03888e-17
4546.00	3.87509e-17
4547.00	4.14589e-17
4548.00	5.17632e-17
4549.00	5.5025e-17
4550.00	5.20708e-17
4551.00	4.33922e-17
4552.00	4.5969e-17
4553.00	4.40451e-17
4554.00	4.54698e-17
4555.00	4.54977e-17
4556.00	4.73482e-17
4557.00	5.06459e-17
4558.00	4.93049e-17
4559.00	4.27747e-17
4560.00	4.68721e-17
4561.00	4.32495e-17
4562.00	4.85073e-17
4563.00	4.48893e-17
4564.00	4.17544e-17
4565.00	4.07628e-17
4566.00	4.20162e-17
4567.00	4.34692e-17
4568.00	4.22703e-17
4569.00	5.15629e-17
4570.00	4.01111e-17
4571.00	4.57189e-17
4572.00	4.71791e-17
4573.00	4.6733e-17
4574.00	4.23005e-17
4575.00	4.16525e-17
4576.00	5.16856e-17
4577.00	5.60934e-17
4578.00	4.23987e-17
4579.00	3.90232e-17
4580.00	4.37569e-17
4581.00	5.49083e-17
4582.00	4.44012e-17
4583.00	3.96566e-17
4584.00	4.94033e-17
4585.00	5.73463e-17
4586.00	5.50154e-17
4587.00	5.11538e-17
4588.00	5.17562e-17
4589.00	5.52951e-17
4590.00	4.83478e-17
4591.00	4.223e-17
4592.00	4.21604e-17
4593.00	4.98881e-17
4594.00	3.72132e-17
4595.00	3.34424e-17
4596.00	3.15799e-17
4597.00	3.75505e-17
4598.00	5.19017e-17
4599.00	4.92628e-17
4600.00	4.48465e-17
4601.00	4.14866e-17
4602.00	4.48609e-17
4603.00	4.54874e-17
4604.00	4.09211e-17
4605.00	5.37291e-17
4606.00	5.6183e-17
4607.00	5.49191e-17
4608.00	6.05624e-17
4609.00	5.92519e-17
4610.00	4.73333e-17
4611.00	5.4815e-17
4612.00	4.62268e-17
4613.00	4.60801e-17
4614.00	4.60235e-17
4615.00	4.74318e-17
4616.00	4.90836e-17
4617.00	4.79761e-17
4618.00	5.25578e-17
4619.00	4.7113e-17
4620.00	5.31359e-17
4621.00	6.07617e-17
4622.00	4.96998e-17
4623.00	5.60095e-17
4624.00	5.02843e-17
4625.00	4.80092e-17
4626.00	4.7262e-17
4627.00	4.62959e-17
4628.00	4.7349e-17
4629.00	4.89067e-17
4630.00	4.80489e-17
4631.00	5.22029e-17
4632.00	5.77532e-17
4633.00	5.08276e-17
4634.00	5.70881e-17
4635.00	4.83677e-17
4636.00	5.67048e-17
4637.00	5.12745e-17
4638.00	5.98958e-17
4639.00	5.48889e-17
4640.00	4.94431e-17
4641.00	4.73978e-17
4642.00	4.7955e-17
4643.00	4.86903e-17
4644.00	4.50633e-17
4645.00	5.2592e-17
4646.00	3.96967e-17
4647.00	4.39631e-17
4648.00	4.89001e-17
4649.00	4.61654e-17
4650.00	5.03899e-17
4651.00	5.0479e-17
4652.00	6.18596e-17
4653.00	5.87855e-17
4654.00	6.03451e-17
4655.00	5.13521e-17
4656.00	4.96519e-17
4657.00	6.10583e-17
4658.00	5.04622e-17
4659.00	4.98028e-17
4660.00	5.3432e-17
4661.00	5.19607e-17
4662.00	5.96627e-17
4663.00	6.1892e-17
4664.00	4.92677e-17
4665.00	4.35601e-17
4666.00	5.6214e-17
4667.00	4.66545e-17
4668.00	5.57747e-17
4669.00	4.55988e-17
4670.00	3.26519e-17
4671.00	4.19814e-17
4672.00	4.58869e-17
4673.00	4.82382e-17
4674.00	5.00755e-17
4675.00	4.66877e-17
4676.00	4.32327e-17
4677.00	4.38414e-17
4678.00	4.89846e-17
4679.00	5.23922e-17
4680.00	5.01215e-17
4681.00	4.67597e-17
4682.00	3.89586e-17
4683.00	5.22157e-17
4684.00	4.85979e-17
4685.00	3.79148e-17
4686.00	4.13128e-17
4687.00	4.90208e-17
4688.00	4.94563e-17
4689.00	4.88731e-17
4690.00	4.91795e-17
4691.00	4.52305e-17
4692.00	4.43177e-17
4693.00	5.72995e-17
4694.00	5.23129e-17
4695.00	4.33369e-17
4696.00	3.93328e-17
4697.00	4.37451e-17
4698.00	3.62204e-17
4699.00	4.87708e-17
4700.00	4.87172e-17
4701.00	4.67227e-17
4702.00	4.98003e-17
4703.00	5.09852e-17
4704.00	5.1331e-17
4705.00	4.88591e-17
4706.00	3.72975e-17
4707.00	3.45569e-17
4708.00	4.45377e-17
4709.00	5.02926e-17
4710.00	4.73149e-17
4711.00	4.3486e-17
4712.00	4.43752e-17
4713.00	4.15594e-17
4714.00	3.21004e-17
4715.00	3.86285e-17
4716.00	4.33974e-17
4717.00	3.85994e-17
4718.00	5.58975e-17
4719.00	4.88478e-17
4720.00	4.31645e-17
4721.00	4.68491e-17
4722.00	4.11285e-17
4723.00	5.18623e-17
4724.00	4.49414e-17
4725.00	4.52173e-17
4726.00	3.87429e-17
4727.00	3.64483e-17
4728.00	4.26627e-17
4729.00	4.3981e-17
4730.00	4.65497e-17
4731.00	3.85073e-17
4732.00	4.19243e-17
4733.00	4.41217e-17
4734.00	4.47815e-17
4735.00	4.38009e-17
4736.00	3.27842e-17
4737.00	3.41727e-17
4738.00	4.23869e-17
4739.00	4.69047e-17
4740.00	4.16447e-17
4741.00	5.01129e-17
4742.00	4.22899e-17
4743.00	5.0847e-17
4744.00	4.38261e-17
4745.00	5.25609e-17
4746.00	4.04471e-17
4747.00	4.86832e-17
4748.00	5.43621e-17
4749.00	4.30705e-17
4750.00	3.98399e-17
4751.00	4.3149e-17
4752.00	4.71182e-17
4753.00	3.75474e-17
4754.00	3.87857e-17
4755.00	4.32173e-17
4756.00	4.71358e-17
4757.00	3.95389e-17
4758.00	4.45943e-17
4759.00	5.28915e-17
4760.00	4.52918e-17
4761.00	4.79412e-17
4762.00	4.95448e-17
4763.00	4.39974e-17
4764.00	4.45196e-17
4765.00	4.5542e-17
4766.00	3.98947e-17
4767.00	3.30257e-17
4768.00	4.04313e-17
4769.00	4.74985e-17
4770.00	3.6918e-17
4771.00	3.42621e-17
4772.00	3.16677e-17
4773.00	3.41353e-17
4774.00	3.54013e-17
4775.00	3.6274e-17
4776.00	5.13847e-17
4777.00	5.06063e-17
4778.00	4.21847e-17
4779.00	4.77993e-17
4780.00	5.12141e-17
4781.00	4.82258e-17
4782.00	4.31355e-17
4783.00	3.84691e-17
4784.00	3.82565e-17
4785.00	5.51998e-17
4786.00	4.9815e-17
4787.00	4.35275e-17
4788.00	5.31144e-17
4789.00	5.5027e-17
4790.00	4.91062e-17
4791.00	4.71447e-17
4792.00	5.45718e-17
4793.00	4.97808e-17
4794.00	4.87351e-17
4795.00	4.73302e-17
4796.00	5.82836e-17
4797.00	4.95723e-17
4798.00	5.03296e-17
4799.00	6.09042e-17
4800.00	5.33115e-17
4801.00	4.94068e-17
4802.00	5.37851e-17
4803.00	5.5824e-17
4804.00	4.50956e-17
4805.00	4.667e-17
4806.00	5.13774e-17
4807.00	5.1855e-17
4808.00	5.00501e-17
4809.00	4.77219e-17
4810.00	5.5728e-17
4811.00	4.82218e-17
4812.00	5.62741e-17
4813.00	5.44964e-17
4814.00	4.85513e-17
4815.00	4.64834e-17
4816.00	4.6721e-17
4817.00	4.31987e-17
4818.00	4.06537e-17
4819.00	4.54684e-17
4820.00	4.82286e-17
4821.00	4.09177e-17
4822.00	4.50863e-17
4823.00	5.03579e-17
4824.00	4.83913e-17
4825.00	4.44358e-17
4826.00	5.20703e-17
4827.00	5.01501e-17
4828.00	5.19621e-17
4829.00	4.27373e-17
4830.00	4.927e-17
4831.00	4.18757e-17
4832.00	4.58495e-17
4833.00	4.16345e-17
4834.00	5.28716e-17
4835.00	4.55941e-17
4836.00	5.25783e-17
4837.00	3.93571e-17
4838.00	4.43424e-17
4839.00	4.65942e-17
4840.00	4.26211e-17
4841.00	4.08521e-17
4842.00	4.64031e-17
4843.00	5.19379e-17
4844.00	4.57161e-17
4845.00	4.66232e-17
4846.00	4.52776e-17
4847.00	5.25506e-17
4848.00	5.24845e-17
4849.00	4.95816e-17
4850.00	5.56491e-17
4851.00	4.92985e-17
4852.00	5.41964e-17
4853.00	4.35007e-17
4854.00	4.43899e-17
4855.00	4.57909e-17
4856.00	4.55407e-17
4857.00	4.68926e-17
4858.00	5.7261e-17
4859.00	4.99529e-17
4860.00	4.84442e-17
4861.00	5.53895e-17
4862.00	5.33902e-17
4863.00	5.30589e-17
4864.00	5.33201e-17
4865.00	5.45174e-17
4866.00	5.34313e-17
4867.00	5.46064e-17
4868.00	5.66471e-17
4869.00	5.42166e-17
4870.00	5.43501e-17
4871.00	5.37636e-17
4872.00	4.47161e-17
4873.00	4.60757e-17
4874.00	5.80016e-17
4875.00	5.45934e-17
4876.00	5.3097e-17
4877.00	5.09973e-17
4878.00	4.89601e-17
4879.00	5.662e-17
4880.00	5.30023e-17
4881.00	5.78685e-17
4882.00	5.43264e-17
4883.00	5.15241e-17
4884.00	4.61077e-17
4885.00	5.24107e-17
4886.00	5.57791e-17
4887.00	4.97928e-17
4888.00	5.46896e-17
4889.00	5.28927e-17
4890.00	4.92036e-17
4891.00	5.46993e-17
4892.00	4.70627e-17
4893.00	4.84374e-17
4894.00	5.30664e-17
4895.00	4.63913e-17
4896.00	5.26273e-17
4897.00	5.39053e-17
4898.00	4.91768e-17
4899.00	4.18965e-17
4900.00	5.06833e-17
4901.00	5.69459e-17
4902.00	4.55149e-17
4903.00	4.37831e-17
4904.00	5.01469e-17
4905.00	4.90608e-17
4906.00	4.91701e-17
4907.00	5.40371e-17
4908.00	4.54414e-17
4909.00	5.32886e-17
4910.00	4.35135e-17
4911.00	4.77464e-17
4912.00	5.00608e-17
4913.00	4.42947e-17
4914.00	5.25528e-17
4915.00	4.91308e-17
4916.00	5.42566e-17
4917.00	5.73087e-17
4918.00	5.37051e-17
4919.00	4.84523e-17
4920.00	5.68348e-17
4921.00	5.91115e-17
4922.00	4.98748e-17
4923.00	5.00198e-17
4924.00	4.90708e-17
4925.00	4.94274e-17
4926.00	4.48174e-17
4927.00	4.23766e-17
4928.00	4.73464e-17
4929.00	4.96691e-17
4930.00	5.1782e-17
4931.00	6.15524e-17
4932.00	5.66652e-17
4933.00	5.17513e-17
4934.00	5.01611e-17
4935.00	4.85676e-17
4936.00	5.51442e-17
4937.00	5.35206e-17
4938.00	4.61707e-17
4939.00	5.37586e-17
4940.00	5.23514e-17
4941.00	5.593e-17
4942.00	5.18094e-17
4943.00	4.42926e-17
4944.00	5.7615e-17
4945.00	5.19884e-17
4946.00	5.51435e-17
4947.00	5.6622e-17
4948.00	5.94839e-17
4949.00	5.39849e-17
4950.00	5.61305e-17
4951.00	5.57396e-17
4952.00	6.19946e-17
4953.00	6.1572e-17
4954.00	5.63055e-17
4955.00	4.90852e-17
4956.00	6.14893e-17
4957.00	5.49795e-17
4958.00	5.88689e-17
4959.00	5.005e-17
4960.00	5.60379e-17
4961.00	5.86225e-17
4962.00	5.2849e-17
4963.00	5.2936e-17
4964.00	5.85615e-17
4965.00	6.11841e-17
4966.00	5.75469e-17
4967.00	5.35022e-17
4968.00	5.64819e-17
4969.00	5.30819e-17
4970.00	5.43941e-17
4971.00	5.32195e-17
4972.00	5.03878e-17
4973.00	5.44044e-17
4974.00	5.43579e-17
4975.00	4.47429e-17
4976.00	5.26084e-17
4977.00	5.20488e-17
4978.00	5.47809e-17
4979.00	5.39135e-17
4980.00	4.97796e-17
4981.00	4.9155e-17
4982.00	4.31416e-17
4983.00	5.06309e-17
4984.00	5.4863e-17
4985.00	5.06933e-17
4986.00	5.37561e-17
4987.00	5.37506e-17
4988.00	5.39531e-17
4989.00	5.30179e-17
4990.00	5.66889e-17
4991.00	5.55587e-17
4992.00	5.71099e-17
4993.00	5.66769e-17
4994.00	6.24552e-17
4995.00	6.51927e-17
4996.00	6.07284e-17
4997.00	5.47221e-17
4998.00	5.56271e-17
4999.00	5.71626e-17
5000.00	5.5378e-17
5001.00	5.02982e-17
5002.00	5.60394e-17
5003.00	6.22884e-17
5004.00	5.46083e-17
5005.00	5.59614e-17
5006.00	5.38685e-17
5007.00	5.3041e-17
5008.00	5.88217e-17
5009.00	5.57033e-17
5010.00	5.88911e-17
5011.00	5.21647e-17
5012.00	5.87211e-17
5013.00	6.44304e-17
5014.00	6.0606e-17
5015.00	5.80591e-17
5016.00	6.16352e-17
5017.00	5.39438e-17
5018.00	5.24739e-17
5019.00	5.29706e-17
5020.00	5.77764e-17
5021.00	5.74131e-17
5022.00	5.39585e-17
5023.00	5.82851e-17
5024.00	5.73622e-17
5025.00	5.76979e-17
5026.00	5.57346e-17
5027.00	5.29735e-17
5028.00	6.17196e-17
5029.00	5.23796e-17
5030.00	5.22767e-17
5031.00	5.57241e-17
5032.00	5.43369e-17
5033.00	6.08213e-17
5034.00	6.03918e-17
5035.00	5.9658e-17
5036.00	5.82087e-17
5037.00	5.03198e-17
5038.00	4.95877e-17
5039.00	5.41735e-17
5040.00	5.68599e-17
5041.00	5.90152e-17
5042.00	5.89694e-17
5043.00	5.54651e-17
5044.00	5.43861e-17
5045.00	5.51667e-17
5046.00	5.39199e-17
5047.00	6.21503e-17
5048.00	5.9899e-17
5049.00	5.5551e-17
5050.00	5.01077e-17
5051.00	4.88611e-17
5052.00	5.52679e-17
5053.00	5.34838e-17
5054.00	5.64387e-17
5055.00	5.72787e-17
5056.00	6.02302e-17
5057.00	5.53416e-17
5058.00	5.25833e-17
5059.00	5.86344e-17
5060.00	5.94237e-17
5061.00	5.86718e-17
5062.00	6.01989e-17
5063.00	6.07706e-17
5064.00	5.5927e-17
5065.00	5.71169e-17
5066.00	4.97889e-17
5067.00	6.13066e-17
5068.00	5.84271e-17
5069.00	6.13054e-17
5070.00	5.4161e-17
5071.00	5.77067e-17
5072.00	5.47813e-17
5073.00	5.79343e-17
5074.00	5.76518e-17
5075.00	5.49784e-17
5076.00	5.74607e-17
5077.00	5.51126e-17
5078.00	5.70134e-17
5079.00	6.10604e-17
5080.00	6.08074e-17
5081.00	5.79072e-17
5082.00	6.2861e-17
5083.00	6.03928e-17
5084.00	6.54066e-17
5085.00	5.91681e-17
5086.00	5.5444e-17
5087.00	5.8318e-17
5088.00	6.13399e-17
5089.00	6.6733e-17
5090.00	6.80347e-17
5091.00	5.80505e-17
5092.00	5.69159e-17
5093.00	5.29357e-17
5094.00	5.2423e-17
5095.00	5.40696e-17
5096.00	5.72979e-17
5097.00	5.8115e-17
5098.00	6.47922e-17
5099.00	5.90444e-17
5100.00	5.98897e-17
5101.00	5.61189e-17
5102.00	5.98176e-17
5103.00	6.50844e-17
5104.00	6.38188e-17
5105.00	5.42477e-17
5106.00	5.86393e-17
5107.00	5.86699e-17
5108.00	5.85939e-17
5109.00	5.53617e-17
5110.00	4.53747e-17
5111.00	5.33428e-17
5112.00	5.7682e-17
5113.00	6.09652e-17
5114.00	6.15992e-17
5115.00	5.47668e-17
5116.00	5.43071e-17
5117.00	5.85089e-17
5118.00	5.91809e-17
5119.00	5.728e-17
5120.00	6.41608e-17
5121.00	5.9434e-17
5122.00	6.29515e-17
5123.00	6.5309e-17
5124.00	5.983e-17
5125.00	5.64583e-17
5126.00	5.38392e-17
5127.00	6.22416e-17
5128.00	5.46642e-17
5129.00	5.73619e-17
5130.00	5.63658e-17
5131.00	5.35646e-17
5132.00	5.25753e-17
5133.00	5.85409e-17
5134.00	5.50235e-17
5135.00	5.69705e-17
5136.00	5.75138e-17
5137.00	5.90533e-17
5138.00	6.02197e-17
5139.00	5.31145e-17
5140.00	5.77704e-17
5141.00	6.01035e-17
5142.00	6.28365e-17
5143.00	5.73923e-17
5144.00	5.64427e-17
5145.00	5.53208e-17
5146.00	5.81206e-17
5147.00	5.25008e-17
5148.00	5.19057e-17
5149.00	5.24993e-17
5150.00	5.56325e-17
5151.00	5.49599e-17
5152.00	5.93053e-17
5153.00	5.98419e-17
5154.00	5.52902e-17
5155.00	4.98314e-17
5156.00	5.47839e-17
5157.00	5.26353e-17
5158.00	4.49951e-17
5159.00	5.79715e-17
5160.00	5.9036e-17
5161.00	5.5554e-17
5162.00	6.03019e-17
5163.00	5.17971e-17
5164.00	5.25384e-17
5165.00	5.18792e-17
5166.00	5.58306e-17
5167.00	5.14084e-17
5168.00	5.69779e-17
5169.00	5.76817e-17
5170.00	5.46612e-17
5171.00	5.03287e-17
5172.00	5.37295e-17
5173.00	5.51232e-17
5174.00	5.57123e-17
5175.00	5.57447e-17
5176.00	4.94172e-17
5177.00	5.3897e-17
5178.00	5.4809e-17
5179.00	4.95614e-17
5180.00	5.1497e-17
5181.00	6.02535e-17
5182.00	6.20361e-17
5183.00	5.59724e-17
5184.00	5.72643e-17
5185.00	5.57051e-17
5186.00	5.65879e-17
5187.00	6.27906e-17
5188.00	6.04199e-17
5189.00	5.93483e-17
5190.00	6.05086e-17
5191.00	6.23148e-17
5192.00	5.63617e-17
5193.00	5.80647e-17
5194.00	4.82394e-17
5195.00	5.31635e-17
5196.00	5.27106e-17
5197.00	5.10021e-17
5198.00	5.39412e-17
5199.00	4.88963e-17
5200.00	4.72147e-17
5201.00	4.8037e-17
5202.00	5.03438e-17
5203.00	5.7543e-17
5204.00	5.78248e-17
5205.00	5.48788e-17
5206.00	5.29705e-17
5207.00	5.55826e-17
5208.00	5.80252e-17
5209.00	5.31714e-17
5210.00	5.14754e-17
5211.00	5.60241e-17
5212.00	5.85768e-17
5213.00	5.36441e-17
5214.00	5.89448e-17
5215.00	5.9888e-17
5216.00	5.47651e-17
5217.00	6.02397e-17
5218.00	5.7705e-17
5219.00	5.25281e-17
5220.00	5.85155e-17
5221.00	5.54186e-17
5222.00	5.33738e-17
5223.00	5.68782e-17
5224.00	6.03126e-17
5225.00	5.59603e-17
5226.00	5.65845e-17
5227.00	5.83137e-17
5228.00	5.6844e-17
5229.00	5.73488e-17
5230.00	5.34281e-17
5231.00	5.73859e-17
5232.00	5.49008e-17
5233.00	5.45242e-17
5234.00	5.54595e-17
5235.00	5.31816e-17
5236.00	5.367e-17
5237.00	5.34584e-17
5238.00	4.98517e-17
5239.00	5.49849e-17
5240.00	5.55461e-17
5241.00	5.85323e-17
5242.00	5.66979e-17
5243.00	5.20387e-17
5244.00	5.2454e-17
5245.00	6.06416e-17
5246.00	5.54769e-17
5247.00	6.12393e-17
5248.00	6.03594e-17
5249.00	5.4639e-17
5250.00	5.71381e-17
5251.00	6.59626e-17
5252.00	5.97685e-17
5253.00	5.85827e-17
5254.00	5.47668e-17
5255.00	5.96752e-17
5256.00	5.70763e-17
5257.00	5.69143e-17
5258.00	5.86288e-17
5259.00	5.11772e-17
5260.00	5.09087e-17
5261.00	5.69298e-17
5262.00	5.45706e-17
5263.00	5.49789e-17
5264.00	5.01851e-17
5265.00	5.9308e-17
5266.00	5.79161e-17
5267.00	4.77944e-17
5268.00	6.14728e-17
5269.00	6.12021e-17
5270.00	6.15101e-17
5271.00	5.89693e-17
5272.00	5.53157e-17
5273.00	5.40674e-17
5274.00	5.47096e-17
5275.00	5.99079e-17
5276.00	5.90749e-17
5277.00	5.65853e-17
5278.00	5.93379e-17
5279.00	5.81073e-17
5280.00	5.8352e-17
5281.00	5.90389e-17
5282.00	5.52232e-17
5283.00	5.45866e-17
5284.00	5.98836e-17
5285.00	5.90768e-17
5286.00	5.86637e-17
5287.00	5.6614e-17
5288.00	5.58758e-17
5289.00	5.7926e-17
5290.00	6.62769e-17
5291.00	6.23192e-17
5292.00	6.01239e-17
5293.00	5.5884e-17
5294.00	5.96462e-17
5295.00	6.83266e-17
5296.00	6.25941e-17
5297.00	6.12997e-17
5298.00	5.72304e-17
5299.00	5.91239e-17
5300.00	5.69355e-17
5301.00	5.64442e-17
5302.00	5.18027e-17
5303.00	5.71081e-17
5304.00	6.05715e-17
5305.00	6.44778e-17
5306.00	6.47255e-17
5307.00	5.67763e-17
5308.00	5.50844e-17
5309.00	5.70203e-17
5310.00	5.77543e-17
5311.00	5.1662e-17
5312.00	5.45581e-17
5313.00	5.77429e-17
5314.00	6.05241e-17
5315.00	5.86631e-17
5316.00	5.75638e-17
5317.00	5.53107e-17
5318.00	4.94098e-17
5319.00	5.36313e-17
5320.00	5.401e-17
5321.00	4.98269e-17
5322.00	5.40625e-17
5323.00	5.62712e-17
5324.00	5.23505e-17
5325.00	5.59207e-17
5326.00	5.49521e-17
5327.00	5.26216e-17
5328.00	4.96038e-17
5329.00	5.45692e-17
5330.00	5.2263e-17
5331.00	5.36861e-17
5332.00	5.20263e-17
5333.00	5.37879e-17
5334.00	4.61917e-17
5335.00	4.54983e-17
5336.00	4.9597e-17
5337.00	4.90738e-17
5338.00	4.79919e-17
5339.00	4.92593e-17
5340.00	4.46089e-17
5341.00	4.3897e-17
5342.00	4.62666e-17
5343.00	4.494e-17
5344.00	4.9355e-17
5345.00	4.70866e-17
5346.00	4.66272e-17
5347.00	4.52926e-17
5348.00	4.61828e-17
5349.00	4.60335e-17
5350.00	5.20238e-17
5351.00	5.36322e-17
5352.00	4.68871e-17
5353.00	4.9424e-17
5354.00	4.88013e-17
5355.00	4.8333e-17
5356.00	4.84239e-17
5357.00	4.78829e-17
5358.00	5.29839e-17
5359.00	5.18871e-17
5360.00	5.645e-17
5361.00	5.51657e-17
5362.00	5.724e-17
5363.00	5.2826e-17
5364.00	5.35994e-17
5365.00	5.36411e-17
5366.00	5.37821e-17
5367.00	5.75578e-17
5368.00	5.09789e-17
5369.00	5.08037e-17
5370.00	5.47532e-17
5371.00	5.28348e-17
5372.00	5.58241e-17
5373.00	5.36027e-17
5374.00	4.97786e-17
5375.00	5.06165e-17
5376.00	5.85868e-17
5377.00	5.49622e-17
5378.00	5.65066e-17
5379.00	5.83582e-17
5380.00	5.2122e-17
5381.00	6.25199e-17
5382.00	5.73811e-17
5383.00	5.43987e-17
5384.00	6.11309e-17
5385.00	6.12298e-17
5386.00	6.01508e-17
5387.00	5.48707e-17
5388.00	5.53178e-17
5389.00	6.05487e-17
5390.00	5.6838e-17
5391.00	6.04314e-17
5392.00	5.71709e-17
5393.00	6.30157e-17
5394.00	6.33662e-17
5395.00	5.86636e-17
5396.00	5.80426e-17
5397.00	5.69308e-17
5398.00	5.61127e-17
5399.00	5.38549e-17
5400.00	5.49731e-17
5401.00	6.1283e-17
5402.00	6.47014e-17
5403.00	6.28829e-17
5404.00	6.05572e-17
5405.00	5.73952e-17
5406.00	5.27963e-17
5407.00	5.32459e-17
5408.00	6.03706e-17
5409.00	5.7329e-17
5410.00	5.5877e-17
5411.00	4.87461e-17
5412.00	5.48302e-17
5413.00	6.07734e-17
5414.00	5.9814e-17
5415.00	5.12231e-17
5416.00	5.85477e-17
5417.00	5.85272e-17
5418.00	6.18303e-17
5419.00	6.36431e-17
5420.00	6.05981e-17
5421.00	6.20706e-17
5422.00	6.29026e-17
5423.00	6.54865e-17
5424.00	6.16951e-17
5425.00	6.37922e-17
5426.00	5.47852e-17
5427.00	5.52282e-17
5428.00	5.62062e-17
5429.00	5.5016e-17
5430.00	5.80727e-17
5431.00	5.68131e-17
5432.00	6.06532e-17
5433.00	6.55076e-17
5434.00	6.40733e-17
5435.00	6.50224e-17
5436.00	6.22189e-17
5437.00	6.41463e-17
5438.00	6.54443e-17
5439.00	6.29667e-17
5440.00	6.15195e-17
5441.00	6.64547e-17
5442.00	6.26042e-17
5443.00	6.3183e-17
5444.00	6.52012e-17
5445.00	6.30782e-17
5446.00	5.66781e-17
5447.00	5.9209e-17
5448.00	5.98943e-17
5449.00	5.74859e-17
5450.00	5.8233e-17
5451.00	6.13054e-17
5452.00	5.44721e-17
5453.00	6.15229e-17
5454.00	5.98638e-17
5455.00	5.91827e-17
5456.00	5.91388e-17
5457.00	6.11431e-17
5458.00	6.22608e-17
5459.00	6.63311e-17
5460.00	6.63786e-17
5461.00	5.94413e-17
5462.00	6.31356e-17
5463.00	5.71312e-17
5464.00	6.13377e-17
5465.00	6.36706e-17
5466.00	5.88947e-17
5467.00	6.37461e-17
5468.00	6.4067e-17
5469.00	5.95008e-17
5470.00	5.65865e-17
5471.00	5.9738e-17
5472.00	6.29834e-17
5473.00	5.23242e-17
5474.00	5.9021e-17
5475.00	6.1363e-17
5476.00	5.75309e-17
5477.00	5.88759e-17
5478.00	5.08963e-17
5479.00	5.24261e-17
5480.00	5.32973e-17
5481.00	5.62311e-17
5482.00	6.05615e-17
5483.00	5.52449e-17
5484.00	5.59634e-17
5485.00	5.9753e-17
5486.00	6.19139e-17
5487.00	5.94333e-17
5488.00	6.21752e-17
5489.00	5.4017e-17
5490.00	6.11078e-17
5491.00	6.67153e-17
5492.00	6.23711e-17
5493.00	6.52434e-17
5494.00	5.88652e-17
5495.00	5.70484e-17
5496.00	5.25415e-17
5497.00	5.46434e-17
5498.00	5.72082e-17
5499.00	6.11178e-17
5500.00	5.96069e-17
5501.00	5.95906e-17
5502.00	6.33658e-17
5503.00	6.08281e-17
5504.00	6.68454e-17
5505.00	5.55188e-17
5506.00	5.74727e-17
5507.00	6.10782e-17
5508.00	5.84364e-17
5509.00	5.37175e-17
5510.00	5.88377e-17
5511.00	5.94447e-17
5512.00	5.19064e-17
5513.00	5.46877e-17
5514.00	5.43546e-17
5515.00	5.66878e-17
5516.00	5.64568e-17
5517.00	5.22641e-17
5518.00	5.92306e-17
5519.00	5.4043e-17
5520.00	5.98033e-17
5521.00	6.09087e-17
5522.00	5.32997e-17
5523.00	5.44389e-17
5524.00	5.25372e-17
5525.00	5.54553e-17
5526.00	5.54373e-17
5527.00	5.60138e-17
5528.00	5.47665e-17
5529.00	6.11119e-17
5530.00	6.23024e-17
5531.00	5.90739e-17
5532.00	6.81425e-17
5533.00	5.58133e-17
5534.00	5.66262e-17
5535.00	6.26883e-17
5536.00	6.171e-17
5537.00	5.5968e-17
5538.00	5.25997e-17
5539.00	5.42543e-17
5540.00	5.70924e-17
5541.00	5.82543e-17
5542.00	5.90334e-17
5543.00	5.67001e-17
5544.00	5.63066e-17
5545.00	5.01524e-17
5546.00	5.9663e-17
5547.00	6.10643e-17
5548.00	6.47706e-17
5549.00	6.12401e-17
5550.00	5.67366e-17
5551.00	6.03589e-17
5552.00	6.06723e-17
5553.00	5.84502e-17
5554.00	5.65402e-17
5555.00	5.78708e-17
5556.00	6.12832e-17
5557.00	5.39042e-17
5558.00	6.55246e-17
5559.00	6.5543e-17
5560.00	6.02028e-17
5561.00	6.18642e-17
5562.00	5.78461e-17
5563.00	6.16623e-17
5564.00	6.39314e-17
5565.00	5.69425e-17
5566.00	5.62835e-17
5567.00	5.07421e-17
5568.00	5.14221e-17
5569.00	5.51743e-17
5570.00	6.34107e-17
5571.00	5.65408e-17
5572.00	5.69865e-17
5573.00	5.97215e-17
5574.00	5.92459e-17
5575.00	5.87703e-17
5576.00	5.82947e-17
5577.00	5.78191e-17
5578.00	5.73435e-17
5579.00	5.68679e-17
5580.00	5.63924e-17
5581.00	5.6091e-17
5582.00	5.69965e-17
5583.00	5.6848e-17
5584.00	5.64037e-17
5585.00	5.95636e-17
5586.00	5.52109e-17
5587.00	5.61713e-17
5588.00	5.79898e-17
5589.00	6.29883e-17
5590.00	5.71636e-17
5591.00	5.10785e-17
5592.00	5.88208e-17
5593.00	6.05615e-17
5594.00	5.99409e-17
5595.00	6.12528e-17
5596.00	5.91405e-17
5597.00	6.29479e-17
5598.00	5.98759e-17
5599.00	5.79147e-17
5600.00	6.11377e-17
5601.00	6.03728e-17
5602.00	6.4525e-17
5603.00	6.01312e-17
5604.00	5.61346e-17
5605.00	5.63512e-17
5606.00	5.86612e-17
5607.00	6.27761e-17
5608.00	5.617e-17
5609.00	6.1084e-17
5610.00	6.24807e-17
5611.00	5.88717e-17
5612.00	5.6924e-17
5613.00	6.02042e-17
5614.00	6.32394e-17
5615.00	5.82117e-17
5616.00	5.77133e-17
5617.00	5.75367e-17
5618.00	5.84524e-17
5619.00	6.05386e-17
5620.00	6.31343e-17
5621.00	6.20399e-17
5622.00	6.78609e-17
5623.00	6.56438e-17
5624.00	6.24581e-17
5625.00	6.07387e-17
5626.00	5.9981e-17
5627.00	5.80814e-17
5628.00	6.00394e-17
5629.00	6.08398e-17
5630.00	6.21099e-17
5631.00	5.54884e-17
5632.00	5.94878e-17
5633.00	5.54884e-17
5634.00	5.16819e-17
5635.00	5.51457e-17
5636.00	6.13301e-17
5637.00	6.31128e-17
5638.00	6.16469e-17
5639.00	6.10799e-17
5640.00	5.4323e-17
5641.00	6.31145e-17
5642.00	5.63817e-17
5643.00	5.50792e-17
5644.00	5.68804e-17
5645.00	5.98387e-17
5646.00	6.14884e-17
5647.00	5.87008e-17
5648.00	5.50223e-17
5649.00	5.60109e-17
5650.00	6.13956e-17
5651.00	5.85909e-17
5652.00	5.53655e-17
5653.00	6.54341e-17
5654.00	6.004e-17
5655.00	5.74803e-17
5656.00	5.71548e-17
5657.00	6.11161e-17
5658.00	6.38849e-17
5659.00	5.86335e-17
5660.00	5.84626e-17
5661.00	5.89214e-17
5662.00	5.98889e-17
5663.00	5.66806e-17
5664.00	5.83957e-17
5665.00	6.00007e-17
5666.00	6.37109e-17
5667.00	5.81132e-17
5668.00	5.71308e-17
5669.00	5.96954e-17
5670.00	6.39032e-17
5671.00	6.5169e-17
5672.00	5.84031e-17
5673.00	6.38992e-17
5674.00	6.07881e-17
5675.00	5.51891e-17
5676.00	5.68824e-17
5677.00	5.79663e-17
5678.00	5.95537e-17
5679.00	5.5513e-17
5680.00	5.19746e-17
5681.00	5.09021e-17
5682.00	5.18943e-17
5683.00	5.1043e-17
5684.00	5.16606e-17
5685.00	4.98305e-17
5686.00	5.5004e-17
5687.00	5.23249e-17
5688.00	5.55799e-17
5689.00	6.10863e-17
5690.00	6.20127e-17
5691.00	6.10639e-17
5692.00	5.3554e-17
5693.00	5.65905e-17
5694.00	5.73095e-17
5695.00	5.99363e-17
5696.00	5.55739e-17
5697.00	5.23222e-17
5698.00	5.78051e-17
5699.00	5.10114e-17
5700.00	5.67537e-17
5701.00	5.6692e-17
5702.00	5.56362e-17
5703.00	6.35549e-17
5704.00	5.8428e-17
5705.00	6.36272e-17
5706.00	5.88642e-17
5707.00	5.8688e-17
5708.00	5.95558e-17
5709.00	5.92949e-17
5710.00	5.65063e-17
5711.00	5.55818e-17
5712.00	5.69184e-17
5713.00	5.68624e-17
5714.00	6.03041e-17
5715.00	5.95012e-17
5716.00	5.66223e-17
5717.00	6.12626e-17
5718.00	5.92545e-17
5719.00	5.91167e-17
5720.00	5.67179e-17
5721.00	6.12139e-17
5722.00	5.75073e-17
5723.00	5.46924e-17
5724.00	5.8741e-17
5725.00	5.5997e-17
5726.00	6.36785e-17
5727.00	6.36551e-17
5728.00	5.86617e-17
5729.00	6.16965e-17
5730.00	6.25304e-17
5731.00	6.34366e-17
5732.00	6.40058e-17
5733.00	5.69016e-17
5734.00	6.63295e-17
5735.00	6.44417e-17
5736.00	6.29068e-17
5737.00	6.39948e-17
5738.00	6.83663e-17
5739.00	5.99997e-17
5740.00	6.13555e-17
5741.00	5.87129e-17
5742.00	6.02225e-17
5743.00	5.7977e-17
5744.00	6.0376e-17
5745.00	5.59152e-17
5746.00	6.29978e-17
5747.00	6.18097e-17
5748.00	5.91195e-17
5749.00	6.51618e-17
5750.00	5.90004e-17
5751.00	6.29148e-17
5752.00	6.24195e-17
5753.00	6.05743e-17
5754.00	5.94227e-17
5755.00	6.13164e-17
5756.00	6.378e-17
5757.00	6.01209e-17
5758.00	6.28338e-17
5759.00	6.23602e-17
5760.00	6.45912e-17
5761.00	6.77673e-17
5762.00	6.76934e-17
5763.00	6.17045e-17
5764.00	6.13757e-17
5765.00	6.36512e-17
5766.00	6.625e-17
5767.00	6.23571e-17
5768.00	6.25493e-17
5769.00	6.21196e-17
5770.00	6.36401e-17
5771.00	6.06344e-17
5772.00	6.03839e-17
5773.00	6.05367e-17
5774.00	5.5796e-17
5775.00	6.0297e-17
5776.00	5.67656e-17
5777.00	6.70674e-17
5778.00	6.25501e-17
5779.00	6.37346e-17
5780.00	6.47402e-17
5781.00	6.45798e-17
5782.00	6.44374e-17
5783.00	5.65452e-17
5784.00	5.86299e-17
5785.00	6.10687e-17
5786.00	6.25068e-17
5787.00	5.85182e-17
5788.00	5.39382e-17
5789.00	5.72149e-17
5790.00	5.80833e-17
5791.00	5.96934e-17
5792.00	5.81622e-17
5793.00	5.61045e-17
5794.00	5.57344e-17
5795.00	5.96959e-17
5796.00	5.64218e-17
5797.00	5.69524e-17
5798.00	5.9307e-17
5799.00	6.7626e-17
5800.00	6.59317e-17
5801.00	6.27064e-17
5802.00	6.556e-17
5803.00	6.91009e-17
5804.00	6.97797e-17
5805.00	6.06838e-17
5806.00	6.35735e-17
5807.00	6.37241e-17
5808.00	6.74643e-17
5809.00	6.42415e-17
5810.00	6.60336e-17
5811.00	6.57679e-17
5812.00	6.39808e-17
5813.00	6.80335e-17
5814.00	6.79456e-17
5815.00	6.32729e-17
5816.00	7.13543e-17
5817.00	6.40833e-17
5818.00	7.53782e-17
5819.00	7.26971e-17
5820.00	6.83455e-17
5821.00	6.41242e-17
5822.00	6.56168e-17
5823.00	6.96544e-17
5824.00	6.23159e-17
5825.00	6.11975e-17
5826.00	6.3837e-17
5827.00	6.3884e-17
5828.00	6.68283e-17
5829.00	6.84742e-17
5830.00	6.38741e-17
5831.00	6.83019e-17
5832.00	7.13291e-17
5833.00	6.82863e-17
5834.00	7.27884e-17
5835.00	7.11938e-17
5836.00	7.51145e-17
5837.00	6.99609e-17
5838.00	7.08991e-17
5839.00	7.11493e-17
5840.00	7.13113e-17
5841.00	7.07021e-17
5842.00	7.25592e-17
5843.00	6.74126e-17
5844.00	6.19926e-17
5845.00	6.54855e-17
5846.00	6.84521e-17
5847.00	6.79989e-17
5848.00	7.04709e-17
5849.00	6.72508e-17
5850.00	7.21991e-17
5851.00	7.04479e-17
5852.00	6.46428e-17
5853.00	6.38127e-17
5854.00	5.84248e-17
5855.00	6.31549e-17
5856.00	6.04412e-17
5857.00	6.10866e-17
5858.00	5.65855e-17
5859.00	5.85527e-17
5860.00	6.76904e-17
5861.00	6.76795e-17
5862.00	6.86791e-17
5863.00	6.67636e-17
5864.00	6.98993e-17
5865.00	6.51757e-17
5866.00	6.3246e-17
5867.00	6.51452e-17
5868.00	6.34651e-17
5869.00	7.08815e-17
5870.00	6.23661e-17
5871.00	6.37219e-17
5872.00	6.94403e-17
5873.00	6.62056e-17
5874.00	6.38319e-17
5875.00	6.44635e-17
5876.00	6.79094e-17
5877.00	6.46012e-17
5878.00	6.65084e-17
5879.00	6.65482e-17
5880.00	6.66004e-17
5881.00	6.34435e-17
5882.00	6.70463e-17
5883.00	6.90815e-17
5884.00	6.82696e-17
5885.00	6.8407e-17
5886.00	6.64525e-17
5887.00	6.1479e-17
5888.00	6.23469e-17
5889.00	7.63034e-17
5890.00	7.68908e-17
5891.00	6.57217e-17
5892.00	6.18144e-17
5893.00	6.35662e-17
5894.00	6.48363e-17
5895.00	7.22671e-17
5896.00	6.61756e-17
5897.00	6.5891e-17
5898.00	6.23334e-17
5899.00	6.45854e-17
5900.00	6.66028e-17
5901.00	6.28856e-17
5902.00	6.36408e-17
5903.00	6.29059e-17
5904.00	6.20973e-17
5905.00	6.22357e-17
5906.00	6.31412e-17
5907.00	6.48381e-17
5908.00	6.83054e-17
5909.00	7.10802e-17
5910.00	7.30327e-17
5911.00	6.72813e-17
5912.00	6.81902e-17
5913.00	6.55358e-17
5914.00	6.66626e-17
5915.00	7.18693e-17
5916.00	7.2622e-17
5917.00	6.40819e-17
5918.00	6.85183e-17
5919.00	7.28221e-17
5920.00	6.74201e-17
5921.00	6.63642e-17
5922.00	6.6138e-17
5923.00	7.18146e-17
5924.00	7.057e-17
5925.00	6.58505e-17
5926.00	6.79193e-17
5927.00	6.76571e-17
5928.00	6.66649e-17
5929.00	7.11239e-17
5930.00	6.53327e-17
5931.00	6.46411e-17
5932.00	7.08348e-17
5933.00	6.64882e-17
5934.00	6.48461e-17
5935.00	6.65692e-17
5936.00	6.75919e-17
5937.00	6.43013e-17
5938.00	5.99432e-17
5939.00	6.22223e-17
5940.00	6.65131e-17
5941.00	6.53449e-17
5942.00	6.36568e-17
5943.00	6.44121e-17
5944.00	6.22061e-17
5945.00	6.76354e-17
5946.00	6.70072e-17
5947.00	6.94788e-17
5948.00	7.08165e-17
5949.00	6.82675e-17
5950.00	6.7027e-17
5951.00	6.92742e-17
5952.00	7.03102e-17
5953.00	7.31134e-17
5954.00	6.72605e-17
5955.00	7.10251e-17
5956.00	6.87299e-17
5957.00	7.28395e-17
5958.00	7.21586e-17
5959.00	6.54626e-17
5960.00	6.92455e-17
5961.00	7.1876e-17
5962.00	6.81779e-17
5963.00	6.84111e-17
5964.00	7.12074e-17
5965.00	7.27912e-17
5966.00	7.01025e-17
5967.00	6.82054e-17
5968.00	7.24681e-17
5969.00	6.70348e-17
5970.00	6.78897e-17
5971.00	6.52032e-17
5972.00	6.23523e-17
5973.00	5.99317e-17
5974.00	6.69228e-17
5975.00	6.86316e-17
5976.00	7.61898e-17
5977.00	6.71836e-17
5978.00	6.9604e-17
5979.00	7.22378e-17
5980.00	7.60011e-17
5981.00	7.1738e-17
5982.00	7.14242e-17
5983.00	6.24336e-17
5984.00	6.81523e-17
5985.00	6.70176e-17
5986.00	7.34042e-17
5987.00	7.4468e-17
5988.00	6.8767e-17
5989.00	6.26834e-17
5990.00	6.7334e-17
5991.00	7.4259e-17
5992.00	6.79374e-17
5993.00	6.75769e-17
5994.00	6.82507e-17
5995.00	6.83899e-17
5996.00	6.42885e-17
5997.00	6.97105e-17
5998.00	7.15483e-17
5999.00	6.55445e-17
6000.00	7.03254e-17
6001.00	7.31637e-17
6002.00	6.74816e-17
6003.00	6.85441e-17
6004.00	7.02583e-17
6005.00	6.49916e-17
6006.00	6.97788e-17
6007.00	7.76322e-17
6008.00	6.89712e-17
6009.00	6.3351e-17
6010.00	6.99377e-17
6011.00	7.21846e-17
6012.00	7.15003e-17
6013.00	7.10475e-17
6014.00	6.93715e-17
6015.00	6.92979e-17
6016.00	6.89421e-17
6017.00	7.0582e-17
6018.00	6.31776e-17
6019.00	6.32587e-17
6020.00	6.98447e-17
6021.00	6.98311e-17
6022.00	6.42245e-17
6023.00	6.38582e-17
6024.00	7.86569e-17
6025.00	7.16943e-17
6026.00	7.24369e-17
6027.00	6.66097e-17
6028.00	7.17808e-17
6029.00	7.20746e-17
6030.00	6.66965e-17
6031.00	6.64217e-17
6032.00	7.49941e-17
6033.00	7.20149e-17
6034.00	7.09094e-17
6035.00	6.98681e-17
6036.00	6.98265e-17
6037.00	7.24974e-17
6038.00	7.18381e-17
6039.00	7.23658e-17
6040.00	6.98102e-17
6041.00	7.10175e-17
6042.00	6.97285e-17
6043.00	7.23917e-17
6044.00	7.46925e-17
6045.00	6.8277e-17
6046.00	6.78687e-17
6047.00	7.32233e-17
6048.00	6.85967e-17
6049.00	7.60367e-17
6050.00	7.20506e-17
6051.00	6.76932e-17
6052.00	7.09208e-17
6053.00	7.34583e-17
6054.00	7.33763e-17
6055.00	7.2655e-17
6056.00	7.36748e-17
6057.00	6.93903e-17
6058.00	6.76247e-17
6059.00	7.0705e-17
6060.00	6.88828e-17
6061.00	6.6416e-17
6062.00	7.12397e-17
6063.00	6.99441e-17
6064.00	6.89794e-17
6065.00	7.31428e-17
6066.00	7.36835e-17
6067.00	7.6042e-17
6068.00	7.06486e-17
6069.00	7.50304e-17
6070.00	7.80191e-17
6071.00	7.07332e-17
6072.00	7.33669e-17
6073.00	7.23264e-17
6074.00	7.26521e-17
6075.00	7.18118e-17
6076.00	6.9679e-17
6077.00	7.03952e-17
6078.00	6.96859e-17
6079.00	7.28482e-17
6080.00	7.69947e-17
6081.00	7.29466e-17
6082.00	7.48289e-17
6083.00	7.64393e-17
6084.00	6.80012e-17
6085.00	6.75414e-17
6086.00	6.91658e-17
6087.00	6.69455e-17
6088.00	7.22684e-17
6089.00	7.14098e-17
6090.00	7.42505e-17
6091.00	7.178e-17
6092.00	7.32691e-17
6093.00	6.89365e-17
6094.00	7.63719e-17
6095.00	7.50117e-17
6096.00	6.96057e-17
6097.00	6.83324e-17
6098.00	6.92529e-17
6099.00	7.4955e-17
6100.00	7.73425e-17
6101.00	7.63114e-17
6102.00	7.19506e-17
6103.00	7.60771e-17
6104.00	7.37022e-17
6105.00	7.16772e-17
6106.00	7.61369e-17
6107.00	7.5944e-17
6108.00	7.37869e-17
6109.00	7.2598e-17
6110.00	7.22002e-17
6111.00	7.27293e-17
6112.00	7.43231e-17
6113.00	7.16395e-17
6114.00	7.48306e-17
6115.00	6.9266e-17
6116.00	6.95372e-17
6117.00	7.32897e-17
6118.00	7.01664e-17
6119.00	6.95067e-17
6120.00	7.25612e-17
6121.00	7.09631e-17
6122.00	6.80316e-17
6123.00	6.84807e-17
6124.00	7.4279e-17
6125.00	7.43866e-17
6126.00	7.27093e-17
6127.00	7.49042e-17
6128.00	6.98883e-17
6129.00	6.80289e-17
6130.00	6.805e-17
6131.00	7.11087e-17
6132.00	6.98862e-17
6133.00	7.4199e-17
6134.00	7.17721e-17
6135.00	6.82006e-17
6136.00	6.85697e-17
6137.00	7.39943e-17
6138.00	7.1736e-17
6139.00	6.79221e-17
6140.00	6.79758e-17
6141.00	6.92535e-17
6142.00	6.85352e-17
6143.00	6.8219e-17
6144.00	7.11521e-17
6145.00	7.01444e-17
6146.00	6.57328e-17
6147.00	7.06659e-17
6148.00	6.79373e-17
6149.00	6.94123e-17
6150.00	7.05932e-17
6151.00	7.34832e-17
6152.00	7.64692e-17
6153.00	7.63497e-17
6154.00	6.94239e-17
6155.00	6.99463e-17
6156.00	6.94598e-17
6157.00	7.08779e-17
6158.00	6.59384e-17
6159.00	6.78857e-17
6160.00	7.16981e-17
6161.00	6.67213e-17
6162.00	7.34025e-17
6163.00	6.96972e-17
6164.00	7.07834e-17
6165.00	7.23835e-17
6166.00	7.26119e-17
6167.00	7.24304e-17
6168.00	6.78226e-17
6169.00	7.21537e-17
6170.00	7.57294e-17
6171.00	7.08389e-17
6172.00	6.81606e-17
6173.00	7.05754e-17
6174.00	7.05699e-17
6175.00	7.15348e-17
6176.00	7.50095e-17
6177.00	7.3402e-17
6178.00	7.30166e-17
6179.00	6.86898e-17
6180.00	7.04925e-17
6181.00	6.6028e-17
6182.00	6.77474e-17
6183.00	6.69559e-17
6184.00	6.86739e-17
6185.00	6.8514e-17
6186.00	6.63386e-17
6187.00	7.01931e-17
6188.00	6.14628e-17
6189.00	5.35447e-17
6190.00	7.0695e-17
6191.00	7.02302e-17
6192.00	7.19413e-17
6193.00	7.07095e-17
6194.00	7.8474e-17
6195.00	7.0926e-17
6196.00	7.45167e-17
6197.00	7.11636e-17
6198.00	7.27331e-17
6199.00	6.96536e-17
6200.00	6.72906e-17
6201.00	6.78309e-17
6202.00	6.87685e-17
6203.00	6.73325e-17
6204.00	6.56036e-17
6205.00	7.21337e-17
6206.00	7.028e-17
6207.00	7.16203e-17
6208.00	6.74267e-17
6209.00	7.29701e-17
6210.00	7.36571e-17
6211.00	7.27719e-17
6212.00	7.00541e-17
6213.00	6.95026e-17
6214.00	6.72062e-17
6215.00	7.06498e-17
6216.00	6.44725e-17
6217.00	6.9403e-17
6218.00	6.92898e-17
6219.00	6.67498e-17
6220.00	6.42941e-17
6221.00	6.50972e-17
6222.00	6.59713e-17
6223.00	6.70508e-17
6224.00	6.64356e-17
6225.00	6.96268e-17
6226.00	6.96673e-17
6227.00	6.9205e-17
6228.00	7.10415e-17
6229.00	6.98563e-17
6230.00	6.75401e-17
6231.00	7.09161e-17
6232.00	6.66273e-17
6233.00	6.45803e-17
6234.00	7.53207e-17
6235.00	7.37934e-17
6236.00	7.30172e-17
6237.00	7.19346e-17
6238.00	6.70184e-17
6239.00	6.73745e-17
6240.00	7.02168e-17
6241.00	5.81944e-17
6242.00	7.03876e-17
6243.00	6.96609e-17
6244.00	6.65939e-17
6245.00	7.39246e-17
6246.00	6.91748e-17
6247.00	7.0523e-17
6248.00	6.86162e-17
6249.00	6.84966e-17
6250.00	6.99529e-17
6251.00	6.96005e-17
6252.00	6.94798e-17
6253.00	6.74696e-17
6254.00	7.34069e-17
6255.00	7.05729e-17
6256.00	6.84359e-17
6257.00	7.34528e-17
6258.00	7.22845e-17
6259.00	7.16591e-17
6260.00	7.07529e-17
6261.00	7.44633e-17
6262.00	7.54223e-17
6263.00	6.86764e-17
6264.00	7.12736e-17
6265.00	7.57649e-17
6266.00	7.01405e-17
6267.00	7.06611e-17
6268.00	7.19957e-17
6269.00	6.69729e-17
6270.00	6.7787e-17
6271.00	7.28492e-17
6272.00	7.25331e-17
6273.00	7.03452e-17
6274.00	7.12244e-17
6275.00	6.9094e-17
6276.00	6.90272e-17
6277.00	6.89713e-17
6278.00	7.38536e-17
6279.00	7.25883e-17
6280.00	7.62571e-17
6281.00	7.77742e-17
6282.00	7.39278e-17
6283.00	7.85223e-17
6284.00	7.82595e-17
6285.00	7.4331e-17
6286.00	7.44686e-17
6287.00	7.95782e-17
6288.00	7.48809e-17
6289.00	7.14292e-17
6290.00	7.40569e-17
6291.00	7.5275e-17
6292.00	7.44665e-17
6293.00	7.26646e-17
6294.00	7.38985e-17
6295.00	7.04703e-17
6296.00	7.30306e-17
6297.00	6.75803e-17
6298.00	6.67204e-17
6299.00	6.58605e-17
6300.00	6.50005e-17
6301.00	6.41406e-17
6302.00	6.32807e-17
6303.00	6.34029e-17
6304.00	6.64039e-17
6305.00	7.25543e-17
6306.00	8.51596e-17
6307.00	7.73578e-17
6308.00	7.09915e-17
6309.00	7.01853e-17
6310.00	7.46084e-17
6311.00	7.26774e-17
6312.00	7.53409e-17
6313.00	7.16661e-17
6314.00	7.4636e-17
6315.00	7.31104e-17
6316.00	7.49398e-17
6317.00	7.64014e-17
6318.00	7.3129e-17
6319.00	6.91567e-17
6320.00	7.55214e-17
6321.00	7.50908e-17
6322.00	6.92311e-17
6323.00	6.63067e-17
6324.00	6.52849e-17
6325.00	7.49579e-17
6326.00	7.34074e-17
6327.00	7.12319e-17
6328.00	6.81863e-17
6329.00	7.63902e-17
6330.00	8.11925e-17
6331.00	7.59735e-17
6332.00	7.23093e-17
6333.00	7.30985e-17
6334.00	7.32577e-17
6335.00	7.11381e-17
6336.00	7.05981e-17
6337.00	7.30467e-17
6338.00	7.98634e-17
6339.00	7.8263e-17
6340.00	7.5443e-17
6341.00	7.43153e-17
6342.00	7.15887e-17
6343.00	7.126e-17
6344.00	7.56774e-17
6345.00	7.51704e-17
6346.00	7.35118e-17
6347.00	7.69143e-17
6348.00	8.22379e-17
6349.00	7.08299e-17
6350.00	7.36205e-17
6351.00	7.08093e-17
6352.00	7.71868e-17
6353.00	6.60036e-17
6354.00	6.63668e-17
6355.00	7.34892e-17
6356.00	7.65533e-17
6357.00	7.27597e-17
6358.00	6.6554e-17
6359.00	6.79637e-17
6360.00	7.13598e-17
6361.00	7.14424e-17
6362.00	7.1525e-17
6363.00	7.16077e-17
6364.00	7.16903e-17
6365.00	7.17729e-17
6366.00	7.23308e-17
6367.00	7.48064e-17
6368.00	7.52326e-17
6369.00	7.38113e-17
6370.00	7.53759e-17
6371.00	7.36865e-17
6372.00	7.58944e-17
6373.00	7.56747e-17
6374.00	7.46686e-17
6375.00	7.19685e-17
6376.00	7.44714e-17
6377.00	7.50877e-17
6378.00	7.61384e-17
6379.00	7.925e-17
6380.00	7.76613e-17
6381.00	7.4072e-17
6382.00	6.97298e-17
6383.00	7.17474e-17
6384.00	7.29313e-17
6385.00	7.66723e-17
6386.00	7.62354e-17
6387.00	7.58421e-17
6388.00	7.55227e-17
6389.00	7.51572e-17
6390.00	8.09304e-17
6391.00	7.57202e-17
6392.00	7.41729e-17
6393.00	7.35476e-17
6394.00	6.71323e-17
6395.00	7.36725e-17
6396.00	7.5936e-17
6397.00	8.1013e-17
6398.00	7.62779e-17
6399.00	7.44462e-17
6400.00	7.29945e-17
6401.00	8.00813e-17
6402.00	7.68732e-17
6403.00	7.51642e-17
6404.00	7.56902e-17
6405.00	7.42901e-17
6406.00	7.50372e-17
6407.00	7.29791e-17
6408.00	7.77858e-17
6409.00	7.95694e-17
6410.00	8.0942e-17
6411.00	8.08037e-17
6412.00	7.79108e-17
6413.00	8.10914e-17
6414.00	7.76883e-17
6415.00	7.56355e-17
6416.00	7.50289e-17
6417.00	7.42794e-17
6418.00	8.06208e-17
6419.00	8.2077e-17
6420.00	7.94728e-17
6421.00	7.56451e-17
6422.00	7.96432e-17
6423.00	7.98816e-17
6424.00	7.84148e-17
6425.00	7.39282e-17
6426.00	8.06692e-17
6427.00	7.74655e-17
6428.00	8.28097e-17
6429.00	7.71418e-17
6430.00	7.58151e-17
6431.00	7.82641e-17
6432.00	7.58655e-17
6433.00	7.55514e-17
6434.00	7.66107e-17
6435.00	7.95761e-17
6436.00	7.68918e-17
6437.00	7.51875e-17
6438.00	7.87733e-17
6439.00	7.91763e-17
6440.00	7.52165e-17
6441.00	7.99698e-17
6442.00	7.63622e-17
6443.00	7.67612e-17
6444.00	7.70741e-17
6445.00	7.57858e-17
6446.00	7.78254e-17
6447.00	7.72528e-17
6448.00	7.33495e-17
6449.00	7.2526e-17
6450.00	7.01766e-17
6451.00	7.87822e-17
6452.00	7.75253e-17
6453.00	7.49416e-17
6454.00	7.80958e-17
6455.00	8.06854e-17
6456.00	7.69217e-17
6457.00	7.9601e-17
6458.00	8.03926e-17
6459.00	7.64062e-17
6460.00	7.64866e-17
6461.00	7.71187e-17
6462.00	7.66801e-17
6463.00	7.49676e-17
6464.00	7.40286e-17
6465.00	7.56473e-17
6466.00	8.09762e-17
6467.00	7.30661e-17
6468.00	7.32723e-17
6469.00	7.57354e-17
6470.00	7.92525e-17
6471.00	7.59512e-17
6472.00	6.55818e-17
6473.00	5.74469e-17
6474.00	5.50788e-17
6475.00	5.21907e-17
6476.00	5.46497e-17
6477.00	6.07643e-17
6478.00	6.61541e-17
6479.00	6.6831e-17
6480.00	6.64267e-17
6481.00	6.19029e-17
6482.00	6.32382e-17
6483.00	6.58967e-17
6484.00	7.26132e-17
6485.00	7.95707e-17
6486.00	7.78638e-17
6487.00	7.62354e-17
6488.00	7.37709e-17
6489.00	6.94174e-17
6490.00	7.22976e-17
6491.00	7.74269e-17
6492.00	7.64677e-17
6493.00	7.98513e-17
6494.00	7.87251e-17
6495.00	7.64596e-17
6496.00	7.23034e-17
6497.00	7.9576e-17
6498.00	8.14197e-17
6499.00	7.94058e-17
6500.00	6.52081e-17
6501.00	7.48401e-17
6502.00	7.55895e-17
6503.00	7.48e-17
6504.00	7.59823e-17
6505.00	7.94633e-17
6506.00	7.65493e-17
6507.00	7.29047e-17
6508.00	7.63057e-17
6509.00	8.12986e-17
6510.00	7.17517e-17
6511.00	7.17517e-17
6512.00	7.39565e-17
6513.00	7.38491e-17
6514.00	7.39426e-17
6515.00	7.61715e-17
6516.00	7.90669e-17
6517.00	7.86195e-17
6518.00	7.23625e-17
6519.00	7.36521e-17
6520.00	7.66436e-17
6521.00	7.64371e-17
6522.00	7.73011e-17
6523.00	7.5796e-17
6524.00	7.37679e-17
6525.00	7.38294e-17
6526.00	7.45516e-17
6527.00	7.36843e-17
6528.00	7.7908e-17
6529.00	8.09952e-17
6530.00	7.50403e-17
6531.00	6.99457e-17
6532.00	7.92311e-17
6533.00	8.43124e-17
6534.00	7.61087e-17
6535.00	7.55898e-17
6536.00	7.96759e-17
6537.00	7.08915e-17
6538.00	7.29752e-17
6539.00	7.47203e-17
6540.00	7.37126e-17
6541.00	7.63061e-17
6542.00	7.45454e-17
6543.00	7.27822e-17
6544.00	7.44098e-17
6545.00	7.92017e-17
6546.00	7.21381e-17
6547.00	7.3765e-17
6548.00	7.2712e-17
6549.00	7.73205e-17
6550.00	7.91721e-17
6551.00	7.19416e-17
6552.00	7.63115e-17
6553.00	8.33896e-17
6554.00	8.13899e-17
6555.00	7.02268e-17
6556.00	7.54045e-17
6557.00	7.91812e-17
6558.00	7.69115e-17
6559.00	7.64116e-17
6560.00	7.33762e-17
6561.00	7.28706e-17
6562.00	7.71825e-17
6563.00	8.00816e-17
6564.00	7.73208e-17
6565.00	7.12902e-17
6566.00	7.84306e-17
6567.00	7.45396e-17
6568.00	7.38179e-17
6569.00	7.88836e-17
6570.00	7.4689e-17
6571.00	7.69237e-17
6572.00	7.49368e-17
6573.00	7.48826e-17
6574.00	7.50561e-17
6575.00	6.9087e-17
6576.00	7.09933e-17
6577.00	7.70376e-17
6578.00	7.17117e-17
6579.00	6.9768e-17
6580.00	7.38988e-17
6581.00	7.45054e-17
6582.00	7.7829e-17
6583.00	7.63358e-17
6584.00	7.44344e-17
6585.00	7.23834e-17
6586.00	7.48413e-17
6587.00	7.30238e-17
6588.00	7.32457e-17
6589.00	7.70347e-17
6590.00	7.89255e-17
6591.00	7.52842e-17
6592.00	7.80783e-17
6593.00	7.79489e-17
6594.00	7.26201e-17
6595.00	7.70664e-17
6596.00	7.47279e-17
6597.00	7.59409e-17
6598.00	7.89848e-17
6599.00	7.1913e-17
6600.00	7.60896e-17
6601.00	7.52117e-17
6602.00	7.3956e-17
6603.00	7.43077e-17
6604.00	7.45803e-17
6605.00	7.14694e-17
6606.00	7.25957e-17
6607.00	7.30663e-17
6608.00	7.91734e-17
6609.00	7.29375e-17
6610.00	6.91202e-17
6611.00	7.19126e-17
6612.00	7.04909e-17
6613.00	7.04157e-17
6614.00	7.66967e-17
6615.00	7.33212e-17
6616.00	7.15148e-17
6617.00	7.43629e-17
6618.00	7.35675e-17
6619.00	7.16695e-17
6620.00	7.24103e-17
6621.00	7.55672e-17
6622.00	7.37252e-17
6623.00	7.27885e-17
6624.00	7.16993e-17
6625.00	6.97708e-17
6626.00	7.31319e-17
6627.00	7.20678e-17
6628.00	7.66786e-17
6629.00	7.22687e-17
6630.00	7.68099e-17
6631.00	7.81372e-17
6632.00	8.09062e-17
6633.00	7.7698e-17
6634.00	8.00902e-17
6635.00	7.62337e-17
6636.00	7.3923e-17
6637.00	7.31212e-17
6638.00	7.3073e-17
6639.00	7.10642e-17
6640.00	7.43595e-17
6641.00	6.9772e-17
6642.00	7.10738e-17
6643.00	7.34614e-17
6644.00	7.47649e-17
6645.00	7.8186e-17
6646.00	7.86914e-17
6647.00	7.82048e-17
6648.00	7.17152e-17
6649.00	6.87686e-17
6650.00	7.40954e-17
6651.00	7.65561e-17
6652.00	7.32502e-17
6653.00	7.74502e-17
6654.00	8.29183e-17
6655.00	7.72703e-17
6656.00	7.10494e-17
6657.00	7.85214e-17
6658.00	7.39703e-17
6659.00	7.34808e-17
6660.00	7.47705e-17
6661.00	7.33161e-17
6662.00	7.63432e-17
6663.00	7.98971e-17
6664.00	7.44961e-17
6665.00	7.14054e-17
6666.00	7.2754e-17
6667.00	7.22935e-17
6668.00	7.06501e-17
6669.00	7.45836e-17
6670.00	7.51855e-17
6671.00	7.83122e-17
6672.00	7.42237e-17
6673.00	7.78174e-17
6674.00	7.46955e-17
6675.00	7.34342e-17
6676.00	8.12038e-17
6677.00	7.99721e-17
6678.00	7.61937e-17
6679.00	7.52042e-17
6680.00	7.5086e-17
6681.00	7.18836e-17
6682.00	7.4642e-17
6683.00	7.62464e-17
6684.00	7.28857e-17
6685.00	7.81169e-17
6686.00	7.51428e-17
6687.00	7.90545e-17
6688.00	7.71546e-17
6689.00	7.2495e-17
6690.00	6.96067e-17
6691.00	7.08271e-17
6692.00	6.91949e-17
6693.00	7.08214e-17
6694.00	7.71039e-17
6695.00	7.56016e-17
6696.00	7.71044e-17
6697.00	7.60525e-17
6698.00	6.9636e-17
6699.00	7.79255e-17
6700.00	7.80489e-17
6701.00	8.03103e-17
6702.00	7.93831e-17
6703.00	7.53876e-17
6704.00	7.62436e-17
6705.00	7.13038e-17
6706.00	7.83005e-17
6707.00	7.61266e-17
6708.00	7.35287e-17
6709.00	7.05297e-17
6710.00	7.04283e-17
6711.00	7.6069e-17
6712.00	7.1454e-17
6713.00	7.33343e-17
6714.00	7.45734e-17
6715.00	7.75399e-17
6716.00	7.89838e-17
6717.00	8.19924e-17
6718.00	7.40407e-17
6719.00	7.65052e-17
6720.00	7.59989e-17
6721.00	7.89615e-17
6722.00	7.99811e-17
6723.00	6.97574e-17
6724.00	7.81133e-17
6725.00	7.84421e-17
6726.00	7.81665e-17
6727.00	7.2394e-17
6728.00	8.00648e-17
6729.00	7.37534e-17
6730.00	7.4666e-17
6731.00	6.97536e-17
6732.00	7.33019e-17
6733.00	7.81179e-17
6734.00	7.91423e-17
6735.00	7.52776e-17
6736.00	8.03641e-17
6737.00	8.02278e-17
6738.00	7.67834e-17
6739.00	7.84082e-17
6740.00	7.95044e-17
6741.00	7.48956e-17
6742.00	7.50102e-17
6743.00	7.59516e-17
6744.00	7.04469e-17
6745.00	7.03692e-17
6746.00	7.30155e-17
6747.00	7.35117e-17
6748.00	7.62781e-17
6749.00	7.18588e-17
6750.00	7.30273e-17
6751.00	7.57437e-17
6752.00	7.61921e-17
6753.00	7.1442e-17
6754.00	7.55899e-17
6755.00	8.21669e-17
6756.00	8.31418e-17
6757.00	7.64481e-17
6758.00	6.9667e-17
6759.00	7.18457e-17
6760.00	7.50682e-17
6761.00	7.61274e-17
6762.00	7.20431e-17
6763.00	6.90485e-17
6764.00	7.52786e-17
6765.00	7.38306e-17
6766.00	7.40792e-17
6767.00	7.36452e-17
6768.00	7.51975e-17
6769.00	6.90899e-17
6770.00	7.10595e-17
6771.00	7.84919e-17
6772.00	7.23417e-17
6773.00	7.28402e-17
6774.00	7.25399e-17
6775.00	6.53566e-17
6776.00	6.93841e-17
6777.00	7.40371e-17
6778.00	7.61553e-17
6779.00	7.03807e-17
6780.00	6.80955e-17
6781.00	6.9023e-17
6782.00	6.86144e-17
6783.00	7.40021e-17
6784.00	7.25389e-17
6785.00	6.86614e-17
6786.00	7.60351e-17
6787.00	7.54253e-17
6788.00	7.09745e-17
6789.00	7.32072e-17
6790.00	7.14683e-17
6791.00	7.52994e-17
6792.00	7.35532e-17
6793.00	7.8578e-17
6794.00	7.56537e-17
6795.00	7.50205e-17
6796.00	7.42178e-17
6797.00	7.18336e-17
6798.00	7.46905e-17
6799.00	7.9395e-17
6800.00	7.90331e-17
6801.00	6.96397e-17
6802.00	7.01692e-17
6803.00	6.86688e-17
6804.00	7.31858e-17
6805.00	6.9266e-17
6806.00	6.99585e-17
6807.00	7.18494e-17
6808.00	7.1667e-17
6809.00	6.82214e-17
6810.00	7.88907e-17
6811.00	7.72659e-17
6812.00	7.42957e-17
6813.00	7.42983e-17
6814.00	6.81067e-17
6815.00	7.04727e-17
6816.00	7.57517e-17
6817.00	7.51734e-17
6818.00	7.23984e-17
6819.00	7.67164e-17
6820.00	7.76923e-17
6821.00	7.3617e-17
6822.00	7.74797e-17
6823.00	7.29451e-17
6824.00	7.40797e-17
6825.00	7.65657e-17
6826.00	7.06048e-17
6827.00	7.43714e-17
6828.00	7.99013e-17
6829.00	7.61571e-17
6830.00	6.90152e-17
6831.00	6.8516e-17
6832.00	7.35002e-17
6833.00	7.69892e-17
6834.00	7.83083e-17
6835.00	7.13183e-17
6836.00	6.23501e-17
6837.00	6.96402e-17
6838.00	7.22799e-17
6839.00	6.88774e-17
6840.00	7.1699e-17
6841.00	7.74412e-17
6842.00	7.40122e-17
6843.00	7.17669e-17
6844.00	7.2741e-17
6845.00	7.28141e-17
6846.00	7.05476e-17
6847.00	7.39343e-17
6848.00	7.63639e-17
6849.00	7.05608e-17
6850.00	6.93947e-17
6851.00	6.96767e-17
6852.00	7.46865e-17
6853.00	7.69413e-17
6854.00	7.24783e-17
6855.00	7.10675e-17
6856.00	7.28224e-17
6857.00	7.23058e-17
6858.00	6.67671e-17
6859.00	7.44248e-17
6860.00	7.0264e-17
6861.00	6.30034e-17
6862.00	6.15575e-17
6863.00	7.54865e-17
6864.00	7.85459e-17
6865.00	6.51088e-17
6866.00	6.59897e-17
6867.00	7.30114e-17
6868.00	7.1558e-17
6869.00	6.54336e-17
6870.00	6.92436e-17
6871.00	7.08699e-17
6872.00	7.60532e-17
6873.00	6.73109e-17
6874.00	6.95752e-17
6875.00	6.92452e-17
6876.00	6.74695e-17
6877.00	7.15455e-17
6878.00	6.57443e-17
6879.00	6.54235e-17
6880.00	7.73956e-17
6881.00	7.03361e-17
6882.00	6.93076e-17
6883.00	7.00896e-17
6884.00	6.89954e-17
6885.00	6.95509e-17
6886.00	6.98252e-17
6887.00	7.20151e-17
6888.00	7.33095e-17
6889.00	7.5226e-17
6890.00	7.49509e-17
6891.00	6.30481e-17
6892.00	6.33715e-17
6893.00	6.38512e-17
6894.00	6.93336e-17
6895.00	6.93847e-17
6896.00	7.08574e-17
6897.00	7.21867e-17
6898.00	7.11452e-17
6899.00	7.01564e-17
6900.00	7.75532e-17
6901.00	7.43856e-17
6902.00	6.53121e-17
6903.00	7.36813e-17
6904.00	7.44937e-17
6905.00	7.08798e-17
6906.00	7.08176e-17
6907.00	7.01246e-17
6908.00	6.88446e-17
6909.00	7.08777e-17
6910.00	6.73637e-17
6911.00	6.9302e-17
6912.00	7.64145e-17
6913.00	7.26986e-17
6914.00	6.95931e-17
6915.00	7.24159e-17
6916.00	6.99118e-17
6917.00	6.96414e-17
6918.00	6.94803e-17
6919.00	6.85032e-17
6920.00	6.52624e-17
6921.00	6.29483e-17
6922.00	8.96819e-17
6923.00	9.11168e-17
6924.00	7.48805e-17
6925.00	7.191e-17
6926.00	7.53667e-17
6927.00	7.54172e-17
6928.00	6.77432e-17
6929.00	7.56716e-17
6930.00	7.13772e-17
6931.00	7.30137e-17
6932.00	7.2849e-17
6933.00	7.35747e-17
6934.00	6.47669e-17
6935.00	7.19559e-17
6936.00	7.11083e-17
6937.00	6.45018e-17
6938.00	6.71716e-17
6939.00	8.19788e-17
6940.00	7.12765e-17
6941.00	6.80012e-17
6942.00	7.28191e-17
6943.00	7.25214e-17
6944.00	6.92922e-17
6945.00	6.97244e-17
6946.00	6.42582e-17
6947.00	5.98348e-17
6948.00	6.81218e-17
6949.00	8.44824e-17
6950.00	6.53468e-17
6951.00	6.58084e-17
6952.00	6.77524e-17
6953.00	7.13378e-17
6954.00	6.3573e-17
6955.00	7.1388e-17
6956.00	7.00027e-17
6957.00	7.36347e-17
6958.00	7.33418e-17
6959.00	7.24508e-17
6960.00	6.978e-17
6961.00	6.87821e-17
6962.00	7.34014e-17
6963.00	6.87609e-17
6964.00	7.30442e-17
6965.00	7.53595e-17
6966.00	7.2265e-17
6967.00	6.67792e-17
6968.00	6.76445e-17
6969.00	7.16715e-17
6970.00	7.23046e-17
6971.00	6.91871e-17
6972.00	6.80882e-17
6973.00	7.32051e-17
6974.00	6.90724e-17
6975.00	6.32452e-17
6976.00	6.92694e-17
6977.00	7.59558e-17
6978.00	7.95211e-17
6979.00	7.8731e-17
6980.00	6.96565e-17
6981.00	7.41589e-17
6982.00	7.00836e-17
6983.00	7.16289e-17
6984.00	7.56732e-17
6985.00	7.45152e-17
6986.00	7.32742e-17
6987.00	7.47392e-17
6988.00	7.09734e-17
6989.00	7.34051e-17
6990.00	6.56918e-17
6991.00	6.60991e-17
6992.00	7.10562e-17
6993.00	7.49021e-17
6994.00	7.15652e-17
6995.00	7.72144e-17
6996.00	7.52189e-17
6997.00	7.40776e-17
6998.00	7.6045e-17
6999.00	7.07287e-17
7000.00	6.82622e-17
7001.00	7.53648e-17
7002.00	7.49327e-17
7003.00	7.42667e-17
7004.00	6.95834e-17
7005.00	7.72146e-17
7006.00	7.60213e-17
7007.00	8.16972e-17
7008.00	7.85027e-17
7009.00	7.61308e-17
7010.00	8.07461e-17
7011.00	7.60466e-17
7012.00	6.69483e-17
7013.00	7.06847e-17
7014.00	7.12268e-17
7015.00	7.05652e-17
7016.00	7.20634e-17
7017.00	7.59641e-17
7018.00	6.88361e-17
7019.00	7.26827e-17
7020.00	6.70785e-17
7021.00	7.09937e-17
7022.00	6.91592e-17
7023.00	7.25283e-17
7024.00	7.30309e-17
7025.00	6.84882e-17
7026.00	6.71936e-17
7027.00	7.59769e-17
7028.00	7.42434e-17
7029.00	7.33927e-17
7030.00	6.62842e-17
7031.00	6.83886e-17
7032.00	6.70229e-17
7033.00	7.09749e-17
7034.00	6.96935e-17
7035.00	6.92585e-17
7036.00	6.73687e-17
7037.00	7.09289e-17
7038.00	7.38945e-17
7039.00	7.07362e-17
7040.00	6.96826e-17
