4350.00	2.97419e-18
4352.60	3.18223e-18
4355.20	4.00657e-18
4357.80	3.38883e-18
4360.40	3.18439e-18
4363.00	3.83104e-18
4365.60	2.59696e-18
4368.20	4.08659e-18
4370.80	4.01118e-18
4373.40	3.48884e-18
4376.00	4.30122e-18
4378.60	3.16141e-18
4381.20	3.42862e-18
4383.80	3.66442e-18
4386.40	3.39314e-18
4389.00	3.97658e-18
4391.60	3.3906e-18
4394.20	2.75045e-18
4396.80	5.25717e-18
4399.40	9.77005e-18
4402.00	1.04847e-17
4404.60	7.54919e-18
4407.20	4.73671e-18
4409.80	3.33893e-18
4412.40	1.9261e-18
4415.00	2.04402e-18
4417.60	3.00308e-18
4420.20	4.23319e-18
4422.80	4.10035e-18
4425.40	3.3081e-18
4428.00	3.53327e-18
4430.60	4.14025e-18
4433.20	3.04022e-18
4435.80	3.08119e-18
4438.40	3.13633e-18
4441.00	3.62388e-18
4443.60	2.8156e-18
4446.20	2.7385e-18
4448.80	2.91892e-18
4451.40	2.11956e-18
4454.00	1.97196e-18
4456.60	1.91095e-18
4459.20	2.06603e-18
4461.80	2.56436e-18
4464.40	2.11437e-18
4467.00	1.70106e-18
4469.60	1.80947e-18
4472.20	1.27402e-18
4474.80	2.41428e-18
4477.40	7.10137e-19
4480.00	1.58591e-18
4482.60	2.43679e-18
4485.20	1.18682e-18
4487.80	2.9176e-18
4490.40	2.14035e-18
4493.00	1.32443e-18
4495.60	1.34625e-18
4498.20	1.3454e-18
4500.80	1.94741e-18
4503.40	2.00219e-18
4506.00	1.37657e-18
4508.60	1.80784e-18
4511.20	1.40873e-18
4513.80	1.71899e-18
4516.40	1.69881e-18
4519.00	1.487e-18
4521.60	1.6273e-18
4524.20	2.21706e-18
4526.80	2.47948e-18
4529.40	1.73239e-18
4532.00	1.84286e-18
4534.60	1.94638e-18
4537.20	1.685e-18
4539.80	2.29513e-18
4542.40	1.46273e-18
4545.00	2.28619e-18
4547.60	2.88013e-18
4550.20	2.57983e-18
4552.80	3.37586e-18
4555.40	3.13878e-18
4558.00	2.96083e-18
4560.60	2.09112e-18
4563.20	2.91551e-18
4565.80	3.01369e-18
4568.40	3.63686e-18
4571.00	3.53109e-18
4573.60	3.56691e-18
4576.20	3.22169e-18
4578.80	2.66366e-18
4581.40	3.32957e-18
4584.00	2.84663e-18
4586.60	3.63209e-18
4589.20	3.81101e-18
4591.80	3.07856e-18
4594.40	3.16594e-18
4597.00	3.77335e-18
4599.60	3.67279e-18
4602.20	3.94645e-18
4604.80	3.99366e-18
4607.40	3.36005e-18
4610.00	4.13918e-18
4612.60	4.87383e-18
4615.20	3.66002e-18
4617.80	4.32873e-18
4620.40	4.63423e-18
4623.00	3.98869e-18
4625.60	4.84898e-18
4628.20	4.36354e-18
4630.80	3.98916e-18
4633.40	5.09451e-18
4636.00	4.87905e-18
4638.60	4.38916e-18
4641.20	3.83168e-18
4643.80	3.95482e-18
4646.40	4.25759e-18
4649.00	4.25639e-18
4651.60	5.40133e-18
4654.20	3.73331e-18
4656.80	4.20043e-18
4659.40	5.16427e-18
4662.00	4.21413e-18
4664.60	5.12336e-18
4667.20	5.43132e-18
4669.80	4.0966e-18
4672.40	4.81365e-18
4675.00	4.85642e-18
4677.60	4.71622e-18
4680.20	4.45532e-18
4682.80	3.70559e-18
4685.40	4.38016e-18
4688.00	4.93815e-18
4690.60	4.58756e-18
4693.20	4.51603e-18
4695.80	3.84568e-18
4698.40	4.37467e-18
4701.00	4.55525e-18
4703.60	4.29259e-18
4706.20	4.24242e-18
4708.80	4.31757e-18
4711.40	4.27099e-18
4714.00	4.39265e-18
4716.60	4.09144e-18
4719.20	3.9747e-18
4721.80	4.38996e-18
4724.40	3.63335e-18
4727.00	4.15498e-18
4729.60	4.21753e-18
4732.20	4.1286e-18
4734.80	4.20025e-18
4737.40	4.4001e-18
4740.00	3.92837e-18
4742.60	3.88858e-18
4745.20	3.94767e-18
4747.80	3.79522e-18
4750.40	3.99511e-18
4753.00	3.22853e-18
4755.60	4.34176e-18
4758.20	3.56343e-18
4760.80	4.11504e-18
4763.40	3.69986e-18
4766.00	3.05648e-18
4768.60	3.71338e-18
4771.20	3.31128e-18
4773.80	3.2841e-18
4776.40	3.69442e-18
4779.00	3.45369e-18
4781.60	3.57813e-18
4784.20	3.82547e-18
4786.80	3.74307e-18
4789.40	3.25156e-18
4792.00	3.34843e-18
4794.60	3.2264e-18
4797.20	3.07285e-18
4799.80	3.60134e-18
4802.40	3.19654e-18
4805.00	3.2782e-18
4807.60	3.0913e-18
4810.20	2.99906e-18
4812.80	3.67917e-18
4815.40	3.50679e-18
4818.00	3.32575e-18
4820.60	3.15135e-18
4823.20	3.59282e-18
4825.80	2.85541e-18
4828.40	2.82918e-18
4831.00	3.33658e-18
4833.60	3.26571e-18
4836.20	2.95928e-18
4838.80	2.86559e-18
4841.40	2.8091e-18
4844.00	3.34425e-18
4846.60	2.45547e-18
4849.20	2.74917e-18
4851.80	2.95222e-18
4854.40	3.06936e-18
4857.00	2.53084e-18
4859.60	3.67239e-18
4862.20	3.24818e-18
4864.80	2.50804e-18
4867.40	3.13977e-18
4870.00	3.14266e-18
4872.60	2.37113e-18
4875.20	2.44901e-18
4877.80	2.66738e-18
4880.40	3.00806e-18
4883.00	2.719e-18
4885.60	3.04729e-18
4888.20	2.7642e-18
4890.80	2.46763e-18
4893.40	3.19753e-18
4896.00	3.55713e-18
4898.60	2.81197e-18
4901.20	3.01851e-18
4903.80	3.53942e-18
4906.40	2.99236e-18
4909.00	2.81878e-18
4911.60	2.51943e-18
4914.20	2.78179e-18
4916.80	3.61622e-18
4919.40	3.25739e-18
4922.00	2.4151e-18
4924.60	2.79919e-18
4927.20	3.21684e-18
4929.80	2.53506e-18
4932.40	3.2748e-18
4935.00	3.35868e-18
4937.60	3.00135e-18
4940.20	3.11404e-18
4942.80	2.8847e-18
4945.40	3.4044e-18
4948.00	3.40378e-18
4950.60	3.14643e-18
4953.20	3.40131e-18
4955.80	3.51466e-18
4958.40	3.06071e-18
4961.00	3.4876e-18
4963.60	3.10694e-18
4966.20	3.04155e-18
4968.80	2.57018e-18
4971.40	2.85808e-18
4974.00	3.28045e-18
4976.60	3.01862e-18
4979.20	3.26647e-18
4981.80	2.93121e-18
4984.40	3.15368e-18
4987.00	3.60732e-18
4989.60	3.23106e-18
4992.20	3.15262e-18
4994.80	3.02219e-18
4997.40	3.25185e-18
5000.00	3.14813e-18
5002.60	3.21343e-18
5005.20	3.04952e-18
5007.80	3.16712e-18
5010.40	3.47155e-18
5013.00	3.35724e-18
5015.60	3.19416e-18
5018.20	3.04147e-18
5020.80	2.82346e-18
5023.40	3.35737e-18
5026.00	2.97697e-18
5028.60	3.52864e-18
5031.20	3.24661e-18
5033.80	3.32493e-18
5036.40	2.98445e-18
5039.00	3.21471e-18
5041.60	2.99682e-18
5044.20	3.21403e-18
5046.80	3.60245e-18
5049.40	3.27908e-18
5052.00	3.20547e-18
5054.60	3.05869e-18
5057.20	3.76459e-18
5059.80	3.84382e-18
5062.40	3.17236e-18
5065.00	2.9316e-18
5067.60	3.08585e-18
5070.20	3.50714e-18
5072.80	3.4148e-18
5075.40	3.09005e-18
5078.00	3.06551e-18
5080.60	3.53431e-18
5083.20	3.48343e-18
5085.80	3.22709e-18
5088.40	3.56653e-18
5091.00	3.62761e-18
5093.60	3.42065e-18
5096.20	3.58828e-18
5098.80	3.47843e-18
5101.40	3.89204e-18
5104.00	3.8518e-18
5106.60	3.34705e-18
5109.20	3.71553e-18
5111.80	3.80588e-18
5114.40	3.39436e-18
5117.00	3.34965e-18
5119.60	3.5579e-18
5122.20	3.51941e-18
5124.80	4.12918e-18
5127.40	4.41928e-18
5130.00	3.83687e-18
5132.60	3.75887e-18
5135.20	3.91614e-18
5137.80	3.22666e-18
5140.40	2.84802e-18
5143.00	3.13532e-18
5145.60	3.51274e-18
5148.20	3.24023e-18
5150.80	2.79011e-18
5153.40	3.08052e-18
5156.00	2.94488e-18
5158.60	2.77755e-18
5161.20	3.18417e-18
5163.80	2.72365e-18
5166.40	2.92732e-18
5169.00	2.97007e-18
5171.60	2.76365e-18
5174.20	2.71508e-18
5176.80	2.78379e-18
5179.40	2.88685e-18
5182.00	2.45555e-18
5184.60	2.5076e-18
5187.20	2.68498e-18
5189.80	2.1767e-18
5192.40	2.03295e-18
5195.00	2.68483e-18
5197.60	2.39787e-18
5200.20	1.99399e-18
5202.80	2.10501e-18
5205.40	2.36924e-18
5208.00	2.42474e-18
5210.60	2.4745e-18
5213.20	2.04613e-18
5215.80	1.82508e-18
5218.40	2.0939e-18
5221.00	2.29287e-18
5223.60	2.3434e-18
5226.20	2.38565e-18
5228.80	2.13726e-18
5231.40	1.99459e-18
5234.00	2.0256e-18
5236.60	1.98215e-18
5239.20	2.31389e-18
5241.80	2.304e-18
5244.40	2.14259e-18
5247.00	1.71804e-18
5249.60	2.33252e-18
5252.20	2.27633e-18
5254.80	2.40435e-18
5257.40	2.53613e-18
5260.00	2.36037e-18
5262.60	2.14283e-18
5265.20	2.52592e-18
5267.80	2.42952e-18
5270.40	2.38836e-18
5273.00	2.47013e-18
5275.60	2.00267e-18
5278.20	2.16149e-18
5280.80	2.52081e-18
5283.40	2.56153e-18
5286.00	2.23939e-18
5288.60	1.90458e-18
5291.20	2.04055e-18
5293.80	2.40022e-18
5296.40	2.51567e-18
5299.00	2.55206e-18
5301.60	2.7039e-18
5304.20	2.57078e-18
5306.80	2.6258e-18
5309.40	2.13971e-18
5312.00	2.58668e-18
5314.60	2.77702e-18
5317.20	2.73651e-18
5319.80	2.9397e-18
5322.40	2.78044e-18
5325.00	3.02119e-18
5327.60	2.95595e-18
5330.20	2.97762e-18
5332.80	3.10416e-18
5335.40	3.29987e-18
5338.00	3.08257e-18
5340.60	3.16529e-18
5343.20	2.47871e-18
5345.80	2.02814e-18
5348.40	1.89306e-18
5351.00	2.71865e-18
5353.60	3.66929e-18
5356.20	3.6751e-18
5358.80	3.78436e-18
5361.40	3.70091e-18
5364.00	3.9781e-18
5366.60	4.14569e-18
5369.20	4.00217e-18
5371.80	4.51817e-18
5374.40	4.5731e-18
5377.00	4.32394e-18
5379.60	4.45149e-18
5382.20	4.46767e-18
5384.80	4.46611e-18
5387.40	4.28479e-18
5390.00	4.34004e-18
5392.60	4.72511e-18
5395.20	4.67061e-18
5397.80	4.96606e-18
5400.40	4.82142e-18
5403.00	4.66321e-18
5405.60	4.78923e-18
5408.20	4.73836e-18
5410.80	4.92464e-18
5413.40	4.61526e-18
5416.00	4.50657e-18
5418.60	4.77448e-18
5421.20	4.69155e-18
5423.80	4.59786e-18
5426.40	5.01445e-18
5429.00	5.8187e-18
5431.60	5.51258e-18
5434.20	4.95409e-18
5436.80	5.33442e-18
5439.40	5.27486e-18
5442.00	5.4147e-18
5444.60	5.69813e-18
5447.20	5.73999e-18
5449.80	5.68568e-18
5452.40	5.61632e-18
5455.00	5.54778e-18
5457.60	5.67039e-18
5460.20	5.60136e-18
5462.80	5.61343e-18
5465.40	5.92898e-18
5468.00	5.93484e-18
5470.60	6.17696e-18
5473.20	5.94746e-18
5475.80	5.92082e-18
5478.40	6.02433e-18
5481.00	5.61506e-18
5483.60	5.34138e-18
5486.20	5.14733e-18
5488.80	5.23532e-18
5491.40	5.12117e-18
5494.00	5.2677e-18
5496.60	4.84218e-18
5499.20	4.80421e-18
5501.80	4.79911e-18
5504.40	4.82247e-18
5507.00	4.46386e-18
5509.60	4.36871e-18
5512.20	4.68088e-18
5514.80	4.50109e-18
5517.40	4.22437e-18
5520.00	4.11171e-18
5522.60	4.02433e-18
5525.20	3.93189e-18
5527.80	4.1678e-18
5530.40	3.7428e-18
5533.00	3.4415e-18
5535.60	3.35329e-18
5538.20	3.29815e-18
5540.80	3.54718e-18
5543.40	3.49295e-18
5546.00	3.77429e-18
5548.60	3.93918e-18
5551.20	3.38824e-18
5553.80	3.42708e-18
5556.40	3.9712e-18
5559.00	3.7545e-18
5561.60	3.25027e-18
5564.20	3.42463e-18
5566.80	3.1789e-18
5569.40	2.80558e-18
5572.00	2.8106e-18
5574.60	2.81562e-18
5577.20	2.82065e-18
5579.80	2.82567e-18
5582.40	2.83069e-18
5585.00	2.83572e-18
5587.60	2.84074e-18
5590.20	2.84074e-18
5592.80	2.97174e-18
5595.40	3.02373e-18
5598.00	2.70745e-18
5600.60	2.51319e-18
5603.20	2.3698e-18
5605.80	2.64594e-18
5608.40	2.7344e-18
5611.00	2.42628e-18
5613.60	2.68866e-18
5616.20	2.81222e-18
5618.80	2.85951e-18
5621.40	2.78383e-18
5624.00	2.56492e-18
5626.60	2.44069e-18
5629.20	2.55308e-18
5631.80	2.71802e-18
5634.40	2.54489e-18
5637.00	2.49879e-18
5639.60	2.83158e-18
5642.20	2.97128e-18
5644.80	2.77226e-18
5647.40	2.51046e-18
5650.00	2.4501e-18
5652.60	2.36198e-18
5655.20	2.38174e-18
5657.80	2.51893e-18
5660.40	2.69033e-18
5663.00	2.98518e-18
5665.60	2.91038e-18
5668.20	2.34778e-18
5670.80	2.3346e-18
5673.40	3.0793e-18
5676.00	3.35188e-18
5678.60	3.22297e-18
5681.20	3.31846e-18
5683.80	2.8934e-18
5686.40	2.74471e-18
5689.00	3.06764e-18
5691.60	3.5031e-18
5694.20	3.89423e-18
5696.80	3.48484e-18
5699.40	3.16298e-18
5702.00	3.34748e-18
5704.60	3.46836e-18
5707.20	2.92143e-18
5709.80	2.46413e-18
5712.40	2.88055e-18
5715.00	3.04091e-18
5717.60	2.6732e-18
5720.20	2.80424e-18
5722.80	3.01083e-18
5725.40	2.7157e-18
5728.00	2.72399e-18
5730.60	2.89996e-18
5733.20	2.71913e-18
5735.80	3.0774e-18
5738.40	4.83999e-18
5741.00	5.84336e-18
5743.60	4.91408e-18
5746.20	3.70834e-18
5748.80	3.02139e-18
5751.40	2.68786e-18
5754.00	2.78266e-18
5756.60	2.78207e-18
5759.20	2.96069e-18
5761.80	3.32756e-18
5764.40	3.32425e-18
5767.00	3.05265e-18
5769.60	3.21292e-18
5772.20	2.95482e-18
5774.80	2.96344e-18
5777.40	2.95816e-18
5780.00	2.84692e-18
5782.60	3.67027e-18
5785.20	3.75925e-18
5787.80	3.60493e-18
5790.40	3.65204e-18
5793.00	3.17615e-18
5795.60	3.10097e-18
5798.20	3.57847e-18
5800.80	4.0454e-18
5803.40	3.65159e-18
5806.00	3.69409e-18
5808.60	3.94233e-18
5811.20	4.07214e-18
5813.80	4.19368e-18
5816.40	4.12284e-18
5819.00	3.97992e-18
5821.60	4.08775e-18
5824.20	4.23559e-18
5826.80	4.0238e-18
5829.40	3.88445e-18
5832.00	4.39439e-18
5834.60	4.59594e-18
5837.20	4.61611e-18
5839.80	4.89226e-18
5842.40	4.5901e-18
5845.00	4.20656e-18
5847.60	4.4515e-18
5850.20	4.76133e-18
5852.80	5.59209e-18
5855.40	7.04271e-18
5858.00	6.75395e-18
5860.60	5.40292e-18
5863.20	4.66556e-18
5865.80	4.20376e-18
5868.40	4.35753e-18
5871.00	4.56817e-18
5873.60	4.0402e-18
5876.20	4.09189e-18
5878.80	3.92182e-18
5881.40	3.87791e-18
5884.00	3.93399e-18
5886.60	3.34198e-18
5889.20	3.3715e-18
5891.80	3.07668e-18
5894.40	3.03918e-18
5897.00	2.83748e-18
5899.60	3.03167e-18
5902.20	3.60232e-18
5904.80	3.03816e-18
5907.40	4.55702e-18
5910.00	8.22587e-18
5912.60	1.08037e-17
5915.20	8.53183e-18
5917.80	4.97242e-18
5920.40	3.77777e-18
5923.00	3.0091e-18
5925.60	2.98485e-18
5928.20	2.59013e-18
5930.80	2.34046e-18
5933.40	2.96113e-18
5936.00	2.99444e-18
5938.60	2.62176e-18
5941.20	2.35415e-18
5943.80	2.38537e-18
5946.40	2.58249e-18
5949.00	2.94888e-18
5951.60	2.76637e-18
5954.20	2.23804e-18
5956.80	2.79411e-18
5959.40	2.89978e-18
5962.00	2.6976e-18
5964.60	2.96051e-18
5967.20	2.93413e-18
5969.80	2.68786e-18
5972.40	2.44923e-18
5975.00	2.81836e-18
5977.60	2.5585e-18
5980.20	2.71932e-18
5982.80	2.80654e-18
5985.40	2.56177e-18
5988.00	2.17191e-18
5990.60	2.57445e-18
5993.20	3.00631e-18
5995.80	2.61031e-18
5998.40	2.38429e-18
6001.00	2.47683e-18
6003.60	2.24615e-18
6006.20	2.37252e-18
6008.80	3.21732e-18
6011.40	2.7857e-18
6014.00	2.52873e-18
6016.60	2.4161e-18
6019.20	2.83534e-18
6021.80	3.24958e-18
6024.40	2.67109e-18
6027.00	2.43145e-18
6029.60	2.35203e-18
6032.20	2.23688e-18
6034.80	2.717e-18
6037.40	2.66721e-18
6040.00	2.55487e-18
6042.60	3.01073e-18
6045.20	2.57821e-18
6047.80	2.25924e-18
6050.40	2.72718e-18
6053.00	2.7545e-18
6055.60	2.28218e-18
6058.20	1.95796e-18
6060.80	2.28493e-18
6063.40	2.63506e-18
6066.00	2.37501e-18
6068.60	2.2818e-18
6071.20	2.52207e-18
6073.80	2.54487e-18
6076.40	2.22303e-18
6079.00	2.51211e-18
6081.60	2.77158e-18
6084.20	2.49268e-18
6086.80	2.83059e-18
6089.40	2.70292e-18
6092.00	2.80972e-18
6094.60	3.3914e-18
6097.20	2.95961e-18
6099.80	2.59449e-18
6102.40	2.79285e-18
6105.00	2.55399e-18
6107.60	2.34137e-18
6110.20	2.92016e-18
6112.80	2.49881e-18
6115.40	2.72383e-18
6118.00	2.6574e-18
6120.60	2.84319e-18
6123.20	2.54403e-18
6125.80	3.21577e-18
6128.40	3.39031e-18
6131.00	2.81344e-18
6133.60	2.87745e-18
6136.20	3.08615e-18
6138.80	3.18234e-18
6141.40	1.42828e-18
6144.00	1.28973e-18
6146.60	1.60352e-18
6149.20	3.24401e-18
6151.80	3.32047e-18
6154.40	3.45961e-18
6157.00	3.03723e-18
6159.60	3.54489e-18
6162.20	3.62673e-18
6164.80	3.336e-18
6167.40	2.79822e-18
6170.00	3.34336e-18
6172.60	3.78552e-18
6175.20	3.22979e-18
6177.80	3.56411e-18
6180.40	3.92239e-18
6183.00	3.58406e-18
6185.60	3.4459e-18
6188.20	3.46125e-18
6190.80	3.28647e-18
6193.40	3.32055e-18
6196.00	3.4722e-18
6198.60	3.65223e-18
6201.20	3.62868e-18
6203.80	3.50394e-18
6206.40	3.74071e-18
6209.00	4.12395e-18
6211.60	3.8077e-18
6214.20	3.60997e-18
6216.80	3.98883e-18
6219.40	4.18678e-18
6222.00	3.83581e-18
6224.60	3.88748e-18
6227.20	3.89286e-18
6229.80	3.66677e-18
6232.40	3.90962e-18
6235.00	4.3843e-18
6237.60	3.92321e-18
6240.20	4.05858e-18
6242.80	4.26804e-18
6245.40	4.21927e-18
6248.00	4.25764e-18
6250.60	3.97807e-18
6253.20	4.38308e-18
6255.80	4.58902e-18
6258.40	4.41207e-18
6261.00	4.27248e-18
6263.60	4.39181e-18
6266.20	4.53274e-18
6268.80	4.61276e-18
6271.40	4.15012e-18
6274.00	4.41409e-18
6276.60	4.24017e-18
6279.20	5.23022e-18
6281.80	4.90298e-18
6284.40	4.90821e-18
6287.00	4.98102e-18
6289.60	4.4068e-18
6292.20	4.28565e-18
6294.80	4.43323e-18
6297.40	4.77894e-18
6300.00	4.29901e-18
6302.60	4.58926e-18
6305.20	4.65411e-18
6307.80	4.52344e-18
6310.40	4.60976e-18
6313.00	4.55989e-18
6315.60	4.78056e-18
6318.20	4.62917e-18
6320.80	4.32287e-18
6323.40	4.27649e-18
6326.00	4.0057e-18
6328.60	5.32818e-18
6331.20	4.97148e-18
6333.80	4.75396e-18
6336.40	5.66298e-18
6339.00	4.75868e-18
6341.60	5.51571e-18
6344.20	4.79117e-18
6346.80	4.69706e-18
6349.40	5.50059e-18
6352.00	5.08727e-18
6354.60	4.35901e-18
6357.20	4.77749e-18
6359.80	4.63916e-18
6362.40	4.95593e-18
6365.00	5.21899e-18
6367.60	4.9323e-18
6370.20	5.10732e-18
6372.80	4.19207e-18
6375.40	4.85259e-18
6378.00	4.69851e-18
6380.60	4.63447e-18
6383.20	4.43302e-18
6385.80	4.65063e-18
6388.40	4.49979e-18
6391.00	4.10528e-18
6393.60	4.53931e-18
6396.20	4.48423e-18
6398.80	4.43286e-18
6401.40	4.75154e-18
6404.00	4.5695e-18
6406.60	4.53928e-18
6409.20	4.64247e-18
6411.80	4.61497e-18
6414.40	4.91166e-18
6417.00	5.17703e-18
6419.60	4.26754e-18
6422.20	4.24874e-18
6424.80	4.71912e-18
6427.40	4.5772e-18
6430.00	4.24819e-18
6432.60	4.64722e-18
6435.20	5.63888e-18
6437.80	5.18402e-18
6440.40	4.79839e-18
6443.00	5.25461e-18
6445.60	5.02198e-18
6448.20	4.93642e-18
6450.80	5.20565e-18
6453.40	5.30464e-18
6456.00	5.31544e-18
6458.60	5.0325e-18
6461.20	5.28201e-18
6463.80	5.15901e-18
6466.40	6.13846e-18
6469.00	5.78981e-18
6471.60	5.61446e-18
6474.20	6.00984e-18
6476.80	5.50983e-18
6479.40	5.49078e-18
6482.00	5.62496e-18
6484.60	6.03717e-18
6487.20	5.84681e-18
6489.80	5.24463e-18
6492.40	5.0175e-18
6495.00	5.30205e-18
6497.60	5.70428e-18
6500.20	6.31266e-18
6502.80	5.77031e-18
6505.40	5.71197e-18
6508.00	5.5602e-18
6510.60	5.32751e-18
6513.20	6.08735e-18
6515.80	5.66226e-18
6518.40	4.85904e-18
6521.00	5.31573e-18
6523.60	5.96166e-18
6526.20	6.0044e-18
6528.80	5.42959e-18
6531.40	5.72238e-18
6534.00	5.44057e-18
6536.60	5.45172e-18
6539.20	5.95927e-18
6541.80	5.93529e-18
6544.40	5.8708e-18
6547.00	5.62557e-18
6549.60	5.16172e-18
6552.20	5.43992e-18
6554.80	5.76405e-18
6557.40	5.40247e-18
6560.00	5.62401e-18
6562.60	5.22794e-18
6565.20	4.96375e-18
6567.80	5.69567e-18
6570.40	5.11153e-18
6573.00	4.51528e-18
6575.60	4.90321e-18
6578.20	5.26507e-18
6580.80	5.52816e-18
6583.40	5.12644e-18
6586.00	4.71331e-18
6588.60	4.96043e-18
6591.20	5.46153e-18
6593.80	4.85726e-18
6596.40	4.38508e-18
6599.00	4.38312e-18
6601.60	4.42077e-18
6604.20	4.9929e-18
6606.80	4.55156e-18
6609.40	4.39082e-18
6612.00	4.70515e-18
6614.60	4.39658e-18
6617.20	4.29602e-18
6619.80	4.25649e-18
6622.40	4.66616e-18
6625.00	3.89561e-18
6627.60	3.85211e-18
6630.20	4.33507e-18
6632.80	4.16553e-18
6635.40	4.35728e-18
6638.00	4.28108e-18
6640.60	3.54447e-18
6643.20	3.93994e-18
6645.80	3.95626e-18
6648.40	3.92833e-18
6651.00	3.71124e-18
6653.60	3.62895e-18
6656.20	3.25767e-18
6658.80	3.51174e-18
6661.40	3.49248e-18
6664.00	3.28312e-18
6666.60	3.26302e-18
6669.20	3.27708e-18
6671.80	3.43202e-18
6674.40	3.49923e-18
6677.00	3.14425e-18
6679.60	3.53177e-18
6682.20	3.47115e-18
6684.80	3.25166e-18
6687.40	3.05832e-18
6690.00	3.07344e-18
6692.60	3.21466e-18
6695.20	2.98947e-18
6697.80	2.94474e-18
6700.40	3.12335e-18
6703.00	3.11739e-18
6705.60	3.16385e-18
6708.20	2.85356e-18
6710.80	2.56368e-18
6713.40	2.754e-18
6716.00	2.6956e-18
6718.60	2.88896e-18
6721.20	3.1237e-18
6723.80	2.57201e-18
6726.40	2.95699e-18
6729.00	2.93171e-18
6731.60	3.1933e-18
6734.20	3.57971e-18
6736.80	3.02401e-18
6739.40	2.81141e-18
6742.00	2.37971e-18
6744.60	2.36728e-18
6747.20	3.07975e-18
6749.80	2.84085e-18
6752.40	2.59743e-18
6755.00	3.06936e-18
6757.60	3.82492e-18
6760.20	3.52105e-18
6762.80	3.19123e-18
6765.40	3.34304e-18
6768.00	3.16324e-18
6770.60	3.09217e-18
6773.20	2.97015e-18
6775.80	2.76968e-18
6778.40	3.48169e-18
6781.00	3.80797e-18
6783.60	3.73405e-18
6786.20	3.86871e-18
6788.80	3.71516e-18
6791.40	3.84338e-18
6794.00	3.9256e-18
6796.60	4.45373e-18
6799.20	4.28792e-18
6801.80	3.97168e-18
6804.40	4.39053e-18
6807.00	4.5807e-18
6809.60	4.22804e-18
6812.20	4.87973e-18
6814.80	4.51591e-18
6817.40	5.028e-18
6820.00	4.59016e-18
6822.60	4.76042e-18
6825.20	4.63085e-18
6827.80	4.77939e-18
6830.40	4.77436e-18
6833.00	4.98444e-18
6835.60	5.08551e-18
6838.20	5.14559e-18
6840.80	4.94577e-18
6843.40	4.9055e-18
6846.00	5.1521e-18
6848.60	5.23696e-18
6851.20	4.87145e-18
6853.80	4.60157e-18
6856.40	5.29833e-18
6859.00	5.5681e-18
6861.60	4.84737e-18
6864.20	5.02327e-18
6866.80	5.60628e-18
6869.40	5.12445e-18
6872.00	4.80735e-18
6874.60	5.34562e-18
6877.20	5.95239e-18
6879.80	5.65614e-18
6882.40	5.16473e-18
6885.00	4.99347e-18
6887.60	5.5008e-18
6890.20	5.28716e-18
6892.80	5.57268e-18
6895.40	5.48673e-18
6898.00	4.76381e-18
6900.60	5.28084e-18
6903.20	5.3598e-18
6905.80	4.96313e-18
6908.40	5.37198e-18
6911.00	5.61748e-18
6913.60	4.93729e-18
6916.20	4.67611e-18
6918.80	4.97356e-18
6921.40	5.17354e-18
6924.00	4.87259e-18
6926.60	4.89278e-18
6929.20	5.20916e-18
6931.80	5.25725e-18
6934.40	5.0351e-18
6937.00	5.14478e-18
6939.60	5.13819e-18
6942.20	4.96303e-18
6944.80	4.98054e-18
6947.40	4.75741e-18
6950.00	4.4731e-18
6952.60	4.56982e-18
6955.20	4.51964e-18
6957.80	4.68925e-18
6960.40	4.8462e-18
6963.00	4.74418e-18
6965.60	4.90388e-18
6968.20	4.74957e-18
6970.80	4.97115e-18
6973.40	4.79e-18
6976.00	4.14025e-18
6978.60	4.54046e-18
6981.20	3.54147e-18
6983.80	4.16835e-18
6986.40	4.62663e-18
6989.00	3.80987e-18
6991.60	4.09752e-18
6994.20	4.21462e-18
6996.80	4.64242e-18
6999.40	4.75656e-18
7002.00	4.42474e-18
7004.60	4.4296e-18
7007.20	4.3917e-18
7009.80	4.16249e-18
7012.40	4.047e-18
7015.00	3.70945e-18
7017.60	3.60514e-18
7020.20	3.9585e-18
7022.80	3.794e-18
7025.40	3.74035e-18
7028.00	3.77929e-18
7030.60	3.49491e-18
7033.20	4.08208e-18
7035.80	4.13401e-18
7038.40	3.0346e-18
7041.00	3.51127e-18
7043.60	3.88034e-18
7046.20	3.83617e-18
7048.80	3.9249e-18
7051.40	3.67188e-18
7054.00	3.10716e-18
7056.60	3.32533e-18
7059.20	3.69142e-18
7061.80	3.18739e-18
7064.40	2.99013e-18
7067.00	2.96638e-18
7069.60	3.21142e-18
7072.20	3.4911e-18
7074.80	3.18652e-18
7077.40	3.23191e-18
7080.00	3.18099e-18
7082.60	3.00905e-18
7085.20	3.21153e-18
7087.80	3.09942e-18
7090.40	3.06042e-18
7093.00	3.1673e-18
7095.60	3.098e-18
7098.20	3.13543e-18
7100.80	3.07887e-18
7103.40	2.85761e-18
7106.00	2.78263e-18
7108.60	3.03719e-18
7111.20	3.11598e-18
7113.80	3.3107e-18
7116.40	3.13218e-18
7119.00	3.22885e-18
7121.60	3.32758e-18
7124.20	3.30688e-18
7126.80	3.04308e-18
7129.40	2.96862e-18
7132.00	2.9577e-18
7134.60	2.68035e-18
7137.20	2.9962e-18
7139.80	3.11346e-18
7142.40	2.91539e-18
7145.00	2.61413e-18
7147.60	2.4213e-18
7150.20	2.97028e-18
7152.80	3.21448e-18
7155.40	2.71541e-18
7158.00	2.76807e-18
7160.60	3.12155e-18
7163.20	2.95068e-18
7165.80	2.71418e-18
7168.40	2.83624e-18
7171.00	2.81448e-18
7173.60	2.53127e-18
7176.20	2.69563e-18
7178.80	3.07896e-18
7181.40	3.11175e-18
7184.00	2.89825e-18
7186.60	2.64768e-18
7189.20	2.40505e-18
7191.80	3.14764e-18
7194.40	3.35558e-18
7197.00	2.70547e-18
7199.60	2.32401e-18
7202.20	2.97027e-18
7204.80	3.35758e-18
7207.40	2.90587e-18
7210.00	2.77111e-18
7212.60	2.71177e-18
7215.20	2.61832e-18
7217.80	2.84672e-18
7220.40	3.11721e-18
7223.00	2.95748e-18
7225.60	2.89724e-18
7228.20	2.94716e-18
7230.80	2.82305e-18
7233.40	2.62349e-18
7236.00	2.73758e-18
7238.60	3.05585e-18
7241.20	2.98056e-18
7243.80	2.80135e-18
7246.40	2.4564e-18
7249.00	2.54825e-18
7251.60	2.75047e-18
7254.20	2.92284e-18
7256.80	3.02934e-18
7259.40	3.20997e-18
7262.00	3.27694e-18
7264.60	3.06436e-18
7267.20	3.23145e-18
7269.80	3.38498e-18
7272.40	3.47222e-18
7275.00	2.79479e-18
7277.60	3.47111e-18
7280.20	4.29776e-18
7282.80	3.86297e-18
7285.40	3.64998e-18
7288.00	3.30843e-18
7290.60	3.18157e-18
7293.20	3.23666e-18
7295.80	3.1316e-18
7298.40	3.42872e-18
7301.00	3.54564e-18
7303.60	3.296e-18
7306.20	3.74758e-18
7308.80	3.83241e-18
7311.40	3.75997e-18
7314.00	4.25616e-18
7316.60	4.67847e-18
7319.20	3.84328e-18
7321.80	3.31929e-18
7324.40	3.55731e-18
7327.00	3.82617e-18
7329.60	4.33199e-18
7332.20	3.97618e-18
7334.80	3.6427e-18
7337.40	3.67106e-18
7340.00	3.41356e-18
7342.60	3.75313e-18
7345.20	4.3498e-18
7347.80	3.66063e-18
7350.40	3.40137e-18
7353.00	3.96068e-18
7355.60	3.46813e-18
7358.20	3.01122e-18
7360.80	2.78656e-18
7363.40	2.61642e-18
7366.00	3.2201e-18
7368.60	3.43807e-18
7371.20	3.35902e-18
7373.80	3.35829e-18
7376.40	2.98388e-18
7379.00	2.85824e-18
7381.60	3.04862e-18
7384.20	2.95417e-18
7386.80	3.10176e-18
7389.40	3.06387e-18
7392.00	2.85459e-18
7394.60	2.65575e-18
7397.20	2.1395e-18
7399.80	2.89017e-18
7402.40	3.31588e-18
7405.00	2.88078e-18
7407.60	2.97168e-18
7410.20	2.59835e-18
7412.80	2.54162e-18
7415.40	3.14801e-18
7418.00	2.83178e-18
7420.60	2.35179e-18
7423.20	2.591e-18
7425.80	2.38248e-18
7428.40	2.33035e-18
7431.00	2.45998e-18
7433.60	2.78801e-18
7436.20	2.91994e-18
7438.80	2.76181e-18
7441.40	2.92138e-18
7444.00	2.94617e-18
7446.60	2.74582e-18
7449.20	2.55399e-18
7451.80	3.09903e-18
7454.40	3.07247e-18
7457.00	2.27148e-18
7459.60	2.15259e-18
7462.20	1.98212e-18
7464.80	2.18131e-18
7467.40	2.48451e-18
7470.00	2.17169e-18
7472.60	2.24034e-18
7475.20	3.21272e-18
7477.80	3.0155e-18
7480.40	2.30044e-18
7483.00	2.60238e-18
7485.60	2.75686e-18
7488.20	2.78501e-18
7490.80	2.81365e-18
7493.40	2.68797e-18
7496.00	2.40612e-18
7498.60	2.3026e-18
7501.20	2.54816e-18
7503.80	2.5927e-18
7506.40	2.48101e-18
7509.00	2.70498e-18
7511.60	3.07271e-18
7514.20	3.40099e-18
7516.80	3.39463e-18
7519.40	3.52756e-18
7522.00	3.57898e-18
7524.60	3.00302e-18
7527.20	2.99707e-18
7529.80	3.31113e-18
7532.40	3.14371e-18
7535.00	3.26606e-18
7537.60	3.52122e-18
7540.20	3.51763e-18
7542.80	3.32013e-18
7545.40	3.37614e-18
7548.00	3.6126e-18
7550.60	3.67577e-18
7553.20	3.81438e-18
7555.80	3.52549e-18
7558.40	3.45489e-18
7561.00	3.55085e-18
7563.60	3.38609e-18
7566.20	3.35264e-18
7568.80	3.52002e-18
7571.40	3.60846e-18
7574.00	3.6597e-18
7576.60	3.50194e-18
7579.20	3.60145e-18
7581.80	3.82549e-18
7584.40	3.55758e-18
7587.00	3.77001e-18
7589.60	4.02989e-18
7592.20	4.37916e-18
7594.80	4.74058e-18
7597.40	3.89787e-18
7600.00	4.2298e-18
7602.60	4.09041e-18
7605.20	2.96595e-18
7607.80	3.49588e-18
7610.40	5.03385e-18
7613.00	4.71942e-18
7615.60	4.31358e-18
7618.20	4.29069e-18
7620.80	5.34738e-18
7623.40	4.94533e-18
7626.00	4.06848e-18
7628.60	4.68654e-18
7631.20	5.4189e-18
7633.80	5.05424e-18
7636.40	4.29387e-18
7639.00	4.50302e-18
7641.60	4.43494e-18
7644.20	3.8249e-18
7646.80	4.31209e-18
7649.40	5.23915e-18
7652.00	4.52846e-18
7654.60	3.91947e-18
7657.20	4.0794e-18
7659.80	4.41075e-18
7662.40	5.19673e-18
7665.00	5.09021e-18
7667.60	4.59183e-18
7670.20	4.56693e-18
7672.80	4.55948e-18
7675.40	5.10158e-18
7678.00	4.50966e-18
7680.60	4.10636e-18
7683.20	4.25812e-18
7685.80	4.64272e-18
7688.40	4.53833e-18
7691.00	4.60485e-18
7693.60	4.51265e-18
7696.20	4.68094e-18
7698.80	4.42605e-18
7701.40	4.30895e-18
7704.00	4.50256e-18
7706.60	4.84663e-18
7709.20	4.32206e-18
7711.80	3.79392e-18
7714.40	4.28545e-18
7717.00	4.08875e-18
7719.60	5.3141e-18
7722.20	5.56259e-18
7724.80	4.78723e-18
7727.40	5.03138e-18
7730.00	4.26999e-18
7732.60	4.49884e-18
7735.20	4.59797e-18
7737.80	4.0498e-18
7740.40	3.74116e-18
7743.00	4.93867e-18
7745.60	6.92613e-18
7748.20	9.80595e-18
7750.80	1.20488e-17
7753.40	9.7789e-18
7756.00	5.40423e-18
7758.60	4.0868e-18
7761.20	3.60513e-18
7763.80	2.98269e-18
7766.40	3.45663e-18
7769.00	3.84682e-18
7771.60	3.7066e-18
7774.20	4.14986e-18
7776.80	4.0627e-18
7779.40	3.75544e-18
7782.00	4.25365e-18
7784.60	3.27461e-18
7787.20	3.42668e-18
7789.80	3.12873e-18
7792.40	3.42255e-18
7795.00	3.75376e-18
7797.60	3.46699e-18
7800.20	4.16127e-18
7802.80	3.91245e-18
7805.40	3.83802e-18
7808.00	3.31216e-18
7810.60	4.07527e-18
7813.20	2.98712e-18
7815.80	2.92212e-18
7818.40	2.658e-18
7821.00	2.84935e-18
7823.60	3.86497e-18
7826.20	3.53613e-18
7828.80	2.73572e-18
7831.40	3.11614e-18
7834.00	3.4418e-18
7836.60	2.45826e-18
7839.20	2.44131e-18
7841.80	2.77479e-18
7844.40	2.62971e-18
7847.00	2.21093e-18
7849.60	2.39858e-18
7852.20	2.98581e-18
7854.80	2.64342e-18
7857.40	2.63022e-18
7860.00	2.65468e-18
7862.60	1.93635e-18
7865.20	2.00217e-18
7867.80	3.07827e-18
7870.40	2.92374e-18
7873.00	2.60501e-18
7875.60	2.16981e-18
7878.20	2.89782e-18
7880.80	2.63044e-18
7883.40	2.56075e-18
7886.00	3.08694e-18
7888.60	3.3286e-18
7891.20	2.88729e-18
7893.80	2.42179e-18
7896.40	2.5011e-18
7899.00	2.52459e-18
7901.60	1.97662e-18
7904.20	1.8039e-18
7906.80	2.34101e-18
7909.40	3.2187e-18
7912.00	3.67801e-18
7914.60	2.16258e-18
7917.20	2.41487e-18
7919.80	2.96742e-18
7922.40	2.15145e-18
7925.00	2.00213e-18
7927.60	1.87575e-18
7930.20	2.85198e-18
7932.80	4.04653e-18
7935.40	3.22914e-18
7938.00	2.98889e-18
7940.60	2.85679e-18
7943.20	2.93801e-18
7945.80	2.39085e-18
7948.40	1.82979e-18
7951.00	2.40587e-18
7953.60	2.73818e-18
7956.20	2.04305e-18
7958.80	1.38177e-18
7961.40	1.98786e-18
7964.00	2.79196e-18
7966.60	2.83586e-18
7969.20	1.84757e-18
7971.80	1.38496e-18
7974.40	1.59031e-18
7977.00	1.23484e-18
7979.60	1.76112e-18
7982.20	1.55239e-18
7984.80	1.77496e-18
7987.40	1.9397e-18
7990.00	1.8514e-18
7992.60	2.37588e-18
7995.20	1.29252e-18
7997.80	2.64459e-18
8000.40	2.11522e-18
8003.00	2.3561e-18
8005.60	2.574e-18
8008.20	2.18216e-18
8010.80	2.00603e-18
8013.40	1.91243e-18
8016.00	1.92986e-18
8018.60	2.51283e-18
8021.20	2.33329e-18
8023.80	1.59589e-18
8026.40	1.57192e-18
8029.00	1.48358e-18
8031.60	1.63125e-18
8034.20	1.80394e-18
8036.80	2.23698e-18
8039.40	1.77018e-18
8042.00	1.61751e-18
8044.60	2.05018e-18
8047.20	2.18934e-18
8049.80	1.57668e-18
8052.40	2.09708e-18
8055.00	1.95902e-18
8057.60	1.50365e-18
8060.20	2.81597e-18
8062.80	2.72447e-18
8065.40	1.54616e-18
8068.00	1.7049e-18
8070.60	1.65298e-18
8073.20	1.59337e-18
8075.80	1.85012e-18
8078.40	2.21179e-18
8081.00	2.00701e-18
8083.60	2.01775e-18
8086.20	1.62877e-18
8088.80	1.57814e-18
8091.40	1.72703e-18
8094.00	1.54133e-18
8096.60	2.32154e-18
8099.20	2.84363e-18
8101.80	2.12e-18
8104.40	2.06794e-18
8107.00	2.31508e-18
8109.60	1.48907e-18
8112.20	2.07292e-18
8114.80	2.1784e-18
8117.40	1.78601e-18
8120.00	2.07028e-18
8122.60	2.19037e-18
8125.20	1.37283e-18
8127.80	1.29133e-18
8130.40	2.37784e-18
8133.00	1.78833e-18
8135.60	3.00377e-18
8138.20	2.70372e-18
8140.80	2.18364e-18
8143.40	1.67273e-18
8146.00	2.15526e-18
8148.60	2.54372e-18
8151.20	1.88307e-18
8153.80	2.04872e-18
8156.40	2.18935e-18
8159.00	1.93072e-18
8161.60	2.12568e-18
8164.20	2.0752e-18
8166.80	2.03902e-18
8169.40	1.72025e-18
8172.00	2.85359e-18
8174.60	2.08387e-18
8177.20	2.07306e-18
8179.80	2.10963e-18
8182.40	2.17573e-18
8185.00	2.13086e-18
8187.60	2.22043e-18
8190.20	2.35248e-18
8192.80	1.92945e-18
8195.40	2.21783e-18
8198.00	1.43276e-18
8200.60	2.20431e-18
8203.20	1.8673e-18
8205.80	1.3833e-18
8208.40	1.99304e-18
8211.00	2.3849e-18
8213.60	2.6253e-18
8216.20	2.10601e-18
8218.80	1.32054e-18
8221.40	1.87468e-18
8224.00	1.78613e-18
8226.60	8.96078e-19
8229.20	2.34923e-18
8231.80	2.25173e-18
8234.40	1.42064e-18
8237.00	2.34872e-18
8239.60	1.50954e-18
8242.20	1.65339e-18
8244.80	2.49623e-18
8247.40	2.60502e-18
8250.00	1.74909e-18
8252.60	2.08016e-18
8255.20	2.11282e-18
8257.80	1.54404e-18
8260.40	1.6227e-18
8263.00	1.58053e-18
8265.60	1.65777e-18
8268.20	1.76399e-18
8270.80	2.57443e-18
8273.40	2.18623e-18
8276.00	1.12839e-18
8278.60	2.56979e-18
8281.20	2.52218e-18
8283.80	6.96705e-19
8286.40	1.03021e-18
8289.00	1.17096e-18
8291.60	1.80283e-18
8294.20	1.48928e-18
8296.80	3.42469e-19
8299.40	2.05509e-18
8302.00	2.79431e-18
8304.60	2.80792e-18
8307.20	1.08744e-18
8309.80	9.76796e-19
8312.40	1.21255e-18
8315.00	1.49033e-18
8317.60	1.92246e-18
8320.20	1.71548e-18
8322.80	1.7736e-18
8325.40	1.55193e-18
8328.00	1.34567e-18
8330.60	2.22292e-18
8333.20	1.52706e-18
8335.80	1.97721e-18
8338.40	2.43575e-18
8341.00	1.37359e-18
8343.60	2.13274e-18
8346.20	2.20614e-18
8348.80	1.14647e-18
8351.40	2.01362e-18
8354.00	1.67261e-18
8356.60	1.62956e-18
8359.20	2.99364e-18
8361.80	2.12999e-18
8364.40	1.64296e-18
8367.00	1.92365e-18
8369.60	2.38525e-18
8372.20	2.31853e-18
8374.80	1.13769e-18
8377.40	2.78434e-18
8380.00	2.339e-18
8382.60	1.54122e-18
8385.20	1.80147e-18
8387.80	1.59853e-18
8390.40	1.77263e-18
8393.00	1.64991e-18
8395.60	2.27306e-18
8398.20	2.182e-18
8400.80	2.03076e-18
8403.40	2.37985e-18
8406.00	2.31704e-18
8408.60	1.68226e-18
8411.20	2.2032e-18
8413.80	2.4564e-18
8416.40	1.30265e-18
8419.00	1.64709e-18
8421.60	2.44562e-18
8424.20	1.74253e-18
8426.80	1.30147e-18
8429.40	1.141e-18
8432.00	1.04029e-18
8434.60	1.85757e-18
8437.20	1.14745e-18
8439.80	1.28774e-18
8442.40	1.39e-18
8445.00	2.11113e-18
8447.60	3.08233e-18
8450.20	2.14647e-18
8452.80	1.6798e-18
8455.40	8.54767e-19
8458.00	1.14508e-18
8460.60	1.93313e-18
8463.20	1.69515e-18
8465.80	2.18942e-18
8468.40	1.38796e-18
8471.00	1.25691e-18
8473.60	2.46231e-18
8476.20	2.28136e-18
8478.80	2.10734e-18
8481.40	1.79678e-18
8484.00	2.33091e-18
8486.60	2.81577e-18
8489.20	1.99566e-18
8491.80	1.69903e-18
8494.40	1.99554e-18
8497.00	1.65688e-18
8499.60	1.44635e-18
8502.20	2.30324e-18
8504.80	2.00598e-18
8507.40	2.5311e-18
8510.00	2.23601e-18
8512.60	2.00989e-18
8515.20	1.82678e-18
8517.80	2.33712e-18
8520.40	1.9016e-18
8523.00	2.0046e-18
8525.60	2.25357e-18
8528.20	2.25636e-18
8530.80	1.73743e-18
8533.40	2.31463e-18
8536.00	3.33607e-18
8538.60	2.5938e-18
8541.20	2.4609e-18
8543.80	3.01595e-18
8546.40	2.73255e-18
8549.00	3.01901e-18
8551.60	2.06061e-18
8554.20	2.29589e-18
8556.80	2.329e-18
8559.40	2.101e-18
8562.00	1.69189e-18
8564.60	2.53776e-18
8567.20	2.34877e-18
8569.80	2.24256e-18
8572.40	3.05084e-18
8575.00	2.35458e-18
8577.60	2.84377e-18
8580.20	2.75073e-18
8582.80	2.06963e-18
8585.40	2.35028e-18
8588.00	3.1193e-18
8590.60	2.7917e-18
8593.20	2.22706e-18
8595.80	1.80362e-18
8598.40	2.10217e-18
8601.00	2.31407e-18
8603.60	2.42953e-18
8606.20	2.37213e-18
8608.80	2.36919e-18
8611.40	2.35997e-18
8614.00	1.63452e-18
8616.60	2.7707e-18
8619.20	2.85818e-18
8621.80	2.12971e-18
8624.40	2.71316e-18
8627.00	2.07527e-18
8629.60	2.80077e-18
8632.20	3.13951e-18
8634.80	2.35168e-18
8637.40	1.94061e-18
8640.00	2.87287e-18
8642.60	1.90151e-18
8645.20	2.67905e-18
8647.80	2.71144e-18
8650.40	2.71992e-18
8653.00	2.44738e-18
8655.60	1.69177e-18
8658.20	1.83127e-18
8660.80	3.37165e-18
8663.40	2.09486e-18
8666.00	1.3697e-18
8668.60	1.80716e-18
8671.20	2.2652e-18
8673.80	2.06772e-18
8676.40	1.93773e-18
8679.00	2.35476e-18
8681.60	2.12826e-18
8684.20	2.61756e-18
8686.80	2.12791e-18
8689.40	2.38031e-18
8692.00	2.59268e-18
8694.60	2.72634e-18
8697.20	2.57262e-18
8699.80	2.43919e-18
8702.40	2.28508e-18
8705.00	1.8596e-18
8707.60	2.09728e-18
8710.20	2.48087e-18
8712.80	1.81603e-18
8715.40	1.23215e-18
8718.00	2.00468e-18
8720.60	3.06064e-18
8723.20	2.30919e-18
8725.80	2.47213e-18
8728.40	2.40882e-18
8731.00	1.71338e-18
8733.60	2.69883e-18
8736.20	2.53461e-18
8738.80	2.34111e-18
8741.40	2.71762e-18
8744.00	1.99201e-18
8746.60	2.27644e-18
8749.20	2.51487e-18
8751.80	1.47875e-18
8754.40	1.31103e-18
8757.00	1.9802e-18
8759.60	2.52147e-18
8762.20	1.41452e-18
8764.80	1.11946e-18
8767.40	2.00347e-18
8770.00	2.78461e-18
8772.60	3.47703e-18
8775.20	2.57407e-18
8777.80	2.63955e-18
8780.40	1.5888e-18
8783.00	1.4337e-18
8785.60	1.81965e-18
8788.20	1.8282e-18
8790.80	2.57196e-18
8793.40	3.26592e-18
8796.00	2.9728e-18
8798.60	2.70747e-18
8801.20	2.44108e-18
8803.80	1.81265e-18
8806.40	1.70704e-18
8809.00	2.29835e-18
8811.60	2.69936e-18
8814.20	3.05201e-18
8816.80	2.29394e-18
8819.40	1.35865e-18
8822.00	3.60904e-18
8824.60	4.71864e-18
8827.20	2.6498e-18
8829.80	1.10723e-18
8832.40	3.75724e-18
8835.00	3.88711e-18
8837.60	3.80365e-18
8840.20	2.73156e-18
8842.80	1.89442e-18
8845.40	2.33608e-18
8848.00	2.01641e-18
8850.60	2.62887e-18
8853.20	2.16021e-18
8855.80	1.65822e-18
8858.40	1.14548e-18
8861.00	9.41392e-19
8863.60	1.1072e-18
8866.20	1.76045e-18
8868.80	1.81517e-18
8871.40	1.36189e-18
8874.00	1.20317e-18
8876.60	1.73019e-18
