 2.00024780273437500e+03  4.43548524324223241e-16  6.22880491039999633e-15
 2.00258666992187500e+03 -3.60172928455735859e-16  6.19230946747603789e-15
 2.00493066406250000e+03 -8.74782611855468110e-16  6.14774549568761512e-15
 2.00727966308593750e+03 -2.66279039360354852e-15  6.05237768376308855e-15
 2.00963366699218750e+03 -1.01839971797861019e-15  6.02179358074319979e-15
 2.01199267578125000e+03 -1.21612406124728986e-15  5.94228126949082634e-15
 2.01435668945312500e+03 -4.78241571597464702e-16  5.90712530754051418e-15
 2.01672570800781250e+03  1.37768725366444159e-16  5.88070925462642012e-15
 2.01909973144531250e+03  1.88884072188236215e-15  5.87274418607860408e-15
 2.02147875976562500e+03  2.88167410367083701e-15  5.82301391979992990e-15
 2.02386279296875000e+03  3.42109312099468415e-15  5.73637152780379969e-15
 2.02625183105468750e+03  3.18823547155188774e-16  5.59073677245867078e-15
 2.02864575195312500e+03 -1.97025304990468535e-15  5.48295047963777755e-15
 2.03104467773437500e+03 -1.99126148596701416e-15  5.42311469737070118e-15
 2.03344848632812500e+03  5.92916591493451450e-16  5.44899401218095693e-15
 2.03585717773437500e+03  3.44932473463977352e-15  5.48867620359923603e-15
 2.03827087402343750e+03  3.83901996374133596e-15  5.45403888397415106e-15
 2.04068945312500000e+03  3.51963211797673426e-15  5.36403370161846553e-15
 2.04311291503906250e+03  5.34756611719902013e-15  5.37501364651743694e-15
 2.04554125976562500e+03  2.56437964637291156e-15  5.30196396292315480e-15
 2.04797448730468750e+03 -1.25339170323655739e-15  5.21310695675115660e-15
 2.05041259765625000e+03 -8.21373397179348703e-17  5.24688212386693718e-15
 2.05285571289062500e+03  9.29507523312777633e-16  5.22376877604669960e-15
 2.05530346679687500e+03  2.33303988005507961e-15  5.22541784413301821e-15
 2.05775610351562500e+03  2.94889813073269736e-15  5.20885237425130216e-15
 2.06021362304687500e+03 -1.65372666786509800e-15  5.07680264489667766e-15
 2.06267602539062500e+03 -3.61540300470273886e-15  5.00106819056678883e-15
 2.06514306640625000e+03 -1.06605334071716925e-15  5.05233738086694399e-15
 2.06761499023437500e+03 -2.10120598947008117e-16  5.02860890431167673e-15
 2.07009179687500000e+03 -1.44740966443236414e-15  4.94702070086061130e-15
 2.07257324218750000e+03  3.47589172969377588e-15  5.00918238302177138e-15
 2.07505957031250000e+03  3.53188783336163755e-15  4.93439565255901337e-15
 2.07755078125000000e+03  4.17254744607346929e-15  4.91154818191243178e-15
 2.08004638671875000e+03  3.00991824045171726e-15  4.85405789359830404e-15
 2.08254711914062500e+03  7.98413034168107163e-16  4.77774786863035955e-15
 2.08505224609375000e+03  4.45904814947239125e-17  4.74899191982343985e-15
 2.08756250000000000e+03 -1.06420555179255314e-16  4.75928805074816321e-15
 2.09007714843750000e+03  1.59141133301883511e-15  4.76787975898020532e-15
 2.09259667968750000e+03  1.05508232881561800e-15  4.71711024819951393e-15
 2.09512084960937500e+03  1.59753580724048418e-15  4.69658982791690558e-15
 2.09764965820312500e+03 -2.61963365388758796e-16  4.61403028874632776e-15
 2.10018310546875000e+03  1.02072636130898824e-15  4.57886049195810929e-15
 2.10272119140625000e+03  3.46095863690729427e-16  4.53080642601635716e-15
 2.10526416015625000e+03 -3.78022935584376219e-16  4.50083850981439548e-15
 2.10781176757812500e+03  6.83923672180791387e-16  4.50625420754260780e-15
 2.11036376953125000e+03  2.20097276407880397e-15  4.48811863537741817e-15
 2.11292065429687500e+03  3.74725835014285992e-15  4.45395529661761013e-15
 2.11548193359375000e+03  3.48733181303539189e-15  4.38282001238798342e-15
 2.11804809570312500e+03  1.61501295804374274e-15  4.34896033204377877e-15
 2.12061865234375000e+03 -1.22167018397337933e-15  4.26667381008704259e-15
 2.12319384765625000e+03 -3.05073492992702768e-15  4.17727589041684659e-15
 2.12577368164062500e+03 -3.04902805704617593e-15  4.15304809894898667e-15
 2.12835791015625000e+03 -3.01080623063878958e-15  4.13280086581115753e-15
 2.13094702148437500e+03 -1.87775135735751668e-15  4.09007326657645413e-15
 2.13354052734375000e+03  2.68499440889259851e-16  4.14592093804450055e-15
 2.13613842773437500e+03  4.11263126569609688e-16  4.16060574916763928e-15
 2.13874121093750000e+03 -1.55153564802372531e-15  4.04974126997149765e-15
 2.14134814453125000e+03 -8.45749666493059038e-16  3.99271867876584226e-15
 2.14395996093750000e+03  1.40307981795805755e-15  4.05355747338166132e-15
 2.14657592773437500e+03  1.45609499849862400e-15  4.06409090631129269e-15
 2.14919677734375000e+03  1.01778126286429805e-15  4.03099895993941668e-15
 2.15182177734375000e+03  5.16893963564769918e-16  3.99464367522483156e-15
 2.15445141601562500e+03 -4.44061117665531326e-16  3.94406172121137572e-15
 2.15708544921875000e+03 -1.11097377102563366e-15  3.91411198896256710e-15
 2.15972412109375000e+03 -2.39797368057490085e-15  3.85316034351455876e-15
 2.16236718750000000e+03 -3.20996127252213067e-15  3.80375934884461324e-15
 2.16501464843750000e+03 -1.88238314304206800e-15  3.80044897095908431e-15
 2.16766650390625000e+03 -1.56669511211141312e-15  3.76102011519181913e-15
 2.17032299804687500e+03 -1.56233807935873104e-15  3.73978201412013041e-15
 2.17298364257812500e+03 -1.40745496655288641e-15  3.72747980243349430e-15
 2.17564892578125000e+03 -1.18331999551488110e-15  3.70535597397381646e-15
 2.17831835937500000e+03 -2.30581642644316927e-15  3.66187828637151413e-15
 2.18099243164062500e+03 -3.05595774881826790e-15  3.62323283969509953e-15
 2.18367065429687500e+03 -2.75805969028458882e-15  3.60363238040849832e-15
 2.18635351562500000e+03 -5.85757056745182401e-16  3.63722404260583597e-15
 2.18904052734375000e+03  9.52439475676586520e-16  3.64979353315774694e-15
 2.19173193359375000e+03  2.17191563966882869e-15  3.61117246430528591e-15
 2.19442773437500000e+03  1.72526381531902783e-15  3.55665292361461765e-15
 2.19712792968750000e+03  2.30383114130860309e-15  3.54694595509963562e-15
 2.19983227539062500e+03  2.57123519717827257e-15  3.55512149764789426e-15
 2.20254101562500000e+03  2.17524601461930946e-15  3.56881807895064995e-15
 2.20525415039062500e+03  1.54936931118030049e-15  3.56583571196365422e-15
 2.20797167968750000e+03  7.73792606993986376e-16  3.51072445972565742e-15
 2.21069335937500000e+03 -7.38937750357921125e-16  3.44546974764965559e-15
 2.21341918945312500e+03 -1.16127191098782492e-15  3.45034255002669260e-15
 2.21614941406250000e+03 -6.36609685059036341e-16  3.44309707248701497e-15
 2.21888403320312500e+03  6.92045366353737201e-16  3.41899063949138139e-15
 2.22162280273437500e+03  1.63778246134361995e-15  3.37644361725174492e-15
 2.22436572265625000e+03  1.98538897203951693e-15  3.38872314624991125e-15
 2.22711303710937500e+03  1.94220554827360362e-15  3.42411794046754138e-15
 2.22986450195312500e+03  6.69212931146354668e-16  3.38209655403122172e-15
 2.23262011718750000e+03 -2.05735414115475440e-16  3.27327390669939544e-15
 2.23538012695312500e+03  8.93484474305015178e-16  3.24864909088907485e-15
 2.23814428710937500e+03  1.15361538848151439e-15  3.24715475805252986e-15
 2.24091259765625000e+03  1.26037828858340154e-15  3.27039383728972358e-15
 2.24368505859375000e+03  2.45924497132314022e-15  3.28485641688092538e-15
 2.24646166992187500e+03  1.47815260276992266e-15  3.22311664284007085e-15
 2.24924243164062500e+03 -5.10618205213723354e-16  3.17309752788854662e-15
 2.25202758789062500e+03 -2.18488538183708462e-15  3.12730762288730542e-15
 2.25481665039062500e+03 -2.40987451051729616e-15  3.10823971156254082e-15
 2.25760986328125000e+03 -9.96332383983995201e-16  3.12951153049137906e-15
 2.26040747070312500e+03 -3.05064847786492376e-16  3.11939364932967188e-15
 2.26320898437500000e+03 -5.18476676708204535e-16  3.12077217559554899e-15
 2.26601464843750000e+03 -3.67774966949151349e-16  3.10704521343463919e-15
 2.26882421875000000e+03  9.40420438884082220e-16  3.10079061201704430e-15
 2.27163818359375000e+03  1.93368182396459123e-15  3.09144140412661358e-15
 2.27445605468750000e+03  1.83708371736247234e-15  3.07511063577971828e-15
 2.27727807617187500e+03  1.21520379354401660e-15  3.06158916824920750e-15
 2.28010424804687500e+03 -6.33230489889560506e-16  3.03752908602832875e-15
 2.28293432617187500e+03 -2.69092912473828621e-15  2.98527725663955980e-15
 2.28576855468750000e+03 -2.40715691916539859e-15  2.97512956946681993e-15
 2.28860693359375000e+03 -7.38415604960744781e-16  2.99285390220280000e-15
 2.29144921875000000e+03  5.18239863109809328e-17  3.00018772034242200e-15
 2.29429541015625000e+03  4.00049790448814179e-16  2.99488475376395968e-15
 2.29714575195312500e+03 -1.33914052271746076e-15  2.93251525407815908e-15
 2.30000024414062500e+03 -1.99575269418492726e-15  2.91365500419626888e-15
 2.30285839843750000e+03 -1.88603149224706450e-15  2.91245460967599292e-15
 2.30572070312500000e+03 -1.84040105765253286e-15  2.87512796122936302e-15
 2.30858715820312500e+03 -1.50416762290920382e-15  2.83582278262310085e-15
 2.31145751953125000e+03 -1.01029307615235414e-15  2.79876259103097264e-15
 2.31433178710937500e+03  4.89737647422335240e-16  2.79865580165697351e-15
 2.31720996093750000e+03  8.66970985547307934e-16  2.78998508231289708e-15
 2.32009204101562500e+03 -3.71382041595262487e-16  2.77482365948400305e-15
 2.32297827148437500e+03 -2.16948891987286247e-16  2.78836123082757306e-15
 2.32586816406250000e+03 -1.67912345477190060e-15  2.73023100340445191e-15
 2.32876220703125000e+03 -3.35691151615971711e-15  2.68262007950809847e-15
 2.33166015625000000e+03 -3.61529215709088848e-15  2.67836577285019798e-15
 2.33456176757812500e+03 -1.98377813125367590e-15  2.70920516843079452e-15
 2.33746752929687500e+03 -1.91242348762271617e-15  2.70381580233459814e-15
 2.34037719726562500e+03 -3.42799215114716303e-15  2.67515309194597148e-15
 2.34329052734375000e+03 -4.76221975376142877e-15  2.62938907232995638e-15
 2.34620776367187500e+03 -4.35915659144805856e-15  2.61540179865333232e-15
 2.34912915039062500e+03 -2.53855194884324143e-15  2.65060505439113664e-15
 2.35205419921875000e+03 -1.76844519355731288e-15  2.66053232186880462e-15
 2.35498291015625000e+03 -4.10647434549595276e-16  2.66720575707899931e-15
 2.35791577148437500e+03  1.62718042679595616e-16  2.65576835850859502e-15
 2.36085229492187500e+03 -1.30538345517439061e-15  2.59575939890668050e-15
 2.36379272460937500e+03 -2.52105229017352119e-15  2.51551478596224825e-15
 2.36673681640625000e+03 -1.66884695524259095e-15  2.51794468977749862e-15
 2.36968481445312500e+03 -9.59414237530715848e-16  2.54235313228928047e-15
 2.37263671875000000e+03 -9.49031344282213604e-16  2.51887825414950612e-15
 2.37559228515625000e+03 -1.03783123969789124e-15  2.49743286446496250e-15
 2.37855151367187500e+03 -9.45174828672125280e-16  2.50397630134957376e-15
 2.38151464843750000e+03 -8.12304220691588277e-16  2.47621802072202052e-15
 2.38448144531250000e+03  6.76115241262798971e-17  2.46881432206979035e-15
 2.38745214843750000e+03  6.41196083017452484e-16  2.45195854519417848e-15
 2.39042651367187500e+03  1.05574240196085758e-15  2.45153113367925753e-15
 2.39340478515625000e+03  1.52173978030899898e-15  2.43764436476499549e-15
 2.39638647460937500e+03  1.51862135151750842e-15  2.41406295240138991e-15
 2.39937207031250000e+03  9.85784131844832738e-16  2.40175198947695728e-15
 2.40236132812500000e+03  4.74962865160050715e-16  2.39344834946792651e-15
 2.40535449218750000e+03 -1.04744632291475443e-15  2.34793607897889131e-15
 2.40835107421875000e+03 -1.13554120374751656e-15  2.33757337263727010e-15
 2.41135156250000000e+03  1.03764522894279825e-16  2.34569609589563416e-15
 2.41435546875000000e+03  2.34640970683609401e-17  2.31966252973822898e-15
 2.41736328125000000e+03  5.44619374675406197e-16  2.30638533525381170e-15
 2.42037451171875000e+03  7.85539283501634561e-17  2.24313726212033831e-15
 2.42338964843750000e+03  3.90057371483057764e-16  2.25106483341995091e-15
 2.42640820312500000e+03  1.50157551798318623e-15  2.29136854682696701e-15
 2.42943066406250000e+03  2.84201644096424030e-15  2.30620759258116402e-15
 2.43245654296875000e+03  2.01636806596100418e-15  2.25464401212652560e-15
 2.43548608398437500e+03  1.43917111746256842e-15  2.24750639926852909e-15
 2.43851928710937500e+03  4.45457188022179631e-16  2.20593230380814232e-15
 2.44155615234375000e+03 -1.08091294277776829e-15  2.14608153387876959e-15
 2.44459643554687500e+03 -4.87356862725206642e-16  2.15623626460608742e-15
 2.44764038085937500e+03 -5.50365557177424835e-16  2.15125871022433706e-15
 2.45068798828125000e+03 -4.12540935616700270e-16  2.14663558999385765e-15
 2.45373925781250000e+03  5.92510519900666283e-16  2.16731759027282195e-15
 2.45679394531250000e+03  3.13068576663684217e-16  2.16090906395223614e-15
 2.45985205078125000e+03  4.19791324046537125e-16  2.13222215649133185e-15
 2.46291381835937500e+03  4.68077102417558153e-16  2.13008654036701527e-15
 2.46597924804687500e+03 -2.92205173330516509e-16  2.10539304123834470e-15
 2.46904809570312500e+03 -5.61707951153808677e-17  2.09735795270963919e-15
 2.47212036132812500e+03  1.91847360734147222e-16  2.08991485055702729e-15
 2.47519628906250000e+03  9.57956197261936752e-17  2.06124525835415352e-15
 2.47827587890625000e+03 -4.23874230836813739e-16  2.05504661696391730e-15
 2.48135864257812500e+03  8.97511321768377779e-17  2.06667165277182314e-15
 2.48444506835937500e+03  2.19815438789137483e-16  2.04881831537733301e-15
 2.48753491210937500e+03  6.99526118750260480e-16  2.05917809437018648e-15
 2.49062841796875000e+03 -3.49552527697555996e-17  2.04217200468597996e-15
 2.49372509765625000e+03 -1.00466454046739615e-15  2.01545677161964267e-15
 2.49682543945312500e+03 -1.24518498330275841e-15  2.00276988120688266e-15
 2.49992919921875000e+03 -7.58423285856218391e-16  1.99802067914777813e-15
 2.50303637695312500e+03  2.49781112305846575e-16  2.02004583610721333e-15
 2.50614697265625000e+03 -1.90192725991331959e-16  1.98520192930592985e-15
 2.50926098632812500e+03 -5.54858618652535604e-16  1.96846967444730302e-15
 2.51237841796875000e+03 -7.19909703390347517e-16  1.96487779385415359e-15
 2.51549926757812500e+03 -2.32373694082544998e-16  1.97907814259173638e-15
 2.51862353515625000e+03  1.86134657404927054e-16  1.97218853785294196e-15
 2.52175122070312500e+03  3.44559928635154015e-16  1.96514561180024684e-15
 2.52488232421875000e+03  4.56369484737956631e-16  1.94506115912390911e-15
 2.52801660156250000e+03  8.72838968254492886e-16  1.94207568974591124e-15
 2.53115454101562500e+03  7.15425158488543645e-16  1.94844265471441192e-15
 2.53429565429687500e+03 -9.31846217593581816e-16  1.92421831954936266e-15
 2.53744018554687500e+03 -2.52649841965144321e-15  1.87273372240850011e-15
 2.54058813476562500e+03 -2.00407921714049770e-15  1.85532156575234814e-15
 2.54373925781250000e+03 -1.10927499283456973e-16  1.88433972196469656e-15
 2.54689379882812500e+03  1.43072956927629147e-15  1.92716414063475257e-15
 2.55005175781250000e+03  5.31641635693182824e-16  1.90108992242484829e-15
 2.55321289062500000e+03  2.13850261997455387e-16  1.88905568934824190e-15
 2.55637744140625000e+03  1.74652645039438120e-16  1.87265595183034336e-15
 2.55954516601562500e+03  8.88967999430622575e-16  1.87723235106444148e-15
 2.56271630859375000e+03  4.18808028905539266e-16  1.84512236419927843e-15
 2.56589062500000000e+03  7.37176146732466820e-16  1.84214079039352785e-15
 2.56906835937500000e+03  1.34417895292996733e-15  1.84748397585172392e-15
 2.57224926757812500e+03  1.87291702352940177e-15  1.83544866382411222e-15
 2.57543334960937500e+03  1.52287254161865636e-15  1.81828042840610413e-15
 2.57862084960937500e+03  1.66910757540489554e-15  1.83493742072634907e-15
 2.58181152343750000e+03  8.34511403730559380e-16  1.82144395238803889e-15
 2.58500537109375000e+03 -7.89595685002873588e-17  1.78950643975928226e-15
 2.58820263671875000e+03 -1.05407393849320099e-15  1.77493570598162754e-15
 2.59140283203125000e+03 -1.36279165873871998e-15  1.76783972117502370e-15
 2.59460644531250000e+03 -1.70051935212822996e-15  1.74036818016329938e-15
 2.59781323242187500e+03 -8.18660734476852435e-16  1.73924591426241186e-15
 2.60102319335937500e+03 -1.02718495577151616e-17  1.74393771692677177e-15
 2.60423657226562500e+03 -2.08453426249970407e-16  1.72224779775647479e-15
 2.60745288085937500e+03  3.37548633715379441e-16  1.72373569876370219e-15
 2.61067236328125000e+03  5.88907201618323150e-16  1.71046384494111399e-15
 2.61389526367187500e+03 -2.80776274644519633e-16  1.68023238436087106e-15
 2.61712109375000000e+03 -5.31751701848991258e-16  1.67847669959028459e-15
 2.62035009765625000e+03  5.81288446282983121e-17  1.71144656071591914e-15
 2.62358227539062500e+03 -8.16294726601453739e-17  1.70718472197525328e-15
 2.62681762695312500e+03 -3.14353177113873728e-16  1.69022803016242391e-15
 2.63005615234375000e+03 -3.59817817568270237e-16  1.66991382681331616e-15
 2.63329760742187500e+03 -8.17053433704183015e-17  1.66689489894431366e-15
 2.63654223632812500e+03  4.77882566962625208e-16  1.66718555486872880e-15
 2.63979003906250000e+03  1.64474279348794516e-16  1.66165510069669016e-15
 2.64304101562500000e+03  3.41178364754742408e-16  1.64713885408687633e-15
 2.64629492187500000e+03 -5.18052672653720511e-16  1.61794004279580096e-15
 2.64955224609375000e+03 -6.27146250402897030e-16  1.60951162277375968e-15
 2.65281225585937500e+03 -6.91309504395755400e-16  1.59104580637199956e-15
 2.65607543945312500e+03 -1.71098232764802050e-16  1.59570470976812540e-15
 2.65934179687500000e+03  3.12915840321054037e-16  1.60008708979442981e-15
 2.66261108398437500e+03 -8.70800266222267320e-16  1.56485957567147232e-15
 2.66588354492187500e+03 -1.18767547387497985e-15  1.56850852852117471e-15
 2.66915917968750000e+03 -6.08731011647493450e-16  1.59102344634536395e-15
 2.67243750000000000e+03  8.18737912914290469e-17  1.59832085082778799e-15
 2.67571899414062500e+03  5.99100843326673729e-16  1.58200870402821416e-15
 2.67900366210937500e+03  8.25364151331463405e-16  1.57120960978953548e-15
 2.68229101562500000e+03  7.06868286247786357e-16  1.55436637612387033e-15
 2.68558178710937500e+03  1.11386344507314051e-15  1.55349453113309919e-15
 2.68887524414062500e+03  7.02030496911945018e-16  1.53899501318578230e-15
 2.69217187500000000e+03 -8.63369834628444266e-17  1.51650950854578024e-15
 2.69547119140625000e+03 -5.65805576092582560e-17  1.51656157659530024e-15
 2.69877368164062500e+03  3.63727052884082061e-16  1.50830579567303346e-15
 2.70207910156250000e+03  1.09705721155139420e-15  1.50970002087020041e-15
 2.70538769531250000e+03  1.47348972943422172e-15  1.51354662602902717e-15
 2.70869897460937500e+03  5.15177251808979268e-16  1.48752799417827880e-15
 2.71201342773437500e+03 -1.67519780484348022e-16  1.46027739878244803e-15
 2.71533056640625000e+03  2.58039229158921570e-16  1.44619927521120848e-15
 2.71865087890625000e+03  1.18095705750469915e-15  1.46172671043106357e-15
 2.72197387695312500e+03  1.10805840536761056e-15  1.46652926025848322e-15
 2.72529980468750000e+03 -1.68667021241453389e-16  1.43571744444420080e-15
 2.72862890625000000e+03  1.97023272671013702e-16  1.43914226962610294e-15
 2.73196069335937500e+03  7.52880965763823389e-16  1.44798601780811252e-15
 2.73529541015625000e+03  1.39458037705118489e-16  1.43239940498848112e-15
 2.73863305664062500e+03  3.60609369481445066e-16  1.43074303438573640e-15
 2.74197363281250000e+03  7.76017146513654923e-16  1.42660343247729177e-15
 2.74531689453125000e+03  9.49398139097877152e-16  1.43644695386604071e-15
 2.74866308593750000e+03 -1.17151022783449982e-17  1.42367019062125368e-15
 2.75201220703125000e+03 -4.84936207944137801e-16  1.43544112621330663e-15
 2.75536425781250000e+03 -7.65956161041000106e-16  1.43409668378345182e-15
 2.75871899414062500e+03  1.14994933003311249e-16  1.45627513645850497e-15
 2.76207666015625000e+03  1.38080221469255509e-16  1.44428786663646043e-15
 2.76543701171875000e+03  6.04707468168918407e-17  1.42714808428275729e-15
 2.76880029296875000e+03 -5.90427210937294128e-17  1.42191834799763194e-15
 2.77216650390625000e+03  1.49844765650395469e-17  1.42743839053016982e-15
 2.77553540039062500e+03  1.11438298495406486e-15  1.45337875727419704e-15
 2.77890698242187500e+03  1.10735057850550975e-15  1.45656487449642261e-15
 2.78228149414062500e+03  4.27999068676095835e-16  1.44263529550317864e-15
 2.78565893554687500e+03  7.96141986492159780e-16  1.45905202304515194e-15
 2.78903881835937500e+03  1.48253468705572024e-15  1.48489152631373944e-15
 2.79242163085937500e+03  1.20248014112726699e-15  1.46146887986448954e-15
 2.79580737304687500e+03  8.85681631792384598e-16  1.45386044298225931e-15
 2.79919580078125000e+03  9.94464013878752018e-16  1.45641618906696234e-15
 2.80258691406250000e+03  7.69620927634820274e-16  1.44228634138694633e-15
 2.80598071289062500e+03 -2.42800354387307666e-16  1.44935911001925088e-15
 2.80937719726562500e+03 -8.55442003380265811e-16  1.43633093947346852e-15
 2.81277661132812500e+03 -6.81972557659634829e-16  1.42361774029977549e-15
 2.81617871093750000e+03 -5.16575574906849542e-16  1.43655798887021746e-15
 2.81958349609375000e+03  6.82912070724513432e-17  1.46198034624151884e-15
 2.82299096679687500e+03  3.33266284736319415e-16  1.47323504333475699e-15
 2.82640112304687500e+03  1.87251483458470526e-16  1.45570131746440021e-15
 2.82981396484375000e+03 -3.60657946442583136e-16  1.43873177556624997e-15
 2.83322949218750000e+03 -3.31654432789080560e-16  1.43760369833583250e-15
 2.83664770507812500e+03 -9.64846322461514840e-17  1.44155970126939193e-15
 2.84006860351562500e+03  2.45518858714529365e-16  1.44786359279537671e-15
 2.84349218750000000e+03  6.50312610530450518e-16  1.46711077677092267e-15
 2.84691845703125000e+03  2.28201716060019000e-16  1.47561012969825548e-15
 2.85034741210937500e+03 -8.62570488831613817e-16  1.46763878731765159e-15
 2.85377905273437500e+03 -1.19211352924276937e-15  1.46633184936651133e-15
 2.85721313476562500e+03 -1.46600927933314620e-17  1.47757605328518359e-15
 2.86064990234375000e+03  1.09240655970627609e-15  1.48527521201461667e-15
 2.86408935546875000e+03  1.46213916600791741e-15  1.48200622072544742e-15
 2.86753149414062500e+03  1.31595615901651339e-15  1.46899011743988033e-15
 2.87097607421875000e+03  1.01491041223862029e-15  1.47853086750879188e-15
 2.87442358398437500e+03 -1.97301663352351388e-17  1.47581140965183817e-15
 2.87787329101562500e+03  1.09649654072791351e-15  1.48207168007459166e-15
 2.88132592773437500e+03  2.49030349945678882e-15  1.48947794805633752e-15
 2.88478100585937500e+03  2.07969370989481230e-15  1.49795599560724868e-15
 2.88823852539062500e+03  2.52222133183468048e-16  1.48241923480948445e-15
 2.89169873046875000e+03 -1.09392833101013078e-15  1.47664783934707762e-15
 2.89516162109375000e+03 -3.04196093936488598e-16  1.48880494126000882e-15
 2.89862695312500000e+03  5.93480926546191398e-16  1.49309991825022936e-15
 2.90209472656250000e+03  1.42817602096266372e-15  1.52180353793982442e-15
 2.90556518554687500e+03  1.49739361574498860e-15  1.53174129387862503e-15
 2.90903808593750000e+03  1.23191585371495965e-15  1.53279735535208466e-15
 2.91251367187500000e+03  7.01050690158470024e-16  1.53742108255030531e-15
 2.91599169921875000e+03  7.46252646070424556e-16  1.54358370828855093e-15
 2.91947216796875000e+03  1.67101625471129660e-15  1.56240698860508648e-15
 2.92295532226562500e+03  1.28612534363137278e-15  1.54959821896776989e-15
 2.92644091796875000e+03  1.19077556180684213e-15  1.55478475157707625e-15
 2.92992895507812500e+03  2.02007851116097937e-15  1.58042718160740314e-15
 2.93341943359375000e+03  8.31906650836857426e-16  1.52736155633085445e-15
 2.93691259765625000e+03  1.28984659283799383e-15  1.53263674942515941e-15
 2.94040795898437500e+03  2.05419449216806541e-15  1.54890941091898022e-15
 2.94390600585937500e+03  2.60312826663371878e-15  1.56126953528593221e-15
 2.94740649414062500e+03  2.55396601589245283e-15  1.56275931514207375e-15
 2.95090942382812500e+03  1.41596510352868656e-15  1.52966539624081776e-15
 2.95441479492187500e+03  3.42341005168178266e-16  1.48977798965605555e-15
 2.95792260742187500e+03  3.93495260698584304e-16  1.46629816858840571e-15
 2.96143286132812500e+03  1.57856426977203712e-15  1.46976593937947645e-15
 2.96494555664062500e+03  2.00898970560939977e-15  1.44276396159480940e-15
 2.96846069335937500e+03  2.66067505825613361e-15  1.44794558289664084e-15
 2.97197802734375000e+03  2.56875690599836000e-15  1.46111255583584065e-15
 2.97549804687500000e+03  1.43129651577115260e-15  1.47929240106640208e-15
 2.97902050781250000e+03  5.28083977443965305e-16  1.48021897212000867e-15
 2.98254516601562500e+03 -2.59244248505368437e-16  1.45983258332010613e-15
 2.98607226562500000e+03  2.30036491311774541e-16  1.46942766169886099e-15
 2.98960180664062500e+03  1.21212160674844745e-15  1.47233965736155140e-15
 2.99313378906250000e+03  1.99034609702385500e-15  1.47373901956492757e-15
 2.99666796875000000e+03  2.29600369371112273e-15  1.48513757075596773e-15
 3.00020458984375000e+03  2.23642452301067476e-15  1.50223788098885639e-15
 3.00374365234375000e+03  2.99095532802534512e-15  1.49887543949392980e-15
 3.00728491210937500e+03  3.25002748640324997e-15  1.48974310303643691e-15
 3.01082861328125000e+03  2.00386273936747839e-15  1.47098240970250088e-15
 3.01437475585937500e+03  2.28401530624261295e-15  1.47069466478091004e-15
 3.01792309570312500e+03  1.95070281244480677e-15  1.48424627671814683e-15
 3.02147387695312500e+03  2.20276799044097568e-15  1.49719787170025335e-15
 3.02502685546875000e+03  3.15459021434926017e-15  1.47469529705994611e-15
 3.02858203125000000e+03  2.89126263042266052e-15  1.46515135468854678e-15
 3.03213989257812500e+03  2.91160830832442226e-15  1.48508934769329731e-15
 3.03569970703125000e+03  2.39050849527652192e-15  1.48277370260646443e-15
 3.03926196289062500e+03  1.18541630470344817e-15  1.46521296666576072e-15
 3.04282641601562500e+03  1.07761797679079030e-15  1.46807936276554370e-15
 3.04639331054687500e+03  8.42497962228871914e-16  1.45158379974599637e-15
 3.04996240234375000e+03  9.31535443642408423e-16  1.45124716358524816e-15
 3.05353369140625000e+03  1.60590257506021390e-16  1.44047939494276459e-15
 3.05710742187500000e+03  3.30982016822907903e-16  1.46830337672639271e-15
 3.06068334960937500e+03  1.22555714176160929e-15  1.46270010814720679e-15
 3.06426147460937500e+03  2.44730205967928719e-15  1.44423271018301150e-15
 3.06784179687500000e+03  2.52407976307804555e-15  1.44831291989660511e-15
 3.07142456054687500e+03  1.86186490607083938e-15  1.44127068823377862e-15
 3.07500927734375000e+03  1.29214908314294380e-15  1.43550874758053753e-15
 3.07859643554687500e+03  8.26521835576475522e-16  1.43028717826888392e-15
 3.08218579101562500e+03  1.14863869287310587e-15  1.44077028057914429e-15
 3.08577734375000000e+03  1.58420246988399064e-15  1.43954145378151879e-15
 3.08937109375000000e+03  1.83003759757289163e-15  1.44065043316637701e-15
 3.09296704101562500e+03  1.96464716582124818e-15  1.44735033673974840e-15
 3.09656518554687500e+03  2.48564453838317659e-15  1.44860134215268689e-15
 3.10016552734375000e+03  2.36648471237536243e-15  1.43311696943280769e-15
 3.10376782226562500e+03  1.52760122430953923e-15  1.42722486430707174e-15
 3.10737255859375000e+03  1.45520296778386166e-15  1.44437201606010094e-15
 3.11097949218750000e+03  1.43885942687196139e-15  1.42279286621032135e-15
 3.11458837890625000e+03  2.09634920435483127e-15  1.43071342673445595e-15
 3.11819970703125000e+03  1.43867369183223249e-15  1.43061328661982291e-15
 3.12181298828125000e+03  1.54568889854605532e-16  1.39725636734104631e-15
 3.12542846679687500e+03  3.35453724563128710e-16  1.40460049632177520e-15
 3.12904614257812500e+03  1.28767053648053945e-15  1.41682490938675917e-15
 3.13266577148437500e+03  9.74588973277051770e-16  1.40980097180818513e-15
 3.13628784179687500e+03  1.12489410589193768e-15  1.40397993347940651e-15
 3.13991162109375000e+03  2.03069335906328216e-15  1.41179268559840693e-15
 3.14353784179687500e+03  1.09444101333335434e-15  1.40453654613088829e-15
 3.14716601562500000e+03  9.81989072632800175e-16  1.40463823335378929e-15
 3.15079638671875000e+03  1.16755265268823220e-15  1.40835458418266266e-15
 3.15442895507812500e+03  2.44410871407095223e-15  1.43887747945622288e-15
 3.15806347656250000e+03  3.35114798086753046e-15  1.44422697816883074e-15
 3.16169995117187500e+03  4.08511239072505961e-15  1.43760526960744227e-15
 3.16533862304687500e+03  3.35260961129893830e-15  1.42737563450870959e-15
 3.16897949218750000e+03  2.67094454178175116e-15  1.44208455109719106e-15
 3.17262231445312500e+03  2.37814457698946183e-15  1.45451289476810084e-15
 3.17626708984375000e+03  2.05374026587017360e-15  1.43478076326007998e-15
 3.17991406250000000e+03  3.24944932710710556e-15  1.43667282179158577e-15
 3.18356323242187500e+03  2.54433287016183792e-15  1.40906123253066977e-15
 3.18721411132812500e+03  1.10832789687806955e-15  1.39212017572507124e-15
 3.19086718750000000e+03  8.25051856474243304e-16  1.40392507704018029e-15
 3.19452246093750000e+03  1.13398001007209591e-15  1.41024525510269673e-15
 3.19817944335937500e+03  1.93259870892103522e-15  1.40846478003963724e-15
 3.20183862304687500e+03  1.80727081771280482e-15  1.41876869405391558e-15
 3.20550000000000000e+03  1.93466610924025186e-15  1.38043168348991919e-15
 3.20916308593750000e+03  1.92000781444899941e-15  1.37684455237471614e-15
 3.21282836914062500e+03  1.32169136291502163e-15  1.38812176318534228e-15
 3.21649560546875000e+03  1.14507696161992273e-15  1.39951006293283094e-15
 3.22016479492187500e+03  1.95921011457559492e-15  1.41514078895306839e-15
 3.22383593750000000e+03  2.25939539271294870e-15  1.41274161132385263e-15
 3.22750903320312500e+03  2.77407409267497150e-15  1.41159710037980678e-15
 3.23118408203125000e+03  2.93125012460112711e-15  1.40528792822256975e-15
 3.23486132812500000e+03  2.88640324746392020e-15  1.40187414700303980e-15
 3.23854028320312500e+03  2.32286063579634199e-15  1.41560929756531874e-15
 3.24222119140625000e+03  1.94948124016376481e-15  1.41914047776110185e-15
 3.24590429687500000e+03  1.74725486333172825e-15  1.39304485022111827e-15
 3.24958911132812500e+03  1.90080157934189531e-15  1.39970876663937055e-15
 3.25327612304687500e+03  2.66247041171426493e-15  1.39795341091958713e-15
 3.25696484375000000e+03  2.33118909370409016e-15  1.38091337674473725e-15
 3.26065551757812500e+03  2.24593607954508510e-15  1.40027350670477115e-15
 3.26434814453125000e+03  2.36454672406700231e-15  1.40195083137358855e-15
 3.26804272460937500e+03  2.54837043530894825e-15  1.41941705307750538e-15
 3.27173925781250000e+03  2.35763296910572072e-15  1.42179319585623060e-15
 3.27543750000000000e+03  2.00384527414460230e-15  1.39904776612266812e-15
 3.27913769531250000e+03  2.80280112787936272e-15  1.40242871846317986e-15
 3.28283984375000000e+03  2.75724235016940135e-15  1.42961813614404246e-15
 3.28654394531250000e+03  7.40111457212035836e-16  1.37958872221246891e-15
 3.29025000000000000e+03  5.74892723642198077e-16  1.37801497456889064e-15
 3.29395776367187500e+03  7.40203028607648102e-16  1.37375224208885544e-15
 3.29766748046875000e+03  3.60040358589746273e-16  1.35897054046350190e-15
 3.30137890625000000e+03  1.28543378132258169e-15  1.35450441668753521e-15
 3.30509228515625000e+03  2.33735473653305527e-15  1.34993714781522618e-15
 3.30880761718750000e+03  2.42020415327344479e-15  1.37070474751489320e-15
 3.31252465820312500e+03  3.44574639615136368e-15  1.39168115125922174e-15
 3.31624365234375000e+03  3.36444672431759930e-15  1.38520427261513713e-15
 3.31996435546875000e+03  2.61171273817394428e-15  1.35530226542518847e-15
 3.32368701171875000e+03  1.78028589485479746e-15  1.33356203517652197e-15
 3.32741162109375000e+03  1.22111288737976903e-15  1.29676105307631851e-15
 3.33113769531250000e+03  2.03448971139320853e-15  1.32130984940742504e-15
 3.33486596679687500e+03  2.62031298763924265e-15  1.34691250006649109e-15
 3.33859570312500000e+03  1.54594933715276032e-15  1.35324866072100792e-15
 3.34232739257812500e+03  1.70884354117885335e-15  1.36156758904092263e-15
 3.34606103515625000e+03  1.77831085778699957e-15  1.33651335665293406e-15
 3.34979638671875000e+03  1.11283492050474149e-15  1.31379509455102777e-15
 3.35353344726562500e+03  2.43084671657679041e-15  1.36030707957665084e-15
 3.35727221679687500e+03  1.75669961738666199e-15  1.37826488361617955e-15
 3.36101293945312500e+03  1.79462061222822268e-15  1.35556404492749751e-15
 3.36475537109375000e+03  1.92232442348761879e-15  1.33805580472750364e-15
 3.36849951171875000e+03  1.85017555168684458e-15  1.34716243837953074e-15
 3.37224536132812500e+03  1.99751726700201249e-15  1.35099126763551275e-15
 3.37599316406250000e+03  1.07515458041154113e-15  1.33878604695516782e-15
 3.37974243164062500e+03  1.94631811592198077e-15  1.32879657067738741e-15
 3.38349365234375000e+03  1.79677756998519626e-15  1.33749114150394671e-15
 3.38724658203125000e+03  1.97721027133155894e-15  1.34249048430349593e-15
 3.39100122070312500e+03  2.78273741353888682e-15  1.36540617261168193e-15
 3.39475756835937500e+03  3.23161012314762763e-15  1.38113092655288497e-15
 3.39851586914062500e+03  2.84505726461475645e-15  1.37477941836519319e-15
 3.40227563476562500e+03  2.25241428755920270e-15  1.35881885738077695e-15
 3.40603710937500000e+03  3.03014038145626119e-15  1.35390263142971661e-15
 3.40980053710937500e+03  2.25153216380508806e-15  1.34262781822435071e-15
 3.41356542968750000e+03  1.82536680008567868e-15  1.33193125153221489e-15
 3.41733203125000000e+03  4.37925779042043732e-15  1.37480393117664526e-15
 3.42110034179687500e+03  4.21860502731258385e-15  1.37095309707341790e-15
 3.42487036132812500e+03  2.46895763209108707e-15  1.35478040846775703e-15
 3.42864208984375000e+03  2.17055541388332237e-15  1.36058648021987854e-15
 3.43241552734375000e+03  2.19779598926055676e-15  1.36434130196598392e-15
 3.43619042968750000e+03  1.83503173526270552e-15  1.37166537417113527e-15
 3.43996728515625000e+03  2.28437570415245991e-15  1.38164436095103070e-15
 3.44374560546875000e+03  2.18836228328589628e-15  1.37885229042236746e-15
 3.44752563476562500e+03  3.86103795183158957e-15  1.38209053119413686e-15
 3.45130737304687500e+03  4.48886216926903097e-15  1.35801115660045160e-15
 3.45509057617187500e+03  4.08306477916423466e-15  1.35307979673741322e-15
 3.45887573242187500e+03  3.34800959686431717e-15  1.36646552351371497e-15
 3.46266210937500000e+03  2.90670398251700641e-15  1.38910056033126412e-15
 3.46645043945312500e+03  3.22719145195383967e-15  1.39246295313842258e-15
 3.47024023437500000e+03  3.94276780374480670e-15  1.34139463361970921e-15
 3.47403173828125000e+03  3.42623456238623445e-15  1.31125094379139803e-15
 3.47782495117187500e+03  2.94776879102840877e-15  1.33935272029937219e-15
 3.48161962890625000e+03  2.04593708579075102e-15  1.35745990335479843e-15
 3.48541577148437500e+03  1.72599231982581660e-15  1.34819777317692736e-15
 3.48921362304687500e+03  2.52910627549816021e-15  1.37797861298974064e-15
 3.49301318359375000e+03  2.86577301247484271e-15  1.39404481323942278e-15
 3.49681420898437500e+03  3.82563838837373472e-15  1.41193081513782948e-15
 3.50061694335937500e+03  4.69230078831540016e-15  1.42733188117242728e-15
 3.50442114257812500e+03  3.18596710274014317e-15  1.41377668405738821e-15
 3.50822705078125000e+03  2.36830305638009410e-15  1.43171738909642531e-15
 3.51203442382812500e+03  2.75824065898817615e-15  1.44884410280055654e-15
 3.51584326171875000e+03  3.71601229108560966e-15  1.44959876696391316e-15
 3.51965380859375000e+03  3.57892688250504962e-15  1.45742628596639008e-15
 3.52346582031250000e+03  3.82512537520992451e-15  1.46648362270463649e-15
 3.52727929687500000e+03  4.36744249085169463e-15  1.45214862210781444e-15
 3.53109448242187500e+03  3.90761964315676994e-15  1.43159567319834565e-15
 3.53491113281250000e+03  3.20301817599466610e-15  1.43058359269496836e-15
 3.53872949218750000e+03  4.27637192386309776e-15  1.43556851672819096e-15
 3.54254907226562500e+03  4.56651677390574943e-15  1.44746871032966287e-15
 3.54637036132812500e+03  4.63866878548738540e-15  1.45994521520577443e-15
 3.55019311523437500e+03  5.18246047777201711e-15  1.45910652513803290e-15
 3.55401733398437500e+03  6.37531706022546213e-15  1.47646990197994278e-15
 3.55784326171875000e+03  6.98580220302497277e-15  1.48185720213253724e-15
 3.56167041015625000e+03  6.34698261396216904e-15  1.48951034642303758e-15
 3.56549926757812500e+03  6.84650059307695533e-15  1.49832440768315443e-15
 3.56932958984375000e+03  7.17239042027052220e-15  1.49686350337522164e-15
 3.57316137695312500e+03  6.62775334400699516e-15  1.49175326980849084e-15
 3.57699462890625000e+03  6.00438675246380462e-15  1.49469893275076982e-15
 3.58082934570312500e+03  5.22192411725346825e-15  1.46994570014123089e-15
 3.58466552734375000e+03  4.04371888386930394e-15  1.45322514555293907e-15
 3.58850317382812500e+03  4.90874711728488401e-15  1.46112311946978232e-15
 3.59234228515625000e+03  4.59665031022976856e-15  1.43743395791368521e-15
 3.59618286132812500e+03  4.35790824582096771e-15  1.43388349994129662e-15
 3.60002490234375000e+03  5.22619461891011114e-15  1.45021305713334001e-15
 3.60386840820312500e+03  5.58532498701231208e-15  1.46058341077549675e-15
 3.60771337890625000e+03  4.44265934178405194e-15  1.44804551046360148e-15
 3.61155981445312500e+03  4.90198410172790129e-15  1.44629243616729526e-15
 3.61540771484375000e+03  5.80348031152802528e-15  1.46778950718178576e-15
 3.61925683593750000e+03  6.47360688905537502e-15  1.46676026572106200e-15
 3.62310766601562500e+03  6.23669043681182250e-15  1.46491700771522363e-15
 3.62695971679687500e+03  6.05595057927576812e-15  1.47581681338706597e-15
 3.63081323242187500e+03  7.09117336635952663e-15  1.50266141639596568e-15
 3.63466821289062500e+03  7.50979770110972484e-15  1.51904810395963431e-15
 3.63852441406250000e+03  7.09488596380884403e-15  1.50683419524474045e-15
 3.64238208007812500e+03  7.10378751881805272e-15  1.48631671043050729e-15
 3.64624121093750000e+03  6.09782932966204099e-15  1.46595771961492354e-15
 3.65010180664062500e+03  6.57399643537279178e-15  1.46049251738267837e-15
 3.65396386718750000e+03  6.95383392010141410e-15  1.46669564406107304e-15
 3.65782714843750000e+03  6.32634465573190132e-15  1.45523052902321752e-15
 3.66169165039062500e+03  6.19857795140705748e-15  1.44501775534662841e-15
 3.66555786132812500e+03  5.89773100544080473e-15  1.41945271122694034e-15
 3.66942529296875000e+03  6.05313163291248739e-15  1.41359897635239959e-15
 3.67329394531250000e+03  6.88159951928746901e-15  1.43791412059211325e-15
 3.67716406250000000e+03  6.93784269887712065e-15  1.44037828760368478e-15
 3.68103564453125000e+03  5.77924904562060906e-15  1.42394257655805960e-15
 3.68490844726562500e+03  5.92112417593445731e-15  1.45907982789569842e-15
 3.68878271484375000e+03  7.16021265088603985e-15  1.47659315629288763e-15
 3.69265820312500000e+03  6.92086445268053772e-15  1.44352576761578189e-15
 3.69653515625000000e+03  7.60161192408123868e-15  1.45043622866438655e-15
 3.70041333007812500e+03  6.05940244521257767e-15  1.41616887576497745e-15
 3.70429272460937500e+03  5.33384442145855560e-15  1.43210836254509150e-15
 3.70817358398437500e+03  5.62405619069297409e-15  1.44989535254289550e-15
 3.71205590820312500e+03  5.81258922944979653e-15  1.44737601347783805e-15
 3.71593920898437500e+03  5.56730419313560811e-15  1.43049266595750617e-15
 3.71982421875000000e+03  4.30478279760181551e-15  1.41907347545982640e-15
 3.72371020507812500e+03  3.96691086573311629e-15  1.41332822249451678e-15
 3.72759765625000000e+03  4.85316307490943127e-15  1.41152184415458661e-15
 3.73148632812500000e+03  5.97053898239082793e-15  1.41308566359220321e-15
 3.73537622070312500e+03  6.02123398416588323e-15  1.42044948374644789e-15
 3.73926757812500000e+03  5.47955465322384379e-15  1.42064304003242671e-15
 3.74316015625000000e+03  5.05698597085546295e-15  1.40193629537514905e-15
 3.74705395507812500e+03  4.03589580057120938e-15  1.36960109033217356e-15
 3.75094921875000000e+03  3.34746554339482657e-15  1.36431273625369224e-15
 3.75484545898437500e+03  1.96248546200920436e-15  1.35841442519576324e-15
 3.75874316406250000e+03  3.04897042623196432e-15  1.36145738856653631e-15
 3.76264208984375000e+03  3.10495312575168497e-15  1.35869888455630397e-15
 3.76654223632812500e+03  2.93482988549172030e-15  1.35899226348155261e-15
 3.77044360351562500e+03  2.77209866800181342e-15  1.34447213040665439e-15
 3.77434643554687500e+03  3.50932404524594125e-15  1.37249250891761232e-15
 3.77825024414062500e+03  3.65173959277314006e-15  1.37988062683477523e-15
 3.78215551757812500e+03  3.91304564358287365e-15  1.38388567635791211e-15
 3.78606176757812500e+03  4.90129919638213197e-15  1.38275743972532305e-15
 3.78996948242187500e+03  4.56682068973507152e-15  1.39208856651710097e-15
 3.79387841796875000e+03  3.99222928858448290e-15  1.39874526041407660e-15
 3.79778833007812500e+03  4.38135925779230807e-15  1.40308095285551470e-15
 3.80169970703125000e+03  3.66720185748786512e-15  1.38115751711320118e-15
 3.80561230468750000e+03  3.33653934437812290e-15  1.38552355172325682e-15
 3.80952587890625000e+03  4.38037968716247802e-15  1.42921801177904182e-15
 3.81344091796875000e+03  4.46071175229435179e-15  1.42464276590514088e-15
 3.81735693359375000e+03  3.72525201770678842e-15  1.41739641076771664e-15
 3.82127441406250000e+03  5.01721294194564771e-15  1.43209726274865373e-15
 3.82519287109375000e+03  4.48346732294798972e-15  1.43469640628739899e-15
 3.82911254882812500e+03  4.86767080436241927e-15  1.43718329488926071e-15
 3.83303344726562500e+03  4.69178119068426946e-15  1.42439581937744004e-15
 3.83695556640625000e+03  5.14040805293380348e-15  1.42360863449323449e-15
 3.84087866210937500e+03  5.30976581081856257e-15  1.44028025261676400e-15
 3.84480322265625000e+03  4.75824602284186223e-15  1.45410379010995913e-15
 3.84872875976562500e+03  3.29385266229885978e-15  1.43391346809491948e-15
 3.85265551757812500e+03  3.31935904011782913e-15  1.44877676807265192e-15
 3.85658325195312500e+03  4.84485057716925599e-15  1.46571817963880328e-15
 3.86051245117187500e+03  4.69982443083123053e-15  1.46026095674552555e-15
 3.86444262695312500e+03  3.19722036861844369e-15  1.43071995249816128e-15
 3.86837402343750000e+03  3.51720542280937295e-15  1.43196675533944356e-15
 3.87230639648437500e+03  4.89532153473771534e-15  1.48230310099797046e-15
 3.87624023437500000e+03  5.82919357305462139e-15  1.51642859974827737e-15
 3.88017480468750000e+03  6.18970655152140738e-15  1.51405465551042433e-15
 3.88411083984375000e+03  6.13642667907284863e-15  1.51050007291961403e-15
 3.88804785156250000e+03  6.04335968647733187e-15  1.51858681488709396e-15
 3.89198608398437500e+03  5.57374652564765336e-15  1.52374961070882192e-15
 3.89592529296875000e+03  5.92228293570620320e-15  1.54900851552140843e-15
 3.89986572265625000e+03  7.09067114889131624e-15  1.58966665182469805e-15
 3.90380712890625000e+03  6.54297119396728373e-15  1.60901986131582639e-15
 3.90774975585937500e+03  7.07221133514738796e-15  1.58936896622894295e-15
 3.91169335937500000e+03  6.05592251578933219e-15  1.55945889160622129e-15
 3.91563818359375000e+03  5.26809082170434644e-15  1.56870906591688314e-15
 3.91958422851562500e+03  7.35607072222517023e-15  1.60706120095772635e-15
 3.92353125000000000e+03  8.16352300352257636e-15  1.62240421238433004e-15
 3.92747924804687500e+03  8.91510415202898426e-15  1.65365416357884894e-15
 3.93142846679687500e+03  9.53689472982267056e-15  1.64524007003450169e-15
 3.93537866210937500e+03  1.00051218326310649e-14  1.66644497631096614e-15
 3.93932983398437500e+03  9.27253595474434570e-15  1.65300092741556710e-15
 3.94328222656250000e+03  9.10557677127003424e-15  1.64197555204772092e-15
 3.94723583984375000e+03  9.46575748893134578e-15  1.66558773882464471e-15
 3.95119018554687500e+03  9.05753203091574357e-15  1.69067810951103289e-15
 3.95514575195312500e+03  8.03007646992864158e-15  1.65993330551814547e-15
 3.95910253906250000e+03  7.99368040241529417e-15  1.65286329725845316e-15
 3.96306005859375000e+03  7.08888857099892999e-15  1.63327533872751868e-15
 3.96701879882812500e+03  6.28114152946655319e-15  1.62218198589335273e-15
 3.97097875976562500e+03  6.19351286930490489e-15  1.60857142765255285e-15
 3.97493945312500000e+03  7.55766660589854198e-15  1.62686726823478039e-15
 3.97890136718750000e+03  7.30835091420021372e-15  1.62018318354954517e-15
 3.98286425781250000e+03  6.90472533937664658e-15  1.61028697348978746e-15
 3.98682812500000000e+03  7.57781529142165811e-15  1.62793367166050600e-15
 3.99079296875000000e+03  6.71549595420940942e-15  1.62436379640681918e-15
 3.99475903320312500e+03  6.53693901030161491e-15  1.61972875070494210e-15
 3.99872583007812500e+03  6.40731205970104381e-15  1.61418453708851310e-15
 4.00269384765625000e+03  6.72698697257627203e-15  1.59757694630255645e-15
 4.00666284179687500e+03  6.78550830427034666e-15  1.61141787454664543e-15
 4.01063281250000000e+03  7.08097985005346048e-15  1.61301311353000246e-15
 4.01460400390625000e+03  7.24900972399774263e-15  1.58933925758703940e-15
 4.01857592773437500e+03  7.69795061647832087e-15  1.61858762309926822e-15
 4.02254882812500000e+03  7.96819484236896639e-15  1.61437819828652740e-15
 4.02652294921875000e+03  7.82262164183843856e-15  1.59093841469621623e-15
 4.03049780273437500e+03  8.06763639373791025e-15  1.59375328253929860e-15
 4.03447387695312500e+03  7.35709141417652264e-15  1.60001325961100277e-15
 4.03845068359375000e+03  6.29088613401409886e-15  1.58100463257553423e-15
 4.04242871093750000e+03  5.83431866777591392e-15  1.56783798781353042e-15
 4.04640747070312500e+03  6.61355958196287230e-15  1.57260029440746518e-15
 4.05038745117187500e+03  7.40158554227207131e-15  1.59153484189125928e-15
 4.05436816406250000e+03  6.24415361783416941e-15  1.58000994985404951e-15
 4.05835009765625000e+03  5.17588231314302417e-15  1.56928351471998227e-15
 4.06233276367187500e+03  5.69987517042653386e-15  1.57467682902111962e-15
 4.06631640625000000e+03  5.96570175373454599e-15  1.56112434847109194e-15
 4.07030102539062500e+03  5.90966939755212729e-15  1.55852428265368958e-15
 4.07428662109375000e+03  5.44024021726349061e-15  1.54585553962420309e-15
 4.07827319335937500e+03  5.57187733311735329e-15  1.54689958761819328e-15
 4.08226074218750000e+03  6.13538378438023067e-15  1.55590788372071478e-15
 4.08624926757812500e+03  6.10173318909686319e-15  1.55620149996781571e-15
 4.09023852539062500e+03  5.57135998132611214e-15  1.55175529286735818e-15
 4.09422875976562500e+03  5.82459485660209698e-15  1.55465045056023841e-15
 4.09822021484375000e+03  6.45768124793523174e-15  1.57956682149410031e-15
 4.10221191406250000e+03  7.74120159107369507e-15  1.62264302811108057e-15
 4.10620507812500000e+03  7.52131606955304130e-15  1.60609949335989083e-15
 4.11019921875000000e+03  7.47212380823589217e-15  1.60809584550128738e-15
 4.11419384765625000e+03  6.62330200582368260e-15  1.63291305936116524e-15
 4.11818994140625000e+03  6.68564627205281799e-15  1.63670417648590312e-15
 4.12218652343750000e+03  6.50956263784419730e-15  1.63676614200668019e-15
 4.12618408203125000e+03  5.78235115042638047e-15  1.61109626891923982e-15
 4.13018261718750000e+03  6.33130510067752189e-15  1.62546966246469140e-15
 4.13418212890625000e+03  6.76435390339409815e-15  1.64431254731759211e-15
 4.13818212890625000e+03  7.16299006653395744e-15  1.65648911930246728e-15
 4.14218359375000000e+03  7.21453475631054097e-15  1.64035705856570576e-15
 4.14618554687500000e+03  6.93204019281251917e-15  1.61826662997885437e-15
 4.15018847656250000e+03  6.43836725337328622e-15  1.61211523389451688e-15
 4.15419238281250000e+03  5.64506832767843319e-15  1.62188796503986901e-15
 4.15819677734375000e+03  4.81322130177643933e-15  1.60523671611974095e-15
 4.16220263671875000e+03  5.17885344912718329e-15  1.60309561573646729e-15
 4.16620898437500000e+03  5.86443721205280541e-15  1.63872688823860107e-15
 4.17021630859375000e+03  5.92134711887837744e-15  1.66539083445036380e-15
 4.17422460937500000e+03  5.53852027469370411e-15  1.64899914814901335e-15
 4.17823339843750000e+03  6.00930417148037409e-15  1.61796110232693295e-15
 4.18224316406250000e+03  7.32532331660576806e-15  1.64350499788910532e-15
 4.18625390625000000e+03  7.19875651468181856e-15  1.65900439470589760e-15
 4.19026562500000000e+03  7.44913310514186228e-15  1.68258028374256397e-15
 4.19427783203125000e+03  7.19348594410440780e-15  1.66777251424581862e-15
 4.19829101562500000e+03  6.75812767244801964e-15  1.65288249080321728e-15
 4.20230517578125000e+03  7.51378065699985180e-15  1.66750132677736095e-15
 4.20632031250000000e+03  6.15929253915886945e-15  1.69657081999195926e-15
 4.21033593750000000e+03  6.10992664989155695e-15  1.69042079492252678e-15
 4.21435253906250000e+03  5.97837193260370385e-15  1.63648137395576083e-15
 4.21837011718750000e+03  6.82499173734778591e-15  1.66656758546494793e-15
 4.22238818359375000e+03  6.86029147363933231e-15  1.70572755431382616e-15
 4.22640722656250000e+03  7.11460392292890502e-15  1.72239431496120262e-15
 4.23042724609375000e+03  8.36316922903016406e-15  1.74836935252564623e-15
 4.23444775390625000e+03  6.98317847069697861e-15  1.71721887497954556e-15
 4.23846923828125000e+03  5.33693364430040173e-15  1.68271648195365456e-15
 4.24249169921875000e+03  6.47994444119045118e-15  1.70611303770885258e-15
 4.24651464843750000e+03  6.13652927738618401e-15  1.71732998565353600e-15
 4.25053857421875000e+03  5.78488534162420866e-15  1.73479031194818122e-15
 4.25456347656250000e+03  7.30463965051296033e-15  1.75877762775094532e-15
 4.25858886718750000e+03  8.87836430616695344e-15  1.77636770302457961e-15
 4.26261523437500000e+03  8.35158746282663393e-15  1.77739358818856633e-15
 4.26664208984375000e+03  6.33831384712576117e-15  1.75831147279278464e-15
 4.27066992187500000e+03  6.03597284839564824e-15  1.76806892520321663e-15
 4.27469873046875000e+03  6.57320508819649226e-15  1.75379305386122553e-15
 4.27872802734375000e+03  6.94037835583158372e-15  1.75149783863511440e-15
 4.28275830078125000e+03  5.83119582540180131e-15  1.72107790425335413e-15
 4.28678955078125000e+03  4.87947428646506262e-15  1.69930492261521720e-15
 4.29082128906250000e+03  5.39169156987808112e-15  1.73470530342304496e-15
 4.29485351562500000e+03  5.97021400949881665e-15  1.74293973296990425e-15
 4.29888671875000000e+03  5.63338412385787386e-15  1.72295389748485980e-15
 4.30292089843750000e+03  6.08616075809947881e-15  1.72566618544356741e-15
 4.30695556640625000e+03  5.47142725367495147e-15  1.72751537808940508e-15
 4.31099121093750000e+03  5.34109751526152594e-15  1.72829665426816261e-15
 4.31502783203125000e+03  4.95396496287916129e-15  1.71042011177716032e-15
 4.31906445312500000e+03  4.49081250649630470e-15  1.71735732097520647e-15
 4.32310253906250000e+03  3.23670513392327407e-15  1.69056252153729796e-15
 4.32714111328125000e+03  2.76308686881269400e-15  1.68421070938476095e-15
 4.33118017578125000e+03  3.28995812333109914e-15  1.68608433493281862e-15
 4.33522021484375000e+03  3.96261371928729182e-15  1.69263017493242482e-15
 4.33926123046875000e+03  6.04441725851060873e-15  1.72303830688289344e-15
 4.34330273437500000e+03  6.46619991490947668e-15  1.72948047226576054e-15
 4.34734472656250000e+03  5.37385535412803986e-15  1.69592981130724504e-15
 4.35138769531250000e+03  4.40207329230102873e-15  1.66484821927067063e-15
 4.35543115234375000e+03  3.75721658346402053e-15  1.64962574019014084e-15
 4.35947558593750000e+03  4.99867548231809087e-15  1.68257763675716267e-15
 4.36352099609375000e+03  4.98022440105810258e-15  1.68535765226208750e-15
 4.36756640625000000e+03  4.88935533478975860e-15  1.68074570265122812e-15
 4.37161328125000000e+03  4.56424443963236181e-15  1.67920590571419786e-15
 4.37566015625000000e+03  3.60331590610335479e-15  1.69234381555505723e-15
 4.37970849609375000e+03  2.94817359266407014e-15  1.68795003877409510e-15
 4.38375683593750000e+03  4.34978936975320658e-15  1.70632214045451710e-15
 4.38780615234375000e+03  4.49191000110786527e-15  1.69693898588152061e-15
 4.39185644531250000e+03  3.43670849809351771e-15  1.68307907497068957e-15
 4.39590722656250000e+03  2.75639927264705128e-15  1.65630741184203100e-15
 4.39995849609375000e+03  3.72786381160753119e-15  1.65387087414786242e-15
 4.40401074218750000e+03  3.61692887262094341e-15  1.65440941885395008e-15
 4.40806347656250000e+03  4.15811267091096429e-15  1.69444913191446219e-15
 4.41211669921875000e+03  4.73772063324090712e-15  1.73361072647008534e-15
 4.41617089843750000e+03  4.73508875858551996e-15  1.73411571162236389e-15
 4.42022607421875000e+03  4.58446212862165801e-15  1.72440170514703723e-15
 4.42428125000000000e+03  4.36442613681363511e-15  1.70300194694201118e-15
 4.42833740234375000e+03  5.14567233800378770e-15  1.73373383540565868e-15
 4.43239453125000000e+03  5.62871002985095647e-15  1.76305531396633756e-15
 4.43645214843750000e+03  4.79044418138437499e-15  1.76186749572933408e-15
 4.44051025390625000e+03  4.84438411204491609e-15  1.74687751309678624e-15
 4.44456884765625000e+03  4.79311837611922044e-15  1.72599943923915820e-15
 4.44862841796875000e+03  4.52401636796122800e-15  1.69361101404013075e-15
 4.45268896484375000e+03  3.77274640139451072e-15  1.67115653751440791e-15
 4.45674951171875000e+03  4.57464458308265196e-15  1.74168277936712335e-15
 4.46081103515625000e+03  4.72977736753652287e-15  1.75965366699026849e-15
 4.46487304687500000e+03  5.03754316640612448e-15  1.76371718932961112e-15
 4.46893603515625000e+03  6.01207118907004153e-15  1.79984554510200116e-15
 4.47299951171875000e+03  3.46563029289690059e-15  1.75827972476802056e-15
 4.47706347656250000e+03  1.74243028991889952e-15  1.69294336896595860e-15
 4.48112841796875000e+03  2.84887457149536202e-15  1.74801039118984631e-15
 4.48519335937500000e+03  3.09108866318078237e-15  1.80787003215419801e-15
 4.48925927734375000e+03  4.37885926300767149e-15  1.85814477859735698e-15
 4.49332617187500000e+03  6.34906687919674338e-15  1.87433519903727107e-15
 4.49739355468750000e+03  6.87149653422100732e-15  1.87243520021890199e-15
 4.50146142578125000e+03  5.41282359606029336e-15  1.84050491607913345e-15
 4.50552978515625000e+03  4.53152802826173480e-15  1.81862700272042221e-15
 4.50959863281250000e+03  4.97509091425735686e-15  1.86286985491671666e-15
 4.51366845703125000e+03  5.30969478242813796e-15  1.86478580900611182e-15
 4.51773876953125000e+03  6.11837698263973329e-15  1.88052801914221412e-15
 4.52181005859375000e+03  6.99588827383510378e-15  1.88341748347561801e-15
 4.52588134765625000e+03  7.56079088117642608e-15  1.91721209000681602e-15
 4.52995361328125000e+03  7.39348718041674484e-15  1.95856281935889107e-15
 4.53402636718750000e+03  7.82840078760414484e-15  1.96628609975736469e-15
 4.53809960937500000e+03  7.63242167597748699e-15  1.94351837315609519e-15
 4.54217382812500000e+03  6.55232307672728844e-15  1.92077608654805269e-15
 4.54624853515625000e+03  5.11524315432574490e-15  1.90867887328238780e-15
 4.55032373046875000e+03  2.71234950395039185e-15  1.90258970741698666e-15
 4.55439941406250000e+03  2.41125106547397849e-15  1.93359396868723291e-15
 4.55847558593750000e+03  2.77747086785693746e-15  1.93915123628353323e-15
 4.56255273437500000e+03  2.57701320765380170e-15  1.91334257151635433e-15
 4.56663037109375000e+03  3.88261647979278183e-15  1.95523806947217726e-15
 4.57070849609375000e+03  6.00210099939965798e-15  2.01054004584468279e-15
 4.57478710937500000e+03  6.50911054025732848e-15  2.02847517820699633e-15
 4.57886669921875000e+03  7.56134999648657889e-15  2.05903302473198579e-15
 4.58294628906250000e+03  6.88445714871970909e-15  2.05626092436348770e-15
 4.58702685546875000e+03  5.75187755423554206e-15  2.02545559141660011e-15
 4.59110791015625000e+03  6.72553952670745562e-15  2.03220133053486971e-15
 4.59518945312500000e+03  6.84767455091466319e-15  2.04569528256488080e-15
 4.59927197265625000e+03  5.65408780318214571e-15  2.05150627769930882e-15
 4.60335449218750000e+03  6.11637358503023287e-15  2.07271882948882927e-15
 4.60743798828125000e+03  6.70099277952062455e-15  2.09617729711810195e-15
 4.61152197265625000e+03  7.75135369432890513e-15  2.14846465338054326e-15
 4.61560595703125000e+03  7.83675592127235366e-15  2.16041729776458730e-15
 4.61969140625000000e+03  6.95626870097691506e-15  2.15163631434041867e-15
 4.62377685546875000e+03  6.59991058625474745e-15  2.14391540572602259e-15
 4.62786279296875000e+03  5.23591145020470945e-15  2.09387052901950718e-15
 4.63194970703125000e+03  5.22348383727227472e-15  2.09059393441954155e-15
 4.63603662109375000e+03  7.86069260340765415e-15  2.17613870883470032e-15
 4.64012451171875000e+03  8.15272493211531038e-15  2.17153214570538958e-15
 4.64421289062500000e+03  6.71530952549684505e-15  2.12850684984042579e-15
 4.64830175781250000e+03  5.90066599450098515e-15  2.13242777461511854e-15
 4.65239111328125000e+03  5.59044707225852976e-15  2.11566050375938336e-15
 4.65648095703125000e+03  5.99553600359506745e-15  2.12034686278026769e-15
 4.66057177734375000e+03  7.22802647265005503e-15  2.16030353552396592e-15
 4.66466259765625000e+03  7.59718747118237506e-15  2.14451541036496179e-15
 4.66875390625000000e+03  8.12730867808306422e-15  2.16495852872010340e-15
 4.67284619140625000e+03  7.78795856427533177e-15  2.17543320378938067e-15
 4.67693896484375000e+03  6.99266809787978844e-15  2.18179942840449428e-15
 4.68103173828125000e+03  6.64671142704586818e-15  2.18342571090614721e-15
 4.68512548828125000e+03  5.54863285657945166e-15  2.14223613159326571e-15
 4.68921972656250000e+03  4.59339291069710903e-15  2.13814242865348822e-15
 4.69331445312500000e+03  4.11567401792724287e-15  2.12956026306559531e-15
 4.69740966796875000e+03  5.81110782211698503e-15  2.16841504611323848e-15
 4.70150537109375000e+03  7.03445632218102941e-15  2.19517558453845436e-15
 4.70560156250000000e+03  6.15376325785647583e-15  2.15565630743081047e-15
 4.70969873046875000e+03  4.39409144217491645e-15  2.13098736900125715e-15
 4.71379589843750000e+03  4.04073836945837654e-15  2.11497526906026113e-15
 4.71789355468750000e+03  5.67562828091450653e-15  2.12515289274100657e-15
 4.72199169921875000e+03  8.16300037710620680e-15  2.18480195400314405e-15
 4.72609082031250000e+03  8.78395209914544266e-15  2.19328556551058726e-15
 4.73018994140625000e+03  6.59707093093943509e-15  2.15570235790519118e-15
 4.73429003906250000e+03  5.11009732597965445e-15  2.15905445310446332e-15
 4.73839013671875000e+03  5.18800932382827235e-15  2.19112098957131545e-15
 4.74249072265625000e+03  5.59102594597047995e-15  2.16871384335145089e-15
 4.74659228515625000e+03  5.04471674460310855e-15  2.12198103370186354e-15
 4.75069384765625000e+03  4.80155435780469723e-15  2.11639911014110394e-15
 4.75479638671875000e+03  5.14898159835474461e-15  2.13450876400315224e-15
 4.75889892578125000e+03  4.97890394486480638e-15  2.15246275636221346e-15
 4.76300244140625000e+03  3.95852710308570968e-15  2.10883602929299258e-15
 4.76710595703125000e+03  4.32825018783718641e-15  2.10215321268651853e-15
 4.77121044921875000e+03  5.13863631217098159e-15  2.11984852269026121e-15
 4.77531494140625000e+03  6.08320808319584281e-15  2.18168989873288248e-15
 4.77942041015625000e+03  6.50812350855624402e-15  2.25362914692163209e-15
 4.78352587890625000e+03  5.09221385099544392e-15  2.22294352282418352e-15
 4.78763232421875000e+03  5.39725744310549702e-15  2.22186845813554089e-15
 4.79173876953125000e+03  5.77823537147245448e-15  2.21654185722601281e-15
 4.79584619140625000e+03  5.42562203044855777e-15  2.22279015404325051e-15
 4.79995361328125000e+03  4.50985873192581429e-15  2.21658923279659448e-15
 4.80406152343750000e+03  2.92043558695651091e-15  2.16800426197589516e-15
 4.80816992187500000e+03  2.27898680028487361e-15  2.16888357050825559e-15
 4.81227929687500000e+03  2.60289713072426846e-15  2.16753717581613718e-15
 4.81638867187500000e+03  3.74000921198185284e-15  2.20883417388601094e-15
 4.82049853515625000e+03  4.52560053616230284e-15  2.24392781578209776e-15
 4.82460888671875000e+03  5.31395839081646903e-15  2.24090214808171924e-15
 4.82871972656250000e+03  4.83669991313641620e-15  2.20963314612130760e-15
 4.83283105468750000e+03  4.25448177744039735e-15  2.22027462686504353e-15
 4.83694287109375000e+03  3.44457064302993838e-15  2.22328049796076460e-15
 4.84105517578125000e+03  3.47284791786630953e-15  2.23520992944110221e-15
 4.84516796875000000e+03  4.46571404359990265e-15  2.27588380908261425e-15
 4.84928076171875000e+03  3.76476891441647805e-15  2.22394659226487685e-15
 4.85339453125000000e+03  5.29842936386200554e-15  2.23533749486621571e-15
 4.85750830078125000e+03  5.41155148920858622e-15  2.27353641381948910e-15
 4.86162304687500000e+03  2.65331612449857930e-15  2.21274194253806943e-15
 4.86573779296875000e+03  2.47212879528036434e-15  2.20119854468928171e-15
 4.86985351562500000e+03  3.72637739233830688e-15  2.25494084582642504e-15
 4.87396923828125000e+03  3.28294905045629135e-15  2.24290346865098986e-15
 4.87808544921875000e+03  3.26186787391643474e-15  2.24851759368750441e-15
 4.88220214843750000e+03  4.87919971961453666e-15  2.29272275460335187e-15
 4.88631933593750000e+03  4.69211760143609352e-15  2.25226304275408962e-15
 4.89043701171875000e+03  5.09758469505419261e-15  2.26516888526041707e-15
 4.89455468750000000e+03  5.48022758841246708e-15  2.31246825320510853e-15
 4.89867333984375000e+03  4.83609259486299102e-15  2.33409175791024643e-15
 4.90279199218750000e+03  3.32748484141357849e-15  2.34183791414187926e-15
 4.90691162109375000e+03  2.38981459477524804e-15  2.28581449583602881e-15
 4.91103125000000000e+03  1.49137478259503697e-15  2.23213729023599968e-15
 4.91515136718750000e+03  1.76238989161258497e-15  2.27288223941540867e-15
 4.91927197265625000e+03  2.51355981150650167e-15  2.26909854929827312e-15
 4.92339306640625000e+03  3.98349361752939701e-15  2.25688366273158534e-15
 4.92751416015625000e+03  4.82445173625312706e-15  2.31749744530032956e-15
 4.93163623046875000e+03  4.21889774830488897e-15  2.35270778894485350e-15
 4.93575830078125000e+03  2.16562253314008984e-15  2.30508075462998858e-15
 4.93988134765625000e+03  8.17709749752431658e-16  2.28465621115029944e-15
 4.94400439453125000e+03  1.53261267062237002e-15  2.30560915958395137e-15
 4.94812792968750000e+03  2.90614091848934178e-15  2.33174651769057569e-15
 4.95225195312500000e+03  2.97949824799638946e-15  2.34294165192874585e-15
 4.95637597656250000e+03  3.92453786057535734e-15  2.42342771565946172e-15
 4.96050097656250000e+03  4.27014987165285628e-15  2.43690954453579527e-15
 4.96462597656250000e+03  5.35303139571622484e-15  2.42233616848849609e-15
 4.96875146484375000e+03  5.42118006159551166e-15  2.41179056011417893e-15
 4.97287792968750000e+03  3.52658355043669363e-15  2.41210137723510567e-15
 4.97700390625000000e+03  3.13818034415013252e-15  2.42820400567717079e-15
 4.98113085937500000e+03  4.21070393548862246e-15  2.46629490828599773e-15
 4.98525830078125000e+03  4.46627831777108453e-15  2.47180951764245912e-15
 4.98938574218750000e+03  3.17662757086472029e-15  2.44105830121179781e-15
 4.99351367187500000e+03  2.23382066116153927e-15  2.41792017788329491e-15
 4.99764208984375000e+03  2.56228711358998903e-15  2.41103630982145958e-15
 5.00177099609375000e+03  3.26884614133745269e-15  2.41701285423862703e-15
 5.00590039062500000e+03  4.07072285333111061e-15  2.46815833481160006e-15
 5.01002978515625000e+03  3.87557410673136749e-15  2.47386480581019708e-15
 5.01416015625000000e+03  3.18380723136337220e-15  2.48593842423660649e-15
 5.01829052734375000e+03  2.50662932894242111e-15  2.50215692134208687e-15
 5.02242138671875000e+03  2.29512201296178945e-15  2.48848639163828601e-15
 5.02655224609375000e+03  2.57535692976376087e-15  2.44875967956996237e-15
 5.03068408203125000e+03  3.11772542159622367e-15  2.45123764146281002e-15
 5.03481591796875000e+03  3.14845730444132869e-15  2.48140157264701859e-15
 5.03894824218750000e+03  3.10699454721901247e-15  2.49189905038993384e-15
 5.04308105468750000e+03  3.79451522530933055e-15  2.50237126358365649e-15
 5.04721435546875000e+03  3.13228544520864019e-15  2.47786700140232876e-15
 5.05134765625000000e+03  3.56054248648550911e-15  2.47300875790240914e-15
 5.05548193359375000e+03  4.52446294066574932e-15  2.47606103631221101e-15
 5.05961621093750000e+03  3.91551613995722015e-15  2.48266508190724387e-15
 5.06375097656250000e+03  3.23545723393368806e-15  2.47146005480115116e-15
 5.06788574218750000e+03  3.59304885496369237e-15  2.47215874379570143e-15
 5.07202148437500000e+03  4.55104345174742478e-15  2.52775322372596983e-15
 5.07615722656250000e+03  5.95327937806503039e-15  2.57600295601122453e-15
 5.08029345703125000e+03  5.94779001889543100e-15  2.61227437936808982e-15
 5.08442968750000000e+03  3.21395253511583439e-15  2.58205731874458002e-15
 5.08856689453125000e+03  2.10915209839264461e-15  2.56404898187942532e-15
 5.09270410156250000e+03  3.79843054190361877e-15  2.58757202232204914e-15
 5.09684179687500000e+03  5.14133173797719966e-15  2.60846979070457664e-15
 5.10097998046875000e+03  4.43123935018021677e-15  2.57073252437977291e-15
 5.10511865234375000e+03  2.82393366568045076e-15  2.52424256851745949e-15
 5.10925732421875000e+03  2.35173011135179682e-15  2.52060937194150607e-15
 5.11339648437500000e+03  3.17906154966739706e-15  2.59295812773263446e-15
 5.11753613281250000e+03  3.95657588754568653e-15  2.66684256693299409e-15
 5.12167578125000000e+03  2.86764044560752911e-15  2.61663442037360618e-15
 5.12581640625000000e+03  3.08603455344376059e-15  2.61149964366426364e-15
 5.12995703125000000e+03  3.52546645344113701e-15  2.65242204877330575e-15
 5.13409814453125000e+03  4.15183196116191392e-15  2.67927613838731975e-15
 5.13823925781250000e+03  3.03979228008372932e-15  2.65312189456890375e-15
 5.14238134765625000e+03  1.99091897874906915e-15  2.64999867332160998e-15
 5.14652343750000000e+03  1.59880315175463540e-15  2.64277859864116321e-15
 5.15066552734375000e+03  3.64449213979630960e-15  2.67427020554074475e-15
 5.15480859375000000e+03  5.91376591061558031e-15  2.71285842767352056e-15
 5.15895166015625000e+03  4.94035739521182981e-15  2.69277243658137318e-15
 5.16309521484375000e+03  1.64747638160609296e-15  2.65401785345564747e-15
 5.16723925781250000e+03  2.63973457980126184e-16  2.65297927549731498e-15
 5.17138330078125000e+03  1.67983449735208454e-15  2.68830151797227371e-15
 5.17552832031250000e+03  2.52090685488404371e-15  2.74450173633565275e-15
 5.17967333984375000e+03  1.48923814552560979e-15  2.74093016938882855e-15
 5.18381835937500000e+03  1.44099911974489314e-15  2.74928555868122825e-15
 5.18796435546875000e+03  2.55619025265938322e-15  2.75424259143313020e-15
 5.19211035156250000e+03  4.03358223788810808e-15  2.74560585190873299e-15
 5.19625683593750000e+03  4.01449302430766069e-15  2.75696865228789518e-15
 5.20040332031250000e+03  3.34438556437645979e-15  2.80578431963414092e-15
 5.20455078125000000e+03  3.59600880611666737e-15  2.81112170749561541e-15
 5.20869824218750000e+03  3.65364310148009335e-15  2.74027216749691620e-15
 5.21284570312500000e+03  4.67283930071479214e-15  2.75633188134836131e-15
 5.21699414062500000e+03  5.90950435532889533e-15  2.79190052825638012e-15
 5.22114257812500000e+03  5.57642244812169335e-15  2.80573247138548182e-15
 5.22529150390625000e+03  5.78189911813462213e-15  2.89295923188532601e-15
 5.22944042968750000e+03  4.35240359021601894e-15  2.87533722730419368e-15
 5.23359033203125000e+03  5.00148571989529521e-15  2.86776084575031492e-15
 5.23774023437500000e+03  6.37461660173359841e-15  2.88860988502462571e-15
 5.24189013671875000e+03  5.90412696179752342e-15  2.91656465610549918e-15
 5.24604101562500000e+03  4.37005604385991434e-15  2.85982680646698936e-15
 5.25019189453125000e+03  5.00223744891729104e-15  2.91521551856109610e-15
 5.25434326171875000e+03  5.55588121419840022e-15  2.99398389248786089e-15
 5.25849462890625000e+03  5.56693702108766351e-15  2.97275498021958922e-15
 5.26264648437500000e+03  3.77648783379099528e-15  2.86014962698132416e-15
 5.26679882812500000e+03  3.96472060982843158e-15  2.83674558450078496e-15
 5.27095166015625000e+03  5.11252712327388635e-15  2.95466357868677252e-15
 5.27510449218750000e+03  3.48818050880557438e-15  2.94600160724615940e-15
 5.27925781250000000e+03  4.65683175157890990e-15  3.00571168190164168e-15
 5.28341162109375000e+03  5.47897569766529015e-15  3.00175616842855948e-15
 5.28756542968750000e+03  4.72519611529806898e-15  2.91598899588440701e-15
 5.29172021484375000e+03  4.83497921271528258e-15  2.94657314848592181e-15
 5.29587451171875000e+03  2.72633067963506362e-15  2.97530657383740643e-15
 5.30002978515625000e+03  3.71624765825572995e-15  3.03289944239873683e-15
 5.30418505859375000e+03  4.00454042328741148e-15  3.04615398310059460e-15
 5.30834082031250000e+03  3.40137855926844977e-15  2.99819877509517401e-15
 5.31249658203125000e+03  2.65072466425086471e-15  2.95344875032293690e-15
 5.31665332031250000e+03  3.69478549873388639e-15  2.98599117387746988e-15
 5.32081005859375000e+03  5.53810497039483563e-15  3.03403405424719140e-15
 5.32496679687500000e+03  7.10283490454560842e-15  3.07442030630911853e-15
 5.32912402343750000e+03  3.79865279402510025e-15  3.01065462442411071e-15
 5.33328173828125000e+03  3.56619763302247547e-15  3.03682135691272704e-15
 5.33743994140625000e+03  5.09940212451370236e-15  3.12484123385289082e-15
 5.34159814453125000e+03  6.99529258981706754e-15  3.11498234157504358e-15
 5.34575683593750000e+03  5.01469632892878358e-15  3.05677539242848974e-15
 5.34991601562500000e+03  4.07791388146848915e-15  3.05288202192377581e-15
 5.35407519531250000e+03  3.37252318261222063e-15  3.10222721153163225e-15
 5.35823486328125000e+03  2.32137139303243086e-15  3.14227109702184565e-15
 5.36239501953125000e+03  2.94602739563773285e-15  3.16833070621893705e-15
 5.36655566406250000e+03  4.59426367829513113e-15  3.15981696201740043e-15
 5.37071630859375000e+03  4.42578204493282172e-15  3.13750508658030382e-15
 5.37487695312500000e+03  4.56592869481302484e-15  3.14571458402796042e-15
 5.37903857421875000e+03  5.90695307140902835e-15  3.18864202545779463e-15
 5.38320019531250000e+03  5.51140866434397735e-15  3.18330150036643378e-15
 5.38736230468750000e+03  2.61095378569476643e-15  3.15869311952068958e-15
 5.39152441406250000e+03  1.28397132053072964e-15  3.17171953023532853e-15
 5.39568701171875000e+03  3.22318792705363942e-15  3.21261109758722726e-15
 5.39985009765625000e+03  4.11391022061970367e-15  3.18782833486703264e-15
 5.40401367187500000e+03  5.09123634302085226e-15  3.22937732545101635e-15
 5.40817724609375000e+03  4.80657608676724645e-15  3.24121410298036552e-15
 5.41234130859375000e+03  1.81234446328423913e-15  3.10678606223795230e-15
 5.41650537109375000e+03  3.72361795338621849e-15  3.23333201815820942e-15
 5.42066992187500000e+03  4.84448676155566186e-15  3.32989571060691676e-15
 5.42483496093750000e+03  3.55503751668334864e-15  3.35003186683422248e-15
 5.42900000000000000e+03  3.47062189605626782e-15  3.39568463086250338e-15
 5.43316601562500000e+03  3.28535684173505931e-15  3.37892834589472660e-15
 5.43733154296875000e+03  6.61091813338579188e-15  3.50738140218653069e-15
 5.44149804687500000e+03  7.45358138302239086e-15  3.50344260918489282e-15
 5.44566455078125000e+03  5.88818430307766605e-15  3.50734653855920582e-15
 5.44983154296875000e+03  5.48584257966593116e-15  3.51200325531098680e-15
 5.45399853515625000e+03  5.31796955802026993e-15  3.47041680927398200e-15
 5.45816650390625000e+03  4.18563159764986172e-15  3.45221287509460337e-15
 5.46233398437500000e+03  2.04411726429358203e-15  3.48603745676016779e-15
 5.46650244140625000e+03 -6.67844086499856777e-16  3.43989759392012652e-15
 5.47067089843750000e+03 -1.27037381193911228e-15  3.42502407236144668e-15
 5.47483984375000000e+03  2.57861592772576965e-15  3.58272985584981123e-15
 5.47900878906250000e+03  4.11222172971361043e-15  3.61003948334074614e-15
 5.48317871093750000e+03  2.08306529585830611e-15  3.55878238188724971e-15
 5.48734814453125000e+03  6.88744931402783943e-16  3.53298820234186788e-15
 5.49151855468750000e+03  1.03001999966065484e-15  3.56418767521342678e-15
 5.49568896484375000e+03  6.10169987193307165e-16  3.56857356008250033e-15
 5.49985986328125000e+03  8.09192108052437572e-16  3.61407755892412408e-15
 5.50403076171875000e+03  1.28809866355671824e-15  3.69940592230343661e-15
 5.50820263671875000e+03  6.20077177149662756e-16  3.64622645831438010e-15
 5.51237402343750000e+03  2.13668876562482777e-15  3.66318643109637163e-15
 5.51654638671875000e+03  3.07100323092205476e-15  3.66423540507969132e-15
 5.52071875000000000e+03  3.84571051428440360e-15  3.68521471616924384e-15
 5.52489160156250000e+03  4.33321944089124394e-15  3.66373847910421701e-15
 5.52906445312500000e+03  5.11747872313088156e-15  3.71660390714806565e-15
 5.53323779296875000e+03  4.11631924921161472e-15  3.76056999056118804e-15
 5.53741162109375000e+03  2.19995808747048704e-15  3.71573795053172960e-15
 5.54158593750000000e+03  2.55365221012287336e-15  3.67155806715717367e-15
 5.54576025390625000e+03  6.33134465110166555e-15  3.75528053638185993e-15
 5.54993505859375000e+03  6.05796810004983121e-15  3.70182575800109866e-15
 5.55410986328125000e+03  4.11905512634394881e-15  3.65882518656183062e-15
 5.55828515625000000e+03  3.36130922533871905e-15  3.71548197721152719e-15
 5.56246093750000000e+03  5.55958272460163768e-15  3.81459784203706496e-15
 5.56663720703125000e+03  6.72007278192685809e-15  3.85018506350978777e-15
 5.57081347656250000e+03  5.01824610752845200e-15  3.76463770808134827e-15
 5.57499023437500000e+03  5.15661364003771398e-15  3.79254270058217718e-15
 5.57916699218750000e+03  4.67396812999428001e-15  3.82058093646493056e-15
 5.58334423828125000e+03  3.66015323832883242e-15  3.77001669203432030e-15
 5.58752197265625000e+03  3.40471506073352580e-15  3.75262857655248365e-15
 5.59170019531250000e+03  5.05665573441815157e-15  3.84062813180833484e-15
 5.59587841796875000e+03  6.32880934051047081e-15  3.90622763376550053e-15
 5.60005712890625000e+03  4.46495166308576413e-15  3.80994020017903090e-15
 5.60423583984375000e+03  4.77313941905102892e-15  3.78661371337103885e-15
 5.60841503906250000e+03  3.55684274068546799e-15  3.80889831528390269e-15
 5.61259472656250000e+03  2.30949194068451317e-15  3.82957185496667466e-15
 5.61677490234375000e+03  2.04372606184915672e-15  3.83849936025549831e-15
 5.62095507812500000e+03  2.73405917615924673e-15  3.78980388975695063e-15
 5.62513574218750000e+03  6.13420171199776406e-15  3.89344754362283172e-15
 5.62931640625000000e+03  6.43258738691694575e-15  3.91062704443651108e-15
 5.63349804687500000e+03  4.15022662321440566e-15  3.90231668781972856e-15
 5.63767919921875000e+03  3.58347806198394569e-15  3.91333686846122226e-15
 5.64186132812500000e+03  5.35596775875646072e-15  4.01687534928359908e-15
 5.64604345703125000e+03  6.16677410146115013e-15  4.08332507865669622e-15
 5.65022607421875000e+03  5.71418603431935325e-15  4.10169003502995758e-15
 5.65440917968750000e+03  4.31806252817401512e-15  4.03665978401747339e-15
 5.65859228515625000e+03  4.53793359923027381e-15  4.08735908954733779e-15
 5.66277587890625000e+03  1.44064838684497343e-15  4.06703652632696398e-15
 5.66695996093750000e+03  1.62966707895717760e-15  4.16187437323788188e-15
 5.67114404296875000e+03  3.03242754000923904e-15  4.18936575145036461e-15
 5.67532861328125000e+03  4.27346042816529703e-15  4.23227091772968067e-15
 5.67951367187500000e+03  3.83840959527850109e-15  4.27259197290973545e-15
 5.68369873046875000e+03  5.32518780296843750e-15  4.34244742614075111e-15
 5.68788427734375000e+03  6.62218487379224899e-15  4.36804347792146357e-15
 5.69207031250000000e+03  3.57444125846668113e-15  4.23082723837733350e-15
 5.69625683593750000e+03  1.97933305246325526e-15  4.22346168237140650e-15
 5.70044335937500000e+03  4.15896781965562140e-15  4.28893996672952137e-15
 5.70463037109375000e+03  5.21462300773080982e-15  4.29031615953925452e-15
 5.70881738281250000e+03  5.91490863073018381e-15  4.34312895478903830e-15
 5.71300488281250000e+03  5.96087515889618088e-15  4.42973916731212787e-15
 5.71719287109375000e+03  4.63094629454933000e-15  4.47269644442562814e-15
 5.72138134765625000e+03  3.73197423838566223e-15  4.49340345293097579e-15
 5.72556982421875000e+03  1.96051777169564997e-15  4.41317822149702132e-15
 5.72975878906250000e+03  3.25221529233280476e-15  4.47535521723832999e-15
 5.73394824218750000e+03  2.18190920034773554e-15  4.42812805956227606e-15
 5.73813769531250000e+03  2.15669980765687106e-15  4.44549164663208309e-15
 5.74232763671875000e+03  4.35615742616315316e-15  4.58386135368627054e-15
 5.74651806640625000e+03  5.05530193865710430e-15  4.64278038996259222e-15
 5.75070898437500000e+03  4.44335069651245913e-15  4.67141957289571251e-15
 5.75489990234375000e+03  3.86608735007290195e-15  4.66269464427663269e-15
 5.75909130859375000e+03  3.79013474557145227e-15  4.64191121063492526e-15
 5.76328271484375000e+03  2.96053184409994291e-15  4.61002840301830487e-15
 5.76747509765625000e+03  2.35543784064142937e-15  4.64212148030275329e-15
 5.77166748046875000e+03  1.95893706873550643e-15  4.68256692950137329e-15
 5.77585986328125000e+03  3.93461297793233690e-15  4.68201750073957126e-15
 5.78005322265625000e+03  5.39601846398769183e-15  4.63287991455847028e-15
 5.78424658203125000e+03  4.41120076165277348e-15  4.70741727685265875e-15
 5.78844042968750000e+03  2.90886800851905706e-15  4.69922069205140649e-15
 5.79263427734375000e+03  5.68205375629037944e-15  4.79278734210312685e-15
 5.79682910156250000e+03  6.64702545232085983e-15  4.87260762520166099e-15
 5.80102392578125000e+03  3.61007862121234977e-15  4.80470418348313269e-15
 5.80521875000000000e+03  1.27600252378463688e-15  4.78846262213711968e-15
 5.80941455078125000e+03  1.23191363197368844e-15  4.88717781847620262e-15
 5.81361035156250000e+03  2.90328780085476105e-15  4.97012689770248909e-15
 5.81780664062500000e+03  4.40859992507616521e-15  4.97778397954883731e-15
 5.82200341796875000e+03  4.85287651566117816e-15  4.98025781930502517e-15
 5.82620019531250000e+03  6.86249597169064934e-15  5.08311120227699066e-15
 5.83039746093750000e+03  7.58793636599362303e-15  5.18471139244273810e-15
 5.83459521484375000e+03  6.22958236657275920e-15  5.17128363624223822e-15
 5.83879296875000000e+03  4.92791582434599465e-15  5.18241434615588686e-15
 5.84299169921875000e+03  4.61056289345294752e-15  5.29487225372349958e-15
 5.84719042968750000e+03  3.46704599607194653e-15  5.34039286369799480e-15
 5.85138916015625000e+03  2.72783991882636132e-15  5.36199831252355762e-15
 5.85558886718750000e+03  2.45487686151761252e-15  5.42889046806727152e-15
 5.85978857421875000e+03  1.08935744316862005e-15  5.35999042512584350e-15
 5.86398876953125000e+03  1.95254232126418860e-15  5.37351711833395843e-15
 5.86818945312500000e+03  3.26247956981565760e-15  5.43727201367489880e-15
 5.87239013671875000e+03  4.16233174594650333e-15  5.53464438414302918e-15
 5.87659179687500000e+03  4.72521205733868045e-15  5.64121598994405686e-15
 5.88079345703125000e+03  2.63345444039164796e-15  5.54516942673949296e-15
 5.88499511718750000e+03  3.24522929712079674e-15  5.59043817958270255e-15
