3653.15454102  1.243084E-16
3658.67294311961  1.687420E-16
3664.19134521922  1.541188E-16
3669.70974731883  1.510527E-16
3675.22814941844  1.675744E-16
3680.74655151805  1.743374E-16
3686.26495361766  1.884914E-16
3691.78335571727  1.683894E-16
3697.30175781688  1.795234E-16
3702.82015991649  1.765615E-16
3708.3385620161  1.742529E-16
3713.85696411571  1.714916E-16
3719.37536621532  1.730913E-16
3724.89376831493  1.663532E-16
3730.41217041454  1.714775E-16
3735.93057251415  1.721071E-16
3741.44897461376  1.608584E-16
3746.96737671337  1.630735E-16
3752.48577881298  1.691520E-16
3758.00418091259  1.767610E-16
3763.5225830122  1.726060E-16
3769.04098511181  1.812768E-16
3774.55938721142  1.850901E-16
3780.07778931103  2.024455E-16
3785.59619141064  2.009333E-16
3791.11459351025  2.072853E-16
3796.63299560986  2.068026E-16
3802.15139770947  2.182108E-16
3807.66979980908  2.227029E-16
3813.18820190869  2.298861E-16
3818.7066040083  2.224185E-16
3824.22500610791  2.282050E-16
3829.74340820752  2.352654E-16
3835.26181030713  2.181838E-16
3840.78021240674  2.325299E-16
3846.29861450635  2.251900E-16
3851.81701660596  2.385794E-16
3857.33541870557  2.283187E-16
3862.85382080518  2.357138E-16
3868.37222290479  2.236465E-16
3873.8906250044  2.306992E-16
3879.40902710401  2.262749E-16
3884.92742920362  2.147208E-16
3890.44583130323  2.133179E-16
3895.96423340284  2.042703E-16
3901.48263550245  2.133483E-16
3907.00103760206  2.186558E-16
3912.51943970167  2.159061E-16
3918.03784180128  2.127147E-16
3923.55624390089  2.081603E-16
3929.0746460005  2.236071E-16
3934.59304810011  2.196368E-16
3940.11145019972  2.248609E-16
3945.62985229933  2.216856E-16
3951.14825439894  2.422529E-16
3956.66665649855  2.495480E-16
3962.18505859816  2.285483E-16
3967.70346069777  2.180970E-16
3973.22186279738  2.251054E-16
3978.74026489699  2.289609E-16
3984.2586669966  2.397566E-16
3989.77706909621  2.446166E-16
3995.29547119582  2.450855E-16
4000.81387329543  2.456978E-16
4006.33227539504  2.422290E-16
4011.85067749465  2.388044E-16
4017.36907959426  2.409835E-16
4022.88748169387  2.299039E-16
4028.40588379348  2.347543E-16
4033.92428589309  2.233209E-16
4039.4426879927  2.152197E-16
4044.96109009231  1.976002E-16
4050.47949219192  2.054332E-16
4055.99789429154  1.919789E-16
4061.51629639114  1.755709E-16
4067.03469849075  1.800570E-16
4072.55310059036  1.796846E-16
4078.07150268997  1.743456E-16
4083.58990478958  1.728248E-16
4089.10830688919  1.703445E-16
4094.6267089888  1.741598E-16
4100.14511108841  1.634141E-16
4105.66351318802  1.702422E-16
4111.18191528763  1.612538E-16
4116.70031738724  1.627985E-16
4122.21871948685  1.608511E-16
4127.73712158646  1.674462E-16
4133.25552368607  1.745134E-16
4138.77392578568  1.758363E-16
4144.29232788529  1.943311E-16
4149.81072998491  2.004837E-16
4155.32913208451  2.041557E-16
4160.84753418412  2.087664E-16
4166.36593628373  2.132177E-16
4171.88433838334  2.070364E-16
4177.40274048295  1.929160E-16
4182.92114258257  1.920890E-16
4188.43954468218  1.853445E-16
4193.95794678178  1.775540E-16
4199.47634888139  1.801926E-16
4204.994750981  1.688393E-16
4210.51315308061  1.732001E-16
4216.03155518022  1.671362E-16
4221.54995727983  1.665843E-16
4227.06835937944  1.657123E-16
4232.58676147905  1.616843E-16
4238.10516357866  1.649330E-16
4243.62356567827  1.689093E-16
4249.14196777788  1.680031E-16
4254.66036987749  1.740312E-16
4260.1787719771  1.853259E-16
4265.69717407671  1.892154E-16
4271.21557617632  1.949853E-16
4276.73397827593  1.975786E-16
4282.25238037554  2.060451E-16
4287.77078247515  2.060315E-16
4293.28918457477  2.040722E-16
4298.80758667437  2.098184E-16
4304.32598877398  2.079568E-16
4309.8443908736  2.011578E-16
4315.3627929732  2.052864E-16
4320.88119507281  2.041121E-16
4326.39959717242  2.054304E-16
4331.91799927204  2.172823E-16
4337.43640137164  2.216398E-16
4342.95480347125  2.277803E-16
4348.47320557086  2.385000E-16
4353.99160767047  2.317041E-16
4359.51000977008  2.214000E-16
4365.02841186969  2.116770E-16
4370.5468139693  2.122984E-16
4376.06521606891  2.388493E-16
4381.58361816852  2.470172E-16
4387.10202026813  2.448701E-16
4392.62042236774  2.393377E-16
4398.13882446735  2.285565E-16
4403.65722656696  2.173027E-16
4409.17562866657  2.135057E-16
4414.69403076618  2.271604E-16
4420.21243286579  2.331082E-16
4425.7308349654  2.335949E-16
4431.24923706501  2.378918E-16
4436.76763916462  2.367236E-16
4442.28604126423  2.453718E-16
4447.80444336385  2.412360E-16
4453.32284546346  2.394807E-16
4458.84124756306  2.456976E-16
4464.35964966267  2.452815E-16
4469.87805176229  2.521041E-16
4475.39645386189  2.450474E-16
4480.9148559615  2.455645E-16
4486.43325806111  2.486052E-16
4491.95166016072  2.474515E-16
4497.47006226033  2.509548E-16
4502.98846435994  2.519583E-16
4508.50686645955  2.424459E-16
4514.02526855916  2.489475E-16
4519.54367065877  2.472282E-16
4525.06207275838  2.451701E-16
4530.58047485799  2.372574E-16
4536.0988769576  2.356988E-16
4541.61727905722  2.376541E-16
4547.13568115682  2.304120E-16
4552.65408325643  2.189919E-16
4558.17248535604  2.190853E-16
4563.69088745565  2.252797E-16
4569.20928955526  2.110522E-16
4574.72769165487  2.224132E-16
4580.24609375448  2.134081E-16
4585.7644958541  2.134006E-16
4591.2828979537  2.117215E-16
4596.80130005332  2.112489E-16
4602.31970215293  2.131267E-16
4607.83810425254  2.127533E-16
4613.35650635214  2.153823E-16
4618.87490845175  2.042455E-16
4624.39331055136  1.984979E-16
4629.91171265097  1.977547E-16
4635.43011475059  1.878003E-16
4640.94851685019  1.881637E-16
4646.4669189498  1.856890E-16
4651.98532104941  1.759608E-16
4657.50372314902  1.840115E-16
4663.02212524863  1.752404E-16
4668.54052734824  1.676144E-16
4674.05892944785  1.679100E-16
4679.57733154747  1.705496E-16
4685.09573364707  1.568497E-16
4690.61413574668  1.604777E-16
4696.13253784629  1.593629E-16
4701.65093994591  1.463044E-16
4707.16934204551  1.588584E-16
4712.68774414512  1.443092E-16
4718.20614624474  1.486316E-16
4723.72454834434  1.423133E-16
4729.24295044396  1.431947E-16
4734.76135254357  1.366003E-16
4740.27975464317  1.349991E-16
4745.79815674279  1.414859E-16
4751.31655884239  1.399512E-16
4756.834960942  1.482307E-16
4762.35336304161  1.468429E-16
4767.87176514122  1.433505E-16
4773.39016724083  1.458736E-16
4778.90856934045  1.549668E-16
4784.42697144005  1.554876E-16
4789.94537353966  1.586799E-16
4795.46377563928  1.678122E-16
4800.98217773888  1.646303E-16
4806.50057983849  1.723400E-16
4812.01898193811  1.763090E-16
4817.53738403771  1.811439E-16
4823.05578613732  1.827702E-16
4828.57418823693  1.868564E-16
4834.09259033654  1.922089E-16
4839.61099243615  1.993482E-16
4845.12939453576  1.968986E-16
4850.64779663538  1.881537E-16
4856.16619873498  1.915627E-16
4861.6846008346  1.828574E-16
4867.20300293421  1.803306E-16
4872.72140503382  1.715452E-16
4878.23980713342  1.701804E-16
4883.75820923303  1.672696E-16
4889.27661133265  1.652586E-16
4894.79501343225  1.651371E-16
4900.31341553186  1.703050E-16
4905.83181763147  1.721197E-16
4911.35021973108  1.704061E-16
4916.86862183069  1.799762E-16
4922.38702393031  1.860819E-16
4927.90542602991  1.902789E-16
4933.42382812952  1.952962E-16
4938.94223022914  1.916339E-16
4944.46063232874  1.911382E-16
4949.97903442835  1.958283E-16
4955.49743652797  1.955278E-16
4961.01583862757  1.960191E-16
4966.53424072718  1.934651E-16
4972.05264282679  1.998655E-16
4977.57104492641  1.979101E-16
4983.08944702602  1.967025E-16
4988.60784912562  1.972623E-16
4994.12625122524  1.990725E-16
4999.64465332485  2.048086E-16
5005.16305542446  1.943332E-16
5010.68145752407  1.986680E-16
5016.19985962368  1.870112E-16
5021.71826172329  1.927525E-16
5027.2366638229  1.866763E-16
5032.75506592251  1.840587E-16
5038.27346802211  1.923751E-16
5043.79187012172  1.883602E-16
5049.31027222134  1.890598E-16
5054.82867432094  1.943652E-16
5060.34707642056  2.014254E-16
5065.86547852016  1.991060E-16
5071.38388061978  2.039762E-16
5076.90228271939  1.982961E-16
5082.420684819  1.921912E-16
5087.93908691861  1.881084E-16
5093.45748901822  1.848066E-16
5098.97589111783  1.987618E-16
5104.49429321743  1.991052E-16
5110.01269531704  1.910450E-16
5115.53109741666  1.889973E-16
5121.04949951627  1.842639E-16
5126.56790161587  1.837284E-16
5132.08630371548  1.851630E-16
5137.6047058151  1.774950E-16
5143.12310791471  1.724691E-16
5148.64151001432  1.712366E-16
5154.15991211393  1.705903E-16
5159.67831421354  1.712671E-16
5165.19671631315  1.688594E-16
5170.71511841276  1.641718E-16
5176.23352051237  1.618178E-16
5181.75192261197  1.639406E-16
5187.27032471159  1.646595E-16
5192.7887268112  1.623522E-16
5198.3071289108  1.598522E-16
5203.82553101041  1.659463E-16
5209.34393311003  1.620884E-16
5214.86233520963  1.628664E-16
5220.38073730925  1.601125E-16
5225.89913940885  1.590452E-16
5231.41754150847  1.591828E-16
5236.93594360808  1.581465E-16
5242.45434570769  1.552343E-16
5247.9727478073  1.543941E-16
5253.49114990691  1.506010E-16
5259.00955200652  1.572476E-16
5264.52795410613  1.614494E-16
5270.04635620574  1.568424E-16
5275.56475830535  1.597468E-16
5281.08316040496  1.570890E-16
5286.60156250457  1.587541E-16
5292.11996460418  1.667430E-16
5297.63836670379  1.622561E-16
5303.1567688034  1.631273E-16
5308.675170903  1.635937E-16
5314.19357300261  1.586276E-16
5319.71197510222  1.560304E-16
5325.23037720184  1.534000E-16
5330.74877930145  1.542466E-16
5336.26718140106  1.492691E-16
5341.78558350066  1.461682E-16
5347.30398560028  1.436702E-16
5352.82238769989  1.477554E-16
5358.34078979949  1.445284E-16
5363.85919189911  1.400899E-16
5369.37759399872  1.398600E-16
5374.89599609832  1.334520E-16
5380.41439819794  1.326048E-16
5385.93280029755  1.328563E-16
5391.45120239715  1.356702E-16
5396.96960449677  1.312889E-16
5402.48800659638  1.366468E-16
5408.00640869599  1.348568E-16
5413.5248107956  1.339031E-16
5419.04321289521  1.323743E-16
5424.56161499482  1.341198E-16
5430.08001709443  1.261792E-16
5435.59841919404  1.257708E-16
5441.11682129365  1.262297E-16
5446.63522339326  1.248860E-16
5452.15362549287  1.243519E-16
5457.67202759248  1.278860E-16
5463.19042969209  1.263671E-16
5468.70883179169  1.233546E-16
5474.22723389131  1.208110E-16
5479.74563599092  1.226902E-16
5485.26403809053  1.204008E-16
5490.78244019014  1.160799E-16
5496.30084228975  1.169007E-16
5501.81924438936  1.174867E-16
5507.33764648897  1.228983E-16
5512.85604858858  1.168142E-16
5518.37445068819  1.196917E-16
5523.8928527878  1.223519E-16
5529.41125488741  1.171653E-16
5534.92965698702  1.207743E-16
5540.44805908663  1.266103E-16
5545.96646118624  1.245577E-16
5551.48486328585  1.264818E-16
5557.00326538546  1.247509E-16
5562.52166748507  1.310354E-16
5568.04006958468  1.379968E-16
5573.55847168429  1.425873E-16
5579.0768737839  1.410846E-16
5584.59527588351  1.387962E-16
5590.11367798312  1.276698E-16
5595.63208008273  1.426537E-16
5601.15048218234  1.416133E-16
5606.66888428195  1.418868E-16
5612.18728638156  1.453432E-16
5617.70568848117  1.446991E-16
5623.22409058078  1.449995E-16
5628.74249268039  1.527160E-16
5634.26089478  1.528009E-16
5639.77929687961  1.495561E-16
5645.29769897922  1.504292E-16
5650.81610107883  1.443818E-16
5656.33450317844  1.493716E-16
5661.85290527804  1.538236E-16
5667.37130737766  1.527212E-16
5672.88970947727  1.497042E-16
5678.40811157688  1.512426E-16
5683.92651367649  1.445688E-16
5689.4449157761  1.488230E-16
5694.96331787571  1.495483E-16
5700.48171997532  1.456219E-16
5706.00012207493  1.452409E-16
5711.51852417454  1.490657E-16
5717.03692627415  1.477642E-16
5722.55532837376  1.492757E-16
5728.07373047337  1.521010E-16
5733.59213257298  1.398156E-16
5739.11053467259  1.437875E-16
5744.6289367722  1.486606E-16
5750.14733887181  1.476390E-16
5755.66574097141  1.447822E-16
5761.18414307103  1.487089E-16
5766.70254517064  1.479566E-16
5772.22094727025  1.431733E-16
5777.73934936986  1.343484E-16
5783.25775146947  1.374421E-16
5788.77615356908  1.368508E-16
5794.29455566869  1.379543E-16
5799.8129577683  1.342128E-16
5805.33135986791  1.354247E-16
5810.84976196752  1.351913E-16
5816.36816406713  1.285712E-16
5821.88656616674  1.247541E-16
5827.40496826635  1.312159E-16
5832.92337036596  1.195165E-16
5838.44177246557  1.216505E-16
5843.96017456518  1.235976E-16
5849.47857666479  1.296571E-16
5854.9969787644  1.239293E-16
5860.51538086401  1.224104E-16
5866.03378296362  1.211395E-16
5871.55218506323  1.220206E-16
5877.07058716284  1.207991E-16
5882.58898926245  1.213494E-16
5888.10739136206  1.226218E-16
5893.62579346167  1.266910E-16
5899.14419556128  1.254141E-16
5904.66259766089  1.186812E-16
5910.1809997605  1.226882E-16
5915.69940186011  1.245903E-16
5921.21780395972  1.251104E-16
5926.73620605933  1.255122E-16
5932.25460815894  1.227652E-16
5937.77301025855  1.236104E-16
5943.29141235816  1.257755E-16
5948.80981445777  1.241505E-16
5954.32821655738  1.211238E-16
5959.84661865699  1.210922E-16
5965.3650207566  1.154777E-16
5970.88342285621  1.157324E-16
5976.40182495582  1.164815E-16
5981.92022705543  1.175330E-16
5987.43862915504  1.222105E-16
5992.95703125465  1.187123E-16
5998.47543335426  1.146175E-16
6003.99383545387  1.119944E-16
6009.51223755348  1.213253E-16
6015.03063965309  1.188048E-16
6020.5490417527  1.158313E-16
6026.06744385231  1.204753E-16
6031.58584595192  1.188636E-16
6037.10424805153  1.181325E-16
6042.62265015114  1.178121E-16
6048.14105225075  1.203100E-16
6053.65945435036  1.183395E-16
6059.17785644997  1.161703E-16
6064.69625854958  1.164690E-16
6070.21466064919  1.206824E-16
6075.7330627488  1.212755E-16
6081.25146484841  1.238785E-16
6086.76986694802  1.227405E-16
6092.28826904763  1.246696E-16
6097.80667114724  1.181718E-16
6103.32507324685  1.254873E-16
6108.84347534646  1.311460E-16
6114.36187744607  1.202879E-16
6119.88027954568  1.248336E-16
6125.39868164529  1.223298E-16
6130.9170837449  1.193369E-16
6136.43548584451  1.237845E-16
6141.95388794412  1.221503E-16
6147.47229004373  1.196961E-16
6152.99069214334  1.212962E-16
6158.50909424295  1.243170E-16
6164.02749634256  1.222453E-16
6169.54589844217  1.159990E-16
6175.06430054178  1.202820E-16
6180.58270264139  1.222336E-16
6186.101104741  1.211992E-16
6191.61950684061  1.208103E-16
6197.13790894022  1.174980E-16
6202.65631103983  1.309365E-16
6208.17471313944  1.228976E-16
6213.69311523905  1.218093E-16
6219.21151733866  1.220117E-16
6224.72991943827  1.211979E-16
6230.24832153788  1.195405E-16
6235.76672363749  1.226923E-16
6241.2851257371  1.231068E-16
6246.80352783671  1.165782E-16
6252.32192993632  1.239201E-16
6257.84033203593  1.229552E-16
6263.35873413554  1.161303E-16
6268.87713623515  1.201790E-16
6274.39553833476  1.266720E-16
6279.91394043437  1.245091E-16
6285.43234253398  1.245134E-16
6290.95074463359  1.198524E-16
6296.4691467332  1.204875E-16
6301.98754883281  1.261468E-16
6307.50595093242  1.232784E-16
6313.02435303203  1.200877E-16
6318.54275513164  1.202975E-16
6324.06115723125  1.233989E-16
6329.57955933086  1.171122E-16
6335.09796143047  1.207036E-16
6340.61636353008  1.215352E-16
6346.13476562969  1.231566E-16
6351.6531677293  1.203325E-16
6357.17156982891  1.235872E-16
6362.68997192852  1.286406E-16
6368.20837402813  1.163110E-16
6373.72677612774  1.202654E-16
6379.24517822735  1.152396E-16
6384.76358032696  1.173962E-16
6390.28198242657  1.175369E-16
6395.80038452618  1.183900E-16
6401.31878662579  1.229153E-16
6406.8371887254  1.165736E-16
6412.35559082501  1.136011E-16
6417.87399292462  1.198040E-16
6423.39239502423  1.182866E-16
6428.91079712384  1.147909E-16
6434.42919922345  1.168392E-16
6439.94760132306  1.182121E-16
6445.46600342267  1.174782E-16
6450.98440552228  1.178539E-16
6456.50280762189  1.154111E-16
6462.0212097215  1.166207E-16
6467.53961182111  1.182952E-16
6473.05801392072  1.228647E-16
6478.57641602033  1.235262E-16
6484.09481811994  1.203383E-16
6489.61322021955  1.148726E-16
6495.13162231916  1.171193E-16
6500.65002441877  1.164843E-16
6506.16842651838  1.218656E-16
6511.68682861799  1.179336E-16
6517.2052307176  1.126690E-16
6522.72363281721  1.151781E-16
6528.24203491682  1.082097E-16
6533.76043701643  1.017220E-16
6539.27883911604  1.073022E-16
6544.79724121565  1.149012E-16
6550.31564331526  1.197385E-16
6555.83404541487  1.225890E-16
6561.35244751448  1.238320E-16
6566.87084961409  1.229291E-16
6572.3892517137  1.164010E-16
6577.90765381331  1.163011E-16
6583.42605591292  1.222158E-16
6588.94445801253  1.207909E-16
6594.46286011214  1.196311E-16
6599.98126221175  1.122731E-16
6605.49966431136  1.188799E-16
6611.01806641097  1.137427E-16
6616.53646851058  1.158492E-16
6622.05487061019  1.168486E-16
6627.5732727098  1.125629E-16
6633.09167480941  1.172523E-16
6638.61007690902  1.215355E-16
6644.12847900863  1.153562E-16
6649.64688110824  1.158352E-16
6655.16528320785  1.178341E-16
6660.68368530746  1.115535E-16
6666.20208740707  1.135636E-16
6671.72048950668  1.110832E-16
6677.23889160629  1.140815E-16
6682.7572937059  1.119345E-16
6688.27569580551  1.060252E-16
6693.79409790512  1.095903E-16
6699.31250000473  1.104153E-16
6704.83090210434  1.090487E-16
6710.34930420395  1.074818E-16
6715.86770630356  1.079091E-16
6721.38610840317  1.082903E-16
6726.90451050278  1.051552E-16
6732.42291260239  1.026861E-16
6737.941314702  9.859790E-17
6743.45971680161  9.686378E-17
6748.97811890122  9.388941E-17
6754.49652100083  8.955014E-17
6760.01492310044  9.007012E-17
6765.53332520005  9.182300E-17
6771.05172729966  8.956713E-17
6776.57012939927  8.988117E-17
6782.08853149888  8.662763E-17
6787.60693359849  8.335639E-17
6793.1253356981  8.829518E-17
6798.64373779771  8.298665E-17
6804.16213989732  8.814122E-17
6809.68054199693  9.066085E-17
6815.19894409654  8.177796E-17
6820.71734619615  8.620120E-17
6826.23574829576  8.681767E-17
6831.75415039537  8.693826E-17
6837.27255249498  9.157238E-17
6842.79095459459  8.495523E-17
6848.3093566942  8.661549E-17
6853.82775879381  9.325764E-17
6859.34616089342  9.019067E-17
6864.86456299303  8.874798E-17
6870.38296509264  8.568018E-17
6875.90136719225  8.883299E-17
6881.41976929186  9.383493E-17
6886.93817139147  9.594171E-17
6892.45657349108  9.453099E-17
6897.97497559069  9.501977E-17
6903.4933776903  9.726682E-17
6909.01177978991  9.787565E-17
6914.53018188952  9.580676E-17
6920.04858398913  9.379116E-17
6925.56698608874  9.154765E-17
6931.08538818835  9.214122E-17
6936.60379028796  9.630892E-17
6942.12219238757  9.880741E-17
6947.64059448718  9.259394E-17
6953.15899658679  9.229363E-17
6958.6773986864  9.435599E-17
6964.19580078601  9.560024E-17
6969.71420288562  1.020222E-16
6975.23260498523  9.569915E-17
6980.75100708484  9.569915E-17
6986.26940918445  1.033825E-16
6991.78781128406  9.818275E-17
6997.30621338367  8.944571E-17
7002.82461548328  9.150319E-17
7008.34301758289  9.985986E-17
7013.8614196825  1.030141E-16
7019.37982178211  9.712723E-17
7024.89822388172  9.195578E-17
7030.41662598133  9.366550E-17
7035.93502808094  9.397659E-17
7041.45343018055  9.450613E-17
7046.97183228016  9.346664E-17
7052.49023437977  9.146765E-17
7058.00863647938  9.329610E-17
7063.52703857899  9.061943E-17
7069.0454406786  9.106323E-17
7074.56384277821  9.349417E-17
7080.08224487782  9.864937E-17
7085.60064697743  9.870301E-17
7091.11904907704  9.172120E-17
7096.63745117665  1.024628E-16
7102.15585327626  8.874855E-17
7107.67425537587  8.675984E-17
7113.19265747548  9.871391E-17
7118.71105957509  9.833843E-17
7124.2294616747  9.697543E-17
7129.74786377431  9.332910E-17
7135.26626587392  9.588821E-17
7140.78466797353  9.182171E-17
7146.30307007314  9.873299E-17
7151.82147217275  9.304072E-17
7157.33987427236  8.555848E-17
7162.85827637197  8.514292E-17
7168.37667847158  9.088552E-17
7173.89508057119  9.173343E-17
7179.4134826708  8.807769E-17
7184.93188477041  8.311174E-17
7190.45028687002  8.553781E-17
7195.96868896963  8.874045E-17
7201.48709106924  8.830532E-17
7207.00549316885  8.587631E-17
7212.52389526846  8.341862E-17
7218.04229736807  8.639823E-17
7223.56069946768  8.941114E-17
7229.07910156729  8.443739E-17
7234.5975036669  8.304506E-17
7240.11590576651  8.142841E-17
7245.63430786612  9.228286E-17
7251.15270996573  9.367988E-17
7256.67111206534  8.106623E-17
7262.18951416495  7.896469E-17
7267.70791626456  8.292779E-17
7273.22631836417  9.977066E-17
7278.74472046378  1.022967E-16
7284.26312256339  9.375691E-17
7289.781524663  8.491073E-17
7295.29992676261  7.623223E-17
7300.81832886222  8.911200E-17
7306.33673096183  8.620721E-17
7311.85513306144  8.531048E-17
7317.37353516105  7.744974E-17
7322.89193726066  7.796477E-17
7328.41033936027  8.008652E-17
7333.92874145988  8.482635E-17
7339.44714355949  8.289669E-17
7344.9655456591  8.326184E-17
7350.48394775871  8.122819E-17
7356.00234985832  8.013542E-17
7361.52075195793  8.892831E-17
7367.03915405754  9.116516E-17
7372.55755615715  8.231760E-17
7378.07595825676  7.930077E-17
7383.59436035637  7.624905E-17
7389.11276245598  8.147826E-17
7394.63116455559  8.537942E-17
7400.1495666552  7.717166E-17
7405.66796875481  8.100690E-17
7411.18637085442  7.495993E-17
7416.70477295403  7.482125E-17
7422.22317505364  8.023258E-17
7427.74157715325  8.461672E-17
7433.25997925286  8.187758E-17
7438.77838135247  7.814391E-17
7444.29678345208  7.521306E-17
7449.81518555169  8.192634E-17
7455.3335876513  8.202017E-17
7460.85198975091  8.208932E-17
7466.37039185052  8.148818E-17
7471.88879395013  7.364445E-17
7477.40719604974  7.097620E-17
7482.92559814935  7.825525E-17
7488.44400024896  8.590683E-17
7493.96240234857  8.070521E-17
7499.48080444818  7.422912E-17
7504.99920654779  7.654178E-17
7510.5176086474  7.297777E-17
7516.03601074701  7.649077E-17
7521.55441284662  7.978367E-17
7527.07281494623  8.137555E-17
7532.59121704584  7.640448E-17
7538.10961914545  7.291682E-17
7543.62802124506  6.809386E-17
7549.14642334467  7.300901E-17
7554.66482544428  8.185560E-17
7560.18322754389  8.111371E-17
7565.7016296435  7.689739E-17
7571.22003174311  6.583155E-17
7576.73843384272  6.546982E-17
7582.25683594233  7.401877E-17
7587.77523804194  7.766038E-17
7593.29364014155  7.878235E-17
7598.81204224116  7.106730E-17
7604.33044434077  4.832649E-17
7609.84884644038  5.379732E-17
7615.36724853999  6.680015E-17
7620.8856506396  8.385357E-17
7626.40405273921  9.712974E-17
7631.92245483882  8.500565E-17
7637.44085693843  6.193001E-17
7642.95925903804  6.829189E-17
7648.47766113765  7.542040E-17
7653.99606323726  8.130546E-17
7659.51446533687  8.616372E-17
7665.03286743648  7.490543E-17
7670.55126953609  7.516709E-17
7676.0696716357  7.340302E-17
7681.58807373531  7.120982E-17
7687.10647583492  7.318710E-17
7692.62487793453  7.950288E-17
7698.14328003414  7.575014E-17
7703.66168213375  7.025212E-17
7709.18008423336  6.112146E-17
7714.69848633297  6.939369E-17
7720.21688843258  8.066769E-17
7725.73529053219  6.984998E-17
7731.2536926318  7.473220E-17
7736.77209473141  7.184803E-17
7742.29049683102  6.350575E-17
7747.80889893063  6.793614E-17
7753.32730103024  7.244756E-17
7758.84570312985  8.215701E-17
7764.36410522946  8.710365E-17
7769.88250732907  7.821350E-17
7775.40090942868  6.859420E-17
7780.91931152829  6.919096E-17
7786.4377136279  6.894379E-17
7791.95611572751  7.408531E-17
7797.47451782712  8.523980E-17
7802.99291992673  8.338023E-17
7808.51132202634  6.691451E-17
7814.02972412595  6.762650E-17
7819.54812622556  6.740422E-17
7825.06652832517  6.587370E-17
7830.58493042478  7.098495E-17
7836.10333252439  7.242836E-17
7841.621734624  7.336013E-17
7847.14013672361  6.401193E-17
7852.65853882322  6.612776E-17
7858.17694092283  7.570441E-17
7863.69534302244  6.189075E-17
7869.21374512205  6.616469E-17
7874.73214722166  7.726797E-17
7880.25054932127  6.394571E-17
7885.76895142088  6.517283E-17
7891.28735352049  6.754857E-17
7896.8057556201  6.130492E-17
7902.32415771971  6.268097E-17
7907.84255981932  7.210664E-17
7913.36096191893  6.847189E-17
7918.87936401854  6.058371E-17
7924.39776611815  5.900807E-17
7929.91616821776  5.773809E-17
7935.43457031737  6.732087E-17
7940.95297241698  6.864518E-17
7946.47137451659  6.533761E-17
7951.9897766162  6.986328E-17
7957.50817871581  6.186583E-17
7963.02658081542  7.026930E-17
7968.54498291503  7.821189E-17
7974.06338501464  7.954298E-17
7979.58178711425  6.924193E-17
7985.10018921386  7.278939E-17
7990.61859131347  6.662369E-17
7996.13699341308  5.709267E-17
8001.65539551269  5.971856E-17
8007.1737976123  7.428630E-17
8012.69219971191  6.587549E-17
8018.21060181152  6.808180E-17
8023.72900391113  5.564825E-17
8029.24740601074  6.637802E-17
8034.76580811035  6.353312E-17
8040.28421020996  5.968968E-17
8045.80261230957  7.083401E-17
8051.32101440918  6.465940E-17
8056.83941650879  5.801624E-17
8062.3578186084  5.928276E-17
8067.87622070801  5.780322E-17
8073.39462280762  6.230805E-17
8078.91302490723  6.912701E-17
8084.43142700684  6.881818E-17
8089.94982910645  6.742012E-17
8095.46823120606  6.553285E-17
8100.98663330567  6.485948E-17
8106.50503540528  6.003742E-17
8112.02343750489  6.868771E-17
8117.5418396045  6.580938E-17
8123.06024170411  6.736067E-17
8128.57864380372  6.956214E-17
8134.09704590333  5.694962E-17
8139.61544800294  4.534260E-17
8145.13385010255  5.487486E-17
8150.65225220216  6.975637E-17
8156.17065430177  7.057960E-17
8161.68905640138  6.495470E-17
8167.20745850099  6.311096E-17
8172.7258606006  5.818496E-17
8178.24426270021  5.838116E-17
8183.76266479982  6.058960E-17
8189.28106689943  6.956590E-17
8194.79946899904  7.235385E-17
8200.31787109865  6.810491E-17
8205.83627319826  6.528409E-17
8211.35467529787  6.340682E-17
8216.87307739748  6.431051E-17
8222.39147949709  6.467096E-17
8227.9098815967  6.221003E-17
8233.42828369631  5.877894E-17
8238.94668579592  6.223763E-17
8244.46508789553  5.829264E-17
8249.98348999514  7.371667E-17
8255.50189209475  6.512828E-17
8261.02029419436  7.161538E-17
8266.53869629397  7.016983E-17
8272.05709839358  6.255948E-17
8277.57550049319  6.610954E-17
8283.0939025928  5.610736E-17
8288.61230469241  5.104365E-17
8294.13070679202  6.750526E-17
8299.64910889163  7.852177E-17
8305.16751099124  6.861083E-17
8310.68591309085  6.323813E-17
8316.20431519046  5.796853E-17
8321.72271729007  5.490475E-17
8327.24111938968  5.297887E-17
8332.75952148929  5.533223E-17
8338.2779235889  6.100471E-17
8343.79632568851  6.487878E-17
8349.31472778812  5.311284E-17
8354.83312988773  4.131868E-17
8360.35153198734  4.902706E-17
8365.86993408695  6.372871E-17
8371.38833618656  6.698577E-17
8376.90673828617  5.894877E-17
8382.42514038578  7.464167E-17
8387.94354248539  6.869550E-17
8393.461944585  5.974415E-17
8398.98034668461  5.681379E-17
8404.49874878422  6.293027E-17
8410.01715088383  6.047987E-17
8415.53555298344  8.177270E-17
8421.05395508305  5.659602E-17
8426.57235718266  6.210359E-17
8432.09075928227  5.451686E-17
8437.60916138188  4.944496E-17
8443.12756348149  5.543028E-17
8448.6459655811  6.213080E-17
8454.16436768071  7.995106E-17
8459.68276978032  6.190391E-17
8465.20117187993  5.673919E-17
8470.71957397954  6.057733E-17
8476.23797607915  4.680488E-17
8481.75637817876  5.724555E-17
8487.27478027837  6.913920E-17
8492.79318237798  6.512282E-17
8498.31158447759  5.845757E-17
8503.8299865772  5.736455E-17
8509.34838867681  5.502156E-17
8514.86679077642  5.236837E-17
8520.38519287603  6.160111E-17
8525.90359497564  6.167897E-17
8531.42199707525  5.982517E-17
8536.94039917486  5.121798E-17
8542.45880127447  4.982757E-17
8547.97720337408  6.216828E-17
8553.49560547369  5.710521E-17
8559.0140075733  6.503213E-17
8564.53240967291  6.331403E-17
8570.05081177252  5.768721E-17
8575.56921387213  5.569438E-17
8581.08761597174  5.614246E-17
8586.60601807135  5.447008E-17
8592.12442017096  5.371694E-17
8597.64282227057  6.784580E-17
8603.16122437018  6.818114E-17
8608.67962646979  5.647850E-17
8614.1980285694  5.589041E-17
8619.71643066901  5.325800E-17
8625.23483276862  6.207897E-17
8630.75323486823  7.287240E-17
8636.27163696784  6.332847E-17
8641.79003906745  6.721496E-17
8647.30844116706  7.409695E-17
8652.82684326667  5.980820E-17
8658.34524536628  5.053499E-17
8663.86364746589  5.906777E-17
8669.3820495655  5.368139E-17
8674.90045166511  5.496482E-17
8680.41885376472  7.521875E-17
8685.93725586433  6.939128E-17
8691.45565796394  6.758142E-17
8696.97406006355  5.289450E-17
8702.49246216316  5.417074E-17
8708.01086426277  5.939754E-17
8713.52926636238  5.774615E-17
8719.04766846199  7.503214E-17
8724.5660705616  6.928606E-17
8730.08447266121  7.071435E-17
8735.60287476082  5.104244E-17
8741.12127686043  5.472882E-17
8746.63967896004  6.343702E-17
8752.15808105965  7.830018E-17
8757.67648315926  6.453115E-17
8763.19488525887  7.529668E-17
8768.71328735848  7.519636E-17
8774.23168945809  5.285792E-17
8779.7500915577  5.131357E-17
8785.26849365731  4.981704E-17
8790.78689575692  6.196182E-17
8796.30529785653  5.906234E-17
8801.82369995614  5.806036E-17
8807.34210205575  5.800269E-17
8812.86050415536  4.969803E-17
8818.37890625497  5.334431E-17
8823.89730835458  5.787311E-17
8829.41571045419  6.699970E-17
8834.9341125538  6.452619E-17
8840.45251465341  5.793459E-17
8845.97091675302  5.262464E-17
8851.48931885263  4.941499E-17
8857.00772095224  5.275231E-17
8862.52612305185  6.580672E-17
8868.04452515146  7.283791E-17
8873.56292725107  6.306175E-17
8879.08132935068  4.841005E-17
8884.59973145029  5.038991E-17
8890.1181335499  5.771948E-17
8895.63653564951  4.610533E-17
8901.15493774912  5.999472E-17
8906.67333984873  6.162832E-17
8912.19174194834  6.755102E-17
8917.71014404795  4.767529E-17
8923.22854614756  4.686216E-17
8928.74694824717  4.643274E-17
8934.26535034678  5.577132E-17
8939.78375244639  6.800598E-17
8945.302154546  7.340217E-17
8950.82055664561  5.771573E-17
8956.33895874522  5.209608E-17
8961.85736084483  4.385614E-17
8967.37576294444  4.515849E-17
8972.89416504405  5.299278E-17
8978.41256714366  6.071976E-17
8983.93096924327  5.423830E-17
8989.44937134288  4.809266E-17
8994.96777344249  4.477821E-17
9000.4861755421  5.176205E-17
9006.00457764171  7.207854E-17
9011.52297974132  7.455319E-17
9017.04138184093  5.550513E-17
9022.55978394054  5.149969E-17
9028.07818604015  6.072279E-17
9033.59658813976  5.634297E-17
9039.11499023937  7.288026E-17
9044.63339233898  7.764556E-17
9050.15179443859  6.145408E-17
9055.6701965382  5.438512E-17
9061.18859863781  4.798055E-17
9066.70700073742  5.817612E-17
9072.22540283703  6.428816E-17
9077.74380493664  6.688168E-17
9083.26220703625  6.453181E-17
9088.78060913586  5.056000E-17
9094.29901123547  4.750201E-17
9099.81741333508  4.920763E-17
9105.33581543469  6.096878E-17
9110.8542175343  6.998640E-17
9116.37261963391  4.810898E-17
9121.89102173352  4.198853E-17
9127.40942383313  3.933250E-17
9132.92782593274  6.844837E-17
9138.44622803235  6.547142E-17
9143.96463013196  5.445464E-17
9149.48303223157  4.718139E-17
9155.00143433118  3.855956E-17
9160.51983643079  4.749443E-17
9166.0382385304  6.378286E-17
9171.55664063001  5.412732E-17
9177.07504272962  5.424496E-17
9182.59344482923  6.631474E-17
9188.11184692884  7.920055E-17
9193.63024902845  7.609651E-17
9199.14865112806  5.632195E-17
9204.66705322767  6.223842E-17
9210.18545532728  5.895988E-17
9215.70385742689  4.855311E-17
9221.2222595265  5.347425E-17
9226.74066162611  5.737413E-17
9232.25906372572  5.995516E-17
9237.77746582533  5.187551E-17
9243.29586792494  5.997529E-17
9248.81427002455  5.540812E-17
