6011.21582031001  2.299788E-16
6015.42287206401  2.370972E-16
6019.62992381801  2.400619E-16
6023.83697557201  2.305254E-16
6028.04402732601  2.394021E-16
6032.25107908001  2.451612E-16
6036.458130834  2.375616E-16
6040.66518258801  2.208619E-16
6044.87223434201  2.283053E-16
6049.079286096  2.317106E-16
6053.28633785001  2.301836E-16
6057.49338960401  2.290052E-16
6061.700441358  2.404022E-16
6065.90749311201  2.350215E-16
6070.11454486601  2.294173E-16
6074.32159662001  2.258019E-16
6078.52864837401  2.482146E-16
6082.73570012801  2.463960E-16
6086.94275188201  2.474874E-16
6091.14980363601  2.413982E-16
6095.35685539001  2.488769E-16
6099.56390714401  2.548723E-16
6103.77095889801  2.534562E-16
6107.97801065201  2.500948E-16
6112.18506240601  2.610629E-16
6116.39211416001  2.552753E-16
6120.59916591401  2.585646E-16
6124.80621766801  2.573572E-16
6129.01326942201  2.565249E-16
6133.22032117601  2.640232E-16
6137.42737293001  2.580177E-16
6141.63442468401  2.622159E-16
6145.84147643801  2.686580E-16
6150.04852819201  2.751832E-16
6154.25557994601  2.752108E-16
6158.46263170001  2.725848E-16
6162.66968345401  2.785550E-16
6166.87673520801  2.796867E-16
6171.08378696201  2.765293E-16
6175.29083871601  2.782091E-16
6179.49789047001  2.818029E-16
6183.70494222401  2.814625E-16
6187.91199397801  2.815607E-16
6192.11904573201  2.768534E-16
6196.32609748601  2.875779E-16
6200.53314924001  2.858479E-16
6204.74020099401  2.857818E-16
6208.94725274801  2.966097E-16
6213.15430450201  2.938932E-16
6217.36135625601  2.897889E-16
6221.56840801001  2.699600E-16
6225.77545976401  2.771824E-16
6229.98251151801  2.859334E-16
6234.18956327201  2.861065E-16
6238.39661502601  2.827312E-16
6242.60366678001  2.798238E-16
6246.81071853401  2.778208E-16
6251.01777028801  2.700868E-16
6255.22482204201  2.792921E-16
6259.43187379601  2.735892E-16
6263.63892555001  2.611614E-16
6267.84597730401  2.601743E-16
6272.05302905801  2.488337E-16
6276.26008081201  2.509674E-16
6280.46713256601  2.527475E-16
6284.67418432001  2.407513E-16
6288.88123607401  2.557137E-16
6293.08828782801  2.470343E-16
6297.29533958201  2.524152E-16
6301.50239133601  2.455326E-16
6305.70944309001  2.443607E-16
6309.91649484401  2.446117E-16
6314.12354659801  2.470315E-16
6318.33059835201  2.415018E-16
6322.53765010601  2.409500E-16
6326.74470186001  2.438921E-16
6330.95175361401  2.395276E-16
6335.15880536801  2.342982E-16
6339.36585712201  2.394188E-16
6343.57290887601  2.316446E-16
6347.77996063001  2.353191E-16
6351.98701238401  2.352481E-16
6356.19406413801  2.340897E-16
6360.40111589201  2.199981E-16
6364.60816764601  2.356103E-16
6368.81521940001  2.315775E-16
6373.02227115401  2.219844E-16
6377.22932290801  2.175233E-16
6381.43637466201  2.178663E-16
6385.64342641601  2.116774E-16
6389.85047817001  2.112496E-16
6394.05752992401  2.149792E-16
6398.26458167801  2.123886E-16
6402.47163343201  2.105991E-16
6406.67868518601  2.045965E-16
6410.88573694001  2.033515E-16
6415.09278869401  1.982552E-16
6419.29984044801  2.012790E-16
6423.50689220201  1.931706E-16
6427.71394395601  1.798599E-16
6431.92099571001  1.802582E-16
6436.12804746401  1.861885E-16
6440.33509921801  1.802835E-16
6444.54215097201  1.771398E-16
6448.74920272601  1.774981E-16
6452.95625448001  1.697171E-16
6457.16330623401  1.633242E-16
6461.37035798801  1.702242E-16
6465.57740974201  1.669883E-16
6469.78446149601  1.647292E-16
6473.99151325001  1.593197E-16
6478.19856500401  1.550227E-16
6482.40561675801  1.644992E-16
6486.61266851201  1.593913E-16
6490.81972026601  1.608297E-16
6495.02677202001  1.663205E-16
6499.23382377401  1.704475E-16
6503.44087552801  1.717988E-16
6507.64792728201  1.731591E-16
6511.85497903601  1.723825E-16
6516.06203079001  1.795787E-16
6520.26908254401  1.655280E-16
6524.47613429801  1.710207E-16
6528.68318605201  1.834155E-16
6532.89023780601  1.804677E-16
6537.09728956001  1.695162E-16
6541.30434131401  1.720363E-16
6545.51139306801  1.843838E-16
6549.71844482201  1.820311E-16
6553.92549657601  1.773976E-16
6558.13254833001  1.840505E-16
6562.33960008401  1.879896E-16
6566.54665183801  1.890559E-16
6570.75370359201  1.946990E-16
6574.96075534601  1.999947E-16
6579.16780710001  2.019863E-16
6583.37485885401  1.937241E-16
6587.58191060801  1.956639E-16
6591.78896236201  2.114683E-16
6595.99601411601  2.096959E-16
6600.20306587001  2.161271E-16
6604.41011762401  2.066261E-16
6608.61716937801  2.174426E-16
6612.82422113201  2.128264E-16
6617.03127288601  2.205879E-16
6621.23832464001  2.236175E-16
6625.44537639401  2.251912E-16
6629.65242814801  2.307287E-16
6633.85947990201  2.238969E-16
6638.06653165601  2.248884E-16
6642.27358341001  2.248644E-16
6646.48063516401  2.322538E-16
6650.68768691801  2.231627E-16
6654.89473867201  2.194006E-16
6659.10179042601  2.241860E-16
6663.30884218001  2.212596E-16
6667.51589393401  2.290066E-16
6671.72294568801  2.381135E-16
6675.92999744201  2.311439E-16
6680.13704919601  2.239073E-16
6684.34410095001  2.128061E-16
6688.55115270401  2.196456E-16
6692.75820445801  2.204156E-16
6696.96525621201  2.209090E-16
6701.17230796601  2.158699E-16
6705.37935972001  2.077120E-16
6709.58641147401  2.161778E-16
6713.79346322801  2.075184E-16
6718.00051498201  2.092275E-16
6722.20756673601  1.959948E-16
6726.41461849001  2.012701E-16
6730.62167024401  1.924621E-16
6734.82872199801  1.939469E-16
6739.03577375201  1.945290E-16
6743.24282550601  1.863962E-16
6747.44987726001  2.011595E-16
6751.65692901401  1.819783E-16
6755.86398076801  1.866946E-16
6760.07103252201  1.859102E-16
6764.27808427601  1.892772E-16
6768.48513603001  1.873593E-16
6772.69218778401  1.876970E-16
6776.89923953801  1.855507E-16
6781.10629129201  1.809754E-16
6785.31334304601  1.838209E-16
6789.52039480001  1.843459E-16
6793.72744655401  1.871743E-16
6797.93449830801  1.877915E-16
6802.14155006201  1.978584E-16
6806.34860181601  1.974178E-16
6810.55565357001  1.880554E-16
6814.76270532401  1.956917E-16
6818.96975707801  2.066892E-16
6823.17680883201  2.020308E-16
6827.38386058601  2.108786E-16
6831.59091234001  2.004593E-16
6835.79796409401  2.062383E-16
6840.00501584801  2.008177E-16
6844.21206760201  2.118422E-16
6848.41911935601  2.043293E-16
6852.62617111001  2.058890E-16
6856.83322286401  2.115580E-16
6861.04027461801  1.969950E-16
6865.24732637201  1.876784E-16
6869.45437812601  1.862097E-16
6873.66142988001  1.822218E-16
6877.86848163401  1.929016E-16
6882.07553338801  2.025731E-16
6886.28258514201  1.977764E-16
6890.48963689601  1.978338E-16
6894.69668865001  2.038666E-16
6898.90374040401  2.064688E-16
6903.11079215801  1.998773E-16
6907.31784391201  1.840787E-16
6911.52489566601  1.869327E-16
6915.73194742001  1.918795E-16
6919.93899917401  1.800446E-16
6924.14605092801  1.864306E-16
6928.35310268201  1.891093E-16
6932.56015443601  1.836508E-16
6936.76720619001  1.848506E-16
6940.97425794401  1.860913E-16
6945.18130969801  1.851497E-16
6949.38836145201  1.839794E-16
6953.59541320601  1.870438E-16
6957.80246496001  1.796438E-16
6962.00951671401  1.881945E-16
6966.21656846801  1.819537E-16
6970.42362022201  1.826224E-16
6974.63067197601  1.830039E-16
6978.83772373001  1.811882E-16
6983.04477548401  1.834050E-16
6987.25182723801  1.743953E-16
6991.45887899201  1.688055E-16
6995.66593074601  1.787851E-16
6999.87298250001  1.719571E-16
7004.08003425401  1.694386E-16
7008.28708600801  1.686404E-16
7012.49413776201  1.587424E-16
7016.70118951601  1.674961E-16
7020.90824127001  1.631515E-16
7025.11529302401  1.664656E-16
7029.32234477801  1.583810E-16
7033.52939653201  1.591014E-16
7037.73644828601  1.524342E-16
7041.94350004001  1.496180E-16
7046.15055179401  1.516233E-16
7050.35760354801  1.576674E-16
7054.56465530201  1.596367E-16
7058.77170705601  1.568819E-16
7062.97875881001  1.554889E-16
7067.18581056401  1.499473E-16
7071.39286231801  1.526279E-16
7075.59991407201  1.510639E-16
7079.80696582601  1.484329E-16
7084.01401758001  1.493793E-16
7088.22106933401  1.394400E-16
7092.42812108801  1.405441E-16
7096.63517284201  1.444925E-16
7100.84222459601  1.510335E-16
7105.04927635001  1.517727E-16
7109.25632810401  1.435359E-16
7113.46337985801  1.470485E-16
7117.67043161201  1.434398E-16
7121.87748336601  1.418969E-16
7126.08453512001  1.455223E-16
7130.29158687401  1.510079E-16
7134.49863862801  1.458959E-16
7138.70569038201  1.387487E-16
7142.91274213601  1.405341E-16
7147.11979389001  1.412781E-16
7151.32684564401  1.371325E-16
7155.53389739801  1.373859E-16
7159.74094915201  1.370395E-16
7163.94800090601  1.401817E-16
7168.15505266001  1.338097E-16
7172.36210441401  1.310400E-16
7176.56915616801  1.321566E-16
7180.77620792201  1.275402E-16
7184.98325967601  1.276375E-16
7189.19031143001  1.318490E-16
7193.39736318401  1.362405E-16
7197.60441493801  1.295538E-16
7201.81146669201  1.254987E-16
7206.01851844601  1.309304E-16
7210.22557020001  1.255970E-16
7214.43262195401  1.287340E-16
7218.63967370801  1.332949E-16
7222.84672546201  1.276550E-16
7227.05377721601  1.228255E-16
7231.26082897001  1.186624E-16
7235.46788072401  1.337517E-16
7239.67493247801  1.287493E-16
7243.88198423201  1.290270E-16
7248.08903598601  1.181279E-16
7252.29608774001  1.168386E-16
7256.50313949401  1.235498E-16
7260.71019124801  1.225309E-16
7264.91724300201  1.199374E-16
7269.12429475601  1.302509E-16
7273.33134651001  1.236551E-16
7277.53839826401  1.231589E-16
7281.74545001801  1.187939E-16
7285.95250177201  1.273839E-16
7290.15955352601  1.210620E-16
7294.36660528001  1.259962E-16
7298.57365703401  1.261750E-16
7302.78070878801  1.211428E-16
7306.98776054201  1.215070E-16
7311.19481229601  1.268703E-16
7315.40186405001  1.271677E-16
7319.60891580401  1.349096E-16
7323.81596755801  1.291761E-16
7328.02301931201  1.212677E-16
7332.23007106601  1.227065E-16
7336.43712282001  1.297692E-16
7340.64417457401  1.218073E-16
7344.85122632801  1.319769E-16
7349.05827808201  1.179533E-16
7353.26532983601  1.213425E-16
7357.47238159001  1.184732E-16
7361.67943334401  1.203360E-16
7365.88648509801  1.231183E-16
7370.09353685201  1.171032E-16
7374.30058860601  1.194074E-16
7378.50764036001  1.235193E-16
7382.71469211401  1.201150E-16
7386.92174386801  1.202466E-16
7391.12879562201  1.136377E-16
7395.33584737601  1.149823E-16
7399.54289913001  1.181095E-16
7403.74995088401  1.131727E-16
7407.95700263801  1.108266E-16
7412.16405439201  1.147179E-16
7416.37110614601  1.070024E-16
7420.57815790001  1.087905E-16
7424.78520965401  1.101384E-16
7428.99226140801  1.121118E-16
7433.19931316201  1.107181E-16
7437.40636491601  1.035782E-16
7441.61341667001  1.048410E-16
7445.82046842401  1.031521E-16
7450.02752017801  1.008099E-16
7454.23457193201  1.069578E-16
7458.44162368601  1.050268E-16
7462.64867544001  1.045872E-16
7466.85572719401  1.059813E-16
7471.06277894801  1.045606E-16
7475.26983070201  1.022347E-16
7479.47688245601  9.625458E-17
7483.68393421001  1.055628E-16
7487.89098596401  1.151077E-16
7492.09803771801  1.066137E-16
7496.30508947201  1.098865E-16
7500.51214122601  1.070398E-16
7504.71919298001  1.110773E-16
7508.92624473401  1.093072E-16
7513.13329648801  1.053021E-16
7517.34034824201  1.153068E-16
7521.54739999601  1.164218E-16
7525.75445175001  1.109029E-16
7529.96150350401  1.174440E-16
7534.16855525801  1.009465E-16
7538.37560701201  1.148549E-16
7542.58265876601  1.155970E-16
7546.78971052001  1.172288E-16
7550.99676227401  1.166673E-16
7555.20381402801  1.210232E-16
7559.41086578201  1.165758E-16
7563.61791753601  1.168200E-16
7567.82496929001  1.109656E-16
7572.03202104401  1.133105E-16
7576.23907279801  1.132446E-16
7580.44612455201  1.234010E-16
7584.65317630601  1.244297E-16
7588.86022806001  1.238908E-16
7593.06727981401  1.117851E-16
7597.27433156801  1.121347E-16
7601.48138332201  8.631265E-17
7605.68843507601  7.197548E-17
7609.89548683001  1.127789E-16
7614.10253858401  1.302859E-16
7618.30959033801  1.278727E-16
7622.51664209201  1.247383E-16
7626.72369384601  1.262895E-16
7630.93074560001  1.071091E-16
7635.13779735401  1.090139E-16
7639.34484910801  1.040378E-16
7643.55190086201  1.102920E-16
7647.75895261601  1.068681E-16
7651.96600437001  1.094646E-16
7656.17305612401  1.129347E-16
7660.38010787801  1.047238E-16
7664.58715963201  1.081984E-16
7668.79421138601  1.053985E-16
7673.00126314001  1.056309E-16
7677.20831489401  1.047677E-16
7681.41536664801  9.972507E-17
7685.62241840201  9.862101E-17
7689.82947015601  1.024715E-16
7694.03652191001  1.025863E-16
7698.24357366401  1.029070E-16
7702.45062541801  9.758052E-17
7706.65767717201  9.622822E-17
7710.86472892601  1.013611E-16
7715.07178068001  9.016370E-17
7719.27883243401  9.060607E-17
7723.48588418801  9.678574E-17
7727.69293594201  9.476646E-17
7731.89998769601  9.866522E-17
7736.10703945001  9.483948E-17
7740.31409120401  9.472276E-17
7744.52114295801  9.840927E-17
7748.72819471201  9.020722E-17
7752.93524646601  8.911788E-17
7757.14229822001  9.146620E-17
7761.34934997401  8.524087E-17
7765.55640172801  9.084423E-17
7769.76345348201  9.522934E-17
7773.97050523601  9.235277E-17
7778.17755699001  9.628175E-17
7782.38460874401  9.615380E-17
7786.59166049801  8.332127E-17
7790.79871225201  9.043816E-17
7795.00576400601  9.703623E-17
7799.21281576001  9.320773E-17
7803.41986751401  8.860423E-17
7807.62691926801  8.754587E-17
7811.83397102201  7.608709E-17
7816.04102277601  8.879081E-17
7820.24807453001  7.547479E-17
7824.45512628401  8.038347E-17
7828.66217803801  8.208711E-17
7832.86922979201  7.670288E-17
7837.07628154601  8.483018E-17
7841.28333330001  8.098405E-17
7845.49038505401  8.810634E-17
7849.69743680801  8.123145E-17
7853.90448856201  8.066516E-17
7858.11154031601  7.522283E-17
7862.31859207001  8.178437E-17
7866.52564382401  8.127113E-17
7870.73269557801  8.478551E-17
7874.93974733201  8.491513E-17
7879.14679908601  7.561977E-17
7883.35385084001  7.721361E-17
7887.56090259401  7.919157E-17
7891.76795434801  7.886868E-17
7895.97500610201  7.697626E-17
7900.18205785601  6.804647E-17
7904.38910961001  6.916085E-17
7908.59616136401  7.113741E-17
7912.80321311801  6.939063E-17
7917.01026487201  6.261127E-17
7921.21731662601  6.757716E-17
7925.42436838001  7.879870E-17
7929.63142013401  7.270294E-17
7933.83847188801  6.485824E-17
7938.04552364201  6.927188E-17
7942.25257539601  7.026252E-17
7946.45962715001  7.021456E-17
7950.66667890401  6.869642E-17
7954.87373065801  6.853835E-17
7959.08078241201  6.942275E-17
7963.28783416601  6.747513E-17
7967.49488592001  6.319533E-17
7971.70193767401  6.758993E-17
7975.90898942801  6.541068E-17
7980.11604118201  6.309856E-17
7984.32309293601  6.381228E-17
7988.53014469001  6.543863E-17
7992.73719644401  7.399531E-17
7996.94424819801  6.978329E-17
8001.15129995201  6.520022E-17
8005.35835170601  6.965867E-17
8009.56540346001  6.312093E-17
8013.77245521401  5.970452E-17
8017.97950696801  6.684674E-17
8022.18655872201  6.776291E-17
8026.39361047601  7.302124E-17
8030.60066223001  7.869178E-17
8034.80771398401  7.033110E-17
8039.01476573801  6.847373E-17
8043.22181749201  7.061604E-17
8047.42886924601  7.922855E-17
8051.63592100001  8.297291E-17
8055.84297275401  7.785311E-17
8060.05002450801  8.105510E-17
8064.25707626201  8.459738E-17
8068.46412801601  7.769109E-17
8072.67117977001  7.870377E-17
8076.87823152401  8.301434E-17
8081.08528327801  8.434881E-17
8085.29233503201  8.032456E-17
8089.49938678601  7.689896E-17
8093.70643854001  8.193658E-17
8097.91349029401  8.306086E-17
8102.12054204801  8.968704E-17
8106.32759380201  8.253659E-17
8110.53464555601  8.799976E-17
8114.74169731001  8.658398E-17
8118.94874906401  8.827454E-17
8123.15580081801  9.567698E-17
8127.36285257201  8.625871E-17
8131.56990432601  8.435615E-17
8135.77695608001  8.213455E-17
8139.98400783401  8.682379E-17
8144.19105958801  8.491894E-17
8148.39811134201  8.521478E-17
8152.60516309601  9.069251E-17
8156.81221485001  8.970919E-17
8161.01926660401  8.608845E-17
8165.22631835801  8.597493E-17
8169.43337011201  8.364111E-17
8173.64042186601  8.894851E-17
8177.84747362001  8.459158E-17
8182.05452537401  8.582621E-17
8186.26157712801  9.401925E-17
8190.46862888201  8.670631E-17
8194.67568063601  8.812157E-17
8198.88273239001  8.909484E-17
8203.08978414401  9.354075E-17
8207.29683589801  9.432447E-17
8211.50388765201  9.305033E-17
8215.71093940601  8.862160E-17
8219.91799116001  9.098964E-17
8224.12504291401  9.499458E-17
8228.33209466801  9.200177E-17
8232.53914642201  7.916805E-17
8236.74619817601  9.651850E-17
8240.95324993001  1.014680E-16
8245.16030168401  9.991068E-17
8249.36735343801  9.677689E-17
8253.57440519201  9.500285E-17
8257.78145694601  9.841252E-17
8261.98850870001  9.589157E-17
8266.19556045401  9.676449E-17
8270.40261220801  9.601517E-17
8274.60966396201  9.090675E-17
8278.81671571601  1.004483E-16
8283.02376747001  1.069455E-16
8287.23081922401  1.055148E-16
8291.43787097801  1.001845E-16
8295.64492273201  8.815481E-17
8299.85197448601  9.229142E-17
8304.05902624001  1.000323E-16
8308.26607799401  9.711085E-17
8312.47312974801  9.534689E-17
8316.68018150201  9.395665E-17
8320.88723325601  9.607888E-17
8325.09428501001  1.001687E-16
8329.30133676401  9.961652E-17
8333.50838851801  9.502454E-17
8337.71544027201  9.267503E-17
8341.92249202601  1.052563E-16
8346.12954378001  1.116501E-16
8350.33659553401  1.019287E-16
8354.54364728801  8.958144E-17
8358.75069904201  8.631724E-17
8362.95775079601  9.346254E-17
8367.16480255001  9.679470E-17
8371.37185430401  9.737083E-17
8375.57890605801  1.008667E-16
8379.78595781201  9.226578E-17
8383.99300956601  9.291503E-17
8388.20006132001  8.571660E-17
8392.40711307401  8.111098E-17
8396.61416482801  8.645942E-17
8400.82121658201  8.441569E-17
8405.02826833601  7.987918E-17
8409.23532009001  8.547022E-17
8413.44237184401  8.541857E-17
8417.64942359801  9.716834E-17
8421.85647535201  9.188138E-17
8426.06352710601  9.125106E-17
8430.27057886001  9.219408E-17
8434.47763061401  8.443774E-17
8438.68468236801  8.120319E-17
8442.89173412201  8.140054E-17
8447.09878587601  8.438506E-17
8451.30583763001  8.790958E-17
8455.51288938401  8.143405E-17
8459.71994113801  9.695073E-17
8463.92699289201  1.014307E-16
8468.13404464601  8.389973E-17
8472.34109640001  8.092684E-17
8476.54814815401  8.299656E-17
8480.75519990801  8.390167E-17
8484.96225166201  8.746270E-17
8489.16930341601  8.023911E-17
8493.37635517001  8.435368E-17
8497.58340692401  8.714895E-17
8501.79045867801  8.826540E-17
8505.99751043201  8.286775E-17
8510.20456218601  7.822063E-17
8514.41161394001  8.297052E-17
8518.61866569401  7.916554E-17
8522.82571744801  9.220249E-17
8527.03276920201  7.891710E-17
8531.23982095601  8.450422E-17
8535.44687271001  8.098737E-17
8539.65392446401  8.401828E-17
8543.86097621801  8.413908E-17
8548.06802797201  8.536679E-17
8552.27507972601  8.512307E-17
8556.48213148001  8.123818E-17
8560.68918323401  7.449959E-17
8564.89623498801  7.377869E-17
8569.10328674201  7.430448E-17
8573.31033849601  7.709108E-17
8577.51739025001  8.280775E-17
8581.72444200401  8.239035E-17
8585.93149375801  7.155509E-17
8590.13854551201  7.099870E-17
8594.34559726601  7.553240E-17
8598.55264902001  7.750782E-17
8602.75970077401  8.919661E-17
8606.96675252801  7.630022E-17
8611.17380428201  7.546874E-17
8615.38085603601  7.900148E-17
8619.58790779001  7.903017E-17
8623.79495954401  7.731637E-17
8628.00201129801  7.177870E-17
8632.20906305201  7.169854E-17
8636.41611480601  7.997802E-17
8640.62316656001  7.237791E-17
8644.83021831401  6.533247E-17
8649.03727006801  6.148027E-17
8653.24432182201  6.727406E-17
8657.45137357601  7.795903E-17
8661.65842533001  6.974767E-17
8665.86547708401  7.112994E-17
8670.07252883801  6.320640E-17
8674.27958059201  6.852137E-17
8678.48663234601  8.696485E-17
8682.69368410001  8.584108E-17
8686.90073585401  7.095529E-17
8691.10778760801  6.650904E-17
8695.31483936201  7.264311E-17
8699.52189111601  6.779277E-17
8703.72894287001  7.188198E-17
8707.93599462401  7.111248E-17
8712.14304637801  7.027033E-17
8716.35009813201  6.627669E-17
8720.55714988601  7.064124E-17
8724.76420164001  6.859295E-17
8728.97125339401  7.925965E-17
8733.17830514801  6.844944E-17
8737.38535690201  7.128115E-17
8741.59240865601  6.360713E-17
8745.79946041001  7.292368E-17
8750.00651216401  7.398992E-17
8754.21356391801  7.653610E-17
8758.42061567201  7.132435E-17
8762.62766742601  9.554790E-17
8766.83471918001  7.953770E-17
8771.04177093401  7.460214E-17
8775.24882268801  7.798560E-17
8779.45587444201  7.219092E-17
8783.66292619601  7.034848E-17
8787.86997795001  7.689089E-17
8792.07702970401  6.736550E-17
8796.28408145801  7.341957E-17
8800.49113321201  7.246615E-17
8804.69818496601  6.757672E-17
8808.90523672001  7.386651E-17
8813.11228847401  7.342418E-17
8817.31934022801  6.662327E-17
8821.52639198201  5.918588E-17
8825.73344373601  6.459126E-17
8829.94049549001  6.828532E-17
8834.14754724401  5.279480E-17
8838.35459899801  6.971792E-17
8842.56165075201  8.501174E-17
8846.76870250601  8.667519E-17
8850.97575426001  8.557004E-17
8855.18280601401  9.061263E-17
8859.38985776801  8.083053E-17
8863.59690952201  7.614548E-17
8867.80396127601  8.633563E-17
8872.01101303001  7.394674E-17
8876.21806478401  9.265370E-17
8880.42511653801  9.788706E-17
8884.63216829201  8.773980E-17
8888.83922004601  8.561491E-17
8893.04627180001  7.800731E-17
8897.25332355401  8.656685E-17
8901.46037530801  9.791164E-17
8905.66742706201  1.006747E-16
8909.87447881601  8.809764E-17
8914.08153057001  1.009137E-16
8918.28858232401  1.029118E-16
8922.49563407801  9.102266E-17
8926.70268583201  8.276624E-17
8930.90973758601  8.013485E-17
8935.11678934001  8.750129E-17
8939.32384109401  1.015481E-16
8943.53089284801  9.709561E-17
8947.73794460201  8.328653E-17
8951.94499635601  8.477141E-17
8956.15204811001  1.027687E-16
8960.35909986401  1.100852E-16
8964.56615161801  9.328871E-17
8968.77320337201  7.749928E-17
8972.98025512601  9.357784E-17
8977.18730688001  9.902777E-17
8981.39435863401  8.751465E-17
8985.60141038801  9.271108E-17
8989.80846214201  8.967265E-17
8994.01551389601  8.805556E-17
8998.22256565001  9.974340E-17
9002.42961740401  8.975248E-17
9006.63666915801  8.967721E-17
9010.84372091201  8.476056E-17
9015.05077266601  8.603403E-17
9019.25782442001  8.542714E-17
9023.46487617401  9.283077E-17
9027.67192792801  8.639121E-17
9031.87897968201  8.971178E-17
9036.08603143601  9.596220E-17
9040.29308319001  8.896877E-17
9044.50013494401  8.692990E-17
9048.70718669801  9.093193E-17
9052.91423845201  8.539984E-17
9057.12129020601  9.525118E-17
9061.32834196001  9.176361E-17
9065.53539371401  8.785616E-17
9069.74244546801  9.405202E-17
9073.94949722201  8.829384E-17
9078.15654897601  7.955417E-17
9082.36360073001  8.231915E-17
9086.57065248401  8.207995E-17
9090.77770423801  7.970031E-17
9094.98475599201  8.316197E-17
9099.19180774601  8.021025E-17
9103.39885950001  8.715394E-17
9107.60591125401  9.326551E-17
9111.81296300801  7.940980E-17
9116.02001476201  8.400047E-17
9120.22706651601  8.428130E-17
9124.43411827001  8.025479E-17
9128.64117002401  7.242666E-17
9132.84822177801  9.146180E-17
9137.05527353201  9.659116E-17
9141.26232528601  7.739894E-17
9145.46937704001  9.058021E-17
9149.67642879401  9.524867E-17
9153.88348054801  7.167123E-17
9158.09053230201  8.320057E-17
9162.29758405601  8.483158E-17
9166.50463581001  7.218085E-17
9170.71168756401  9.034659E-17
9174.91873931801  8.307963E-17
9179.12579107201  9.054066E-17
9183.33284282601  8.690330E-17
9187.53989458001  8.259433E-17
9191.74694633401  7.276898E-17
9195.95399808801  7.055241E-17
9200.16104984201  7.617205E-17
9204.36810159601  7.809502E-17
9208.57515335001  7.833737E-17
9212.78220510401  8.354635E-17
9216.98925685801  8.111285E-17
9221.19630861201  7.541449E-17
9225.40336036601  8.214551E-17
9229.61041212001  8.609846E-17
9233.81746387401  8.565047E-17
9238.02451562801  7.782437E-17
9242.23156738201  8.286680E-17
9246.43861913601  8.603572E-17
9250.64567089001  7.654748E-17
9254.85272264401  7.090236E-17
9259.05977439801  7.805677E-17
9263.26682615201  8.171032E-17
9267.47387790601  7.899534E-17
9271.68092966001  8.397360E-17
9275.88798141401  7.684265E-17
9280.09503316801  7.902338E-17
9284.30208492201  7.145760E-17
9288.50913667601  6.571196E-17
9292.71618843001  7.828862E-17
9296.92324018401  7.460308E-17
9301.13029193801  4.330565E-17
9305.33734369201  8.822141E-17
9309.54439544601  6.855052E-17
9313.75144720001  5.719340E-17
9317.95849895401  5.643733E-17
9322.16555070801  6.748256E-17
9326.37260246201  7.735902E-17
9330.57965421601  5.896975E-17
9334.78670597001  4.643352E-17
9338.99375772401  4.998253E-17
9343.20080947801  4.531451E-17
9347.40786123201  5.032570E-17
9351.61491298601  5.945981E-17
9355.82196474001  5.048134E-17
9360.02901649401  4.778624E-17
9364.23606824801  5.652493E-17
9368.44312000201  5.265430E-17
9372.65017175601  6.353787E-17
9376.85722351001  6.716411E-17
9381.06427526401  6.058726E-17
9385.27132701801  4.751099E-17
9389.47837877201  5.910941E-17
9393.68543052601  5.442523E-17
9397.89248228001  5.871239E-17
9402.09953403401  6.900081E-17
9406.30658578801  3.678418E-17
9410.51363754201  4.977302E-17
9414.72068929601  6.298106E-17
9418.92774105001  6.244169E-17
9423.13479280401  5.127978E-17
9427.34184455801  3.860831E-17
9431.54889631201  4.173061E-17
9435.75594806601  6.686509E-17
9439.96299982001  7.884997E-17
9444.17005157401  5.132972E-17
9448.37710332801  4.809697E-17
9452.58415508201  4.781275E-17
9456.79120683601  4.107782E-17
9460.99825859001  4.100844E-17
9465.20531034401  3.857323E-17
9469.41236209801  3.237164E-17
9473.61941385201  5.329782E-17
9477.82646560601  7.050371E-17
9482.03351736001  3.810600E-17
9486.24056911401  4.377779E-17
9490.44762086801  5.822915E-17
9494.65467262201  3.338027E-17
9498.86172437601  3.276648E-17
9503.06877613001  3.768688E-17
9507.27582788401  4.133873E-17
9511.48287963801  4.387905E-17
9515.68993139201  5.000928E-17
9519.89698314601  4.551484E-17
9524.10403490001  5.148407E-17
9528.31108665401  3.659366E-17
9532.51813840801  3.913209E-17
9536.72519016201  4.882577E-17
9540.93224191601  5.524422E-17
9545.13929367001  5.677993E-17
9549.34634542401  4.754003E-17
9553.55339717801  4.819664E-17
9557.76044893201  3.075792E-17
9561.96750068601  4.504975E-17
9566.17455244001  6.369245E-17
9570.38160419401  4.210392E-17
9574.58865594801  3.585850E-17
9578.79570770201  4.847395E-17
9583.00275945601  5.083138E-17
9587.20981121001  5.716011E-17
9591.41686296401  3.795737E-17
9595.62391471801  4.277051E-17
9599.83096647201  6.068876E-17
9604.03801822601  4.779010E-17
9608.24506998001  3.104586E-17
9612.45212173401  5.390642E-17
9616.65917348801  6.332119E-17
9620.86622524201  5.507231E-17
9625.07327699601  6.826771E-17
9629.28032875001  6.576703E-17
9633.48738050401  5.541527E-17
9637.69443225801  6.654404E-17
9641.90148401201  5.670076E-17
9646.10853576601  4.717457E-17
9650.31558752001  6.962272E-17
9654.52263927401  5.556342E-17
9658.72969102801  5.543607E-17
9662.93674278201  4.576937E-17
9667.14379453601  4.695629E-17
9671.35084629001  3.931177E-17
9675.55789804401  4.703420E-17
9679.76494979801  4.339082E-17
9683.97200155201  7.259713E-17
9688.17905330601  3.045504E-17
9692.38610506001  6.930574E-17
9696.59315681401  7.462143E-17
9700.80020856801  5.647998E-17
9705.00726032201  3.640661E-17
9709.21431207601  3.657114E-17
9713.42136383001  5.130780E-17
9717.62841558401  6.293153E-17
9721.83546733801  4.582038E-17
9726.04251909201  2.984357E-17
9730.24957084601  4.152053E-17
9734.45662260001  5.027256E-17
9738.66367435401  5.844467E-17
9742.87072610801  7.280729E-17
9747.07777786201  4.467833E-17
9751.28482961601  4.585588E-17
9755.49188137001  4.332983E-17
9759.69893312401  5.166967E-17
9763.90598487801  6.374826E-17
9768.11303663201  7.618396E-17
9772.32008838601  3.573445E-17
9776.52714014001  6.056800E-17
9780.73419189401  4.851755E-17
9784.94124364801  6.939084E-17
9789.14829540201  3.880506E-17
9793.35534715601  4.925004E-17
9797.56239891001  7.622539E-17
9801.76945066401  6.017917E-17
9805.97650241801  7.328628E-17
9810.18355417201  4.989724E-17
9814.39060592601  5.502884E-17
9818.59765768001  6.487671E-17
9822.80470943401  7.147352E-17
9827.01176118801  4.837786E-17
9831.21881294201  3.417054E-17
9835.42586469601  4.886743E-17
9839.63291645001  6.523261E-17
9843.83996820401  7.057091E-17
9848.04701995801  3.652194E-17
9852.25407171201  4.423211E-17
9856.46112346601  6.370936E-17
9860.66817522001  4.207608E-17
9864.87522697401  6.243473E-17
9869.08227872801  6.832923E-17
9873.28933048201  6.518660E-17
9877.49638223601  3.554361E-17
9881.70343399001  2.829915E-17
9885.91048574401  3.583724E-17
9890.11753749801  8.370595E-17
9894.32458925201  4.806543E-17
9898.53164100601  6.508966E-17
9902.73869276001  8.001126E-17
9906.94574451401  5.558681E-17
9911.15279626801  7.656280E-17
9915.35984802201  8.454416E-17
9919.56689977601  3.384633E-17
9923.77395153001  6.383594E-17
9927.98100328401  5.824031E-17
9932.18805503801  5.776080E-17
9936.39510679201  4.996867E-17
9940.60215854601  9.112852E-17
9944.80921030001  7.971086E-17
9949.01626205401  2.134608E-17
9953.22331380801  5.003882E-17
9957.43036556201  7.520913E-17
9961.63741731601  6.684544E-17
9965.84446907001  7.255948E-17
9970.05152082401  3.571618E-17
9974.25857257801  5.901175E-17
9978.46562433201  6.645429E-17
9982.67267608601  5.501945E-17
9986.87972784001  6.990330E-17
9991.08677959401  1.019782E-16
9995.29383134801  8.012956E-17
9999.50088310201  4.310878E-17
10003.707934856  4.268368E-17
