3250.1342 2.21932e-17
3251.2072 2.78736e-17
3252.2802 2.56764e-17
3253.3531 2.51549e-17
3254.4261 3.24272e-17
3255.4991 4.12775e-17
3256.5720 3.38381e-17
3257.6450 3.45438e-17
3258.7180 3.81775e-17
3259.7909 4.12533e-17
3260.8639 3.17052e-17
3261.9369 2.84950e-17
3263.0098 3.29045e-17
3264.0828 3.25701e-17
3265.1558 3.57845e-17
3266.2287 4.17210e-17
3267.3017 5.00750e-17
3268.3746 5.11619e-17
3269.4476 5.41700e-17
3270.5206 5.21839e-17
3271.5935 5.82377e-17
3272.6665 5.50693e-17
3273.7395 5.72513e-17
3274.8124 5.86666e-17
3275.8854 5.20566e-17
3276.9584 4.65895e-17
3278.0313 4.61072e-17
3279.1043 3.75469e-17
3280.1773 2.84885e-17
3281.2502 2.83295e-17
3282.3232 2.99998e-17
3283.3962 2.81634e-17
3284.4691 2.42700e-17
3285.5421 2.25279e-17
3286.6151 2.20626e-17
3287.6880 2.51282e-17
3288.7610 3.54767e-17
3289.8340 3.83677e-17
3290.9069 3.88664e-17
3291.9799 3.91530e-17
3293.0529 3.78491e-17
3294.1258 2.63937e-17
3295.1988 2.58307e-17
3296.2717 3.16483e-17
3297.3447 2.99057e-17
3298.4177 2.02978e-17
3299.4906 1.30556e-17
3300.5636 1.55281e-17
3301.6366 2.08901e-17
3302.7095 2.70484e-17
3303.7825 3.11040e-17
3304.8555 3.57894e-17
3305.9284 4.15339e-17
3307.0014 3.76454e-17
3308.0744 3.40740e-17
3309.1473 3.42047e-17
3310.2203 3.59071e-17
3311.2933 2.57211e-17
3312.3662 1.56367e-17
3313.4392 1.57358e-17
3314.5122 2.28056e-17
3315.5851 2.27684e-17
3316.6581 2.14172e-17
3317.7311 3.18910e-17
3318.8040 3.65540e-17
3319.8770 3.59231e-17
3320.9500 3.74788e-17
3322.0229 4.59024e-17
3323.0959 4.95024e-17
3324.1688 4.59739e-17
3325.2418 4.22812e-17
3326.3148 4.68304e-17
3327.3877 4.54656e-17
3328.4607 3.54494e-17
3329.5337 4.40751e-17
3330.6066 5.19476e-17
3331.6796 4.63442e-17
3332.7526 4.14494e-17
3333.8255 5.10254e-17
3334.8985 4.20571e-17
3335.9715 3.67765e-17
3337.0444 4.14263e-17
3338.1174 4.75319e-17
3339.1904 4.21729e-17
3340.2633 4.27266e-17
3341.3363 4.11289e-17
3342.4093 3.45253e-17
3343.4822 3.78537e-17
3344.5552 3.53803e-17
3345.6282 3.58406e-17
3346.7011 3.38322e-17
3347.7741 3.66111e-17
3348.8471 3.08041e-17
3349.9200 2.79438e-17
3350.9930 2.54914e-17
3352.0659 2.37322e-17
3353.1389 2.62115e-17
3354.2119 2.49437e-17
3355.2848 2.96209e-17
3356.3578 3.48300e-17
3357.4308 4.29943e-17
3358.5037 4.46405e-17
3359.5767 5.10658e-17
3360.6497 5.32032e-17
3361.7226 4.62361e-17
3362.7956 3.86590e-17
3363.8686 3.46734e-17
3364.9415 2.67493e-17
3366.0145 2.34900e-17
3367.0875 2.83113e-17
3368.1604 3.21571e-17
3369.2334 3.12603e-17
3370.3064 2.75660e-17
3371.3793 2.44469e-17
3372.4523 2.71838e-17
3373.5253 3.14886e-17
3374.5982 3.44430e-17
3375.6712 3.92451e-17
3376.7442 4.00595e-17
3377.8171 3.80381e-17
3378.8901 3.90749e-17
3379.9630 3.54371e-17
3381.0360 3.88735e-17
3382.1090 4.55996e-17
3383.1819 4.74393e-17
3384.2549 5.09221e-17
3385.3279 5.55226e-17
3386.4008 5.42661e-17
3387.4738 5.70363e-17
3388.5468 5.39805e-17
3389.6197 4.38293e-17
3390.6927 4.13534e-17
3391.7657 4.32712e-17
3392.8386 4.03448e-17
3393.9116 4.12897e-17
3394.9846 4.55603e-17
3396.0575 4.57638e-17
3397.1305 4.58116e-17
3398.2035 4.79949e-17
3399.2764 4.48808e-17
3400.3494 4.05839e-17
3401.4224 4.32925e-17
3402.4953 4.09174e-17
3403.5683 3.57394e-17
3404.6413 4.00442e-17
3405.7142 4.43915e-17
3406.7872 3.92939e-17
3407.8601 4.03285e-17
3408.9331 4.20844e-17
3410.0061 3.73563e-17
3411.0790 2.83672e-17
3412.1520 2.88616e-17
3413.2250 2.50192e-17
3414.2979 2.25664e-17
3415.3709 2.82998e-17
3416.4439 3.33634e-17
3417.5168 3.85951e-17
3418.5898 4.35336e-17
3419.6628 4.38413e-17
3420.7357 3.50664e-17
3421.8087 3.81721e-17
3422.8817 3.72414e-17
3423.9546 3.50609e-17
3425.0276 3.72024e-17
3426.1006 4.34447e-17
3427.1735 4.02850e-17
3428.2465 4.50753e-17
3429.3195 5.07437e-17
3430.3924 5.49692e-17
3431.4654 6.13849e-17
3432.5384 6.30133e-17
3433.6113 5.23580e-17
3434.6843 4.62358e-17
3435.7572 3.98567e-17
3436.8302 3.68889e-17
3437.9032 3.99394e-17
3438.9761 4.66793e-17
3440.0491 4.29595e-17
3441.1221 4.52659e-17
3442.1950 4.39928e-17
3443.2680 4.16376e-17
3444.3410 4.21031e-17
3445.4139 4.73292e-17
3446.4869 4.72404e-17
3447.5599 5.14553e-17
3448.6328 5.04731e-17
3449.7058 4.59946e-17
3450.7788 4.96304e-17
3451.8517 5.17220e-17
3452.9247 4.02786e-17
3453.9977 3.87457e-17
3455.0706 4.48295e-17
3456.1436 4.65486e-17
3457.2166 4.59247e-17
3458.2895 4.55485e-17
3459.3625 4.28741e-17
3460.4355 3.85595e-17
3461.5084 3.62261e-17
3462.5814 3.41695e-17
3463.6543 3.64520e-17
3464.7273 4.31118e-17
3465.8003 4.47112e-17
3466.8732 3.85333e-17
3467.9462 4.16272e-17
3469.0192 4.75300e-17
3470.0921 4.69796e-17
3471.1651 4.64438e-17
3472.2381 5.33291e-17
3473.3110 5.05904e-17
3474.3840 3.88954e-17
3475.4570 3.50399e-17
3476.5299 2.91118e-17
3477.6029 2.22911e-17
3478.6759 1.58447e-17
3479.7488 1.89033e-17
3480.8218 1.78326e-17
3481.8948 2.09036e-17
3482.9677 2.53248e-17
3484.0407 2.58893e-17
3485.1137 2.95816e-17
3486.1866 3.22890e-17
3487.2596 3.62392e-17
3488.3326 3.51749e-17
3489.4055 4.31016e-17
3490.4785 4.92850e-17
3491.5514 4.84491e-17
3492.6244 4.87902e-17
3493.6974 5.07713e-17
3494.7703 4.92570e-17
3495.8433 5.04889e-17
3496.9163 5.93470e-17
3497.9892 5.94549e-17
3499.0622 5.86306e-17
3500.1352 5.76628e-17
3501.2081 5.08517e-17
3502.2811 4.49662e-17
3503.3541 4.45916e-17
3504.4270 4.32924e-17
3505.5000 4.83486e-17
3506.5730 5.30906e-17
3507.6459 5.55548e-17
3508.7189 5.91749e-17
3509.7919 6.33317e-17
3510.8648 5.91797e-17
3511.9378 6.43710e-17
3513.0108 6.51786e-17
3514.0837 6.29822e-17
3515.1567 6.01116e-17
3516.2297 6.58001e-17
3517.3026 6.04759e-17
3518.3756 6.31960e-17
3519.4485 6.27099e-17
3520.5215 6.12388e-17
3521.5945 5.75932e-17
3522.6674 5.87691e-17
3523.7404 5.03855e-17
3524.8134 4.79029e-17
3525.8863 4.92807e-17
3526.9593 4.58531e-17
3528.0323 4.27144e-17
3529.1052 4.28449e-17
3530.1782 4.14545e-17
3531.2512 3.64537e-17
3532.3241 3.47427e-17
3533.3971 3.45845e-17
3534.4701 3.73369e-17
3535.5430 3.85686e-17
3536.6160 4.12918e-17
3537.6890 4.06474e-17
3538.7619 3.73419e-17
3539.8349 3.90415e-17
3540.9079 3.76700e-17
3541.9808 4.01476e-17
3543.0538 4.96187e-17
3544.1268 5.37441e-17
3545.1997 5.55729e-17
3546.2727 5.51667e-17
3547.3456 4.78309e-17
3548.4186 3.67608e-17
3549.4916 3.29119e-17
3550.5645 2.58877e-17
3551.6375 2.67674e-17
3552.7105 3.07776e-17
3553.7834 3.39696e-17
3554.8564 3.54334e-17
3555.9294 3.79687e-17
3557.0023 4.20176e-17
3558.0753 4.56701e-17
3559.1483 4.75348e-17
3560.2212 4.54154e-17
3561.2942 3.67956e-17
3562.3672 2.99208e-17
3563.4401 2.85106e-17
3564.5131 3.03169e-17
3565.5861 3.59553e-17
3566.6590 4.84226e-17
3567.7320 5.30888e-17
3568.8050 5.01022e-17
3569.8779 4.76042e-17
3570.9509 4.45745e-17
3572.0239 3.95527e-17
3573.0968 3.60295e-17
3574.1698 3.93865e-17
3575.2427 4.45713e-17
3576.3157 4.68327e-17
3577.3887 4.89233e-17
3578.4616 5.06511e-17
3579.5346 4.97810e-17
3580.6076 4.65379e-17
3581.6805 4.51909e-17
3582.7535 4.44069e-17
3583.8265 4.65035e-17
3584.8994 4.95258e-17
3585.9724 4.92279e-17
3587.0454 4.73734e-17
3588.1183 4.69089e-17
3589.1913 4.81002e-17
3590.2643 4.37970e-17
3591.3372 4.28964e-17
3592.4102 4.95790e-17
3593.4832 5.38666e-17
3594.5561 5.28972e-17
3595.6291 5.48574e-17
3596.7021 5.25407e-17
3597.7750 4.28963e-17
3598.8480 3.63136e-17
3599.9210 3.52153e-17
3600.9939 3.82078e-17
3602.0669 3.97234e-17
3603.1398 4.28500e-17
3604.2128 4.58232e-17
3605.2858 4.54885e-17
3606.3587 4.19178e-17
3607.4317 4.08203e-17
3608.5047 4.12022e-17
3609.5776 4.06331e-17
3610.6506 4.12541e-17
3611.7236 3.89456e-17
3612.7965 3.81740e-17
3613.8695 3.86445e-17
3614.9425 4.12377e-17
3616.0154 4.43102e-17
3617.0884 4.72214e-17
3618.1614 5.17824e-17
3619.2343 5.14823e-17
3620.3073 4.60456e-17
3621.3803 4.02801e-17
3622.4532 3.74405e-17
3623.5262 3.41436e-17
3624.5992 3.35347e-17
3625.6721 3.73765e-17
3626.7451 4.17691e-17
3627.8181 4.34110e-17
3628.8910 4.28281e-17
3629.9640 4.23485e-17
3631.0369 3.85135e-17
3632.1099 3.56940e-17
3633.1829 3.62331e-17
3634.2558 3.53476e-17
3635.3288 3.43431e-17
3636.4018 3.98055e-17
3637.4747 4.39634e-17
3638.5477 4.72251e-17
3639.6207 5.04585e-17
3640.6936 5.19555e-17
3641.7666 4.96553e-17
3642.8396 4.64484e-17
3643.9125 4.38339e-17
3644.9855 4.39296e-17
3646.0585 4.77043e-17
3647.1314 5.03248e-17
3648.2044 5.30763e-17
3649.2774 4.93875e-17
3650.3503 4.90817e-17
3651.4233 5.24879e-17
3652.4963 5.54211e-17
3653.5692 5.53081e-17
3654.6422 5.60867e-17
3655.7152 5.44392e-17
3656.7881 4.72385e-17
3657.8611 4.11699e-17
3658.9340 3.79527e-17
3660.0070 4.47862e-17
3661.0800 5.04692e-17
3662.1529 5.48187e-17
3663.2259 5.34273e-17
3664.2989 5.81044e-17
3665.3718 5.79824e-17
3666.4448 5.49557e-17
3667.5178 5.41438e-17
3668.5907 5.95811e-17
3669.6637 5.61092e-17
3670.7367 5.32553e-17
3671.8096 5.51287e-17
3672.8826 5.38590e-17
3673.9556 5.19860e-17
3675.0285 5.11546e-17
3676.1015 5.06509e-17
3677.1745 4.87609e-17
3678.2474 4.59294e-17
3679.3204 4.49752e-17
3680.3934 4.68862e-17
3681.4663 4.50203e-17
3682.5393 4.74579e-17
3683.6123 5.15498e-17
3684.6852 5.23103e-17
3685.7582 5.30769e-17
3686.8311 5.63476e-17
3687.9041 5.21621e-17
3688.9771 4.91721e-17
3690.0500 4.71752e-17
3691.1230 4.37378e-17
3692.1960 4.34032e-17
3693.2689 4.85598e-17
3694.3419 5.04213e-17
3695.4149 5.06115e-17
3696.4878 4.97134e-17
3697.5608 5.03688e-17
3698.6338 4.80137e-17
3699.7067 4.65114e-17
3700.7797 4.81463e-17
3701.8527 4.85984e-17
3702.9256 4.50426e-17
3703.9986 3.73905e-17
3705.0716 3.70210e-17
3706.1445 3.31998e-17
3707.2175 3.71885e-17
3708.2905 3.91542e-17
3709.3634 4.19651e-17
3710.4364 3.90046e-17
3711.5094 4.24027e-17
3712.5823 3.89754e-17
3713.6553 3.78831e-17
3714.7282 3.99691e-17
3715.8012 4.12292e-17
3716.8742 3.70279e-17
3717.9471 3.90189e-17
3719.0201 4.06985e-17
3720.0931 4.15971e-17
3721.1660 4.27905e-17
3722.2390 4.33157e-17
3723.3120 4.03975e-17
3724.3849 4.09028e-17
3725.4579 4.08048e-17
3726.5309 4.27281e-17
3727.6038 4.57750e-17
3728.6768 4.70323e-17
3729.7498 4.69786e-17
3730.8227 4.54945e-17
3731.8957 4.43686e-17
3732.9687 4.57236e-17
3734.0416 4.79238e-17
3735.1146 4.83235e-17
3736.1876 5.31933e-17
3737.2605 5.30395e-17
3738.3335 4.91943e-17
3739.4065 4.63702e-17
3740.4794 4.72710e-17
3741.5524 4.56436e-17
3742.6253 5.08538e-17
3743.6983 5.46457e-17
3744.7713 5.52398e-17
3745.8442 5.33329e-17
3746.9172 5.43608e-17
3747.9902 5.21287e-17
3749.0631 5.10345e-17
3750.1361 5.34064e-17
3751.2091 5.38207e-17
3752.2820 5.49011e-17
3753.3550 5.62259e-17
3754.4280 5.74784e-17
3755.5009 5.63114e-17
3756.5739 5.99029e-17
3757.6469 5.87627e-17
3758.7198 5.70123e-17
3759.7928 6.00201e-17
3760.8658 6.32869e-17
3761.9387 5.67679e-17
3763.0117 5.70799e-17
3764.0847 6.14725e-17
3765.1576 6.09548e-17
3766.2306 5.80741e-17
3767.3036 6.22932e-17
3768.3765 6.20929e-17
3769.4495 5.80830e-17
3770.5224 5.54813e-17
3771.5954 5.93010e-17
3772.6684 6.11670e-17
3773.7413 6.53476e-17
3774.8143 6.67054e-17
3775.8873 6.80898e-17
3776.9602 6.66600e-17
3778.0332 6.68330e-17
3779.1062 6.04613e-17
3780.1791 5.68251e-17
3781.2521 5.83580e-17
3782.3251 6.06264e-17
3783.3980 6.06169e-17
3784.4710 6.33431e-17
3785.5440 6.49836e-17
3786.6169 6.49853e-17
3787.6899 6.11301e-17
3788.7629 5.83764e-17
3789.8358 5.76964e-17
3790.9088 6.02964e-17
3791.9818 5.79986e-17
3793.0547 5.77613e-17
3794.1277 6.14990e-17
3795.2007 6.49949e-17
3796.2736 6.62108e-17
3797.3466 6.89729e-17
3798.4195 7.21216e-17
3799.4925 7.09639e-17
3800.5655 7.17604e-17
3801.6384 7.01353e-17
3802.7114 6.66246e-17
3803.7844 6.12377e-17
3804.8573 5.62489e-17
3805.9303 5.13119e-17
3807.0033 5.10125e-17
3808.0762 4.88075e-17
3809.1492 4.97551e-17
3810.2222 5.21644e-17
3811.2951 5.15142e-17
3812.3681 4.97998e-17
3813.4411 5.51520e-17
3814.5140 5.65576e-17
3815.5870 5.64995e-17
3816.6600 5.77377e-17
3817.7329 6.12009e-17
3818.8059 5.82088e-17
3819.8789 5.99992e-17
3820.9518 5.72607e-17
3822.0248 5.80748e-17
3823.0978 5.82190e-17
3824.1707 5.86991e-17
3825.2437 5.71236e-17
3826.3166 6.10970e-17
3827.3896 5.70923e-17
3828.4626 5.68500e-17
3829.5355 5.93544e-17
3830.6085 5.88921e-17
3831.6815 5.68775e-17
3832.7544 5.77550e-17
3833.8274 5.30838e-17
3834.9004 5.01218e-17
3835.9733 5.21092e-17
3837.0463 5.22826e-17
3838.1193 5.28765e-17
3839.1922 5.44019e-17
3840.2652 5.46650e-17
3841.3382 4.95253e-17
3842.4111 5.01498e-17
3843.4841 5.31802e-17
3844.5571 5.25423e-17
3845.6300 5.44549e-17
3846.7030 5.89579e-17
3847.7760 5.99729e-17
3848.8489 6.17495e-17
3849.9219 6.30965e-17
3850.9949 6.21487e-17
3852.0678 6.21995e-17
3853.1408 5.97546e-17
3854.2137 5.88444e-17
3855.2867 6.01988e-17
3856.3597 6.05219e-17
3857.4326 6.08218e-17
3858.5056 6.13305e-17
3859.5786 6.03692e-17
3860.6515 6.25813e-17
3861.7245 6.37182e-17
3862.7975 6.22125e-17
3863.8704 6.76307e-17
3864.9434 6.86845e-17
3866.0164 6.73677e-17
3867.0893 6.88882e-17
3868.1623 7.16322e-17
3869.2353 6.85678e-17
3870.3082 6.98937e-17
3871.3812 7.12011e-17
3872.4542 7.23103e-17
3873.5271 7.51987e-17
3874.6001 7.69497e-17
3875.6731 7.86788e-17
3876.7460 8.48133e-17
3877.8190 8.56633e-17
3878.8920 8.16185e-17
3879.9649 8.16898e-17
3881.0379 8.01862e-17
3882.1108 7.18614e-17
3883.1838 6.90959e-17
3884.2568 7.03598e-17
3885.3297 7.01265e-17
3886.4027 7.22193e-17
3887.4757 7.63803e-17
3888.5486 7.90383e-17
3889.6216 7.78222e-17
3890.6946 7.83614e-17
3891.7675 7.64671e-17
3892.8405 7.52277e-17
3893.9135 7.20782e-17
3894.9864 7.05385e-17
3896.0594 7.31222e-17
3897.1324 7.47370e-17
3898.2053 7.26647e-17
3899.2783 7.18107e-17
3900.3513 7.49885e-17
3901.4242 7.27679e-17
3902.4972 7.12079e-17
3903.5702 7.28979e-17
3904.6431 7.61196e-17
3905.7161 7.70515e-17
3906.7891 7.37295e-17
3907.8620 7.18062e-17
3908.9350 6.68853e-17
3910.0079 6.39448e-17
3911.0809 6.41940e-17
3912.1539 6.79567e-17
3913.2268 7.14292e-17
3914.2998 7.93098e-17
3915.3728 8.26513e-17
3916.4457 8.06956e-17
3917.5187 7.85577e-17
3918.5917 7.39900e-17
3919.6646 6.85577e-17
3920.7376 6.60660e-17
3921.8106 6.88542e-17
3922.8835 7.14516e-17
3923.9565 7.58846e-17
3925.0295 7.80984e-17
3926.1024 7.95031e-17
3927.1754 7.58713e-17
3928.2484 7.23897e-17
3929.3213 7.08465e-17
3930.3943 7.19748e-17
3931.4673 7.11057e-17
3932.5402 7.14155e-17
3933.6132 7.42257e-17
3934.6862 7.26490e-17
3935.7591 6.96693e-17
3936.8321 6.83149e-17
3937.9050 6.95650e-17
3938.9780 6.99805e-17
3940.0510 7.21824e-17
3941.1239 7.59916e-17
3942.1969 8.11248e-17
3943.2699 8.27060e-17
3944.3428 8.23125e-17
3945.4158 8.29656e-17
3946.4888 8.14921e-17
3947.5617 7.49779e-17
3948.6347 7.17469e-17
3949.7077 6.91295e-17
3950.7806 6.54905e-17
3951.8536 6.32881e-17
3952.9266 6.14428e-17
3953.9995 5.84437e-17
3955.0725 5.85188e-17
3956.1455 6.03149e-17
3957.2184 6.06998e-17
3958.2914 6.79847e-17
3959.3644 7.58146e-17
3960.4373 7.57755e-17
3961.5103 7.20301e-17
3962.5833 7.27219e-17
3963.6562 7.10943e-17
3964.7292 6.75528e-17
3965.8021 6.77480e-17
3966.8751 6.82852e-17
3967.9481 6.63338e-17
3969.0210 6.36034e-17
3970.0940 6.17888e-17
3971.1670 6.28858e-17
3972.2399 6.52918e-17
3973.3129 6.81843e-17
3974.3859 6.89366e-17
3975.4588 6.86827e-17
3976.5318 6.92933e-17
3977.6048 6.92806e-17
3978.6777 6.67148e-17
3979.7507 6.65241e-17
3980.8237 6.68892e-17
3981.8966 6.24034e-17
3982.9696 6.28294e-17
3984.0426 6.42530e-17
3985.1155 6.39617e-17
3986.1885 6.36305e-17
3987.2615 6.39105e-17
3988.3344 6.36982e-17
3989.4074 6.28317e-17
3990.4804 6.53281e-17
3991.5533 6.96849e-17
3992.6263 7.32261e-17
3993.6992 7.12434e-17
3994.7722 6.94510e-17
3995.8452 6.80453e-17
3996.9181 6.66907e-17
3997.9911 6.52150e-17
3999.0641 6.57632e-17
4000.1370 6.87151e-17
4001.2100 6.92840e-17
4002.2830 6.84503e-17
4003.3559 6.82698e-17
4004.4289 7.20090e-17
4005.5019 7.40248e-17
4006.5748 7.52407e-17
4007.6478 7.92432e-17
4008.7208 8.53523e-17
4009.7937 8.59293e-17
4010.8667 8.52460e-17
4011.9397 8.64240e-17
4013.0126 8.71403e-17
4014.0856 8.82841e-17
4015.1586 8.47987e-17
4016.2315 8.11830e-17
4017.3045 7.96902e-17
4018.3775 7.81941e-17
4019.4504 7.39359e-17
4020.5234 7.33154e-17
4021.5963 7.43677e-17
4022.6693 7.67737e-17
4023.7423 7.72623e-17
4024.8152 7.75253e-17
4025.8882 8.07161e-17
4026.9612 8.33821e-17
4028.0341 8.42852e-17
4029.1071 8.25537e-17
4030.1801 8.33242e-17
4031.2530 8.06941e-17
4032.3260 8.12437e-17
4033.3990 8.25447e-17
4034.4719 8.51023e-17
4035.5449 8.60937e-17
4036.6179 9.14436e-17
4037.6908 9.19874e-17
4038.7638 8.86804e-17
4039.8368 8.45998e-17
4040.9097 7.96544e-17
4041.9827 7.75734e-17
4043.0557 7.79869e-17
4044.1286 7.86265e-17
4045.2016 8.31819e-17
4046.2746 8.29762e-17
4047.3475 7.99325e-17
4048.4205 7.64505e-17
4049.4934 7.65420e-17
4050.5664 7.22445e-17
4051.6394 7.57555e-17
4052.7123 7.93825e-17
4053.7853 8.08853e-17
4054.8583 7.82874e-17
4055.9312 7.71433e-17
4057.0042 7.92740e-17
4058.0772 7.85194e-17
4059.1501 7.72468e-17
4060.2231 7.73994e-17
4061.2961 8.62747e-17
4062.3690 8.55332e-17
4063.4420 8.34407e-17
4064.5150 8.35852e-17
4065.5879 8.22925e-17
4066.6609 7.59730e-17
4067.7339 7.74184e-17
4068.8068 7.77127e-17
4069.8798 7.82124e-17
4070.9528 8.05986e-17
4072.0257 8.01869e-17
4073.0987 7.12261e-17
4074.1717 7.02775e-17
4075.2446 6.85973e-17
4076.3176 6.82564e-17
4077.3905 6.56318e-17
4078.4635 6.83075e-17
4079.5365 6.64843e-17
4080.6094 6.45978e-17
4081.6824 6.40161e-17
4082.7554 6.75443e-17
4083.8283 7.09658e-17
4084.9013 7.43255e-17
4085.9743 7.38118e-17
4087.0472 7.19149e-17
4088.1202 6.84522e-17
4089.1932 6.60568e-17
4090.2661 6.82766e-17
4091.3391 7.34312e-17
4092.4121 7.49892e-17
4093.4850 7.72808e-17
4094.5580 7.96292e-17
4095.6310 7.78640e-17
4096.7039 7.70895e-17
4097.7769 7.60535e-17
4098.8499 7.45168e-17
4099.9228 7.12540e-17
4100.9958 6.88192e-17
4102.0688 6.50711e-17
4103.1417 6.29899e-17
4104.2147 6.18873e-17
4105.2876 6.29612e-17
4106.3606 6.31078e-17
4107.4336 6.46283e-17
4108.5065 6.69870e-17
4109.5795 6.69601e-17
4110.6525 6.81652e-17
4111.7254 7.22297e-17
4112.7984 7.60593e-17
4113.8714 7.43455e-17
4114.9443 7.40979e-17
4116.0173 7.46842e-17
4117.0903 7.19523e-17
4118.1632 7.46363e-17
4119.2362 8.73667e-17
4120.3092 1.00969e-16
4121.3821 1.15625e-16
4122.4551 1.34069e-16
4123.5281 1.49853e-16
4124.6010 1.57328e-16
4125.6740 1.58151e-16
4126.7470 1.51016e-16
4127.8199 1.36050e-16
4128.8929 1.16681e-16
4129.9659 9.91901e-17
4131.0388 8.62544e-17
4132.1118 7.55866e-17
4133.1847 6.96764e-17
4134.2577 6.93103e-17
4135.3307 6.88038e-17
4136.4036 6.95341e-17
4137.4766 7.49105e-17
4138.5496 7.36986e-17
4139.6225 6.97672e-17
4140.6955 6.65576e-17
4141.7685 6.56456e-17
4142.8414 6.18759e-17
4143.9144 6.33725e-17
4144.9874 6.35876e-17
4146.0603 6.60002e-17
4147.1333 6.30830e-17
4148.2063 6.08531e-17
4149.2792 6.24405e-17
4150.3522 6.46209e-17
4151.4252 6.37932e-17
4152.4981 6.96035e-17
4153.5711 7.37845e-17
4154.6441 7.44506e-17
4155.7170 7.36735e-17
4156.7900 7.58719e-17
4157.8630 7.45692e-17
4158.9359 7.20108e-17
4160.0089 7.30834e-17
4161.0818 7.26640e-17
4162.1548 7.20009e-17
4163.2278 7.36998e-17
4164.3007 7.65886e-17
4165.3737 7.24927e-17
4166.4467 7.34189e-17
4167.5196 7.23223e-17
4168.5926 6.66864e-17
4169.6656 5.75680e-17
4170.7385 5.64472e-17
4171.8115 5.60087e-17
4172.8845 5.60973e-17
4173.9574 5.87575e-17
4175.0304 6.55690e-17
4176.1034 6.70401e-17
4177.1763 6.65206e-17
4178.2493 6.69857e-17
4179.3223 6.85270e-17
4180.3952 6.95717e-17
4181.4682 7.20240e-17
4182.5412 7.70232e-17
4183.6141 7.88900e-17
4184.6871 7.65849e-17
4185.7601 7.49052e-17
4186.8330 7.51520e-17
4187.9060 7.29959e-17
4188.9789 6.87107e-17
4190.0519 6.89989e-17
4191.1249 6.94893e-17
4192.1978 6.82443e-17
4193.2708 6.48370e-17
4194.3438 6.61284e-17
4195.4167 6.71401e-17
4196.4897 6.80549e-17
4197.5627 6.68593e-17
4198.6356 6.48392e-17
4199.7086 6.14162e-17
4200.7816 5.74925e-17
4201.8545 5.63527e-17
4202.9275 5.64730e-17
4204.0005 5.92906e-17
4205.0734 5.98551e-17
4206.1464 6.05324e-17
4207.2194 6.35227e-17
4208.2923 6.45866e-17
4209.3653 6.41853e-17
4210.4383 6.97022e-17
4211.5112 7.58842e-17
4212.5842 7.68507e-17
4213.6572 7.80886e-17
4214.7301 8.06610e-17
4215.8031 8.15766e-17
4216.8760 8.17449e-17
4217.9490 8.07075e-17
4219.0220 8.12846e-17
4220.0949 8.17129e-17
4221.1679 7.97460e-17
4222.2409 7.62189e-17
4223.3138 7.49511e-17
4224.3868 7.59636e-17
4225.4598 7.71794e-17
4226.5327 7.95463e-17
4227.6057 8.27902e-17
4228.6787 8.36935e-17
4229.7516 7.96803e-17
4230.8246 7.80165e-17
4231.8976 7.79328e-17
4232.9705 7.48185e-17
4234.0435 7.45882e-17
4235.1165 7.74771e-17
4236.1894 7.54007e-17
4237.2624 7.33574e-17
4238.3354 7.63745e-17
4239.4083 7.59657e-17
4240.4813 7.57582e-17
4241.5543 7.75406e-17
4242.6272 7.31034e-17
4243.7002 6.84915e-17
4244.7731 6.63702e-17
4245.8461 6.62352e-17
4246.9191 7.08077e-17
4247.9920 7.61997e-17
4249.0650 8.03230e-17
4250.1380 8.55445e-17
4251.2109 9.36940e-17
4252.2839 9.26402e-17
4253.3569 9.58209e-17
4254.4298 9.59189e-17
4255.5028 9.80040e-17
4256.5758 9.22144e-17
4257.6487 9.31888e-17
4258.7217 9.45902e-17
4259.7947 1.01194e-16
4260.8676 1.03122e-16
4261.9406 1.07013e-16
4263.0136 1.08982e-16
4264.0865 1.08691e-16
4265.1595 1.05413e-16
4266.2325 1.04792e-16
4267.3054 1.01895e-16
4268.3784 9.97111e-17
4269.4513 1.00853e-16
4270.5243 1.03712e-16
4271.5973 1.05544e-16
4272.6702 1.07520e-16
4273.7432 1.09457e-16
4274.8162 1.13445e-16
4275.8891 1.13198e-16
4276.9621 1.11720e-16
4278.0351 1.14937e-16
4279.1080 1.17157e-16
4280.1810 1.13912e-16
4281.2540 1.11723e-16
4282.3269 1.09943e-16
4283.3999 1.06758e-16
4284.4729 1.02646e-16
4285.5458 1.00086e-16
4286.6188 1.02048e-16
4287.6918 1.03108e-16
4288.7647 1.03576e-16
4289.8377 1.05696e-16
4290.9107 1.05127e-16
4291.9836 1.01128e-16
4293.0566 9.96811e-17
4294.1296 1.00742e-16
4295.2025 1.00800e-16
4296.2755 9.98409e-17
4297.3484 9.76643e-17
4298.4214 9.60176e-17
4299.4944 9.34133e-17
4300.5673 9.04358e-17
4301.6403 9.16884e-17
4302.7133 9.23815e-17
4303.7862 9.20733e-17
4304.8592 9.28372e-17
4305.9322 9.23762e-17
4307.0051 9.42732e-17
4308.0781 9.80746e-17
4309.1511 1.02417e-16
4310.2240 1.05842e-16
4311.2970 1.10263e-16
4312.3700 1.09063e-16
4313.4429 1.10566e-16
4314.5159 1.12237e-16
4315.5889 1.09220e-16
4316.6618 1.05114e-16
4317.7348 1.04340e-16
4318.8078 1.04132e-16
4319.8807 1.02512e-16
4320.9537 1.02766e-16
4322.0267 1.05595e-16
4323.0996 1.09917e-16
4324.1726 1.11360e-16
4325.2455 1.11772e-16
4326.3185 1.13459e-16
4327.3915 1.15012e-16
4328.4644 1.14013e-16
4329.5374 1.13296e-16
4330.6104 1.16720e-16
4331.6833 1.17827e-16
4332.7563 1.15800e-16
4333.8293 1.15064e-16
4334.9022 1.15364e-16
4335.9752 1.11544e-16
4337.0482 1.12308e-16
4338.1211 1.15276e-16
4339.1941 1.15334e-16
4340.2671 1.14515e-16
4341.3400 1.14270e-16
4342.4130 1.11609e-16
4343.4860 1.08845e-16
4344.5589 1.05244e-16
4345.6319 1.00820e-16
4346.7049 9.64581e-17
4347.7778 8.78470e-17
4348.8508 8.37099e-17
4349.9238 8.27765e-17
4350.9967 7.63611e-17
4352.0697 7.24484e-17
4353.1426 8.07172e-17
4354.2156 8.39715e-17
4355.2886 7.94467e-17
4356.3615 8.38714e-17
4357.4345 8.93312e-17
4358.5075 8.60695e-17
4359.5804 8.76682e-17
4360.6534 9.32443e-17
4361.7264 1.00302e-16
4362.7993 1.02228e-16
4363.8723 1.02817e-16
4364.9453 1.01923e-16
4366.0182 1.03060e-16
4367.0912 1.00914e-16
4368.1642 1.00696e-16
4369.2371 1.03538e-16
4370.3101 1.05157e-16
4371.3831 1.03884e-16
4372.4560 1.02525e-16
4373.5290 1.03157e-16
4374.6020 1.04476e-16
4375.6749 1.05188e-16
4376.7479 1.07943e-16
4377.8209 1.11262e-16
4378.8938 1.12155e-16
4379.9668 1.08643e-16
4381.0397 1.05995e-16
4382.1127 1.04001e-16
4383.1857 9.83303e-17
4384.2586 9.10070e-17
4385.3316 8.79857e-17
4386.4046 8.06329e-17
4387.4775 7.47263e-17
4388.5505 7.15672e-17
4389.6235 6.84909e-17
4390.6964 6.34103e-17
4391.7694 6.70072e-17
4392.8424 7.07564e-17
4393.9153 7.20041e-17
4394.9883 7.69547e-17
4396.0613 8.19053e-17
4397.1342 8.42995e-17
4398.2072 8.77830e-17
4399.2802 9.15773e-17
4400.3531 9.41202e-17
4401.4261 9.71998e-17
4402.4991 9.64820e-17
4403.5720 9.60342e-17
4404.6450 9.79205e-17
4405.7180 1.00156e-16
4406.7909 1.02554e-16
4407.8639 1.03396e-16
4408.9368 1.02325e-16
4410.0098 1.03126e-16
4411.0828 1.04016e-16
4412.1557 1.03486e-16
4413.2287 1.05620e-16
4414.3017 1.08483e-16
4415.3746 1.08784e-16
4416.4476 1.08239e-16
4417.5206 1.09892e-16
4418.5935 1.11403e-16
4419.6665 1.11835e-16
4420.7395 1.12000e-16
4421.8124 1.12021e-16
4422.8854 1.11354e-16
4423.9584 1.09030e-16
4425.0313 1.08085e-16
4426.1043 1.05818e-16
4427.1773 1.06024e-16
4428.2502 1.07826e-16
4429.3232 1.08412e-16
4430.3962 1.09320e-16
4431.4691 1.12169e-16
4432.5421 1.12205e-16
4433.6151 1.10656e-16
4434.6880 1.13484e-16
4435.7610 1.13672e-16
4436.8339 1.13803e-16
4437.9069 1.15360e-16
4438.9799 1.16778e-16
4440.0528 1.17053e-16
4441.1258 1.18271e-16
4442.1988 1.16342e-16
4443.2717 1.15621e-16
4444.3447 1.15584e-16
4445.4177 1.15367e-16
4446.4906 1.14735e-16
4447.5636 1.15873e-16
4448.6366 1.16635e-16
4449.7095 1.16215e-16
4450.7825 1.13609e-16
4451.8555 1.13223e-16
4452.9284 1.18464e-16
4454.0014 1.18378e-16
4455.0744 1.20705e-16
4456.1473 1.21551e-16
4457.2203 1.23094e-16
4458.2933 1.20632e-16
4459.3662 1.20379e-16
4460.4392 1.18062e-16
4461.5122 1.20089e-16
4462.5851 1.19367e-16
4463.6581 1.18873e-16
4464.7310 1.21120e-16
4465.8040 1.26587e-16
4466.8770 1.27572e-16
4467.9499 1.27363e-16
4469.0229 1.26687e-16
4470.0959 1.25453e-16
4471.1688 1.22356e-16
4472.2418 1.19756e-16
4473.3148 1.18385e-16
4474.3877 1.19914e-16
4475.4607 1.19891e-16
4476.5337 1.17601e-16
4477.6066 1.21491e-16
4478.6796 1.27442e-16
4479.7526 1.28911e-16
4480.8255 1.29940e-16
4481.8985 1.31257e-16
4482.9715 1.27934e-16
4484.0444 1.23135e-16
4485.1174 1.20434e-16
4486.1904 1.19719e-16
4487.2633 1.18293e-16
4488.3363 1.19737e-16
4489.4093 1.24201e-16
4490.4822 1.24374e-16
4491.5552 1.21854e-16
4492.6281 1.22562e-16
4493.7011 1.21586e-16
4494.7741 1.18808e-16
4495.8470 1.18860e-16
4496.9200 1.20115e-16
4497.9930 1.21578e-16
4499.0659 1.21312e-16
4500.1389 1.22501e-16
4501.2119 1.24382e-16
4502.2848 1.22807e-16
4503.3578 1.21626e-16
4504.4308 1.22159e-16
4505.5037 1.23863e-16
4506.5767 1.24890e-16
4507.6497 1.28278e-16
4508.7226 1.29123e-16
4509.7956 1.29328e-16
4510.8686 1.26572e-16
4511.9415 1.21739e-16
4513.0145 1.21854e-16
4514.0875 1.21331e-16
4515.1604 1.19465e-16
4516.2334 1.17695e-16
4517.3064 1.18430e-16
4518.3793 1.16558e-16
4519.4523 1.14727e-16
4520.5252 1.14723e-16
4521.5982 1.16052e-16
4522.6712 1.16988e-16
4523.7441 1.15878e-16
4524.8171 1.15901e-16
4525.8901 1.15401e-16
4526.9630 1.14840e-16
4528.0360 1.13241e-16
4529.1090 1.11438e-16
4530.1819 1.08131e-16
4531.2549 1.03174e-16
4532.3279 9.97479e-17
4533.4008 9.78865e-17
4534.4738 1.00652e-16
4535.5468 1.03401e-16
4536.6197 1.09487e-16
4537.6927 1.11164e-16
4538.7657 1.11349e-16
4539.8386 1.10453e-16
4540.9116 1.09488e-16
4541.9846 1.09305e-16
4543.0575 1.10404e-16
4544.1305 1.11304e-16
4545.2035 1.13931e-16
4546.2764 1.18080e-16
4547.3494 1.16898e-16
4548.4223 1.15748e-16
4549.4953 1.18601e-16
4550.5683 1.19237e-16
4551.6412 1.18192e-16
4552.7142 1.18868e-16
4553.7872 1.22895e-16
4554.8601 1.24108e-16
4555.9331 1.22383e-16
4557.0061 1.22034e-16
4558.0790 1.23776e-16
4559.1520 1.20132e-16
4560.2250 1.18021e-16
4561.2979 1.19019e-16
4562.3709 1.20331e-16
4563.4439 1.22826e-16
4564.5168 1.26464e-16
4565.5898 1.27551e-16
4566.6628 1.26738e-16
4567.7357 1.25040e-16
4568.8087 1.23132e-16
4569.8817 1.22202e-16
4570.9546 1.22092e-16
4572.0276 1.19951e-16
4573.1006 1.17377e-16
4574.1735 1.17056e-16
4575.2465 1.17789e-16
4576.3194 1.18740e-16
4577.3924 1.21404e-16
4578.4654 1.25826e-16
4579.5383 1.27576e-16
4580.6113 1.26587e-16
4581.6843 1.24801e-16
4582.7572 1.23245e-16
4583.8302 1.20873e-16
4584.9032 1.16930e-16
4585.9761 1.17357e-16
4587.0491 1.19143e-16
4588.1221 1.19387e-16
4589.1950 1.20600e-16
4590.2680 1.24267e-16
4591.3410 1.23092e-16
4592.4139 1.22117e-16
4593.4869 1.24151e-16
4594.5599 1.24750e-16
4595.6328 1.23676e-16
4596.7058 1.23207e-16
4597.7788 1.22847e-16
4598.8517 1.22282e-16
4599.9247 1.18536e-16
4600.9977 1.17318e-16
4602.0706 1.16660e-16
4603.1436 1.15597e-16
4604.2165 1.18207e-16
4605.2895 1.21020e-16
4606.3625 1.21542e-16
4607.4354 1.23576e-16
4608.5084 1.25945e-16
4609.5814 1.25337e-16
4610.6543 1.24491e-16
4611.7273 1.24354e-16
4612.8003 1.23158e-16
4613.8732 1.20590e-16
4614.9462 1.16946e-16
4616.0192 1.15964e-16
4617.0921 1.15542e-16
4618.1651 1.14596e-16
4619.2381 1.15217e-16
4620.3110 1.16971e-16
4621.3840 1.18490e-16
4622.4570 1.19771e-16
4623.5299 1.21851e-16
4624.6029 1.21152e-16
4625.6759 1.17607e-16
4626.7488 1.18255e-16
4627.8218 1.21352e-16
4628.8948 1.20217e-16
4629.9677 1.23610e-16
4631.0407 1.26671e-16
4632.1136 1.23979e-16
4633.1866 1.18766e-16
4634.2596 1.19125e-16
4635.3325 1.18669e-16
4636.4055 1.19117e-16
4637.4785 1.24251e-16
4638.5514 1.26843e-16
4639.6244 1.27767e-16
4640.6974 1.24248e-16
4641.7703 1.21028e-16
4642.8433 1.20271e-16
4643.9163 1.20217e-16
4644.9892 1.20049e-16
4646.0622 1.23497e-16
4647.1352 1.26599e-16
4648.2081 1.23991e-16
4649.2811 1.18960e-16
4650.3541 1.17405e-16
4651.4270 1.16449e-16
4652.5000 1.14024e-16
4653.5730 1.15537e-16
4654.6459 1.22441e-16
4655.7189 1.26795e-16
4656.7919 1.29074e-16
4657.8648 1.30741e-16
4658.9378 1.27109e-16
4660.0107 1.23470e-16
4661.0837 1.19032e-16
4662.1567 1.14838e-16
4663.2296 1.16161e-16
4664.3026 1.19725e-16
4665.3756 1.17364e-16
4666.4485 1.16311e-16
4667.5215 1.18734e-16
4668.5945 1.15687e-16
4669.6674 1.12691e-16
4670.7404 1.14878e-16
4671.8134 1.14949e-16
4672.8863 1.11570e-16
4673.9593 1.09641e-16
4675.0323 1.10386e-16
4676.1052 1.09404e-16
4677.1782 1.11843e-16
4678.2512 1.11494e-16
4679.3241 1.15165e-16
4680.3971 1.16527e-16
4681.4701 1.15638e-16
4682.5430 1.15662e-16
4683.6160 1.18862e-16
4684.6890 1.17315e-16
4685.7619 1.18527e-16
4686.8349 1.19189e-16
4687.9078 1.18439e-16
4688.9808 1.16149e-16
4690.0538 1.16912e-16
4691.1267 1.14951e-16
4692.1997 1.17247e-16
4693.2727 1.18568e-16
4694.3456 1.21160e-16
4695.4186 1.20902e-16
4696.4916 1.22098e-16
4697.5645 1.20619e-16
4698.6375 1.17921e-16
4699.7105 1.16080e-16
4700.7834 1.14361e-16
4701.8564 1.13318e-16
4702.9294 1.18337e-16
4704.0023 1.20876e-16
4705.0753 1.23875e-16
4706.1483 1.26614e-16
4707.2212 1.25473e-16
4708.2942 1.19427e-16
4709.3672 1.20279e-16
4710.4401 1.16881e-16
4711.5131 1.14688e-16
4712.5861 1.13917e-16
4713.6590 1.13842e-16
4714.7320 1.08062e-16
4715.8049 1.08920e-16
4716.8779 1.09177e-16
4717.9509 1.09250e-16
4719.0238 1.08875e-16
4720.0968 1.09288e-16
4721.1698 1.07370e-16
4722.2427 1.07773e-16
4723.3157 1.09651e-16
4724.3887 1.08468e-16
4725.4616 1.10155e-16
4726.5346 1.08507e-16
4727.6076 1.06038e-16
4728.6805 1.05100e-16
4729.7535 1.05106e-16
4730.8265 1.04870e-16
4731.8994 1.08203e-16
4732.9724 1.10370e-16
4734.0454 1.09524e-16
4735.1183 1.11625e-16
4736.1913 1.10816e-16
4737.2643 1.08097e-16
4738.3372 1.05703e-16
4739.4102 1.07826e-16
4740.4832 1.08642e-16
4741.5561 1.09587e-16
4742.6291 1.11809e-16
4743.7020 1.10005e-16
4744.7750 1.05868e-16
4745.8480 1.03977e-16
4746.9209 9.97367e-17
4747.9939 9.71612e-17
4749.0669 9.99256e-17
4750.1398 1.00576e-16
4751.2128 9.83482e-17
4752.2858 1.00489e-16
4753.3587 9.85683e-17
4754.4317 9.36129e-17
4755.5047 9.26380e-17
4756.5776 9.51815e-17
4757.6506 9.45906e-17
4758.7236 9.46049e-17
4759.7965 9.60555e-17
4760.8695 9.86484e-17
4761.9425 9.88850e-17
4763.0154 9.85376e-17
4764.0884 9.86800e-17
4765.1614 9.93974e-17
4766.2343 9.61512e-17
4767.3073 9.61050e-17
4768.3803 1.00368e-16
4769.4532 1.03296e-16
4770.5262 1.06850e-16
4771.5991 1.07418e-16
4772.6721 1.04144e-16
4773.7451 1.02183e-16
4774.8180 1.01074e-16
4775.8910 1.02578e-16
4776.9640 1.07354e-16
4778.0369 1.10984e-16
4779.1099 1.10973e-16
4780.1829 1.13904e-16
4781.2558 1.13839e-16
4782.3288 1.09773e-16
4783.4018 1.07075e-16
4784.4747 1.07647e-16
4785.5477 1.03744e-16
4786.6207 1.01441e-16
4787.6936 1.03397e-16
4788.7666 1.07020e-16
4789.8396 1.07486e-16
4790.9125 1.11899e-16
4791.9855 1.10887e-16
4793.0585 1.07928e-16
4794.1314 1.04335e-16
4795.2044 1.03332e-16
4796.2774 1.02883e-16
4797.3503 1.05266e-16
4798.4233 1.10741e-16
4799.4962 1.16465e-16
4800.5692 1.19874e-16
4801.6422 1.20865e-16
4802.7151 1.20225e-16
4803.7881 1.16539e-16
4804.8611 1.12261e-16
4805.9340 1.08847e-16
4807.0070 1.04628e-16
4808.0800 1.03026e-16
4809.1529 1.04245e-16
4810.2259 1.06514e-16
4811.2989 1.08720e-16
4812.3718 1.09774e-16
4813.4448 1.11397e-16
4814.5178 1.12571e-16
4815.5907 1.11277e-16
4816.6637 1.11480e-16
4817.7367 1.14456e-16
4818.8096 1.16311e-16
4819.8826 1.19805e-16
4820.9556 1.24559e-16
4822.0285 1.27889e-16
4823.1015 1.30146e-16
4824.1745 1.31781e-16
4825.2474 1.27805e-16
4826.3204 1.26804e-16
4827.3933 1.23907e-16
4828.4663 1.21856e-16
4829.5393 1.20406e-16
4830.6122 1.22029e-16
4831.6852 1.21799e-16
4832.7582 1.22429e-16
4833.8311 1.22619e-16
4834.9041 1.24535e-16
4835.9771 1.23867e-16
4837.0500 1.22143e-16
4838.1230 1.21126e-16
4839.1960 1.18904e-16
4840.2689 1.12499e-16
4841.3419 1.08568e-16
4842.4149 1.10133e-16
4843.4878 1.12004e-16
4844.5608 1.12122e-16
4845.6338 1.16301e-16
4846.7067 1.18213e-16
4847.7797 1.13375e-16
4848.8527 1.10493e-16
4849.9256 1.13221e-16
4850.9986 1.10218e-16
4852.0716 1.10641e-16
4853.1445 1.15684e-16
4854.2175 1.19504e-16
4855.2904 1.19019e-16
4856.3634 1.20212e-16
4857.4364 1.24306e-16
4858.5093 1.23031e-16
4859.5823 1.19122e-16
4860.6553 1.17778e-16
4861.7282 1.21599e-16
4862.8012 1.23481e-16
4863.8742 1.27200e-16
4864.9471 1.29063e-16
4866.0201 1.30051e-16
4867.0931 1.28481e-16
4868.1660 1.26316e-16
4869.2390 1.24945e-16
4870.3120 1.26467e-16
4871.3849 1.27633e-16
4872.4579 1.28161e-16
4873.5309 1.25420e-16
4874.6038 1.23534e-16
4875.6768 1.24339e-16
4876.7498 1.23327e-16
4877.8227 1.23093e-16
4878.8957 1.22620e-16
4879.9687 1.23456e-16
4881.0416 1.22090e-16
4882.1146 1.21221e-16
4883.1875 1.20706e-16
4884.2605 1.20381e-16
4885.3335 1.21210e-16
4886.4064 1.23060e-16
4887.4794 1.24969e-16
4888.5524 1.27668e-16
4889.6253 1.30080e-16
4890.6983 1.28632e-16
4891.7713 1.28196e-16
4892.8442 1.28040e-16
4893.9172 1.25344e-16
4894.9902 1.25003e-16
4896.0631 1.24179e-16
4897.1361 1.20040e-16
4898.2091 1.18603e-16
4899.2820 1.21366e-16
4900.3550 1.21640e-16
4901.4280 1.20776e-16
4902.5009 1.21397e-16
4903.5739 1.22032e-16
4904.6469 1.26247e-16
4905.7198 1.27633e-16
4906.7928 1.26921e-16
4907.8658 1.32897e-16
4908.9387 1.33283e-16
4910.0117 1.25963e-16
4911.0846 1.25231e-16
4912.1576 1.28916e-16
4913.2306 1.24772e-16
4914.3035 1.27482e-16
4915.3765 1.34024e-16
4916.4495 1.35726e-16
4917.5224 1.32660e-16
4918.5954 1.31672e-16
4919.6684 1.29420e-16
4920.7413 1.24170e-16
4921.8143 1.20994e-16
4922.8873 1.24912e-16
4923.9602 1.26623e-16
4925.0332 1.28768e-16
4926.1062 1.30802e-16
4927.1791 1.30699e-16
4928.2521 1.28251e-16
4929.3251 1.24504e-16
4930.3980 1.25570e-16
4931.4710 1.26789e-16
4932.5440 1.26655e-16
4933.6169 1.25931e-16
4934.6899 1.27385e-16
4935.7629 1.26797e-16
4936.8358 1.27934e-16
4937.9088 1.30691e-16
4938.9817 1.34170e-16
4940.0547 1.36454e-16
4941.1277 1.34110e-16
4942.2006 1.31463e-16
4943.2736 1.33033e-16
4944.3466 1.32606e-16
4945.4195 1.34133e-16
4946.4925 1.36237e-16
4947.5655 1.38337e-16
4948.6384 1.38926e-16
4949.7114 1.39989e-16
4950.7844 1.40756e-16
4951.8573 1.38683e-16
4952.9303 1.36024e-16
4954.0033 1.37788e-16
4955.0762 1.38098e-16
4956.1492 1.37014e-16
4957.2222 1.37805e-16
4958.2951 1.39677e-16
4959.3681 1.38006e-16
4960.4411 1.40090e-16
4961.5140 1.40090e-16
4962.5870 1.42052e-16
4963.6600 1.46130e-16
4964.7329 1.46925e-16
4965.8059 1.42603e-16
4966.8788 1.40522e-16
4967.9518 1.39237e-16
4969.0248 1.34826e-16
4970.0977 1.32088e-16
4971.1707 1.33919e-16
4972.2437 1.36112e-16
4973.3166 1.35660e-16
4974.3896 1.34664e-16
4975.4626 1.36393e-16
4976.5355 1.40714e-16
4977.6085 1.45760e-16
4978.6815 1.46194e-16
4979.7544 1.45019e-16
4980.8274 1.46513e-16
4981.9004 1.41517e-16
4982.9733 1.37772e-16
4984.0463 1.40872e-16
4985.1193 1.44821e-16
4986.1922 1.44768e-16
4987.2652 1.48411e-16
4988.3382 1.47913e-16
4989.4111 1.48538e-16
4990.4841 1.49118e-16
4991.5571 1.47749e-16
4992.6300 1.47867e-16
4993.7030 1.50133e-16
4994.7759 1.47806e-16
4995.8489 1.47204e-16
4996.9219 1.46958e-16
4997.9948 1.47703e-16
4999.0678 1.48641e-16
5000.1408 1.48380e-16
5001.2137 1.46766e-16
5002.2867 1.46212e-16
5003.3597 1.41568e-16
5004.4326 1.38913e-16
5005.5056 1.43226e-16
5006.5786 1.46470e-16
5007.6515 1.45385e-16
5008.7245 1.45826e-16
5009.7975 1.43607e-16
5010.8704 1.40265e-16
5011.9434 1.34937e-16
5013.0164 1.33859e-16
5014.0893 1.36152e-16
5015.1623 1.37797e-16
5016.2353 1.35067e-16
5017.3082 1.35795e-16
5018.3812 1.40173e-16
5019.4542 1.40724e-16
5020.5271 1.39790e-16
5021.6001 1.40452e-16
5022.6730 1.41800e-16
5023.7460 1.37455e-16
5024.8190 1.31494e-16
5025.8919 1.34281e-16
5026.9649 1.36714e-16
5028.0379 1.37785e-16
5029.1108 1.39419e-16
5030.1838 1.41701e-16
5031.2568 1.37065e-16
5032.3297 1.32871e-16
5033.4027 1.30933e-16
5034.4757 1.29526e-16
5035.5486 1.29159e-16
5036.6216 1.31607e-16
5037.6946 1.31725e-16
5038.7675 1.31106e-16
5039.8405 1.33150e-16
5040.9135 1.33408e-16
5041.9864 1.32335e-16
5043.0594 1.34351e-16
5044.1324 1.36538e-16
5045.2053 1.35233e-16
5046.2783 1.31986e-16
5047.3513 1.31629e-16
5048.4242 1.32911e-16
5049.4972 1.31894e-16
5050.5701 1.32147e-16
5051.6431 1.36776e-16
5052.7161 1.37518e-16
5053.7890 1.36080e-16
5054.8620 1.38498e-16
5055.9350 1.36470e-16
5057.0079 1.33830e-16
5058.0809 1.36853e-16
5059.1539 1.36829e-16
5060.2268 1.34467e-16
5061.2998 1.36531e-16
5062.3728 1.38021e-16
5063.4457 1.36058e-16
5064.5187 1.34310e-16
5065.5917 1.30183e-16
5066.6646 1.29828e-16
5067.7376 1.29443e-16
5068.8106 1.23241e-16
5069.8835 1.24861e-16
5070.9565 1.26687e-16
5072.0295 1.25158e-16
5073.1024 1.26790e-16
5074.1754 1.31367e-16
5075.2484 1.29409e-16
5076.3213 1.30786e-16
5077.3943 1.34676e-16
5078.4672 1.29247e-16
5079.5402 1.23795e-16
5080.6132 1.21674e-16
5081.6861 1.22606e-16
5082.7591 1.19094e-16
5083.8321 1.23041e-16
5084.9050 1.24587e-16
5085.9780 1.24531e-16
5087.0510 1.23223e-16
5088.1239 1.23623e-16
5089.1969 1.26036e-16
5090.2699 1.29598e-16
5091.3428 1.32796e-16
5092.4158 1.32633e-16
5093.4888 1.35404e-16
5094.5617 1.28607e-16
5095.6347 1.27957e-16
5096.7077 1.26427e-16
5097.7806 1.27646e-16
5098.8536 1.25621e-16
5099.9266 1.30021e-16
5100.9995 1.30792e-16
5102.0725 1.33564e-16
5103.1455 1.30797e-16
5104.2184 1.29309e-16
5105.2914 1.28387e-16
5106.3643 1.26736e-16
5107.4373 1.25085e-16
5108.5103 1.27222e-16
5109.5832 1.29170e-16
5110.6562 1.29387e-16
5111.7292 1.31123e-16
5112.8021 1.33123e-16
5113.8751 1.34756e-16
5114.9481 1.36237e-16
5116.0210 1.36078e-16
5117.0940 1.34027e-16
5118.1670 1.31117e-16
5119.2399 1.26007e-16
5120.3129 1.22040e-16
5121.3859 1.21432e-16
5122.4588 1.23007e-16
5123.5318 1.25555e-16
5124.6048 1.28612e-16
5125.6777 1.27817e-16
5126.7507 1.26172e-16
5127.8237 1.21927e-16
5128.8966 1.18267e-16
5129.9696 1.13750e-16
5131.0426 1.11045e-16
5132.1155 1.10505e-16
5133.1885 1.15261e-16
5134.2614 1.17336e-16
5135.3344 1.17757e-16
5136.4074 1.18672e-16
5137.4803 1.20055e-16
5138.5533 1.16796e-16
5139.6263 1.11619e-16
5140.6992 1.09563e-16
5141.7722 1.10956e-16
5142.8452 1.11783e-16
5143.9181 1.11825e-16
5144.9911 1.12829e-16
5146.0641 1.14806e-16
5147.1370 1.12838e-16
5148.2100 1.11073e-16
5149.2830 1.10483e-16
5150.3559 1.13921e-16
5151.4289 1.18826e-16
5152.5019 1.21628e-16
5153.5748 1.23209e-16
5154.6478 1.25211e-16
5155.7208 1.24171e-16
5156.7937 1.21250e-16
5157.8667 1.19463e-16
5158.9397 1.16964e-16
5160.0126 1.13725e-16
5161.0856 1.10996e-16
5162.1585 1.09144e-16
5163.2315 1.06825e-16
5164.3045 1.09644e-16
5165.3774 1.14976e-16
5166.4504 1.15133e-16
5167.5234 1.15751e-16
5168.5963 1.18649e-16
5169.6693 1.15569e-16
5170.7423 1.10797e-16
5171.8152 1.10048e-16
5172.8882 1.09199e-16
5173.9612 1.07026e-16
5175.0341 1.04755e-16
5176.1071 1.06241e-16
5177.1801 1.08172e-16
5178.2530 1.10659e-16
5179.3260 1.11143e-16
5180.3990 1.12733e-16
5181.4719 1.11003e-16
5182.5449 1.08467e-16
5183.6179 1.07226e-16
5184.6908 1.07288e-16
5185.7638 1.07115e-16
5186.8368 1.04968e-16
5187.9097 1.04526e-16
5188.9827 1.03567e-16
5190.0556 1.05382e-16
5191.1286 1.05194e-16
5192.2016 1.08316e-16
5193.2745 1.12453e-16
5194.3475 1.10118e-16
5195.4205 1.07751e-16
5196.4934 1.05012e-16
5197.5664 1.02903e-16
5198.6394 9.96900e-17
5199.7123 9.98204e-17
5200.7853 1.01531e-16
5201.8583 1.03026e-16
5202.9312 1.04845e-16
5204.0042 1.04150e-16
5205.0772 1.07911e-16
5206.1501 1.08113e-16
5207.2231 1.07164e-16
5208.2961 1.05509e-16
5209.3690 1.06865e-16
5210.4420 1.01606e-16
5211.5150 9.78750e-17
5212.5879 1.00638e-16
5213.6609 1.01320e-16
5214.7339 1.04113e-16
5215.8068 1.09463e-16
5216.8798 1.10947e-16
5217.9527 1.12152e-16
5219.0257 1.14222e-16
5220.0987 1.13422e-16
5221.1716 1.10803e-16
5222.2446 1.14781e-16
5223.3176 1.10997e-16
5224.3905 1.08075e-16
5225.4635 1.03468e-16
5226.5365 1.05167e-16
5227.6094 1.00659e-16
5228.6824 9.86723e-17
5229.7554 9.55822e-17
5230.8283 9.73490e-17
5231.9013 9.64718e-17
5232.9743 9.70004e-17
5234.0472 9.90886e-17
5235.1202 9.91829e-17
5236.1932 9.42557e-17
5237.2661 9.44788e-17
5238.3391 9.85074e-17
5239.4121 9.98716e-17
5240.4850 1.02832e-16
5241.5580 1.07937e-16
5242.6310 1.06299e-16
5243.7039 1.03081e-16
5244.7769 1.06114e-16
5245.8498 1.08813e-16
5246.9228 1.10337e-16
5247.9958 1.10371e-16
5249.0687 1.11003e-16
5250.1417 1.09629e-16
5251.2147 1.07638e-16
5252.2876 1.05282e-16
5253.3606 1.04557e-16
5254.4336 1.04825e-16
5255.5065 1.04510e-16
5256.5795 1.04282e-16
5257.6525 1.06072e-16
5258.7254 1.08472e-16
5259.7984 1.08162e-16
5260.8714 1.06705e-16
5261.9443 1.06726e-16
5263.0173 1.06055e-16
5264.0903 1.03198e-16
5265.1632 1.03847e-16
5266.2362 1.05720e-16
5267.3092 1.03947e-16
5268.3821 1.01157e-16
5269.4551 1.02184e-16
5270.5281 1.01165e-16
5271.6010 9.83389e-17
5272.6740 9.87883e-17
5273.7469 9.87908e-17
5274.8199 1.00365e-16
5275.8929 1.03370e-16
5276.9658 1.06624e-16
5278.0388 1.09908e-16
5279.1118 1.12880e-16
5280.1847 1.10993e-16
5281.2577 1.06113e-16
5282.3307 1.03648e-16
5283.4036 1.03565e-16
5284.4766 1.05671e-16
5285.5496 1.08292e-16
5286.6225 1.08391e-16
5287.6955 1.09002e-16
5288.7685 1.06433e-16
5289.8414 1.01260e-16
5290.9144 9.80793e-17
5291.9874 9.44880e-17
5293.0603 9.36995e-17
5294.1333 9.29636e-17
5295.2063 9.71921e-17
5296.2792 1.01813e-16
5297.3522 1.05455e-16
5298.4252 1.06782e-16
5303.6704 1.10644e-16
5308.5265 1.46987e-16
5313.3827 1.48395e-16
5318.2389 1.58459e-16
5323.0950 1.34226e-16
5327.9512 1.36753e-16
5332.8073 1.39377e-16
5337.6635 1.48792e-16
5342.5197 1.48024e-16
5347.3758 1.40488e-16
5352.2320 1.38420e-16
5357.0881 1.48006e-16
5361.9443 1.42650e-16
5366.8005 1.47902e-16
5371.6566 1.57930e-16
5376.5128 1.66673e-16
5381.3690 1.62601e-16
5386.2251 1.44405e-16
5391.0813 1.43666e-16
5395.9374 1.50707e-16
5400.7936 1.44770e-16
5405.6498 1.54997e-16
5410.5059 1.58564e-16
5415.3621 1.41915e-16
5420.2182 1.39162e-16
5425.0744 1.34545e-16
5429.9306 1.43852e-16
5434.7867 1.35162e-16
5439.6429 1.17624e-16
5444.4990 1.39553e-16
5449.3552 1.23259e-16
5454.2114 1.15319e-16
5459.0675 1.31560e-16
5463.9237 1.35547e-16
5468.7798 1.31049e-16
5473.6360 1.22504e-16
5478.4922 1.38446e-16
5483.3483 1.41445e-16
5488.2045 1.37853e-16
5493.0606 1.43686e-16
5497.9168 1.51030e-16
5502.7730 1.40882e-16
5507.6291 1.50426e-16
5512.4853 1.47064e-16
5517.3414 1.41246e-16
5522.1976 1.52134e-16
5527.0538 1.52509e-16
5531.9099 1.49077e-16
5536.7661 1.45874e-16
5541.6223 1.38742e-16
5546.4784 1.39730e-16
5551.3346 1.52277e-16
5556.1907 1.59098e-16
5561.0469 1.47444e-16
5565.9031 1.36003e-16
5570.7592 1.29887e-16
5575.6154 1.39286e-16
5580.4715 1.43936e-16
5585.3277 1.53862e-16
5590.1839 1.41890e-16
5595.0400 1.43716e-16
5599.8962 1.46221e-16
5604.7523 1.41371e-16
5609.6085 1.49809e-16
5614.4647 1.52076e-16
5619.3208 1.54807e-16
5624.1770 1.48865e-16
5629.0331 1.55368e-16
5633.8893 1.60512e-16
5638.7455 1.57902e-16
5643.6016 1.50439e-16
5648.4578 1.55678e-16
5653.3139 1.64425e-16
5658.1701 1.56457e-16
5663.0263 1.54268e-16
5667.8824 1.50869e-16
5672.7386 1.48987e-16
5677.5947 1.62719e-16
5682.4509 1.59321e-16
5687.3071 1.54325e-16
5692.1632 1.48283e-16
5697.0194 1.52201e-16
5701.8756 1.54222e-16
5706.7317 1.48418e-16
5711.5879 1.45398e-16
5716.4440 1.37363e-16
5721.3002 1.32114e-16
5726.1564 1.44399e-16
5731.0125 1.46019e-16
5735.8687 1.40183e-16
5740.7248 1.45798e-16
5745.5810 1.46686e-16
5750.4372 1.43821e-16
5755.2933 1.42526e-16
5760.1495 1.47774e-16
5765.0056 1.48052e-16
5769.8618 1.43142e-16
5774.7180 1.38009e-16
5779.5741 1.32271e-16
5784.4303 1.35519e-16
5789.2864 1.36561e-16
5794.1426 1.35132e-16
5798.9988 1.35854e-16
5803.8549 1.42910e-16
5808.7111 1.43940e-16
5813.5672 1.28723e-16
5818.4234 1.25347e-16
5823.2796 1.23880e-16
5828.1357 1.28993e-16
5832.9919 1.32184e-16
5837.8481 1.27696e-16
5842.7042 1.30152e-16
5847.5604 1.40799e-16
5852.4165 1.36707e-16
5857.2727 1.28246e-16
5862.1289 1.37384e-16
5866.9850 1.42721e-16
5871.8412 1.25945e-16
5876.6973 1.26104e-16
5881.5535 1.37970e-16
5886.4097 1.35777e-16
5891.2658 1.29341e-16
5896.1220 1.26733e-16
5900.9781 1.22859e-16
5905.8343 1.27771e-16
5910.6905 1.33597e-16
5915.5466 1.20397e-16
5920.4028 1.32643e-16
5925.2589 1.38610e-16
5930.1151 1.30455e-16
5934.9713 1.30762e-16
5939.8274 1.29313e-16
5944.6836 1.27385e-16
5949.5397 1.26811e-16
5954.3959 1.34313e-16
5959.2521 1.25988e-16
5964.1082 1.21684e-16
5968.9644 1.26653e-16
5973.8205 1.24969e-16
5978.6767 1.25020e-16
5983.5329 1.26754e-16
5988.3890 1.17399e-16
5993.2452 1.16028e-16
5998.1014 1.23757e-16
6002.9575 1.17633e-16
6007.8137 1.21419e-16
6012.6698 1.22190e-16
6017.5260 1.21155e-16
6022.3822 1.20296e-16
6027.2383 1.23835e-16
6032.0945 1.23723e-16
6036.9506 1.22084e-16
6041.8068 1.23799e-16
6046.6630 1.36549e-16
6051.5191 1.33109e-16
6056.3753 1.23951e-16
6061.2314 1.29227e-16
6066.0876 1.31611e-16
6070.9438 1.33762e-16
6075.7999 1.32272e-16
6080.6561 1.27673e-16
6085.5122 1.32148e-16
6090.3684 1.38971e-16
6095.2246 1.38056e-16
6100.0807 1.40055e-16
6104.9369 1.33219e-16
6109.7930 1.37218e-16
6114.6492 1.43440e-16
6119.5054 1.42225e-16
6124.3615 1.32267e-16
6129.2177 1.41575e-16
6134.0738 1.38422e-16
6138.9300 1.36163e-16
6143.7862 1.43402e-16
6148.6423 1.37368e-16
6153.4985 1.34259e-16
6158.3547 1.39025e-16
6163.2108 1.42256e-16
6168.0670 1.44680e-16
6172.9231 1.43817e-16
6177.7793 1.39053e-16
6182.6355 1.38568e-16
6187.4916 1.36968e-16
6192.3478 1.39957e-16
6197.2039 1.40022e-16
6202.0601 1.40819e-16
6206.9163 1.38017e-16
6211.7724 1.31272e-16
6216.6286 1.33766e-16
6221.4847 1.30901e-16
6226.3409 1.33391e-16
6231.1971 1.39554e-16
6236.0532 1.37280e-16
6240.9094 1.32368e-16
6245.7655 1.34443e-16
6250.6217 1.35504e-16
6255.4779 1.34749e-16
6260.3340 1.43594e-16
6265.1902 1.33506e-16
6270.0463 1.36133e-16
6274.9025 1.38094e-16
6279.7587 1.38578e-16
6284.6148 1.35571e-16
6289.4710 1.38082e-16
6294.3272 1.48290e-16
6299.1833 1.32963e-16
6304.0395 1.32920e-16
6308.8956 1.32435e-16
6313.7518 1.29405e-16
6318.6080 1.34703e-16
6323.4641 1.41345e-16
6328.3203 1.35641e-16
6333.1764 1.37478e-16
6338.0326 1.32128e-16
6342.8888 1.24927e-16
6347.7449 1.35137e-16
6352.6011 1.33721e-16
6357.4572 1.36149e-16
6362.3134 1.34114e-16
6367.1696 1.30797e-16
6372.0257 1.30016e-16
6376.8819 1.26787e-16
6381.7380 1.22555e-16
6386.5942 1.23965e-16
6391.4504 1.21274e-16
6396.3065 1.24170e-16
6401.1627 1.24461e-16
6406.0188 1.27396e-16
6410.8750 1.34372e-16
6415.7312 1.25759e-16
6420.5873 1.30476e-16
6425.4435 1.27556e-16
6430.2996 1.25537e-16
6435.1558 1.27478e-16
6440.0120 1.31285e-16
6444.8681 1.37699e-16
6449.7243 1.35454e-16
6454.5805 1.29688e-16
6459.4366 1.35412e-16
6464.2928 1.35200e-16
6469.1489 1.37762e-16
6474.0051 1.23837e-16
6478.8613 1.25447e-16
6483.7174 1.27636e-16
6488.5736 1.37418e-16
6493.4297 1.42448e-16
6498.2859 1.44014e-16
6503.1421 1.33786e-16
6507.9982 1.31534e-16
6512.8544 1.29771e-16
6517.7105 1.24987e-16
6522.5667 1.28901e-16
6527.4229 1.36616e-16
6532.2790 1.36392e-16
6537.1352 1.34503e-16
6541.9913 1.36418e-16
6546.8475 1.44472e-16
6551.7037 1.45683e-16
6556.5598 1.44166e-16
6561.4160 1.40225e-16
6566.2721 1.39449e-16
6571.1283 1.45290e-16
6575.9845 1.44558e-16
6580.8406 1.41795e-16
6585.6968 1.48006e-16
6590.5529 1.47228e-16
6595.4091 1.40495e-16
6600.2653 1.43977e-16
6605.1214 1.38267e-16
6609.9776 1.39419e-16
6614.8338 1.39294e-16
6619.6899 1.41517e-16
6624.5461 1.41531e-16
6629.4022 1.40441e-16
6634.2584 1.38179e-16
6639.1146 1.33220e-16
6643.9707 1.34326e-16
6648.8269 1.33345e-16
6653.6830 1.33878e-16
6658.5392 1.30410e-16
6663.3954 1.30653e-16
6668.2515 1.28522e-16
6673.1077 1.27748e-16
6677.9638 1.30766e-16
6682.8200 1.29003e-16
6687.6762 1.27967e-16
6692.5323 1.30631e-16
6697.3885 1.24845e-16
6702.2446 1.22730e-16
6707.1008 1.28338e-16
6711.9570 1.21665e-16
6716.8131 1.14037e-16
6721.6693 1.22147e-16
6726.5254 1.17167e-16
6731.3816 1.17593e-16
6736.2378 1.17260e-16
6741.0939 1.17644e-16
6745.9501 1.22847e-16
6750.8063 1.23699e-16
6755.6624 1.19122e-16
6760.5186 1.23105e-16
6765.3747 1.24128e-16
6770.2309 1.26632e-16
6775.0871 1.21626e-16
6779.9432 1.21783e-16
6784.7994 1.29437e-16
6789.6555 1.25459e-16
6794.5117 1.24016e-16
6799.3679 1.28029e-16
6804.2240 1.27543e-16
6809.0802 1.28022e-16
6813.9363 1.32265e-16
6818.7925 1.25397e-16
6823.6487 1.27231e-16
6828.5048 1.35848e-16
6833.3610 1.32422e-16
6838.2171 1.27881e-16
6843.0733 1.26674e-16
6847.9295 1.25886e-16
6852.7856 1.30541e-16
6857.6418 1.32781e-16
6862.4979 1.15656e-16
6867.3541 1.05072e-16
6872.2103 1.11079e-16
6877.0664 1.20714e-16
6881.9226 1.18011e-16
6886.7787 1.17564e-16
6891.6349 1.15981e-16
6896.4911 1.21885e-16
6901.3472 1.22789e-16
6906.2034 1.23441e-16
6911.0596 1.25550e-16
6915.9157 1.26017e-16
6920.7719 1.28752e-16
6925.6280 1.30550e-16
6930.4842 1.29000e-16
6935.3404 1.35036e-16
6940.1965 1.39199e-16
6945.0527 1.38725e-16
6949.9088 1.34175e-16
6954.7650 1.31681e-16
6959.6212 1.35908e-16
6964.4773 1.45859e-16
6969.3335 1.45333e-16
6974.1896 1.40568e-16
6979.0458 1.37651e-16
6983.9020 1.40359e-16
6988.7581 1.42299e-16
6993.6143 1.44332e-16
6998.4704 1.43791e-16
7003.3266 1.41638e-16
7008.1828 1.39939e-16
7013.0389 1.37917e-16
7017.8951 1.42463e-16
7022.7512 1.46046e-16
7027.6074 1.45418e-16
7032.4636 1.40262e-16
7037.3197 1.43848e-16
7042.1759 1.49427e-16
7047.0321 1.53723e-16
7051.8882 1.54893e-16
7056.7444 1.48299e-16
7061.6005 1.54984e-16
7066.4567 1.52733e-16
7071.3129 1.50167e-16
7076.1690 1.44197e-16
7081.0252 1.48172e-16
7085.8813 1.54762e-16
7090.7375 1.52898e-16
7095.5937 1.49771e-16
7100.4498 1.48914e-16
7105.3060 1.52069e-16
7110.1621 1.53802e-16
7115.0183 1.50892e-16
7119.8745 1.47468e-16
7124.7306 1.49130e-16
7129.5868 1.51863e-16
7134.4429 1.48135e-16
7139.2991 1.46607e-16
7144.1553 1.47418e-16
7149.0114 1.48680e-16
7153.8676 1.43299e-16
7158.7237 1.42427e-16
7163.5799 1.39213e-16
7168.4361 1.29794e-16
7173.2922 1.25229e-16
7178.1484 1.20286e-16
7183.0045 1.20172e-16
7187.8607 1.22685e-16
7192.7169 1.26102e-16
7197.5730 1.27658e-16
7202.4292 1.29364e-16
7207.2854 1.29013e-16
7212.1415 1.31554e-16
7216.9977 1.33827e-16
7221.8538 1.35153e-16
7226.7100 1.34015e-16
7231.5662 1.32639e-16
7236.4223 1.45587e-16
7241.2785 1.59702e-16
7246.1346 1.68838e-16
7250.9908 1.87602e-16
7255.8470 1.94670e-16
7260.7031 1.91637e-16
7265.5593 1.62704e-16
7270.4154 1.61308e-16
7275.2716 1.70600e-16
7280.1278 1.86582e-16
7284.9839 1.71722e-16
7289.8401 1.50054e-16
7294.6962 1.30260e-16
7299.5524 1.30324e-16
7304.4086 1.32156e-16
7309.2647 1.36703e-16
7314.1209 1.34976e-16
7318.9770 1.34390e-16
7323.8332 1.37387e-16
7328.6894 1.34215e-16
7333.5455 1.34925e-16
7338.4017 1.32592e-16
7343.2578 1.37149e-16
7348.1140 1.44280e-16
7352.9702 1.37155e-16
7357.8263 1.42083e-16
7362.6825 1.40478e-16
7367.5387 1.39687e-16
7372.3948 1.37255e-16
7377.2510 1.34260e-16
7382.1071 1.42544e-16
7386.9633 1.44112e-16
7391.8195 1.35421e-16
7396.6756 1.38752e-16
7401.5318 1.39751e-16
7406.3879 1.33975e-16
7411.2441 1.28733e-16
7416.1003 1.34230e-16
7420.9564 1.50913e-16
7425.8126 1.68512e-16
7430.6687 1.73137e-16
7435.5249 1.63797e-16
7440.3811 1.55581e-16
7445.2372 1.53740e-16
7450.0934 1.44352e-16
7454.9495 1.35013e-16
7459.8057 1.27237e-16
7464.6619 1.28823e-16
7469.5180 1.26066e-16
7474.3742 1.23764e-16
7479.2303 1.26666e-16
7484.0865 1.25600e-16
7488.9427 1.21904e-16
7493.7988 1.25684e-16
7498.6550 1.23724e-16
7503.5112 1.19569e-16
7508.3673 1.18501e-16
7513.2235 1.18565e-16
7518.0796 1.20216e-16
7522.9358 1.21092e-16
7527.7920 1.20695e-16
7532.6481 1.20537e-16
7537.5043 1.23090e-16
7542.3604 1.23023e-16
7547.2166 1.26111e-16
7552.0728 1.21824e-16
7556.9289 1.22280e-16
7561.7851 1.25912e-16
7566.6412 1.20941e-16
7571.4974 1.24963e-16
7576.3536 1.23512e-16
7581.2097 1.12687e-16
7586.0659 9.59761e-17
7590.9220 7.76525e-17
7595.7782 5.25748e-17
7600.6344 3.95482e-17
7605.4905 4.41223e-17
7610.3467 5.96254e-17
7615.2028 7.24701e-17
7620.0590 7.06927e-17
7624.9152 6.63192e-17
7629.7713 6.52815e-17
7634.6275 7.71685e-17
7639.4836 8.52733e-17
7644.3398 9.05522e-17
7649.1960 9.81195e-17
7654.0521 1.00109e-16
7658.9083 1.08237e-16
7663.7645 1.14012e-16
7668.6206 1.24227e-16
7673.4768 1.25229e-16
7678.3329 1.25318e-16
7683.1891 1.32465e-16
7688.0453 1.33341e-16
7692.9014 1.33531e-16
7697.7576 1.34376e-16
7702.6137 1.38273e-16
7707.4699 1.44453e-16
7712.3261 1.48116e-16
7717.1822 1.45815e-16
7722.0384 1.45998e-16
7726.8945 1.36343e-16
7731.7507 1.30478e-16
7736.6069 1.34542e-16
7741.4630 1.45741e-16
7746.3192 1.39853e-16
7751.1753 1.31855e-16
7756.0315 1.34795e-16
7760.8877 1.36922e-16
7765.7438 1.40053e-16
7770.6000 1.34927e-16
7775.4561 1.35987e-16
7780.3123 1.37186e-16
7785.1685 1.30551e-16
7790.0246 1.28387e-16
7794.8808 1.30161e-16
7799.7369 1.31481e-16
7804.5931 1.21506e-16
7809.4493 1.26771e-16
7814.3054 1.38106e-16
7819.1616 1.31161e-16
7824.0178 1.30060e-16
7828.8739 1.26697e-16
7833.7301 1.17416e-16
7838.5862 1.14018e-16
7843.4424 1.18639e-16
7848.2986 1.16221e-16
7853.1547 1.11439e-16
7858.0109 1.19403e-16
7862.8670 1.12963e-16
7867.7232 1.11520e-16
7872.5794 1.15298e-16
7877.4355 1.17578e-16
7882.2917 1.12761e-16
7887.1478 1.12233e-16
7892.0040 1.07217e-16
7896.8602 1.08104e-16
7901.7163 1.08375e-16
7906.5725 1.09643e-16
7911.4286 1.13026e-16
7916.2848 1.15451e-16
7921.1410 1.11126e-16
7925.9971 1.08486e-16
7930.8533 1.15429e-16
7935.7094 1.16069e-16
7940.5656 1.15796e-16
7945.4218 1.09149e-16
7950.2779 1.17205e-16
7955.1341 1.15341e-16
7959.9903 1.14732e-16
7964.8464 1.05916e-16
7969.7026 1.14876e-16
7974.5587 1.17501e-16
7979.4149 1.22038e-16
7984.2711 1.10193e-16
7989.1272 1.13467e-16
7993.9834 1.24467e-16
7998.8395 1.20734e-16
8003.6957 1.18230e-16
8008.5519 1.21576e-16
8013.4080 1.26302e-16
8018.2642 1.27425e-16
8023.1203 1.34655e-16
8027.9765 1.24750e-16
8032.8327 1.22098e-16
8037.6888 1.22894e-16
8042.5450 1.26127e-16
8047.4011 1.32848e-16
8052.2573 1.31312e-16
8057.1135 1.37184e-16
8061.9696 1.27619e-16
8066.8258 1.37347e-16
8071.6819 1.31541e-16
8076.5381 1.24939e-16
8081.3943 1.33084e-16
8086.2504 1.35533e-16
8091.1066 1.33552e-16
8095.9627 1.33010e-16
8100.8189 1.38389e-16
8105.6751 1.34203e-16
8110.5312 1.28080e-16
8115.3874 1.24684e-16
8120.2436 1.31283e-16
8125.0997 1.24660e-16
8129.9559 1.20713e-16
8134.8120 1.20588e-16
8139.6682 1.25475e-16
8144.5244 1.27874e-16
8149.3805 1.13437e-16
8154.2367 1.18026e-16
8159.0928 1.20988e-16
8163.9490 1.16906e-16
8168.8052 1.20486e-16
8173.6613 1.16071e-16
8178.5175 1.11429e-16
8183.3736 1.23409e-16
8188.2298 1.20035e-16
8193.0860 1.16840e-16
8197.9421 1.26148e-16
8202.7983 1.18378e-16
8207.6544 1.19651e-16
8212.5106 1.18662e-16
8217.3668 1.19747e-16
8222.2229 1.13676e-16
8227.0791 1.12760e-16
8231.9352 1.10763e-16
8236.7914 1.14534e-16
8241.6476 1.17686e-16
8246.5037 1.24773e-16
8251.3599 1.24025e-16
8256.2160 1.22353e-16
8261.0722 1.23291e-16
8265.9284 1.27494e-16
8270.7845 1.26979e-16
8275.6407 1.21233e-16
8280.4969 1.19428e-16
8285.3530 1.24183e-16
8290.2092 1.17530e-16
8295.0653 1.23413e-16
8299.9215 1.15418e-16
8304.7777 1.24410e-16
8309.6338 1.30788e-16
8314.4900 1.27561e-16
8319.3461 1.19702e-16
8324.2023 1.26594e-16
8329.0585 1.29815e-16
8333.9146 1.39493e-16
8338.7708 1.32811e-16
8343.6269 1.11174e-16
8348.4831 1.22371e-16
8353.3393 1.24947e-16
8358.1954 1.31335e-16
8363.0516 1.32066e-16
8367.9077 1.41782e-16
8372.7639 1.31487e-16
8377.6201 1.32368e-16
8382.4762 1.40560e-16
8387.3324 1.40578e-16
8392.1885 1.49908e-16
8397.0447 1.38421e-16
8401.9009 1.45083e-16
8406.7570 1.42360e-16
8411.6132 1.33897e-16
8416.4694 1.27398e-16
8421.3255 1.27934e-16
8426.1817 1.42029e-16
8431.0378 1.48218e-16
8435.8940 1.38261e-16
8440.7502 1.34434e-16
8445.6063 1.40978e-16
8450.4625 1.43924e-16
8455.3186 1.31975e-16
8460.1748 1.47296e-16
8465.0310 1.48784e-16
8469.8871 1.35556e-16
8474.7433 1.41241e-16
8479.5994 1.36374e-16
8484.4556 1.31487e-16
8489.3118 1.28711e-16
8494.1679 1.30486e-16
8499.0241 1.45763e-16
8503.8802 1.41406e-16
8508.7364 1.35771e-16
8513.5926 1.32244e-16
8518.4487 1.32881e-16
8523.3049 1.27709e-16
8528.1610 1.30460e-16
8533.0172 1.37764e-16
8537.8734 1.33807e-16
8542.7295 1.27572e-16
8547.5857 1.36077e-16
8552.4418 1.42005e-16
8557.2980 1.34388e-16
8562.1542 1.35802e-16
8567.0103 1.37742e-16
8571.8665 1.34712e-16
8576.7227 1.32122e-16
8581.5788 1.36433e-16
8586.4350 1.46059e-16
8591.2911 1.28362e-16
8596.1473 1.20374e-16
8601.0035 1.29498e-16
8605.8596 1.30301e-16
8610.7158 1.13012e-16
8615.5719 1.19909e-16
8620.4281 1.28657e-16
8625.2843 1.33153e-16
8630.1404 1.48280e-16
8634.9966 1.45709e-16
8639.8527 1.27057e-16
8644.7089 1.28736e-16
8649.5651 1.34598e-16
8654.4212 1.26694e-16
8659.2774 1.36069e-16
8664.1335 1.39635e-16
8668.9897 1.25313e-16
8673.8459 1.23848e-16
8678.7020 1.35325e-16
8683.5582 1.34767e-16
8688.4143 1.31808e-16
8693.2705 1.29435e-16
8698.1267 1.34356e-16
8702.9828 1.35802e-16
8707.8390 1.27074e-16
8712.6951 1.25460e-16
8717.5513 1.34792e-16
8722.4075 1.38088e-16
8727.2636 1.21413e-16
8732.1198 1.23266e-16
8736.9760 1.27583e-16
8741.8321 1.30915e-16
8746.6883 1.34131e-16
8751.5444 1.31786e-16
8756.4006 1.33293e-16
8761.2568 1.33543e-16
8766.1129 1.26637e-16
8770.9691 1.34046e-16
8775.8252 1.41203e-16
8780.6814 1.30453e-16
8785.5376 1.45167e-16
8790.3937 1.36697e-16
8795.2499 1.28118e-16
8800.1060 1.27279e-16
8804.9622 1.30487e-16
8809.8184 1.27050e-16
8814.6745 1.35832e-16
8819.5307 1.26139e-16
8824.3868 1.25369e-16
8829.2430 1.62800e-16
8834.0992 1.60826e-16
8838.9553 1.30633e-16
8843.8115 1.36730e-16
8848.6676 1.47016e-16
8853.5238 1.44361e-16
8858.3800 1.23183e-16
8863.2361 1.43963e-16
8868.0923 1.46479e-16
8872.9485 1.52059e-16
8877.8046 1.38378e-16
8882.6608 1.34861e-16
8887.5169 1.62154e-16
8892.3731 1.51289e-16
8897.2293 1.33461e-16
8902.0854 1.29042e-16
8906.9416 1.34801e-16
8911.7977 1.41432e-16
8916.6539 1.34772e-16
8921.5101 1.29079e-16
8926.3662 1.28722e-16
8931.2224 1.21439e-16
8936.0785 1.41120e-16
8940.9347 1.43217e-16
8945.7909 1.40186e-16
8950.6470 1.35853e-16
8955.5032 1.11212e-16
8960.3593 1.16823e-16
8965.2155 1.21109e-16
8970.0717 1.14585e-16
8974.9278 1.14038e-16
8979.7840 1.15467e-16
8984.6401 1.11937e-16
8989.4963 1.06893e-16
8994.3525 1.12955e-16
8999.2086 1.15604e-16
9004.0648 1.15653e-16
9008.9209 1.16265e-16
9013.7771 1.19721e-16
9018.6333 1.19716e-16
9023.4894 1.17244e-16
9028.3456 1.30073e-16
9033.2018 1.22401e-16
9038.0579 1.30372e-16
9042.9141 1.34573e-16
9047.7702 1.27987e-16
9052.6264 1.12902e-16
9057.4826 1.07841e-16
9062.3387 1.10377e-16
9067.1949 9.55540e-17
9072.0510 9.82518e-17
9076.9072 1.07507e-16
9081.7634 1.03107e-16
9086.6195 9.59567e-17
9091.4757 9.74691e-17
9096.3318 1.09503e-16
9101.1880 1.05749e-16
9106.0442 1.06860e-16
9110.9003 1.11314e-16
9115.7565 1.14404e-16
9120.6126 1.08540e-16
9125.4688 1.07085e-16
9130.3250 1.09036e-16
9135.1811 1.00454e-16
9140.0373 9.52837e-17
9144.8934 9.73873e-17
9149.7496 9.31487e-17
9154.6058 1.02212e-16
9159.4619 1.03206e-16
9164.3181 1.12373e-16
9169.1743 1.07609e-16
9174.0304 1.03038e-16
9178.8866 1.03675e-16
9183.7427 1.10449e-16
9188.5989 1.02360e-16
9193.4551 1.06942e-16
9198.3112 1.02001e-16
9203.1674 9.31000e-17
9208.0235 1.11413e-16
9212.8797 1.22496e-16
9217.7359 1.13067e-16
9222.5920 1.15869e-16
9227.4482 1.10639e-16
9232.3043 1.07730e-16
9237.1605 9.51657e-17
9242.0167 1.02499e-16
9246.8728 1.05126e-16
9251.7290 1.00327e-16
9256.5851 1.04566e-16
9261.4413 1.24299e-16
9266.2975 1.19744e-16
9271.1536 1.08929e-16
9276.0098 9.57757e-17
9280.8659 9.87228e-17
9285.7221 9.34326e-17
9290.5783 8.70030e-17
9295.4344 6.90946e-17
9300.2906 2.64634e-17
9305.1467 7.98749e-17
9310.0029 8.98060e-17
9314.8591 6.72484e-17
9319.7152 6.16264e-17
9324.5714 7.80971e-17
9329.4276 6.11501e-17
9334.2837 6.75684e-17
9339.1399 7.10813e-17
9343.9960 6.59174e-17
9348.8522 6.84704e-17
9353.7084 8.19703e-17
9358.5645 7.35609e-17
9363.4207 9.39669e-17
9368.2768 9.49435e-17
9373.1330 1.04239e-16
9377.9892 1.69733e-16
9382.8453 1.11463e-16
9387.7015 8.78169e-17
9392.5576 9.08504e-17
9397.4138 7.93094e-17
9402.2700 9.87730e-17
9407.1261 1.07221e-16
9411.9823 9.65221e-17
9416.8384 9.40128e-17
9421.6946 1.24219e-16
9426.5508 1.56648e-16
9431.4069 1.40219e-16
9436.2631 9.76625e-17
9441.1192 7.91885e-17
9445.9754 1.08091e-16
9450.8316 1.45401e-16
9455.6877 1.27835e-16
9460.5439 7.88547e-17
9465.4000 8.32153e-17
9470.2562 8.68649e-17
9475.1124 1.09561e-16
9479.9685 1.18789e-16
9484.8247 7.97814e-17
9489.6809 8.01683e-17
9494.5370 7.57849e-17
9499.3932 6.08032e-17
9504.2493 8.75028e-17
9509.1055 8.33777e-17
9513.9617 8.27304e-17
9518.8178 9.68466e-17
9523.6740 8.77914e-17
9528.5301 9.81197e-17
9533.3863 1.07265e-16
9538.2425 1.32566e-16
9543.0986 1.21826e-16
9547.9548 1.11310e-16
9552.8109 1.34776e-16
9557.6671 1.29711e-16
9562.5233 1.21988e-16
9567.3794 1.24417e-16
9572.2356 1.13087e-16
9577.0917 8.38880e-17
9581.9479 8.17224e-17
9586.8041 8.49711e-17
9591.6602 7.72669e-17
9596.5164 8.31475e-17
9601.3725 1.11003e-16
9606.2287 1.30525e-16
9611.0849 1.04230e-16
9615.9410 9.74772e-17
9620.7972 1.02997e-16
9625.6534 9.39742e-17
9630.5095 9.77565e-17
9635.3657 9.84968e-17
9640.2218 1.12272e-16
9645.0780 1.09015e-16
9649.9342 1.04412e-16
9654.7903 1.09856e-16
9659.6465 1.16840e-16
9664.5026 1.06936e-16
9669.3588 1.06824e-16
9674.2150 1.12941e-16
9679.0711 1.02361e-16
9683.9273 9.40036e-17
9688.7834 9.26306e-17
9693.6396 1.17439e-16
9698.4958 1.33195e-16
9703.3519 1.29842e-16
9708.2081 1.34736e-16
9713.0642 1.40800e-16
9717.9204 1.56168e-16
9722.7766 1.37576e-16
9727.6327 1.03265e-16
9732.4889 9.01408e-17
9737.3450 1.10975e-16
