3250.1342 2.53330e-17
3251.2072 2.34584e-17
3252.2802 2.19236e-17
3253.3531 2.57067e-17
3254.4261 3.53234e-17
3255.4991 2.79210e-17
3256.5720 1.99207e-17
3257.6450 1.90367e-17
3258.7180 2.83215e-17
3259.7909 2.78254e-17
3260.8639 3.58526e-17
3261.9369 4.24725e-17
3263.0098 4.34253e-17
3264.0828 3.11213e-17
3265.1558 1.64269e-17
3266.2287 1.40192e-17
3267.3017 3.13776e-17
3268.3746 4.42220e-17
3269.4476 5.15937e-17
3270.5206 5.90807e-17
3271.5935 5.16579e-17
3272.6665 4.11066e-17
3273.7395 4.26079e-17
3274.8124 4.13087e-17
3275.8854 4.21396e-17
3276.9584 4.97290e-17
3278.0313 5.23059e-17
3279.1043 3.64613e-17
3280.1773 3.24007e-17
3281.2502 2.85052e-17
3282.3232 2.34853e-17
3283.3962 2.09910e-17
3284.4691 2.52747e-17
3285.5421 2.03916e-17
3286.6151 1.68767e-17
3287.6880 2.76575e-17
3288.7610 3.88620e-17
3289.8340 4.84658e-17
3290.9069 5.61849e-17
3291.9799 6.37084e-17
3293.0529 4.89571e-17
3294.1258 3.43667e-17
3295.1988 3.36552e-17
3296.2717 3.98955e-17
3297.3447 3.77629e-17
3298.4177 4.36291e-17
3299.4906 5.18216e-17
3300.5636 5.36564e-17
3301.6366 5.89709e-17
3302.7095 6.52102e-17
3303.7825 7.17862e-17
3304.8555 6.79103e-17
3305.9284 6.52348e-17
3307.0014 5.33584e-17
3308.0744 4.62768e-17
3309.1473 3.17113e-17
3310.2203 2.97533e-17
3311.2933 3.79984e-17
3312.3662 4.39009e-17
3313.4392 5.51642e-17
3314.5122 6.67901e-17
3315.5851 6.23202e-17
3316.6581 5.42769e-17
3317.7311 5.64139e-17
3318.8040 4.36021e-17
3319.8770 3.38258e-17
3320.9500 3.92594e-17
3322.0229 3.96948e-17
3323.0959 4.05747e-17
3324.1688 4.76779e-17
3325.2418 5.36051e-17
3326.3148 4.99610e-17
3327.3877 4.09312e-17
3328.4607 2.98496e-17
3329.5337 2.28207e-17
3330.6066 2.00085e-17
3331.6796 1.92655e-17
3332.7526 2.45730e-17
3333.8255 2.94559e-17
3334.8985 3.44267e-17
3335.9715 3.44268e-17
3337.0444 2.61337e-17
3338.1174 2.34825e-17
3339.1904 2.67009e-17
3340.2633 1.93457e-17
3341.3363 2.10678e-17
3342.4093 3.10961e-17
3343.4822 3.53834e-17
3344.5552 3.22523e-17
3345.6282 3.71985e-17
3346.7011 3.96112e-17
3347.7741 4.08795e-17
3348.8471 3.90107e-17
3349.9200 3.62639e-17
3350.9930 3.40200e-17
3352.0659 3.10563e-17
3353.1389 3.14878e-17
3354.2119 3.14585e-17
3355.2848 2.84031e-17
3356.3578 2.97798e-17
3357.4308 3.34845e-17
3358.5037 3.36819e-17
3359.5767 2.74122e-17
3360.6497 3.03669e-17
3361.7226 2.80148e-17
3362.7956 2.30133e-17
3363.8686 2.57953e-17
3364.9415 3.92195e-17
3366.0145 3.95080e-17
3367.0875 5.07443e-17
3368.1604 5.85878e-17
3369.2334 5.82642e-17
3370.3064 5.32275e-17
3371.3793 5.15490e-17
3372.4523 3.84571e-17
3373.5253 3.54455e-17
3374.5982 3.42995e-17
3375.6712 3.52561e-17
3376.7442 4.12170e-17
3377.8171 4.94190e-17
3378.8901 5.93738e-17
3379.9630 7.19265e-17
3381.0360 6.71072e-17
3382.1090 6.80970e-17
3383.1819 6.53914e-17
3384.2549 5.27208e-17
3385.3279 4.22640e-17
3386.4008 4.68380e-17
3387.4738 3.97503e-17
3388.5468 3.65282e-17
3389.6197 3.25121e-17
3390.6927 2.91525e-17
3391.7657 2.55107e-17
3392.8386 2.75216e-17
3393.9116 2.63661e-17
3394.9846 2.56905e-17
3396.0575 2.83202e-17
3397.1305 3.09732e-17
3398.2035 3.31418e-17
3399.2764 4.11179e-17
3400.3494 4.38099e-17
3401.4224 4.14661e-17
3402.4953 4.50963e-17
3403.5683 4.85376e-17
3404.6413 4.83970e-17
3405.7142 5.08600e-17
3406.7872 5.15133e-17
3407.8601 4.55438e-17
3408.9331 4.00345e-17
3410.0061 3.80142e-17
3411.0790 3.69569e-17
3412.1520 3.84159e-17
3413.2250 4.33799e-17
3414.2979 4.22814e-17
3415.3709 4.46797e-17
3416.4439 5.25865e-17
3417.5168 5.75884e-17
3418.5898 5.91389e-17
3419.6628 7.16188e-17
3420.7357 7.84081e-17
3421.8087 7.20593e-17
3422.8817 6.87622e-17
3423.9546 6.50755e-17
3425.0276 5.54284e-17
3426.1006 4.74628e-17
3427.1735 4.83806e-17
3428.2465 4.41710e-17
3429.3195 4.37831e-17
3430.3924 3.84873e-17
3431.4654 3.57099e-17
3432.5384 3.80406e-17
3433.6113 4.17301e-17
3434.6843 4.38630e-17
3435.7572 5.00375e-17
3436.8302 5.39945e-17
3437.9032 4.93366e-17
3438.9761 4.48985e-17
3440.0491 3.94272e-17
3441.1221 4.29999e-17
3442.1950 4.71920e-17
3443.2680 5.35380e-17
3444.3410 6.01393e-17
3445.4139 6.29658e-17
3446.4869 6.37403e-17
3447.5599 5.88950e-17
3448.6328 5.43171e-17
3449.7058 5.56945e-17
3450.7788 5.68516e-17
3451.8517 5.00364e-17
3452.9247 4.58443e-17
3453.9977 3.79259e-17
3455.0706 3.05464e-17
3456.1436 2.58990e-17
3457.2166 2.98322e-17
3458.2895 2.79540e-17
3459.3625 3.60881e-17
3460.4355 3.93311e-17
3461.5084 4.96235e-17
3462.5814 5.57666e-17
3463.6543 5.93540e-17
3464.7273 5.99379e-17
3465.8003 5.87218e-17
3466.8732 5.47533e-17
3467.9462 4.78786e-17
3469.0192 4.72504e-17
3470.0921 4.38037e-17
3471.1651 4.48391e-17
3472.2381 4.63099e-17
3473.3110 4.97561e-17
3474.3840 5.83862e-17
3475.4570 6.59262e-17
3476.5299 7.27013e-17
3477.6029 7.39605e-17
3478.6759 7.36762e-17
3479.7488 7.63073e-17
3480.8218 7.70723e-17
3481.8948 6.56983e-17
3482.9677 6.14906e-17
3484.0407 5.75578e-17
3485.1137 4.44282e-17
3486.1866 4.33858e-17
3487.2596 5.20040e-17
3488.3326 5.51572e-17
3489.4055 6.04690e-17
3490.4785 6.76786e-17
3491.5514 6.33595e-17
3492.6244 5.68252e-17
3493.6974 5.69431e-17
3494.7703 5.83010e-17
3495.8433 5.83587e-17
3496.9163 5.88400e-17
3497.9892 6.21271e-17
3499.0622 6.58076e-17
3500.1352 6.68303e-17
3501.2081 6.61466e-17
3502.2811 6.66152e-17
3503.3541 7.01789e-17
3504.4270 7.03204e-17
3505.5000 6.63393e-17
3506.5730 7.14191e-17
3507.6459 7.99247e-17
3508.7189 7.87273e-17
3509.7919 7.68432e-17
3510.8648 7.80551e-17
3511.9378 7.54320e-17
3513.0108 7.14739e-17
3514.0837 7.41823e-17
3515.1567 7.34859e-17
3516.2297 7.14420e-17
3517.3026 7.17649e-17
3518.3756 7.22606e-17
3519.4485 6.80503e-17
3520.5215 6.54391e-17
3521.5945 6.42112e-17
3522.6674 5.93558e-17
3523.7404 5.19355e-17
3524.8134 4.88849e-17
3525.8863 5.04512e-17
3526.9593 5.50407e-17
3528.0323 6.00872e-17
3529.1052 6.43999e-17
3530.1782 6.57477e-17
3531.2512 6.17185e-17
3532.3241 5.87816e-17
3533.3971 5.68357e-17
3534.4701 5.63896e-17
3535.5430 5.88880e-17
3536.6160 5.95102e-17
3537.6890 5.36331e-17
3538.7619 4.98693e-17
3539.8349 5.16237e-17
3540.9079 5.23154e-17
3541.9808 5.83428e-17
3543.0538 6.33532e-17
3544.1268 6.79257e-17
3545.1997 6.65067e-17
3546.2727 6.45262e-17
3547.3456 6.01848e-17
3548.4186 5.56819e-17
3549.4916 5.10534e-17
3550.5645 4.88178e-17
3551.6375 4.04488e-17
3552.7105 4.37900e-17
3553.7834 4.93504e-17
3554.8564 5.06614e-17
3555.9294 5.37796e-17
3557.0023 6.44668e-17
3558.0753 6.56515e-17
3559.1483 6.03978e-17
3560.2212 5.79995e-17
3561.2942 5.87254e-17
3562.3672 5.32384e-17
3563.4401 5.20537e-17
3564.5131 6.19835e-17
3565.5861 6.69578e-17
3566.6590 6.29867e-17
3567.7320 6.63759e-17
3568.8050 6.93717e-17
3569.8779 6.81939e-17
3570.9509 6.23104e-17
3572.0239 6.48252e-17
3573.0968 6.78509e-17
3574.1698 6.63412e-17
3575.2427 6.63878e-17
3576.3157 7.21169e-17
3577.3887 6.78002e-17
3578.4616 6.17376e-17
3579.5346 6.16000e-17
3580.6076 5.77191e-17
3581.6805 5.78394e-17
3582.7535 6.36463e-17
3583.8265 6.72283e-17
3584.8994 6.19568e-17
3585.9724 5.94601e-17
3587.0454 6.28094e-17
3588.1183 6.43742e-17
3589.1913 6.24429e-17
3590.2643 6.54886e-17
3591.3372 6.66893e-17
3592.4102 6.42475e-17
3593.4832 6.07603e-17
3594.5561 6.22642e-17
3595.6291 5.94776e-17
3596.7021 5.97192e-17
3597.7750 5.64719e-17
3598.8480 5.59556e-17
3599.9210 5.13476e-17
3600.9939 5.30511e-17
3602.0669 4.90571e-17
3603.1398 4.73173e-17
3604.2128 4.68884e-17
3605.2858 5.08141e-17
3606.3587 4.83771e-17
3607.4317 5.19188e-17
3608.5047 5.50780e-17
3609.5776 5.40299e-17
3610.6506 5.05202e-17
3611.7236 5.30587e-17
3612.7965 5.22205e-17
3613.8695 4.93649e-17
3614.9425 4.79996e-17
3616.0154 5.14089e-17
3617.0884 5.30610e-17
3618.1614 4.92085e-17
3619.2343 4.78877e-17
3620.3073 4.89832e-17
3621.3803 4.63582e-17
3622.4532 4.40086e-17
3623.5262 4.57180e-17
3624.5992 4.31219e-17
3625.6721 4.30461e-17
3626.7451 4.29064e-17
3627.8181 3.75084e-17
3628.8910 3.78226e-17
3629.9640 4.17443e-17
3631.0369 4.19407e-17
3632.1099 4.12118e-17
3633.1829 5.05130e-17
3634.2558 5.32231e-17
3635.3288 5.27450e-17
3636.4018 5.46070e-17
3637.4747 5.58909e-17
3638.5477 5.03633e-17
3639.6207 4.40331e-17
3640.6936 4.43416e-17
3641.7666 4.01417e-17
3642.8396 3.78289e-17
3643.9125 4.00032e-17
3644.9855 4.76760e-17
3646.0585 5.41396e-17
3647.1314 6.02655e-17
3648.2044 6.24181e-17
3649.2774 5.87440e-17
3650.3503 5.59262e-17
3651.4233 4.55617e-17
3652.4963 3.85804e-17
3653.5692 4.02856e-17
3654.6422 4.59354e-17
3655.7152 4.74029e-17
3656.7881 5.79878e-17
3657.8611 6.62104e-17
3658.9340 6.66153e-17
3660.0070 7.04354e-17
3661.0800 7.45788e-17
3662.1529 6.63270e-17
3663.2259 6.14970e-17
3664.2989 5.80596e-17
3665.3718 5.53892e-17
3666.4448 4.96589e-17
3667.5178 4.89849e-17
3668.5907 4.61863e-17
3669.6637 4.72029e-17
3670.7367 4.65287e-17
3671.8096 4.67261e-17
3672.8826 4.50247e-17
3673.9556 4.83997e-17
3675.0285 5.35962e-17
3676.1015 4.96671e-17
3677.1745 5.06475e-17
3678.2474 5.24643e-17
3679.3204 4.85556e-17
3680.3934 4.91019e-17
3681.4663 5.25400e-17
3682.5393 5.26081e-17
3683.6123 5.55349e-17
3684.6852 5.92828e-17
3685.7582 5.48538e-17
3686.8311 5.02956e-17
3687.9041 4.89930e-17
3688.9771 4.92387e-17
3690.0500 5.01126e-17
3691.1230 5.25532e-17
3692.1960 5.39854e-17
3693.2689 5.37002e-17
3694.3419 5.16233e-17
3695.4149 4.80032e-17
3696.4878 4.39812e-17
3697.5608 4.46690e-17
3698.6338 4.16282e-17
3699.7067 3.63270e-17
3700.7797 3.82510e-17
3701.8527 4.19487e-17
3702.9256 4.18473e-17
3703.9986 4.43203e-17
3705.0716 4.85936e-17
3706.1445 4.86046e-17
3707.2175 4.78996e-17
3708.2905 4.69683e-17
3709.3634 4.83160e-17
3710.4364 4.91499e-17
3711.5094 4.67189e-17
3712.5823 4.53566e-17
3713.6553 4.86792e-17
3714.7282 4.85526e-17
3715.8012 4.92265e-17
3716.8742 5.38626e-17
3717.9471 5.33297e-17
3719.0201 4.95302e-17
3720.0931 5.04880e-17
3721.1660 5.15534e-17
3722.2390 5.42608e-17
3723.3120 5.83765e-17
3724.3849 6.24552e-17
3725.4579 6.60530e-17
3726.5309 7.23074e-17
3727.6038 7.19299e-17
3728.6768 6.93347e-17
3729.7498 6.69851e-17
3730.8227 6.61418e-17
3731.8957 6.24844e-17
3732.9687 6.08518e-17
3734.0416 6.18090e-17
3735.1146 6.25482e-17
3736.1876 6.36541e-17
3737.2605 6.77414e-17
3738.3335 7.03409e-17
3739.4065 7.07955e-17
3740.4794 7.22664e-17
3741.5524 7.38145e-17
3742.6253 7.25755e-17
3743.6983 7.34773e-17
3744.7713 7.53235e-17
3745.8442 7.86030e-17
3746.9172 8.11638e-17
3747.9902 8.00769e-17
3749.0631 7.78890e-17
3750.1361 7.91490e-17
3751.2091 7.99114e-17
3752.2820 8.18104e-17
3753.3550 8.51059e-17
3754.4280 8.48467e-17
3755.5009 8.16532e-17
3756.5739 8.09172e-17
3757.6469 7.72385e-17
3758.7198 7.44610e-17
3759.7928 7.64047e-17
3760.8658 7.73701e-17
3761.9387 7.40593e-17
3763.0117 7.48943e-17
3764.0847 7.66427e-17
3765.1576 7.92025e-17
3766.2306 8.49095e-17
3767.3036 8.92002e-17
3768.3765 8.98161e-17
3769.4495 8.92890e-17
3770.5224 8.66241e-17
3771.5954 8.33748e-17
3772.6684 8.17686e-17
3773.7413 7.65023e-17
3774.8143 7.28475e-17
3775.8873 7.23614e-17
3776.9602 7.38572e-17
3778.0332 7.43203e-17
3779.1062 7.75130e-17
3780.1791 8.26272e-17
3781.2521 8.54751e-17
3782.3251 8.24451e-17
3783.3980 7.70254e-17
3784.4710 7.49774e-17
3785.5440 7.20493e-17
3786.6169 6.64261e-17
3787.6899 6.63921e-17
3788.7629 7.16020e-17
3789.8358 7.07392e-17
3790.9088 6.95635e-17
3791.9818 6.91576e-17
3793.0547 6.84939e-17
3794.1277 6.66690e-17
3795.2007 6.68508e-17
3796.2736 6.75946e-17
3797.3466 6.76294e-17
3798.4195 6.63402e-17
3799.4925 6.70420e-17
3800.5655 6.51186e-17
3801.6384 6.25201e-17
3802.7114 6.42792e-17
3803.7844 6.75938e-17
3804.8573 6.50774e-17
3805.9303 6.63062e-17
3807.0033 6.93347e-17
3808.0762 6.88613e-17
3809.1492 6.57332e-17
3810.2222 6.51487e-17
3811.2951 6.43270e-17
3812.3681 6.11657e-17
3813.4411 6.03474e-17
3814.5140 6.13314e-17
3815.5870 6.29057e-17
3816.6600 6.54010e-17
3817.7329 6.72728e-17
3818.8059 7.14125e-17
3819.8789 7.39678e-17
3820.9518 7.44851e-17
3822.0248 7.54104e-17
3823.0978 7.84960e-17
3824.1707 7.60019e-17
3825.2437 7.35442e-17
3826.3166 7.53244e-17
3827.3896 7.38058e-17
3828.4626 7.45778e-17
3829.5355 7.79008e-17
3830.6085 7.97119e-17
3831.6815 8.01272e-17
3832.7544 7.94439e-17
3833.8274 7.67940e-17
3834.9004 7.66128e-17
3835.9733 7.54484e-17
3837.0463 7.29133e-17
3838.1193 7.63237e-17
3839.1922 7.78907e-17
3840.2652 7.41824e-17
3841.3382 7.51318e-17
3842.4111 7.86644e-17
3843.4841 7.86946e-17
3844.5571 7.70230e-17
3845.6300 7.54891e-17
3846.7030 7.63517e-17
3847.7760 7.47042e-17
3848.8489 7.41536e-17
3849.9219 7.63394e-17
3850.9949 8.17019e-17
3852.0678 8.25626e-17
3853.1408 8.53510e-17
3854.2137 8.67868e-17
3855.2867 8.83368e-17
3856.3597 8.58267e-17
3857.4326 8.55311e-17
3858.5056 8.68369e-17
3859.5786 8.49008e-17
3860.6515 8.20101e-17
3861.7245 8.40565e-17
3862.7975 8.63017e-17
3863.8704 8.37448e-17
3864.9434 8.58295e-17
3866.0164 8.84116e-17
3867.0893 8.77918e-17
3868.1623 8.47125e-17
3869.2353 8.68076e-17
3870.3082 9.19522e-17
3871.3812 9.33734e-17
3872.4542 9.39420e-17
3873.5271 1.00291e-16
3874.6001 1.02431e-16
3875.6731 9.62800e-17
3876.7460 9.90558e-17
3877.8190 1.03279e-16
3878.8920 9.98453e-17
3879.9649 9.82990e-17
3881.0379 1.02175e-16
3882.1108 1.00004e-16
3883.1838 9.93004e-17
3884.2568 9.99154e-17
3885.3297 1.01126e-16
3886.4027 1.00120e-16
3887.4757 1.01587e-16
3888.5486 1.04244e-16
3889.6216 1.07510e-16
3890.6946 1.06187e-16
3891.7675 1.07936e-16
3892.8405 1.05577e-16
3893.9135 1.02033e-16
3894.9864 9.82359e-17
3896.0594 9.71381e-17
3897.1324 9.77912e-17
3898.2053 9.87418e-17
3899.2783 9.53588e-17
3900.3513 9.32916e-17
3901.4242 9.26672e-17
3902.4972 8.76799e-17
3903.5702 8.70105e-17
3904.6431 9.22514e-17
3905.7161 9.38424e-17
3906.7891 9.32056e-17
3907.8620 9.59879e-17
3908.9350 9.61856e-17
3910.0079 9.60052e-17
3911.0809 9.80318e-17
3912.1539 9.78778e-17
3913.2268 9.60940e-17
3914.2998 9.42783e-17
3915.3728 9.28889e-17
3916.4457 9.06696e-17
3917.5187 9.03974e-17
3918.5917 9.08489e-17
3919.6646 9.12645e-17
3920.7376 8.87935e-17
3921.8106 9.00728e-17
3922.8835 9.06903e-17
3923.9565 8.92323e-17
3925.0295 8.75983e-17
3926.1024 8.80988e-17
3927.1754 8.65782e-17
3928.2484 8.59162e-17
3929.3213 8.72905e-17
3930.3943 9.22343e-17
3931.4673 9.61881e-17
3932.5402 9.55032e-17
3933.6132 9.26103e-17
3934.6862 9.04169e-17
3935.7591 8.79274e-17
3936.8321 8.23979e-17
3937.9050 8.83813e-17
3938.9780 9.60001e-17
3940.0510 9.72148e-17
3941.1239 9.67803e-17
3942.1969 9.53000e-17
3943.2699 8.42349e-17
3944.3428 7.81887e-17
3945.4158 7.98357e-17
3946.4888 7.75007e-17
3947.5617 7.81124e-17
3948.6347 8.12568e-17
3949.7077 8.00336e-17
3950.7806 7.65747e-17
3951.8536 7.65662e-17
3952.9266 7.76437e-17
3953.9995 8.09784e-17
3955.0725 8.46913e-17
3956.1455 8.80425e-17
3957.2184 8.88013e-17
3958.2914 9.00868e-17
3959.3644 8.69519e-17
3960.4373 8.77247e-17
3961.5103 8.74779e-17
3962.5833 8.65411e-17
3963.6562 8.50900e-17
3964.7292 8.61124e-17
3965.8021 8.10654e-17
3966.8751 7.71185e-17
3967.9481 7.85225e-17
3969.0210 7.88811e-17
3970.0940 7.77125e-17
3971.1670 7.99445e-17
3972.2399 8.00004e-17
3973.3129 7.73248e-17
3974.3859 7.61006e-17
3975.4588 7.71220e-17
3976.5318 7.71945e-17
3977.6048 7.86857e-17
3978.6777 8.15425e-17
3979.7507 8.45237e-17
3980.8237 8.38376e-17
3981.8966 8.49872e-17
3982.9696 8.55139e-17
3984.0426 8.51293e-17
3985.1155 8.49437e-17
3986.1885 8.48012e-17
3987.2615 8.66674e-17
3988.3344 8.79682e-17
3989.4074 8.74466e-17
3990.4804 8.81492e-17
3991.5533 8.80120e-17
3992.6263 8.38264e-17
3993.6992 8.09528e-17
3994.7722 8.21246e-17
3995.8452 8.21123e-17
3996.9181 8.49403e-17
3997.9911 8.64852e-17
3999.0641 8.76413e-17
4000.1370 8.83303e-17
4001.2100 8.72150e-17
4002.2830 8.77277e-17
4003.3559 9.14671e-17
4004.4289 9.44875e-17
4005.5019 9.37351e-17
4006.5748 9.41980e-17
4007.6478 9.28004e-17
4008.7208 8.90568e-17
4009.7937 8.86775e-17
4010.8667 8.99954e-17
4011.9397 8.78159e-17
4013.0126 8.61098e-17
4014.0856 8.72918e-17
4015.1586 8.75860e-17
4016.2315 8.75552e-17
4017.3045 9.03618e-17
4018.3775 9.44881e-17
4019.4504 9.71462e-17
4020.5234 1.00944e-16
4021.5963 1.04745e-16
4022.6693 1.06792e-16
4023.7423 1.05836e-16
4024.8152 1.05696e-16
4025.8882 1.00505e-16
4026.9612 9.39808e-17
4028.0341 9.09422e-17
4029.1071 8.74231e-17
4030.1801 8.41742e-17
4031.2530 8.54592e-17
4032.3260 9.07527e-17
4033.3990 9.00086e-17
4034.4719 9.28915e-17
4035.5449 9.69978e-17
4036.6179 9.72608e-17
4037.6908 9.59656e-17
4038.7638 9.73783e-17
4039.8368 9.81972e-17
4040.9097 9.32734e-17
4041.9827 9.07161e-17
4043.0557 8.85323e-17
4044.1286 8.81067e-17
4045.2016 8.85668e-17
4046.2746 8.96389e-17
4047.3475 8.94474e-17
4048.4205 9.45812e-17
4049.4934 9.80258e-17
4050.5664 1.00636e-16
4051.6394 1.03004e-16
4052.7123 1.05619e-16
4053.7853 1.02084e-16
4054.8583 1.01952e-16
4055.9312 9.82781e-17
4057.0042 9.76746e-17
4058.0772 1.01244e-16
4059.1501 1.03094e-16
4060.2231 1.03236e-16
4061.2961 1.04394e-16
4062.3690 1.06291e-16
4063.4420 1.01620e-16
4064.5150 1.00000e-16
4065.5879 9.91422e-17
4066.6609 9.84349e-17
4067.7339 9.56442e-17
4068.8068 9.38232e-17
4069.8798 9.58349e-17
4070.9528 9.81474e-17
4072.0257 9.63500e-17
4073.0987 9.35916e-17
4074.1717 9.70759e-17
4075.2446 9.20591e-17
4076.3176 8.58162e-17
4077.3905 8.72551e-17
4078.4635 9.25419e-17
4079.5365 8.88441e-17
4080.6094 8.58832e-17
4081.6824 8.71035e-17
4082.7554 8.96374e-17
4083.8283 8.80623e-17
4084.9013 8.87015e-17
4085.9743 9.52235e-17
4087.0472 9.64407e-17
4088.1202 9.69456e-17
4089.1932 9.95835e-17
4090.2661 1.03006e-16
4091.3391 1.02959e-16
4092.4121 1.03754e-16
4093.4850 1.02839e-16
4094.5580 9.92806e-17
4095.6310 9.67689e-17
4096.7039 9.55493e-17
4097.7769 9.42011e-17
4098.8499 9.09440e-17
4099.9228 9.20225e-17
4100.9958 9.53165e-17
4102.0688 9.62044e-17
4103.1417 9.49735e-17
4104.2147 9.74835e-17
4105.2876 9.81546e-17
4106.3606 9.41214e-17
4107.4336 9.03331e-17
4108.5065 8.80834e-17
4109.5795 8.54328e-17
4110.6525 8.43229e-17
4111.7254 8.54590e-17
4112.7984 8.53186e-17
4113.8714 8.73265e-17
4114.9443 8.75701e-17
4116.0173 8.62307e-17
4117.0903 8.54453e-17
4118.1632 8.80750e-17
4119.2362 9.03830e-17
4120.3092 9.27325e-17
4121.3821 9.29362e-17
4122.4551 9.34539e-17
4123.5281 9.02988e-17
4124.6010 8.63648e-17
4125.6740 8.24712e-17
4126.7470 8.12174e-17
4127.8199 8.24402e-17
4128.8929 8.26459e-17
4129.9659 8.34220e-17
4131.0388 8.48767e-17
4132.1118 8.35755e-17
4133.1847 8.26122e-17
4134.2577 8.56234e-17
4135.3307 8.47512e-17
4136.4036 8.36224e-17
4137.4766 8.64261e-17
4138.5496 8.59451e-17
4139.6225 8.37628e-17
4140.6955 8.41079e-17
4141.7685 8.42805e-17
4142.8414 8.25126e-17
4143.9144 7.98401e-17
4144.9874 7.67192e-17
4146.0603 7.44539e-17
4147.1333 7.60727e-17
4148.2063 7.89684e-17
4149.2792 7.96372e-17
4150.3522 8.24660e-17
4151.4252 8.39995e-17
4152.4981 8.07838e-17
4153.5711 7.73289e-17
4154.6441 7.75524e-17
4155.7170 7.67503e-17
4156.7900 7.58992e-17
4157.8630 7.41905e-17
4158.9359 7.30212e-17
4160.0089 7.23949e-17
4161.0818 6.92981e-17
4162.1548 6.78925e-17
4163.2278 6.98646e-17
4164.3007 7.15207e-17
4165.3737 7.04434e-17
4166.4467 7.20239e-17
4167.5196 7.30946e-17
4168.5926 7.27701e-17
4169.6656 7.14535e-17
4170.7385 6.99345e-17
4171.8115 6.83783e-17
4172.8845 6.69148e-17
4173.9574 6.32666e-17
4175.0304 6.14416e-17
4176.1034 5.86850e-17
4177.1763 5.73195e-17
4178.2493 5.71626e-17
4179.3223 5.85915e-17
4180.3952 5.80456e-17
4181.4682 6.09707e-17
4182.5412 6.18599e-17
4183.6141 5.97400e-17
4184.6871 6.07170e-17
4185.7601 6.35227e-17
4186.8330 6.77058e-17
4187.9060 7.55270e-17
4188.9789 8.53163e-17
4190.0519 9.07949e-17
4191.1249 9.40908e-17
4192.1978 9.20555e-17
4193.2708 8.49471e-17
4194.3438 7.79496e-17
4195.4167 7.16428e-17
4196.4897 6.68135e-17
4197.5627 6.23761e-17
4198.6356 6.13843e-17
4199.7086 6.18315e-17
4200.7816 6.18074e-17
4201.8545 6.04995e-17
4202.9275 6.28430e-17
4204.0005 6.30217e-17
4205.0734 6.17632e-17
4206.1464 5.98122e-17
4207.2194 6.06717e-17
4208.2923 6.05522e-17
4209.3653 6.18508e-17
4210.4383 6.36788e-17
4211.5112 6.55177e-17
4212.5842 6.65659e-17
4213.6572 6.74112e-17
4214.7301 6.62740e-17
4215.8031 6.94441e-17
4216.8760 7.25583e-17
4217.9490 7.49066e-17
4219.0220 7.80039e-17
4220.0949 8.22643e-17
4221.1679 8.16373e-17
4222.2409 8.29991e-17
4223.3138 8.23948e-17
4224.3868 8.01387e-17
4225.4598 7.63955e-17
4226.5327 7.24815e-17
4227.6057 6.60258e-17
4228.6787 6.12425e-17
4229.7516 6.04038e-17
4230.8246 6.11793e-17
4231.8976 6.02468e-17
4232.9705 5.94751e-17
4234.0435 6.14150e-17
4235.1165 6.29737e-17
4236.1894 6.24779e-17
4237.2624 6.35800e-17
4238.3354 6.64924e-17
4239.4083 6.61723e-17
4240.4813 6.39078e-17
4241.5543 6.52180e-17
4242.6272 6.61271e-17
4243.7002 6.57364e-17
4244.7731 6.80084e-17
4245.8461 6.90766e-17
4246.9191 6.38993e-17
4247.9920 6.30822e-17
4249.0650 6.86987e-17
4250.1380 6.80926e-17
4251.2109 6.77904e-17
4252.2839 7.15879e-17
4253.3569 7.15889e-17
4254.4298 6.74381e-17
4255.5028 6.68636e-17
4256.5758 6.68918e-17
4257.6487 6.93869e-17
4258.7217 7.27148e-17
4259.7947 7.51203e-17
4260.8676 7.66933e-17
4261.9406 7.55741e-17
4263.0136 7.52214e-17
4264.0865 6.93562e-17
4265.1595 6.23825e-17
4266.2325 5.95061e-17
4267.3054 6.09432e-17
4268.3784 6.23452e-17
4269.4513 6.69501e-17
4270.5243 7.28092e-17
4271.5973 7.55073e-17
4272.6702 7.19918e-17
4273.7432 6.74516e-17
4274.8162 6.63301e-17
4275.8891 6.63420e-17
4276.9621 6.65904e-17
4278.0351 7.03524e-17
4279.1080 7.37239e-17
4280.1810 7.45583e-17
4281.2540 7.22005e-17
4282.3269 7.17728e-17
4283.3999 7.40031e-17
4284.4729 7.26412e-17
4285.5458 7.04438e-17
4286.6188 6.91622e-17
4287.6918 6.87916e-17
4288.7647 6.80796e-17
4289.8377 6.97664e-17
4290.9107 7.29522e-17
4291.9836 7.44934e-17
4293.0566 7.34820e-17
4294.1296 7.16117e-17
4295.2025 6.81916e-17
4296.2755 6.82106e-17
4297.3484 7.04123e-17
4298.4214 7.14207e-17
4299.4944 7.34497e-17
4300.5673 7.46987e-17
4301.6403 7.27563e-17
4302.7133 7.13658e-17
4303.7862 7.04603e-17
4304.8592 6.74068e-17
4305.9322 6.52390e-17
4307.0051 6.52798e-17
4308.0781 6.84476e-17
4309.1511 6.99615e-17
4310.2240 7.26068e-17
4311.2970 7.72687e-17
4312.3700 7.76677e-17
4313.4429 7.27666e-17
4314.5159 7.01168e-17
4315.5889 6.88170e-17
4316.6618 6.72341e-17
4317.7348 6.72811e-17
4318.8078 6.90139e-17
4319.8807 7.26711e-17
4320.9537 7.54265e-17
4322.0267 7.69122e-17
4323.0996 8.09965e-17
4324.1726 8.31620e-17
4325.2455 8.09698e-17
4326.3185 7.90728e-17
4327.3915 8.06785e-17
4328.4644 8.08214e-17
4329.5374 8.28687e-17
4330.6104 8.70522e-17
4331.6833 8.95943e-17
4332.7563 9.03091e-17
4333.8293 9.04837e-17
4334.9022 9.00197e-17
4335.9752 8.77208e-17
4337.0482 8.64480e-17
4338.1211 8.71555e-17
4339.1941 8.82896e-17
4340.2671 8.82842e-17
4341.3400 8.93461e-17
4342.4130 9.28671e-17
4343.4860 9.46270e-17
4344.5589 9.52448e-17
4345.6319 9.68753e-17
4346.7049 9.91187e-17
4347.7778 9.73440e-17
4348.8508 9.21484e-17
4349.9238 9.04858e-17
4350.9967 9.06314e-17
4352.0697 9.14928e-17
4353.1426 9.64781e-17
4354.2156 1.06538e-16
4355.2886 1.06810e-16
4356.3615 9.90961e-17
4357.4345 9.13719e-17
4358.5075 8.39539e-17
4359.5804 7.87217e-17
4360.6534 7.97281e-17
4361.7264 8.55245e-17
4362.7993 9.03328e-17
4363.8723 9.52596e-17
4364.9453 9.86434e-17
4366.0182 9.88636e-17
4367.0912 9.94713e-17
4368.1642 1.02857e-16
4369.2371 1.00510e-16
4370.3101 9.38554e-17
4371.3831 9.24586e-17
4372.4560 9.15370e-17
4373.5290 8.86469e-17
4374.6020 8.66143e-17
4375.6749 9.16002e-17
4376.7479 9.38459e-17
4377.8209 9.49170e-17
4378.8938 9.37742e-17
4379.9668 9.88921e-17
4381.0397 9.77188e-17
4382.1127 9.72961e-17
4383.1857 1.00419e-16
4384.2586 1.04771e-16
4385.3316 1.06969e-16
4386.4046 1.08637e-16
4387.4775 1.10304e-16
4388.5505 1.09450e-16
4389.6235 1.08441e-16
4390.6964 1.05741e-16
4391.7694 1.05198e-16
4392.8424 1.04179e-16
4393.9153 1.04783e-16
4394.9883 1.05814e-16
4396.0613 1.08406e-16
4397.1342 1.07285e-16
4398.2072 1.08394e-16
4399.2802 1.10830e-16
4400.3531 1.14909e-16
4401.4261 1.13684e-16
4402.4991 1.15884e-16
4403.5720 1.15934e-16
4404.6450 1.15757e-16
4405.7180 1.14303e-16
4406.7909 1.14298e-16
4407.8639 1.12695e-16
4408.9368 1.12140e-16
4410.0098 1.14043e-16
4411.0828 1.16807e-16
4412.1557 1.17382e-16
4413.2287 1.19371e-16
4414.3017 1.18557e-16
4415.3746 1.13890e-16
4416.4476 1.11360e-16
4417.5206 1.12783e-16
4418.5935 1.12688e-16
4419.6665 1.13091e-16
4420.7395 1.16422e-16
4421.8124 1.19589e-16
4422.8854 1.18339e-16
4423.9584 1.16423e-16
4425.0313 1.19324e-16
4426.1043 1.18829e-16
4427.1773 1.15581e-16
4428.2502 1.17346e-16
4429.3232 1.20600e-16
4430.3962 1.19520e-16
4431.4691 1.20671e-16
4432.5421 1.20756e-16
4433.6151 1.21394e-16
4434.6880 1.20902e-16
4435.7610 1.23660e-16
4436.8339 1.25672e-16
4437.9069 1.27654e-16
4438.9799 1.25280e-16
4440.0528 1.25845e-16
4441.1258 1.23607e-16
4442.1988 1.19343e-16
4443.2717 1.16871e-16
4444.3447 1.18708e-16
4445.4177 1.19321e-16
4446.4906 1.18574e-16
4447.5636 1.15711e-16
4448.6366 1.12779e-16
4449.7095 1.08314e-16
4450.7825 1.05136e-16
4451.8555 1.04718e-16
4452.9284 1.08885e-16
4454.0014 1.10159e-16
4455.0744 1.08245e-16
4456.1473 1.06250e-16
4457.2203 1.06169e-16
4458.2933 1.08641e-16
4459.3662 1.09186e-16
4460.4392 1.14570e-16
4461.5122 1.17804e-16
4462.5851 1.13761e-16
4463.6581 1.08396e-16
4464.7310 1.05826e-16
4465.8040 1.03057e-16
4466.8770 1.01785e-16
4467.9499 1.08897e-16
4469.0229 1.11860e-16
4470.0959 1.10205e-16
4471.1688 1.08049e-16
4472.2418 1.08200e-16
4473.3148 1.04453e-16
4474.3877 1.03443e-16
4475.4607 1.06311e-16
4476.5337 1.09693e-16
4477.6066 1.10237e-16
4478.6796 1.08415e-16
4479.7526 1.07639e-16
4480.8255 1.06691e-16
4481.8985 1.05104e-16
4482.9715 1.07190e-16
4484.0444 1.10988e-16
4485.1174 1.11018e-16
4486.1904 1.13721e-16
4487.2633 1.12562e-16
4488.3363 1.07340e-16
4489.4093 1.06581e-16
4490.4822 1.06861e-16
4491.5552 1.05323e-16
4492.6281 1.07547e-16
4493.7011 1.09560e-16
4494.7741 1.09123e-16
4495.8470 1.09182e-16
4496.9200 1.09837e-16
4497.9930 1.11403e-16
4499.0659 1.11798e-16
4500.1389 1.11098e-16
4501.2119 1.10461e-16
4502.2848 1.09662e-16
4503.3578 1.09384e-16
4504.4308 1.10560e-16
4505.5037 1.11687e-16
4506.5767 1.12889e-16
4507.6497 1.16550e-16
4508.7226 1.17896e-16
4509.7956 1.17871e-16
4510.8686 1.19400e-16
4511.9415 1.19196e-16
4513.0145 1.16829e-16
4514.0875 1.15276e-16
4515.1604 1.14979e-16
4516.2334 1.11702e-16
4517.3064 1.08319e-16
4518.3793 1.11119e-16
4519.4523 1.13965e-16
4520.5252 1.15750e-16
4521.5982 1.19081e-16
4522.6712 1.23120e-16
4523.7441 1.20424e-16
4524.8171 1.19384e-16
4525.8901 1.18657e-16
4526.9630 1.16338e-16
4528.0360 1.15453e-16
4529.1090 1.18697e-16
4530.1819 1.16504e-16
4531.2549 1.16270e-16
4532.3279 1.17492e-16
4533.4008 1.20687e-16
4534.4738 1.21190e-16
4535.5468 1.20362e-16
4536.6197 1.18867e-16
4537.6927 1.18281e-16
4538.7657 1.17296e-16
4539.8386 1.13789e-16
4540.9116 1.16091e-16
4541.9846 1.17257e-16
4543.0575 1.16693e-16
4544.1305 1.15595e-16
4545.2035 1.15565e-16
4546.2764 1.14115e-16
4547.3494 1.20880e-16
4548.4223 1.24979e-16
4549.4953 1.25027e-16
4550.5683 1.29465e-16
4551.6412 1.32561e-16
4552.7142 1.26980e-16
4553.7872 1.24600e-16
4554.8601 1.26461e-16
4555.9331 1.26298e-16
4557.0061 1.27195e-16
4558.0790 1.26016e-16
4559.1520 1.25439e-16
4560.2250 1.23566e-16
4561.2979 1.19913e-16
4562.3709 1.19628e-16
4563.4439 1.21259e-16
4564.5168 1.23753e-16
4565.5898 1.23887e-16
4566.6628 1.25095e-16
4567.7357 1.24092e-16
4568.8087 1.24114e-16
4569.8817 1.22396e-16
4570.9546 1.22628e-16
4572.0276 1.25349e-16
4573.1006 1.24510e-16
4574.1735 1.20136e-16
4575.2465 1.19141e-16
4576.3194 1.19356e-16
4577.3924 1.16324e-16
4578.4654 1.16201e-16
4579.5383 1.17455e-16
4580.6113 1.16368e-16
4581.6843 1.15473e-16
4582.7572 1.13671e-16
4583.8302 1.14359e-16
4584.9032 1.20224e-16
4585.9761 1.23154e-16
4587.0491 1.23629e-16
4588.1221 1.25643e-16
4589.1950 1.23724e-16
4590.2680 1.20139e-16
4591.3410 1.19872e-16
4592.4139 1.19932e-16
4593.4869 1.19032e-16
4594.5599 1.20923e-16
4595.6328 1.21489e-16
4596.7058 1.22561e-16
4597.7788 1.22063e-16
4598.8517 1.23997e-16
4599.9247 1.23997e-16
4600.9977 1.22906e-16
4602.0706 1.19862e-16
4603.1436 1.23149e-16
4604.2165 1.21990e-16
4605.2895 1.24264e-16
4606.3625 1.23971e-16
4607.4354 1.24631e-16
4608.5084 1.21712e-16
4609.5814 1.21278e-16
4610.6543 1.16153e-16
4611.7273 1.13929e-16
4612.8003 1.13092e-16
4613.8732 1.12920e-16
4614.9462 1.11465e-16
4616.0192 1.13508e-16
4617.0921 1.13121e-16
4618.1651 1.13592e-16
4619.2381 1.15089e-16
4620.3110 1.16845e-16
4621.3840 1.14759e-16
4622.4570 1.16086e-16
4623.5299 1.15293e-16
4624.6029 1.14218e-16
4625.6759 1.13151e-16
4626.7488 1.13267e-16
4627.8218 1.14916e-16
4628.8948 1.15487e-16
4629.9677 1.12169e-16
4631.0407 1.11139e-16
4632.1136 1.12623e-16
4633.1866 1.10301e-16
4634.2596 1.08644e-16
4635.3325 1.10274e-16
4636.4055 1.12861e-16
4637.4785 1.13154e-16
4638.5514 1.16145e-16
4639.6244 1.19153e-16
4640.6974 1.18758e-16
4641.7703 1.16250e-16
4642.8433 1.15937e-16
4643.9163 1.14821e-16
4644.9892 1.13277e-16
4646.0622 1.16445e-16
4647.1352 1.18862e-16
4648.2081 1.19918e-16
4649.2811 1.20527e-16
4650.3541 1.17663e-16
4651.4270 1.13838e-16
4652.5000 1.11825e-16
4653.5730 1.07422e-16
4654.6459 1.05347e-16
4655.7189 1.08095e-16
4656.7919 1.09529e-16
4657.8648 1.09372e-16
4658.9378 1.09769e-16
4660.0107 1.09894e-16
4661.0837 1.10965e-16
4662.1567 1.13602e-16
4663.2296 1.14766e-16
4664.3026 1.14186e-16
4665.3756 1.10849e-16
4666.4485 1.10619e-16
4667.5215 1.09653e-16
4668.5945 1.08291e-16
4669.6674 1.12327e-16
4670.7404 1.16666e-16
4671.8134 1.17699e-16
4672.8863 1.15691e-16
4673.9593 1.13186e-16
4675.0323 1.11481e-16
4676.1052 1.09583e-16
4677.1782 1.05692e-16
4678.2512 1.05285e-16
4679.3241 1.08300e-16
4680.3971 1.09317e-16
4681.4701 1.13497e-16
4682.5430 1.17999e-16
4683.6160 1.19065e-16
4684.6890 1.22060e-16
4685.7619 1.22436e-16
4686.8349 1.19918e-16
4687.9078 1.17935e-16
4688.9808 1.18285e-16
4690.0538 1.13319e-16
4691.1267 1.12134e-16
4692.1997 1.13259e-16
4693.2727 1.11151e-16
4694.3456 1.12065e-16
4695.4186 1.15859e-16
4696.4916 1.12637e-16
4697.5645 1.09566e-16
4698.6375 1.10577e-16
4699.7105 1.08825e-16
4700.7834 1.03125e-16
4701.8564 1.06445e-16
4702.9294 1.08352e-16
4704.0023 1.06891e-16
4705.0753 1.09199e-16
4706.1483 1.12724e-16
4707.2212 1.08796e-16
4708.2942 1.07480e-16
4709.3672 1.06941e-16
4710.4401 1.00913e-16
4711.5131 9.97446e-17
4712.5861 1.00865e-16
4713.6590 1.01371e-16
4714.7320 1.03617e-16
4715.8049 1.08325e-16
4716.8779 1.10282e-16
4717.9509 1.11188e-16
4719.0238 1.10137e-16
4720.0968 1.09996e-16
4721.1698 1.03687e-16
4722.2427 9.94413e-17
4723.3157 1.01223e-16
4724.3887 9.92712e-17
4725.4616 9.48288e-17
4726.5346 9.82754e-17
4727.6076 1.00697e-16
4728.6805 9.85339e-17
4729.7535 9.99986e-17
4730.8265 1.04600e-16
4731.8994 1.07369e-16
4732.9724 1.07059e-16
4734.0454 1.05953e-16
4735.1183 1.04414e-16
4736.1913 1.02187e-16
4737.2643 1.02042e-16
4738.3372 1.03753e-16
4739.4102 1.02177e-16
4740.4832 9.93642e-17
4741.5561 9.72493e-17
4742.6291 9.46752e-17
4743.7020 9.42169e-17
4744.7750 9.74514e-17
4745.8480 1.00608e-16
4746.9209 1.01527e-16
4747.9939 1.01710e-16
4749.0669 9.69090e-17
4750.1398 9.46889e-17
4751.2128 9.33260e-17
4752.2858 9.54299e-17
4753.3587 9.36593e-17
4754.4317 9.57443e-17
4755.5047 9.64794e-17
4756.5776 9.67160e-17
4757.6506 9.41200e-17
4758.7236 9.24187e-17
4759.7965 9.11002e-17
4760.8695 8.98124e-17
4761.9425 8.73673e-17
4763.0154 8.64034e-17
4764.0884 8.69275e-17
4765.1614 9.09776e-17
4766.2343 9.24527e-17
4767.3073 9.42512e-17
4768.3803 9.56940e-17
4769.4532 9.70255e-17
4770.5262 9.07125e-17
4771.5991 8.97069e-17
4772.6721 9.28747e-17
4773.7451 9.35919e-17
4774.8180 9.31759e-17
4775.8910 9.51391e-17
4776.9640 9.79384e-17
4778.0369 9.80724e-17
4779.1099 9.80925e-17
4780.1829 9.87726e-17
4781.2558 1.00845e-16
4782.3288 9.74797e-17
4783.4018 9.46160e-17
4784.4747 9.27570e-17
4785.5477 9.36416e-17
4786.6207 9.54645e-17
4787.6936 9.44748e-17
4788.7666 9.38951e-17
4789.8396 9.32095e-17
4790.9125 9.16158e-17
4791.9855 8.79368e-17
4793.0585 8.91963e-17
4794.1314 9.06197e-17
4795.2044 9.26354e-17
4796.2774 9.32923e-17
4797.3503 9.30344e-17
4798.4233 9.19589e-17
4799.4962 8.94878e-17
4800.5692 8.56858e-17
4801.6422 8.32344e-17
4802.7151 8.08956e-17
4803.7881 8.33321e-17
4804.8611 8.64512e-17
4805.9340 8.79447e-17
4807.0070 9.02234e-17
4808.0800 9.12825e-17
4809.1529 8.95621e-17
4810.2259 8.82946e-17
4811.2989 8.79292e-17
4812.3718 8.79446e-17
4813.4448 9.09517e-17
4814.5178 9.11524e-17
4815.5907 9.18481e-17
4816.6637 9.52508e-17
4817.7367 9.29013e-17
4818.8096 9.03241e-17
4819.8826 8.81800e-17
4820.9556 8.42712e-17
4822.0285 8.22305e-17
4823.1015 7.99942e-17
4824.1745 7.73626e-17
4825.2474 7.90062e-17
4826.3204 8.04024e-17
4827.3933 7.94592e-17
4828.4663 7.93402e-17
4829.5393 8.67963e-17
4830.6122 9.06235e-17
4831.6852 9.24461e-17
4832.7582 9.33245e-17
4833.8311 9.71528e-17
4834.9041 9.39214e-17
4835.9771 8.89645e-17
4837.0500 8.74046e-17
4838.1230 8.82213e-17
4839.1960 8.88689e-17
4840.2689 8.79798e-17
4841.3419 8.84230e-17
4842.4149 8.96107e-17
4843.4878 9.20648e-17
4844.5608 9.13917e-17
4845.6338 9.01338e-17
4846.7067 8.82273e-17
4847.7797 8.84880e-17
4848.8527 8.82439e-17
4849.9256 9.15850e-17
4850.9986 9.57437e-17
4852.0716 9.96228e-17
4853.1445 9.95550e-17
4854.2175 9.79160e-17
4855.2904 9.54796e-17
4856.3634 9.57141e-17
4857.4364 9.79055e-17
4858.5093 1.00027e-16
4859.5823 9.80541e-17
4860.6553 9.60705e-17
4861.7282 9.44862e-17
4862.8012 9.37668e-17
4863.8742 9.06972e-17
4864.9471 9.33329e-17
4866.0201 9.68609e-17
4867.0931 1.00822e-16
4868.1660 1.00685e-16
4869.2390 1.00716e-16
4870.3120 1.01551e-16
4871.3849 1.00686e-16
4872.4579 9.74472e-17
4873.5309 9.62168e-17
4874.6038 9.58444e-17
4875.6768 9.41958e-17
4876.7498 9.19526e-17
4877.8227 9.24037e-17
4878.8957 9.37059e-17
4879.9687 9.32150e-17
4881.0416 9.61834e-17
4882.1146 1.03298e-16
4883.1875 1.01804e-16
4884.2605 9.95132e-17
4885.3335 1.02962e-16
4886.4064 1.01822e-16
4887.4794 9.82722e-17
4888.5524 9.86306e-17
4889.6253 1.00298e-16
4890.6983 1.03561e-16
4891.7713 1.04298e-16
4892.8442 1.04248e-16
4893.9172 1.06142e-16
4894.9902 1.04188e-16
4896.0631 1.03606e-16
4897.1361 1.04358e-16
4898.2091 1.03024e-16
4899.2820 1.00655e-16
4900.3550 1.05431e-16
4901.4280 1.05301e-16
4902.5009 1.05383e-16
4903.5739 1.08096e-16
4904.6469 1.11182e-16
4905.7198 1.11933e-16
4906.7928 1.12327e-16
4907.8658 1.12154e-16
4908.9387 1.13083e-16
4910.0117 1.16486e-16
4911.0846 1.14702e-16
4912.1576 1.11232e-16
4913.2306 1.10162e-16
4914.3035 1.10020e-16
4915.3765 1.05641e-16
4916.4495 1.01928e-16
4917.5224 1.02036e-16
4918.5954 1.01087e-16
4919.6684 1.00125e-16
4920.7413 9.91558e-17
4921.8143 1.04501e-16
4922.8873 1.06933e-16
4923.9602 1.06802e-16
4925.0332 1.05125e-16
4926.1062 1.06678e-16
4927.1791 1.04719e-16
4928.2521 1.05640e-16
4929.3251 1.05956e-16
4930.3980 1.05763e-16
4931.4710 1.03600e-16
4932.5440 1.02654e-16
4933.6169 1.02105e-16
4934.6899 1.02055e-16
4935.7629 1.02383e-16
4936.8358 1.03779e-16
4937.9088 1.04763e-16
4938.9817 1.03106e-16
4940.0547 1.01076e-16
4941.1277 9.84904e-17
4942.2006 9.72428e-17
4943.2736 9.96191e-17
4944.3466 1.03724e-16
4945.4195 1.07663e-16
4946.4925 1.09254e-16
4947.5655 1.10259e-16
4948.6384 1.06704e-16
4949.7114 1.02500e-16
4950.7844 1.00730e-16
4951.8573 9.92569e-17
4952.9303 9.95319e-17
4954.0033 9.88367e-17
4955.0762 9.62825e-17
4956.1492 9.71420e-17
4957.2222 9.81851e-17
4958.2951 9.37888e-17
4959.3681 9.35090e-17
4960.4411 9.53134e-17
4961.5140 9.04288e-17
4962.5870 8.93338e-17
4963.6600 9.40965e-17
4964.7329 9.77278e-17
4965.8059 9.89159e-17
4966.8788 1.00738e-16
4967.9518 9.98864e-17
4969.0248 9.72111e-17
4970.0977 9.51625e-17
4971.1707 9.50137e-17
4972.2437 9.70607e-17
4973.3166 9.77920e-17
4974.3896 9.88006e-17
4975.4626 1.00828e-16
4976.5355 9.97351e-17
4977.6085 1.00201e-16
4978.6815 1.05165e-16
4979.7544 1.02404e-16
4980.8274 9.55191e-17
4981.9004 9.39033e-17
4982.9733 9.36075e-17
4984.0463 9.11728e-17
4985.1193 9.43594e-17
4986.1922 9.79416e-17
4987.2652 1.00338e-16
4988.3382 1.04068e-16
4989.4111 1.03689e-16
4990.4841 1.02223e-16
4991.5571 1.01029e-16
4992.6300 9.85029e-17
4993.7030 9.28883e-17
4994.7759 9.08272e-17
4995.8489 9.20170e-17
4996.9219 9.09819e-17
4997.9948 9.04194e-17
4999.0678 9.30166e-17
5000.1408 9.69515e-17
5001.2137 9.81663e-17
5002.2867 9.91314e-17
5003.3597 1.01155e-16
5004.4326 1.00637e-16
5005.5056 9.73107e-17
5006.5786 9.85411e-17
5007.6515 1.03288e-16
5008.7245 1.04804e-16
5009.7975 1.05449e-16
5010.8704 1.06587e-16
5011.9434 1.02466e-16
5013.0164 1.01787e-16
5014.0893 1.01718e-16
5015.1623 1.04171e-16
5016.2353 1.07718e-16
5017.3082 1.13809e-16
5018.3812 1.11414e-16
5019.4542 1.10472e-16
5020.5271 1.04916e-16
5021.6001 1.01986e-16
5022.6730 9.82397e-17
5023.7460 9.92694e-17
5024.8190 9.99287e-17
5025.8919 1.01965e-16
5026.9649 1.06858e-16
5028.0379 1.10797e-16
5029.1108 1.12693e-16
5030.1838 1.14159e-16
5031.2568 1.13872e-16
5032.3297 1.08140e-16
5033.4027 1.04350e-16
5034.4757 1.04233e-16
5035.5486 1.06279e-16
5036.6216 1.10635e-16
5037.6946 1.14511e-16
5038.7675 1.17212e-16
5039.8405 1.16149e-16
5040.9135 1.14068e-16
5041.9864 1.10034e-16
5043.0594 1.07616e-16
5044.1324 1.07212e-16
5045.2053 1.06465e-16
5046.2783 1.05618e-16
5047.3513 1.06393e-16
5048.4242 1.07591e-16
5049.4972 1.06262e-16
5050.5701 1.06586e-16
5051.6431 1.05442e-16
5052.7161 1.03481e-16
5053.7890 1.03430e-16
5054.8620 1.02046e-16
5055.9350 9.80900e-17
5057.0079 9.81127e-17
5058.0809 9.89659e-17
5059.1539 9.62524e-17
5060.2268 9.85394e-17
5061.2998 1.03684e-16
5062.3728 1.06313e-16
5063.4457 1.08911e-16
5064.5187 1.11494e-16
5065.5917 1.11272e-16
5066.6646 1.11769e-16
5067.7376 1.13065e-16
5068.8106 1.12781e-16
5069.8835 1.13945e-16
5070.9565 1.12441e-16
5072.0295 1.09894e-16
5073.1024 1.04416e-16
5074.1754 1.00521e-16
5075.2484 9.59341e-17
5076.3213 9.58720e-17
5077.3943 9.73811e-17
5078.4672 1.00273e-16
5079.5402 1.05552e-16
5080.6132 1.08723e-16
5081.6861 1.03205e-16
5082.7591 9.78672e-17
5083.8321 9.82768e-17
5084.9050 9.64625e-17
5085.9780 9.35206e-17
5087.0510 9.86154e-17
5088.1239 1.03355e-16
5089.1969 1.02108e-16
5090.2699 1.00825e-16
5091.3428 9.99383e-17
5092.4158 1.01547e-16
5093.4888 1.03514e-16
5094.5617 1.04145e-16
5095.6347 1.04416e-16
5096.7077 1.07751e-16
5097.7806 1.05862e-16
5098.8536 1.04013e-16
5099.9266 1.05369e-16
5100.9995 1.04664e-16
5102.0725 1.03917e-16
5103.1455 1.04620e-16
5104.2184 1.00862e-16
5105.2914 9.65588e-17
5106.3643 9.79859e-17
5107.4373 9.88552e-17
5108.5103 9.78094e-17
5109.5832 9.87861e-17
5110.6562 1.00918e-16
5111.7292 9.97990e-17
5112.8021 9.77743e-17
5113.8751 9.67527e-17
5114.9481 9.55409e-17
5116.0210 9.84340e-17
5117.0940 9.97696e-17
5118.1670 1.00602e-16
5119.2399 1.02227e-16
5120.3129 1.05598e-16
5121.3859 1.02540e-16
5122.4588 1.02147e-16
5123.5318 1.01733e-16
5124.6048 1.02076e-16
5125.6777 1.01799e-16
5126.7507 9.81277e-17
5127.8237 9.50762e-17
5128.8966 9.35983e-17
5129.9696 9.38192e-17
5131.0426 9.41478e-17
5132.1155 9.94555e-17
5133.1885 1.00946e-16
5134.2614 9.89732e-17
5135.3344 9.54718e-17
5136.4074 9.67261e-17
5137.4803 9.54177e-17
5138.5533 9.38835e-17
5139.6263 9.76592e-17
5140.6992 1.01418e-16
5141.7722 9.83012e-17
5142.8452 9.63553e-17
5143.9181 9.62887e-17
5144.9911 9.49827e-17
5146.0641 9.46550e-17
5147.1370 9.30076e-17
5148.2100 9.33685e-17
5149.2830 9.84045e-17
5150.3559 1.00856e-16
5151.4289 9.75123e-17
5152.5019 9.70590e-17
5153.5748 9.71647e-17
5154.6478 9.26197e-17
5155.7208 9.14264e-17
5156.7937 9.42956e-17
5157.8667 9.58911e-17
5158.9397 9.95096e-17
5160.0126 1.03459e-16
5161.0856 1.01916e-16
5162.1585 1.00816e-16
5163.2315 1.01453e-16
5164.3045 9.88464e-17
5165.3774 9.62154e-17
5166.4504 9.61047e-17
5167.5234 9.57335e-17
5168.5963 9.61389e-17
5169.6693 9.73782e-17
5170.7423 9.63100e-17
5171.8152 9.51117e-17
5172.8882 9.54420e-17
5173.9612 9.39902e-17
5175.0341 9.07922e-17
5176.1071 9.04191e-17
5177.1801 9.10490e-17
5178.2530 9.03150e-17
5179.3260 9.08843e-17
5180.3990 9.11836e-17
5181.4719 9.33063e-17
5182.5449 9.61254e-17
5183.6179 9.51524e-17
5184.6908 9.46608e-17
5185.7638 9.72235e-17
5186.8368 9.65401e-17
5187.9097 9.35954e-17
5188.9827 9.43855e-17
5190.0556 9.41878e-17
5191.1286 9.33105e-17
5192.2016 9.42069e-17
5193.2745 9.47243e-17
5194.3475 9.46116e-17
5195.4205 9.59677e-17
5196.4934 9.47683e-17
5197.5664 9.31956e-17
5198.6394 9.36775e-17
5199.7123 9.42629e-17
5200.7853 9.19789e-17
5201.8583 9.12256e-17
5202.9312 9.00181e-17
5204.0042 9.11619e-17
5205.0772 8.92896e-17
5206.1501 8.88859e-17
5207.2231 8.89156e-17
5208.2961 8.60864e-17
5209.3690 8.31689e-17
5210.4420 8.55673e-17
5211.5150 8.38009e-17
5212.5879 8.19363e-17
5213.6609 8.22821e-17
5214.7339 8.17575e-17
5215.8068 8.14986e-17
5216.8798 8.36773e-17
5217.9527 8.51324e-17
5219.0257 8.64293e-17
5220.0987 8.48364e-17
5221.1716 8.45915e-17
5222.2446 8.42418e-17
5223.3176 8.40952e-17
5224.3905 8.39289e-17
5225.4635 8.46238e-17
5226.5365 8.46081e-17
5227.6094 8.45251e-17
5228.6824 8.45573e-17
5229.7554 8.24485e-17
5230.8283 8.27279e-17
5231.9013 8.01752e-17
5232.9743 8.23474e-17
5234.0472 8.28688e-17
5235.1202 8.51979e-17
5236.1932 8.74655e-17
5237.2661 9.05630e-17
5238.3391 8.78052e-17
5239.4121 8.82360e-17
5240.4850 8.90298e-17
5241.5580 8.73201e-17
5242.6310 8.42625e-17
5243.7039 8.53651e-17
5244.7769 8.38397e-17
5245.8498 8.18973e-17
5246.9228 8.09307e-17
5247.9958 8.25135e-17
5249.0687 8.14555e-17
5250.1417 8.05977e-17
5251.2147 7.98192e-17
5252.2876 8.01694e-17
5253.3606 8.48390e-17
5254.4336 8.81962e-17
5255.5065 8.94694e-17
5256.5795 9.21935e-17
5257.6525 9.09578e-17
5258.7254 8.17653e-17
5259.7984 7.73487e-17
5260.8714 7.54109e-17
5261.9443 7.33783e-17
5263.0173 7.51824e-17
5264.0903 7.90632e-17
5265.1632 8.11514e-17
5266.2362 8.11663e-17
5267.3092 7.88857e-17
5268.3821 7.71668e-17
5269.4551 7.76187e-17
5270.5281 7.69363e-17
5271.6010 7.72396e-17
5272.6740 8.00454e-17
5273.7469 8.08097e-17
5274.8199 7.85593e-17
5275.8929 8.01961e-17
5276.9658 8.39126e-17
5278.0388 8.40470e-17
5279.1118 8.48422e-17
5280.1847 8.79119e-17
5281.2577 8.77874e-17
5282.3307 8.65199e-17
5283.4036 8.79356e-17
5284.4766 9.00696e-17
5285.5496 8.95547e-17
5286.6225 8.80715e-17
5287.6955 8.30073e-17
5288.7685 8.05408e-17
5289.8414 7.86303e-17
5290.9144 7.70103e-17
5291.9874 7.64393e-17
5293.0603 7.92572e-17
5294.1333 7.89171e-17
5295.2063 7.85223e-17
5296.2792 7.82305e-17
5297.3522 7.80002e-17
5298.4252 7.81006e-17
5303.6704 7.50973e-17
5308.5265 8.13223e-17
5313.3827 8.69626e-17
5318.2389 9.80263e-17
5323.0950 7.96741e-17
5327.9512 7.72567e-17
5332.8073 8.16636e-17
5337.6635 9.14415e-17
5342.5197 7.59281e-17
5347.3758 8.29445e-17
5352.2320 7.74025e-17
5357.0881 8.34749e-17
5361.9443 9.31680e-17
5366.8005 8.67980e-17
5371.6566 7.79818e-17
5376.5128 9.97428e-17
5381.3690 9.01410e-17
5386.2251 8.16467e-17
5391.0813 8.20039e-17
5395.9374 9.25904e-17
5400.7936 1.03477e-16
5405.6498 1.04486e-16
5410.5059 7.70557e-17
5415.3621 8.10788e-17
5420.2182 8.45710e-17
5425.0744 8.04123e-17
5429.9306 6.63011e-17
5434.7867 7.09937e-17
5439.6429 6.26083e-17
5444.4990 6.37254e-17
5449.3552 7.77676e-17
5454.2114 8.18023e-17
5459.0675 6.79366e-17
5463.9237 7.74856e-17
5468.7798 6.31892e-17
5473.6360 6.63712e-17
5478.4922 7.15448e-17
5483.3483 6.71451e-17
5488.2045 6.70492e-17
5493.0606 6.98366e-17
5497.9168 7.47567e-17
5502.7730 7.35367e-17
5507.6291 6.92164e-17
5512.4853 7.39285e-17
5517.3414 7.46548e-17
5522.1976 8.76241e-17
5527.0538 7.98478e-17
5531.9099 7.85805e-17
5536.7661 8.49001e-17
5541.6223 8.11253e-17
5546.4784 7.29597e-17
5551.3346 7.58765e-17
5556.1907 8.10434e-17
5561.0469 7.57199e-17
5565.9031 7.88901e-17
5570.7592 8.61454e-17
5575.6154 7.81632e-17
5580.4715 9.47879e-17
5585.3277 7.65223e-17
5590.1839 8.04677e-17
5595.0400 7.92667e-17
5599.8962 8.28333e-17
5604.7523 7.95526e-17
5609.6085 7.46810e-17
5614.4647 7.31742e-17
5619.3208 8.01761e-17
5624.1770 8.68465e-17
5629.0331 9.02062e-17
5633.8893 8.74065e-17
5638.7455 8.06539e-17
5643.6016 7.21957e-17
5648.4578 7.70512e-17
5653.3139 8.20121e-17
5658.1701 7.89296e-17
5663.0263 8.23907e-17
5667.8824 8.73454e-17
5672.7386 9.97382e-17
5677.5947 9.31447e-17
5682.4509 8.79581e-17
5687.3071 1.02539e-16
5692.1632 9.91964e-17
5697.0194 8.94945e-17
5701.8756 8.45884e-17
5706.7317 8.25988e-17
5711.5879 8.47729e-17
5716.4440 7.89227e-17
5721.3002 8.79506e-17
5726.1564 8.84048e-17
5731.0125 8.22140e-17
5735.8687 8.63072e-17
5740.7248 8.82692e-17
5745.5810 8.25225e-17
5750.4372 8.37146e-17
5755.2933 9.20588e-17
5760.1495 9.06405e-17
5765.0056 8.33343e-17
5769.8618 7.76505e-17
5774.7180 7.95661e-17
5779.5741 8.70345e-17
5784.4303 8.67028e-17
5789.2864 7.65225e-17
5794.1426 7.56322e-17
5798.9988 7.86091e-17
5803.8549 6.98618e-17
5808.7111 6.79105e-17
5813.5672 8.34342e-17
5818.4234 7.99088e-17
5823.2796 7.09034e-17
5828.1357 8.37518e-17
5832.9919 9.08924e-17
5837.8481 8.69135e-17
5842.7042 8.05121e-17
5847.5604 7.80703e-17
5852.4165 6.96224e-17
5857.2727 7.17843e-17
5862.1289 7.81929e-17
5866.9850 7.70307e-17
5871.8412 5.75425e-17
5876.6973 5.64357e-17
5881.5535 7.60908e-17
5886.4097 8.28664e-17
5891.2658 8.17228e-17
5896.1220 6.20601e-17
5900.9781 6.61898e-17
5905.8343 6.00545e-17
5910.6905 6.12930e-17
5915.5466 6.19673e-17
5920.4028 7.00442e-17
5925.2589 7.57609e-17
5930.1151 7.59935e-17
5934.9713 6.26959e-17
5939.8274 6.50706e-17
5944.6836 6.44312e-17
5949.5397 6.22430e-17
5954.3959 5.74208e-17
5959.2521 7.35305e-17
5964.1082 7.55027e-17
5968.9644 6.84604e-17
5973.8205 5.75909e-17
5978.6767 6.27373e-17
5983.5329 6.13133e-17
5988.3890 6.23929e-17
5993.2452 6.78595e-17
5998.1014 8.00320e-17
6002.9575 7.40941e-17
6007.8137 8.20585e-17
6012.6698 6.98733e-17
6017.5260 6.39513e-17
6022.3822 5.99835e-17
6027.2383 6.91221e-17
6032.0945 6.83376e-17
6036.9506 6.82757e-17
6041.8068 6.52589e-17
6046.6630 6.53493e-17
6051.5191 6.87145e-17
6056.3753 6.31161e-17
6061.2314 6.31109e-17
6066.0876 6.61838e-17
6070.9438 6.47929e-17
6075.7999 6.62980e-17
6080.6561 6.58641e-17
6085.5122 7.15279e-17
6090.3684 6.98386e-17
6095.2246 6.35666e-17
6100.0807 6.55361e-17
6104.9369 7.06261e-17
6109.7930 6.47281e-17
6114.6492 6.42783e-17
6119.5054 6.71054e-17
6124.3615 6.57185e-17
6129.2177 6.23650e-17
6134.0738 6.15848e-17
6138.9300 6.09863e-17
6143.7862 6.65433e-17
6148.6423 6.76290e-17
6153.4985 6.67894e-17
6158.3547 7.47183e-17
6163.2108 7.38638e-17
6168.0670 8.21497e-17
6172.9231 7.54393e-17
6177.7793 7.10729e-17
6182.6355 7.15541e-17
6187.4916 7.06023e-17
6192.3478 6.29461e-17
6197.2039 6.52490e-17
6202.0601 6.31320e-17
6206.9163 6.37931e-17
6211.7724 6.69954e-17
6216.6286 6.72027e-17
6221.4847 7.25692e-17
6226.3409 7.10947e-17
6231.1971 6.67665e-17
6236.0532 6.72254e-17
6240.9094 6.64142e-17
6245.7655 6.65227e-17
6250.6217 7.01650e-17
6255.4779 7.36470e-17
6260.3340 7.42658e-17
6265.1902 7.35297e-17
6270.0463 6.20682e-17
6274.9025 6.12496e-17
6279.7587 6.71563e-17
6284.6148 6.53624e-17
6289.4710 6.05619e-17
6294.3272 7.03859e-17
6299.1833 7.36940e-17
6304.0395 7.07411e-17
6308.8956 7.42907e-17
6313.7518 8.13038e-17
6318.6080 7.08550e-17
6323.4641 7.27620e-17
6328.3203 7.23836e-17
6333.1764 7.07526e-17
6338.0326 7.07238e-17
6342.8888 7.48679e-17
6347.7449 6.50352e-17
6352.6011 6.83075e-17
6357.4572 6.82231e-17
6362.3134 6.39274e-17
6367.1696 6.79496e-17
6372.0257 7.16629e-17
6376.8819 7.18631e-17
6381.7380 7.44158e-17
6386.5942 6.95646e-17
6391.4504 6.49126e-17
6396.3065 6.10769e-17
6401.1627 6.89770e-17
6406.0188 6.73181e-17
6410.8750 6.31010e-17
6415.7312 6.49670e-17
6420.5873 6.92602e-17
6425.4435 6.68560e-17
6430.2996 6.54403e-17
6435.1558 5.90401e-17
6440.0120 6.30611e-17
6444.8681 6.40341e-17
6449.7243 6.62974e-17
6454.5805 6.39996e-17
6459.4366 6.01287e-17
6464.2928 6.66358e-17
6469.1489 6.61492e-17
6474.0051 6.40652e-17
6478.8613 6.87075e-17
6483.7174 6.40735e-17
6488.5736 5.97022e-17
6493.4297 6.12500e-17
6498.2859 6.47195e-17
6503.1421 6.96298e-17
6507.9982 7.20015e-17
6512.8544 6.22522e-17
6517.7105 6.51819e-17
6522.5667 6.92505e-17
6527.4229 6.30621e-17
6532.2790 7.19027e-17
6537.1352 7.15017e-17
6541.9913 7.12088e-17
6546.8475 6.88314e-17
6551.7037 6.78269e-17
6556.5598 6.80011e-17
6561.4160 6.71295e-17
6566.2721 6.54955e-17
6571.1283 6.60021e-17
6575.9845 6.66113e-17
6580.8406 6.19305e-17
6585.6968 6.14656e-17
6590.5529 6.33549e-17
6595.4091 6.50995e-17
6600.2653 6.56871e-17
6605.1214 6.36173e-17
6609.9776 6.19589e-17
6614.8338 6.16646e-17
6619.6899 6.79063e-17
6624.5461 6.65790e-17
6629.4022 6.48327e-17
6634.2584 6.92272e-17
6639.1146 6.68551e-17
6643.9707 6.80230e-17
6648.8269 6.31860e-17
6653.6830 6.17723e-17
6658.5392 6.36285e-17
6663.3954 6.07779e-17
6668.2515 5.97197e-17
6673.1077 6.23928e-17
6677.9638 6.25249e-17
6682.8200 6.53711e-17
6687.6762 6.45231e-17
6692.5323 6.03201e-17
6697.3885 6.53987e-17
6702.2446 5.97777e-17
6707.1008 6.57885e-17
6711.9570 7.06092e-17
6716.8131 6.39948e-17
6721.6693 6.61561e-17
6726.5254 6.60043e-17
6731.3816 6.70003e-17
6736.2378 7.34297e-17
6741.0939 7.08319e-17
6745.9501 6.98146e-17
6750.8063 6.69988e-17
6755.6624 6.52542e-17
6760.5186 6.02448e-17
6765.3747 5.99654e-17
6770.2309 6.06495e-17
6775.0871 6.19027e-17
6779.9432 6.47803e-17
6784.7994 6.27087e-17
6789.6555 6.00122e-17
6794.5117 6.54923e-17
6799.3679 6.26628e-17
6804.2240 6.32345e-17
6809.0802 6.65088e-17
6813.9363 6.37122e-17
6818.7925 6.33033e-17
6823.6487 6.09319e-17
6828.5048 6.59005e-17
6833.3610 6.25707e-17
6838.2171 5.71356e-17
6843.0733 5.95269e-17
6847.9295 6.00160e-17
6852.7856 5.77184e-17
6857.6418 5.40438e-17
6862.4979 4.09867e-17
6867.3541 3.47575e-17
6872.2103 4.14339e-17
6877.0664 4.21628e-17
6881.9226 3.48563e-17
6886.7787 4.07392e-17
6891.6349 4.38685e-17
6896.4911 4.17296e-17
6901.3472 4.08289e-17
6906.2034 4.27231e-17
6911.0596 4.66996e-17
6915.9157 5.35419e-17
6920.7719 5.43745e-17
6925.6280 4.75764e-17
6930.4842 4.96320e-17
6935.3404 5.79620e-17
6940.1965 5.97871e-17
6945.0527 5.26393e-17
6949.9088 5.25588e-17
6954.7650 6.32208e-17
6959.6212 5.62060e-17
6964.4773 5.32988e-17
6969.3335 6.12773e-17
6974.1896 6.36174e-17
6979.0458 5.60922e-17
6983.9020 5.52446e-17
6988.7581 5.30316e-17
6993.6143 5.71286e-17
6998.4704 5.89200e-17
7003.3266 6.17202e-17
7008.1828 6.45757e-17
7013.0389 5.99902e-17
7017.8951 5.96993e-17
7022.7512 6.03909e-17
7027.6074 6.31791e-17
7032.4636 6.80010e-17
7037.3197 6.98266e-17
7042.1759 6.48392e-17
7047.0321 6.79564e-17
7051.8882 6.91664e-17
7056.7444 6.38323e-17
7061.6005 6.46384e-17
7066.4567 7.03822e-17
7071.3129 7.44490e-17
7076.1690 7.48346e-17
7081.0252 7.12581e-17
7085.8813 7.58557e-17
7090.7375 7.32716e-17
7095.5937 6.76906e-17
7100.4498 6.64697e-17
7105.3060 6.83426e-17
7110.1621 6.69828e-17
7115.0183 7.26448e-17
7119.8745 7.27985e-17
7124.7306 6.78307e-17
7129.5868 7.03381e-17
7134.4429 6.55769e-17
7139.2991 6.51413e-17
7144.1553 6.70279e-17
7149.0114 6.50001e-17
7153.8676 6.58886e-17
7158.7237 6.06100e-17
7163.5799 5.36653e-17
7168.4361 5.58169e-17
7173.2922 6.07285e-17
7178.1484 5.78111e-17
7183.0045 5.62223e-17
7187.8607 5.10289e-17
7192.7169 5.45912e-17
7197.5730 5.82362e-17
7202.4292 6.04328e-17
7207.2854 6.32720e-17
7212.1415 6.14176e-17
7216.9977 6.20613e-17
7221.8538 6.09089e-17
7226.7100 6.19799e-17
7231.5662 6.03777e-17
7236.4223 6.67751e-17
7241.2785 6.57006e-17
7246.1346 5.30630e-17
7250.9908 5.63042e-17
7255.8470 5.30034e-17
7260.7031 5.87535e-17
7265.5593 5.59583e-17
7270.4154 6.20341e-17
7275.2716 6.35070e-17
7280.1278 5.37216e-17
7284.9839 6.21360e-17
7289.8401 5.95486e-17
7294.6962 5.80704e-17
7299.5524 5.85986e-17
7304.4086 5.55456e-17
7309.2647 5.63016e-17
7314.1209 6.16058e-17
7318.9770 5.98423e-17
7323.8332 5.55982e-17
7328.6894 6.13590e-17
7333.5455 6.96510e-17
7338.4017 6.24004e-17
7343.2578 6.52114e-17
7348.1140 6.34071e-17
7352.9702 6.27045e-17
7357.8263 6.91644e-17
7362.6825 7.70979e-17
7367.5387 8.74809e-17
7372.3948 9.42273e-17
7377.2510 8.66255e-17
7382.1071 6.82617e-17
7386.9633 6.75565e-17
7391.8195 8.03384e-17
7396.6756 8.14538e-17
7401.5318 7.26521e-17
7406.3879 6.92327e-17
7411.2441 6.55770e-17
7416.1003 5.98524e-17
7420.9564 5.54731e-17
7425.8126 5.61713e-17
7430.6687 5.84157e-17
7435.5249 5.35533e-17
7440.3811 5.32896e-17
7445.2372 5.80099e-17
7450.0934 5.62852e-17
7454.9495 5.25631e-17
7459.8057 5.67767e-17
7464.6619 5.69354e-17
7469.5180 5.85967e-17
7474.3742 6.36748e-17
7479.2303 5.45713e-17
7484.0865 5.06019e-17
7488.9427 5.50364e-17
7493.7988 5.43300e-17
7498.6550 5.33897e-17
7503.5112 5.12815e-17
7508.3673 5.25774e-17
7513.2235 5.35669e-17
7518.0796 5.55573e-17
7522.9358 5.54100e-17
7527.7920 5.06052e-17
7532.6481 5.36114e-17
7537.5043 5.80102e-17
7542.3604 5.94740e-17
7547.2166 6.42342e-17
7552.0728 5.75946e-17
7556.9289 5.65586e-17
7561.7851 5.60472e-17
7566.6412 6.07554e-17
7571.4974 5.86705e-17
7576.3536 5.76354e-17
7581.2097 4.78964e-17
7586.0659 3.33445e-17
7590.9220 2.58115e-17
7595.7782 1.54839e-17
7600.6344 1.25671e-17
7605.4905 2.01049e-17
7610.3467 2.98864e-17
7615.2028 3.20336e-17
7620.0590 2.62574e-17
7624.9152 2.63620e-17
7629.7713 2.92294e-17
7634.6275 2.91283e-17
7639.4836 3.10417e-17
7644.3398 4.06456e-17
7649.1960 4.26535e-17
7654.0521 4.29269e-17
7658.9083 4.95059e-17
7663.7645 5.50628e-17
7668.6206 4.94365e-17
7673.4768 5.23183e-17
7678.3329 5.31640e-17
7683.1891 5.32864e-17
7688.0453 5.58858e-17
7692.9014 5.56193e-17
7697.7576 5.08965e-17
7702.6137 5.70593e-17
7707.4699 7.00555e-17
7712.3261 6.74421e-17
7717.1822 6.34032e-17
7722.0384 6.12553e-17
7726.8945 5.89318e-17
7731.7507 5.48386e-17
7736.6069 4.99657e-17
7741.4630 5.64298e-17
7746.3192 6.91122e-17
7751.1753 7.24620e-17
7756.0315 5.76039e-17
7760.8877 5.22100e-17
7765.7438 5.43589e-17
7770.6000 5.83831e-17
7775.4561 5.34734e-17
7780.3123 4.82054e-17
7785.1685 5.89108e-17
7790.0246 5.37010e-17
7794.8808 5.14424e-17
7799.7369 5.56822e-17
7804.5931 5.20707e-17
7809.4493 5.12242e-17
7814.3054 5.19195e-17
7819.1616 5.86490e-17
7824.0178 5.38292e-17
7828.8739 4.82841e-17
7833.7301 4.21159e-17
7838.5862 4.56616e-17
7843.4424 6.07905e-17
7848.2986 5.43580e-17
7853.1547 5.99137e-17
7858.0109 5.02231e-17
7862.8670 4.46585e-17
7867.7232 4.58180e-17
7872.5794 4.78716e-17
7877.4355 4.53358e-17
7882.2917 4.20787e-17
7887.1478 4.54269e-17
7892.0040 4.31266e-17
7896.8602 5.20367e-17
7901.7163 4.53266e-17
7906.5725 4.53385e-17
7911.4286 5.43443e-17
7916.2848 5.54927e-17
7921.1410 4.58478e-17
7925.9971 4.85629e-17
7930.8533 5.06532e-17
7935.7094 4.53438e-17
7940.5656 4.70082e-17
7945.4218 5.31385e-17
7950.2779 5.18732e-17
7955.1341 5.08664e-17
7959.9903 5.02631e-17
7964.8464 4.54956e-17
7969.7026 4.77747e-17
7974.5587 5.47885e-17
7979.4149 4.45433e-17
7984.2711 5.15533e-17
7989.1272 5.35317e-17
7993.9834 4.94742e-17
7998.8395 5.10095e-17
8003.6957 5.32427e-17
8008.5519 4.73958e-17
8013.4080 5.14796e-17
8018.2642 4.64807e-17
8023.1203 5.09707e-17
8027.9765 5.13753e-17
8032.8327 5.90267e-17
8037.6888 5.65681e-17
8042.5450 4.70229e-17
8047.4011 4.87701e-17
8052.2573 5.39183e-17
8057.1135 6.64362e-17
8061.9696 6.08551e-17
8066.8258 5.82159e-17
8071.6819 4.96210e-17
8076.5381 4.46014e-17
8081.3943 4.67685e-17
8086.2504 5.44044e-17
8091.1066 4.93576e-17
8095.9627 5.77131e-17
8100.8189 6.54982e-17
8105.6751 5.55641e-17
8110.5312 4.97160e-17
8115.3874 5.19335e-17
8120.2436 6.05593e-17
8125.0997 5.42369e-17
8129.9559 5.15850e-17
8134.8120 4.93458e-17
8139.6682 5.38408e-17
8144.5244 4.52768e-17
8149.3805 4.68050e-17
8154.2367 5.17079e-17
8159.0928 5.30181e-17
8163.9490 5.03006e-17
8168.8052 4.60574e-17
8173.6613 4.93351e-17
8178.5175 3.68751e-17
8183.3736 4.31087e-17
8188.2298 5.10431e-17
8193.0860 5.69301e-17
8197.9421 5.08881e-17
8202.7983 5.30183e-17
8207.6544 5.21522e-17
8212.5106 4.93875e-17
8217.3668 5.31497e-17
8222.2229 4.75146e-17
8227.0791 4.65409e-17
8231.9352 4.79863e-17
8236.7914 4.72733e-17
8241.6476 5.19338e-17
8246.5037 5.12071e-17
8251.3599 4.63713e-17
8256.2160 4.29555e-17
8261.0722 4.42385e-17
8265.9284 4.37532e-17
8270.7845 4.72740e-17
8275.6407 3.55562e-17
8280.4969 5.18012e-17
8285.3530 5.91370e-17
8290.2092 3.78111e-17
8295.0653 4.29782e-17
8299.9215 4.61808e-17
8304.7777 5.28758e-17
8309.6338 5.36140e-17
8314.4900 5.82342e-17
8319.3461 5.83976e-17
8324.2023 4.86860e-17
8329.0585 4.97861e-17
8333.9146 4.25710e-17
8338.7708 3.66531e-17
8343.6269 6.71858e-17
8348.4831 5.81452e-17
8353.3393 4.73318e-17
8358.1954 4.99893e-17
8363.0516 6.34235e-17
8367.9077 7.14742e-17
8372.7639 5.87084e-17
8377.6201 5.89302e-17
8382.4762 4.70567e-17
8387.3324 7.02889e-17
8392.1885 6.78364e-17
8397.0447 6.60156e-17
8401.9009 6.49134e-17
8406.7570 4.14489e-17
8411.6132 5.45039e-17
8416.4694 4.78360e-17
8421.3255 3.93812e-17
8426.1817 6.14077e-17
8431.0378 7.08253e-17
8435.8940 6.57224e-17
8440.7502 5.22222e-17
8445.6063 4.52332e-17
8450.4625 5.80515e-17
8455.3186 6.67395e-17
8460.1748 7.33895e-17
8465.0310 6.61590e-17
8469.8871 6.24082e-17
8474.7433 5.39341e-17
8479.5994 5.53629e-17
8484.4556 5.75286e-17
8489.3118 5.34644e-17
8494.1679 5.95530e-17
8499.0241 4.94018e-17
8503.8802 4.50734e-17
8508.7364 5.08436e-17
8513.5926 5.09585e-17
8518.4487 4.98361e-17
8523.3049 4.30150e-17
8528.1610 3.74070e-17
8533.0172 4.20036e-17
8537.8734 4.76073e-17
8542.7295 4.67865e-17
8547.5857 4.36146e-17
8552.4418 5.09977e-17
8557.2980 5.37804e-17
8562.1542 5.25663e-17
8567.0103 5.43317e-17
8571.8665 4.76072e-17
8576.7227 4.29233e-17
8581.5788 4.84810e-17
8586.4350 5.11750e-17
8591.2911 4.94665e-17
8596.1473 4.60796e-17
8601.0035 4.33804e-17
8605.8596 3.71341e-17
8610.7158 4.32979e-17
8615.5719 7.91134e-17
8620.4281 7.01697e-17
8625.2843 4.90987e-17
8630.1404 5.09459e-17
8634.9966 5.17541e-17
8639.8527 5.40439e-17
8644.7089 4.79071e-17
8649.5651 4.81446e-17
8654.4212 4.77304e-17
8659.2774 3.46301e-17
8664.1335 4.79560e-17
8668.9897 6.50972e-17
8673.8459 5.62498e-17
8678.7020 4.81630e-17
8683.5582 4.76888e-17
8688.4143 5.29168e-17
8693.2705 5.56512e-17
8698.1267 4.82220e-17
8702.9828 5.40852e-17
8707.8390 5.80330e-17
8712.6951 4.91185e-17
8717.5513 5.12996e-17
8722.4075 5.52354e-17
8727.2636 5.51445e-17
8732.1198 5.35024e-17
8736.9760 4.48567e-17
8741.8321 3.52171e-17
8746.6883 4.95302e-17
8751.5444 5.87001e-17
8756.4006 3.86947e-17
8761.2568 4.73471e-17
8766.1129 6.92787e-17
8770.9691 6.44003e-17
8775.8252 7.05963e-17
8780.6814 5.20125e-17
8785.5376 4.47116e-17
8790.3937 5.99036e-17
8795.2499 3.93920e-17
8800.1060 4.48772e-17
8804.9622 6.77769e-17
8809.8184 5.54644e-17
8814.6745 3.43586e-17
8819.5307 5.49419e-17
8824.3868 7.00233e-17
8829.2430 7.24382e-17
8834.0992 7.03981e-17
8838.9553 5.20948e-17
8843.8115 6.48041e-17
8848.6676 5.76685e-17
8853.5238 5.87230e-17
8858.3800 5.34032e-17
8863.2361 5.56589e-17
8868.0923 5.10432e-17
8872.9485 4.61455e-17
8877.8046 6.73585e-17
8882.6608 6.89971e-17
8887.5169 4.54159e-17
8892.3731 6.38989e-17
8897.2293 5.88338e-17
8902.0854 5.23596e-17
8906.9416 5.66637e-17
8911.7977 8.45430e-17
8916.6539 8.39205e-17
8921.5101 5.84249e-17
8926.3662 5.53888e-17
8931.2224 3.71915e-17
8936.0785 4.90097e-17
8940.9347 4.20760e-17
8945.7909 6.34566e-17
8950.6470 7.87798e-17
8955.5032 6.41944e-17
8960.3593 5.70973e-17
8965.2155 5.55255e-17
8970.0717 5.23769e-17
8974.9278 4.40146e-17
8979.7840 3.82069e-17
8984.6401 6.05792e-17
8989.4963 5.84989e-17
8994.3525 4.35165e-17
8999.2086 4.46840e-17
9004.0648 4.18401e-17
9008.9209 4.08253e-17
9013.7771 4.01625e-17
9018.6333 4.53179e-17
9023.4894 4.17025e-17
9028.3456 5.42883e-17
9033.2018 6.18400e-17
9038.0579 3.34279e-17
9042.9141 4.54325e-17
9047.7702 5.72352e-17
9052.6264 5.48713e-17
9057.4826 5.11245e-17
9062.3387 5.20614e-17
9067.1949 5.01284e-17
9072.0510 4.39979e-17
9076.9072 3.31635e-17
9081.7634 3.73267e-17
9086.6195 3.77728e-17
9091.4757 4.76370e-17
9096.3318 5.40439e-17
9101.1880 3.61587e-17
9106.0442 4.70758e-17
9110.9003 4.93981e-17
9115.7565 3.43212e-17
9120.6126 5.11657e-17
9125.4688 4.92729e-17
9130.3250 4.70721e-17
9135.1811 5.29329e-17
9140.0373 4.17695e-17
9144.8934 4.26843e-17
9149.7496 4.41912e-17
9154.6058 3.84547e-17
9159.4619 5.18192e-17
9164.3181 5.01104e-17
9169.1743 3.93463e-17
9174.0304 2.73712e-17
9178.8866 2.52556e-17
9183.7427 3.48862e-17
9188.5989 4.09850e-17
9193.4551 5.01247e-17
9198.3112 3.50135e-17
9203.1674 4.37257e-17
9208.0235 4.99025e-17
9212.8797 3.53121e-17
9217.7359 3.51176e-17
9222.5920 4.62250e-17
9227.4482 4.29517e-17
9232.3043 4.30461e-17
9237.1605 3.99234e-17
9242.0167 3.80496e-17
9246.8728 4.21736e-17
9251.7290 4.86820e-17
9256.5851 3.43858e-17
9261.4413 2.62359e-17
9266.2975 4.15556e-17
9271.1536 3.24058e-17
9276.0098 1.13616e-17
9280.8659 4.32297e-17
9285.7221 3.75878e-17
9290.5783 2.81894e-17
9295.4344 2.43542e-17
9300.2906 3.36857e-17
9305.1467 1.54949e-17
9310.0029 2.37386e-17
9314.8591 5.50676e-17
9319.7152 4.52752e-17
9324.5714 2.01246e-17
9329.4276 2.32501e-17
9334.2837 2.71353e-17
9339.1399 2.89305e-17
9343.9960 3.24158e-17
9348.8522 2.49112e-17
9353.7084 3.94421e-17
9358.5645 -9.67234e-18
9363.4207 -2.70853e-17
9368.2768 -3.61158e-17
9373.1330 3.75392e-17
9377.9892 5.34966e-17
9382.8453 4.28887e-17
9387.7015 5.25133e-17
9392.5576 4.83060e-17
9397.4138 6.39396e-17
9402.2700 4.65605e-17
9407.1261 6.50235e-17
9411.9823 8.36737e-17
9416.8384 5.40736e-17
9421.6946 5.47445e-17
9426.5508 8.09717e-17
9431.4069 7.94987e-17
9436.2631 8.51354e-17
9441.1192 8.23050e-17
9445.9754 5.78991e-17
9450.8316 6.02622e-17
9455.6877 6.38854e-17
9460.5439 3.40243e-17
9465.4000 3.82925e-17
9470.2562 5.12484e-17
9475.1124 9.40983e-17
9479.9685 6.86331e-17
9484.8247 2.59085e-18
9489.6809 1.30550e-17
9494.5370 2.55743e-17
9499.3932 1.25178e-18
9504.2493 1.35802e-17
9509.1055 1.67727e-17
9513.9617 -7.55771e-19
9518.8178 3.22434e-17
9523.6740 3.34832e-17
9528.5301 2.45890e-17
9533.3863 3.52874e-17
9538.2425 5.00885e-17
9543.0986 6.57412e-17
9547.9548 8.29932e-17
9552.8109 7.91337e-17
9557.6671 5.30147e-17
9562.5233 7.98087e-17
9567.3794 1.09518e-16
9572.2356 6.86962e-17
9577.0917 3.05892e-17
9581.9479 3.02651e-17
9586.8041 4.77688e-17
9591.6602 5.01157e-17
9596.5164 5.89669e-17
9601.3725 6.17245e-17
9606.2287 4.18013e-17
9611.0849 4.08619e-17
9615.9410 3.71127e-17
9620.7972 3.29018e-17
9625.6534 2.99253e-17
9630.5095 3.38011e-17
9635.3657 1.84699e-17
9640.2218 1.13259e-17
9645.0780 2.28239e-17
9649.9342 2.05860e-17
9654.7903 8.66734e-18
9659.6465 1.83370e-17
9664.5026 4.51336e-17
9669.3588 3.20839e-17
9674.2150 1.37500e-17
9679.0711 5.33962e-18
9683.9273 3.00209e-17
9688.7834 3.97245e-17
9693.6396 -2.73025e-18
9698.4958 2.71005e-17
9703.3519 4.42244e-17
9708.2081 6.92075e-17
9713.0642 7.31251e-17
9717.9204 3.42461e-17
9722.7766 2.86442e-17
9727.6327 5.41279e-17
9732.4889 4.31946e-17
9737.3450 5.98650e-17
