3330.  0.2064418
3335.  0.07858215
3340.  0.03779631
3345.  -0.04441044
3350.  0.1205823
3355.  0.3725602
3360.  0.005847507
3365.  -0.02510704
3370.  -0.3717456
3375.  0.3661724
3380.  0.3636712
3385.  -0.2738988
3390.  -0.7198566
3395.  -0.8966048
3400.  -0.1945548
3405.  0.550503
3410.  -0.1169913
3415.  -0.4645697
3420.  -0.3733407
3425.  0.2091373
3430.  0.6853649
3435.  0.2532721
3440.  -0.3376534
3445.  0.1618658
3450.  0.7089164
3455.  0.4778365
3460.  0.4956645
3465.  0.4305621
3470.  0.3508532
3475.  0.1793704
3480.  0.4474767
3485.  -0.1738138
3490.  0.1661272
3495.  0.2696939
3500.  0.2767325
3505.  0.790223
3510.  -0.2063413
3515.  0.5848157
3520.  1.205183
3525.  0.5207124
3530.  -0.1107581
3535.  -0.4318343
3540.  -0.1728837
3545.  0.06196551
3550.  -0.3420139
3555.  0.4655446
3560.  0.70318
3565.  0.8660747
3570.  1.341171
3575.  0.2625322
3580.  0.7177703
3585.  0.7786261
3590.  0.1044294
3595.  0.5981476
3600.  0.6578214
3605.  1.274992
3610.  0.7964182
3615.  0.7145848
3620.  0.7507144
3625.  1.315218
3630.  0.7829801
3635.  0.9927344
3640.  0.9203255
3645.  0.9812449
3650.  1.112294
3655.  0.8099383
3660.  0.9033458
3665.  0.7123796
3670.  0.9337048
3675.  0.9517741
3680.  0.8729941
3685.  0.8901221
3690.  0.5822188
3695.  1.172487
3700.  0.738815
3705.  0.9829027
3710.  0.7724861
3715.  1.148789
3720.  1.171196
3725.  0.9748322
3730.  1.021749
3735.  0.8442412
3740.  1.002636
3745.  1.035383
3750.  1.085986
3755.  0.707792
3760.  0.794933
3765.  0.6419219
3770.  0.7000965
3775.  0.9786931
3780.  0.7783497
3785.  0.6664634
3790.  0.3929104
3795.  0.9035972
3800.  0.7572705
3805.  0.9003522
3810.  0.8471792
3815.  0.9049228
3820.  0.8650873
3825.  0.8857541
3830.  0.7046139
3835.  0.4294446
3840.  0.6437337
3845.  0.7030362
3850.  0.7754205
3855.  0.796013
3860.  0.6526754
3865.  0.8256634
3870.  0.771773
3875.  0.6124895
3880.  0.4905408
3885.  0.5723026
3890.  0.6852115
3895.  0.7404304
3900.  0.8432178
3905.  0.7774727
3910.  0.7208141
3915.  0.4339675
3920.  0.6039212
3925.  0.7274669
3930.  0.6557261
3935.  0.5696336
3940.  0.5910809
3945.  0.4209889
3950.  0.2893063
3955.  0.6666898
3960.  0.6172723
3965.  0.3705737
3970.  0.5872609
3975.  0.511595
3980.  0.7558444
3985.  0.560879
3990.  0.9048001
3995.  0.7809497
4000.  0.4384059
4005.  0.5814695
4010.  0.7554528
4015.  0.3855312
4020.  0.5359194
4025.  0.9907938
4030.  0.8927419
4035.  0.8483342
4040.  0.7518924
4045.  0.8022533
4050.  0.8665355
4055.  0.8248724
4060.  0.8691086
4065.  0.9885646
4070.  1.02956
4075.  0.7550499
4080.  0.9608909
4085.  0.9446274
4090.  0.8933698
4095.  0.9566038
4100.  0.9910359
4105.  0.7094812
4110.  0.811729
4115.  0.6815219
4120.  0.9848484
4125.  0.8521048
4130.  0.9505252
4135.  0.9737794
4140.  0.891163
4145.  0.7931749
4150.  0.7877491
4155.  1.015179
4160.  0.8980746
4165.  1.093888
4170.  1.078424
4175.  0.8274129
4180.  0.7562407
4185.  0.9351854
4190.  1.122107
4195.  1.10385
4200.  0.9783831
4205.  1.063246
4210.  0.709447
4215.  0.770512
4220.  0.8698508
4225.  0.856089
4230.  0.8640242
4235.  0.8674722
4240.  0.7535963
4245.  0.7485265
4250.  0.7725199
4255.  0.8391558
4260.  0.9804533
4265.  0.8215963
4270.  0.6243347
4275.  0.7017341
4280.  0.6399549
4285.  0.6497076
4290.  0.6221545
4295.  0.7717122
4300.  0.6161979
4305.  0.7329228
4310.  0.5984786
4315.  0.6977648
4320.  0.7250769
4325.  0.6790701
4330.  0.6271647
4335.  0.8138556
4340.  0.7062098
4345.  0.6541247
4350.  0.591102
4355.  0.5195534
4360.  0.652428
4365.  0.5188752
4370.  0.5263579
4375.  0.4525263
4380.  0.4353542
4385.  0.5048308
4390.  0.6695313
4395.  0.3946868
4400.  0.4511907
4405.  0.3358195
4410.  0.4614516
4415.  0.3006399
4420.  0.3139736
4425.  0.3892759
4430.  0.5910381
4435.  0.4868466
4440.  0.3663687
4445.  0.1721614
4450.  0.2729838
4455.  0.4922468
4460.  0.3575212
4465.  0.3056145
4470.  0.4133645
4475.  0.3299008
4480.  0.2500574
4485.  0.6247759
4490.  0.4646158
4495.  0.5516509
4500.  0.4479397
4505.  0.4749209
4510.  0.5274978
4515.  0.4189162
4520.  0.5697806
4525.  0.5932691
4530.  0.6712608
4535.  0.6023207
4540.  0.6720855
4545.  0.6881251
4550.  0.661585
4555.  0.5226966
4560.  0.5571244
4565.  0.4375216
4570.  0.6958132
4575.  0.5385869
4580.  0.5350716
4585.  0.4323109
4590.  0.351736
4595.  0.4883462
4600.  0.5898079
4605.  0.4822372
4610.  0.3821813
4615.  0.409196
4620.  0.577301
4625.  0.4100969
4630.  0.3345012
4635.  0.4920847
4640.  0.5599675
4645.  0.6079385
4650.  0.6380217
4655.  0.5907425
4660.  0.5843619
4665.  0.5232266
4670.  0.5206098
4675.  0.6819263
4680.  0.6568385
4685.  0.6573246
4690.  0.6029088
4695.  0.6351367
4700.  0.5682725
4705.  0.5950376
4710.  0.6100783
4715.  0.4805503
4720.  0.5990503
4725.  0.6224172
4730.  0.5501567
4735.  0.4730913
4740.  0.5288959
4745.  0.7603765
4750.  0.7956192
4755.  0.4402014
4760.  0.4746844
4765.  0.8748306
4770.  0.7145321
4775.  0.7082547
4780.  0.5461397
4785.  0.4424863
4790.  0.4693187
4795.  0.5790603
4800.  0.623175
4805.  0.4722389
4810.  0.5640209
4815.  0.5657731
4820.  0.5664188
4825.  0.7098184
4830.  0.6569444
4835.  0.4558778
4840.  0.5745248
4845.  0.6223587
4850.  0.6024947
4855.  0.5154076
4860.  0.6145149
4865.  0.4433944
4870.  0.394173
4875.  0.553717
4880.  0.6381222
4885.  0.568541
4890.  0.5323309
4895.  0.3009044
4900.  0.5363691
4905.  0.5430697
4910.  0.5185449
4915.  0.2834012
4920.  0.5897173
4925.  0.3985467
4930.  0.4459907
4935.  0.543138
4940.  0.44023
4945.  0.3879822
4950.  0.7224796
4955.  0.5808319
4960.  0.5220069
4965.  0.3110645
4970.  0.6523901
4975.  0.6297465
4980.  0.4013555
4985.  0.4769204
4990.  0.4909495
4995.  0.3572631
5000.  0.4124348
5005.  0.4048807
5010.  0.3588018
5015.  0.5729616
5020.  0.6323425
5025.  0.503353
5030.  0.4633532
5035.  0.483264
5040.  0.5344513
5045.  0.5786283
5050.  0.4735959
5055.  0.5357386
5060.  0.5318285
5065.  0.4610652
5070.  0.4517073
5075.  0.3403636
5080.  0.4341239
5085.  0.4217656
5090.  0.3742196
5095.  0.366566
5100.  0.4064178
5105.  0.616802
5110.  0.2878007
5115.  0.3854243
5120.  0.5178903
5125.  0.427907
5130.  0.3907537
5135.  0.3815801
5140.  0.4131101
5145.  0.3951333
5150.  0.5135549
5155.  0.4328684
5160.  0.4028918
5165.  0.3647598
5170.  0.4494535
5175.  0.4605618
5180.  0.5280027
5185.  0.4672152
5190.  0.3392495
5195.  0.3938815
5200.  0.2889016
5205.  0.4600616
5210.  0.4488913
5215.  0.5045478
5220.  0.4979152
5225.  0.4559961
5230.  0.4730903
5235.  0.5467707
5240.  0.5123917
5245.  0.3889537
5250.  0.4029745
5255.  0.3555832
5260.  0.3960685
5265.  0.4289772
5270.  0.5309281
5275.  0.4860601
5280.  0.5187794
5285.  0.6823651
5290.  0.5651726
5295.  0.4675875
5300.  0.5054193
5305.  0.5957659
5310.  0.4638126
5315.  0.4677568
5320.  0.5497345
5325.  0.515054
5330.  0.4260584
5335.  0.4235806
5340.  0.5411129
5345.  0.5082277
5350.  0.476082
5355.  0.505401
5360.  0.4510152
5365.  0.5228983
5370.  0.4860301
5375.  0.5162028
5380.  0.5798743
5385.  0.5743065
5390.  0.6104078
5395.  0.5642057
5400.  0.4934807
5405.  0.4667119
5410.  0.4534108
5415.  0.4359463
5420.  0.3934247
5425.  0.5461044
5430.  0.5068831
5435.  0.5389259
5440.  0.5067921
5445.  0.5183122
5450.  0.4847751
5455.  0.4538704
5460.  0.4831902
5465.  0.4463909
5470.  0.4111947
5475.  0.4603283
5480.  0.392604
5485.  0.4257353
5490.  0.3385091
5495.  0.4177469
5500.  0.3711321
5505.  0.4891357
5510.  0.3528383
5515.  0.4057061
5520.  0.4135916
5525.  0.4774817
5530.  0.3555975
5535.  0.4282942
5540.  0.2689251
5545.  0.361836
5550.  0.4306339
5555.  0.505525
5560.  0.477495
5565.  0.4145223
5570.  0.4836782
5575.  0.3181693
5580.  0.4235451
5585.  0.4770625
5590.  0.4412746
5595.  0.5792415
5600.  0.4470586
5605.  0.3822637
5610.  0.4760205
5615.  0.3894548
5620.  0.4112571
5625.  0.5010355
5630.  0.4423991
5635.  0.4384165
5640.  0.4819134
5645.  0.4374703
5650.  0.4252785
5655.  0.4274116
5660.  0.4116307
5665.  0.4326463
5670.  0.3649085
5675.  0.4959476
5680.  0.4662699
5685.  0.4680815
5690.  0.4669357
5695.  0.4648226
5700.  0.4359861
5705.  0.5055702
5710.  0.464172
5715.  0.3685474
5720.  0.3656723
5725.  0.3770403
5730.  0.4469468
5735.  0.443289
5740.  0.3818355
5745.  0.3812459
5750.  0.3768098
5755.  0.4628848
5760.  0.4353704
5765.  0.41909
5770.  0.4558515
5775.  0.4815046
5780.  0.4832403
5785.  0.4628801
5790.  0.4404015
5795.  0.4771436
5800.  0.3383293
5805.  0.432483
5810.  0.5133222
5815.  0.4189603
5820.  0.4429147
5825.  0.4345144
5830.  0.3662944
5835.  0.4794222
5840.  0.472934
5845.  0.4255603
5850.  0.473689
5855.  0.3904333
5860.  0.3687228
5865.  0.5019839
5870.  0.4231226
5875.  0.5897436
5880.  0.4297722
5885.  0.3839588
5890.  0.3153949
5895.  0.5076222
5900.  0.429406
5905.  0.349827
5910.  0.4210307
5915.  0.4713912
5920.  0.3807102
5925.  0.48315
5930.  0.3657087
5935.  0.3658554
5940.  0.5029103
5945.  0.5101834
5950.  0.4191808
5955.  0.4138883
5960.  0.4146772
5965.  0.4568831
5970.  0.3614477
5975.  0.4490702
5980.  0.5060115
5985.  0.3873309
5990.  0.3800603
5995.  0.5017768
6000.  0.4596251
6005.  0.481027
6010.  0.429068
6015.  0.4305207
6020.  0.3944902
6025.  0.5119193
6030.  0.4391846
6035.  0.4014951
6040.  0.4413043
6045.  0.2743393
6050.  0.462913
6055.  0.4638518
6060.  0.4478401
6065.  0.428478
6070.  0.4232206
6075.  0.3783135
6080.  0.4021967
6085.  0.3635087
6090.  0.3707669
6095.  0.3874631
6100.  0.364046
6105.  0.3870932
6110.  0.3392048
6115.  0.4074048
6120.  0.5417207
6125.  0.350251
6130.  0.3118591
6135.  0.5100754
6140.  0.4121738
6145.  0.4463105
6150.  0.4411485
6155.  0.3983806
6160.  0.4077757
6165.  0.5140265
6170.  0.4355472
6175.  0.4320845
6180.  0.3583431
6185.  0.4261397
6190.  0.3992024
6195.  0.349695
6200.  0.2855205
6205.  0.4316132
6210.  0.4826526
6215.  0.4437367
6220.  0.4437769
6225.  0.3282048
6230.  0.3364437
6235.  0.3525653
6240.  0.3663508
6245.  0.4636425
6250.  0.4364227
6255.  0.5296229
6260.  0.4163896
6265.  0.435271
6270.  0.3275526
6275.  0.3718682
6280.  0.3830516
6285.  0.4593905
6290.  0.3995751
6295.  0.3144611
6300.  0.3482843
6305.  0.3577536
6310.  0.2375776
6315.  0.4307436
6320.  0.365894
6325.  0.342869
6330.  0.3543703
6335.  0.2689838
6340.  0.3746813
6345.  0.3291093
6350.  0.2472243
6355.  0.1107367
6360.  0.270079
6365.  0.2723447
6370.  0.2814925
6375.  0.3395377
6380.  0.2063577
6385.  0.1982409
6390.  0.2166712
6395.  0.3508559
6400.  0.2575291
6405.  0.2611174
6410.  0.367611
6415.  0.193194
6420.  0.2549698
6425.  0.2568587
6430.  0.2095072
6435.  0.1872241
6440.  0.2998782
6445.  0.1609967
6450.  0.1317121
6455.  0.2701305
6460.  0.3533998
6465.  0.2594568
6470.  0.3306563
6475.  0.4005967
6480.  0.4424531
6485.  0.4661901
6490.  0.3687805
6495.  0.3193582
6500.  0.2539706
6505.  0.4083022
6510.  0.3895125
6515.  0.3113002
6520.  0.3535731
6525.  0.4568576
6530.  0.3180752
6535.  0.3968383
6540.  0.2832135
6545.  0.2469861
6550.  0.4107806
6555.  0.4260071
6560.  0.3951635
6565.  0.3136304
6570.  0.2673495
6575.  0.1961919
6580.  0.3944991
6585.  0.2050304
6590.  0.2418853
6595.  0.265189
6600.  0.2899646
6605.  0.4043275
6610.  0.3603133
6615.  0.2689808
6620.  0.3640077
6625.  0.4416794
6630.  0.3238591
6635.  0.4191431
6640.  0.1877567
6645.  0.3328762
6650.  0.229471
6655.  0.2463777
6660.  0.3688795
6665.  0.3968058
6670.  0.3010302
6675.  0.179572
6680.  0.186369
6685.  0.3419885
6690.  0.4026962
6695.  0.3756211
6700.  0.1904418
6705.  0.1483848
6710.  0.1686553
6715.  0.1591657
6720.  0.3525247
6725.  0.2383154
6730.  0.196789
6735.  0.1895366
6740.  0.1865806
6745.  0.3475168
6750.  0.2642547
6755.  0.3775141
6760.  0.111801
6765.  0.06484519
6770.  0.1546616
6775.  0.2794241
6780.  0.3382805
6785.  0.2161802
6790.  0.1699314
6795.  0.4334275
6800.  0.3708345
6805.  0.1906294
6810.  0.1472411
6815.  0.2975654
6820.  0.4269755
6825.  0.1878916
6830.  0.2850916
6835.  0.3555935
6840.  0.3491964
6845.  0.1861429
6850.  0.3150508
6855.  0.3354871
6860.  0.2933066
6865.  0.37
6870.  0.2869386
6875.  0.207442
6880.  0.2531187
6885.  0.287905
6890.  0.2351147
6895.  0.164226
6900.  0.2335934
6905.  0.2326955
6910.  0.3204064
6915.  0.2808234
6920.  0.1447583
6925.  0.2499644
6930.  0.4144711
6935.  0.3754258
6940.  0.2164429
6945.  0.2229155
6950.  0.184747
6955.  0.2139352
6960.  0.2394401
6965.  0.2321719
6970.  0.2620742
6975.  0.3330116
6980.  0.1983425
6985.  0.3765821
6990.  0.4328023
6995.  0.1729183
7000.  0.2639455
7005.  0.1659551
7010.  0.2794047
7015.  0.1757438
7020.  0.2502367
7025.  0.195848
7030.  0.1695103
7035.  0.1598921
7040.  0.1264633
7045.  0.1443933
7050.  0.2663979
7055.  0.1633954
7060.  0.07917544
7065.  0.4269697
7070.  0.3179887
7075.  0.2793081
7080.  0.1824151
7085.  0.2948203
7090.  0.1902798
7095.  0.2368875
7100.  0.2649005
7105.  0.2691318
7110.  0.1649025
7115.  0.25402
7120.  0.1674119
7125.  0.2121148
7130.  0.2491678
7135.  0.1990713
7140.  0.2832344
7145.  0.02651442
7150.  0.1555177
7155.  0.263868
7160.  0.2352765
7165.  0.2711546
7170.  0.3181478
7175.  0.1929255
7180.  0.168785
7185.  0.1632033
7190.  0.3993105
7195.  0.09319041
7200.  0.2350296
7205.  0.2900258
7210.  0.217747
7215.  0.3450663
7220.  0.0883858
7225.  0.08797062
7230.  0.2250004
7235.  0.2824031
7240.  0.04330471
7245.  0.09106904
7250.  0.2029427
7255.  0.2807181
7260.  0.2587654
7265.  0.2699524
7270.  0.1805314
7275.  0.3622504
7280.  0.1946675
7285.  0.2068244
7290.  0.2798452
7295.  0.1931694
7300.  0.1332762
7305.  0.1753435
7310.  0.2084151
7315.  0.08051884
7320.  0.215504
7325.  -0.004971481
7330.  0.2698309
7335.  0.2004757
7340.  0.2163895
7345.  0.1662565
7350.  0.07632355
7355.  0.206147
7360.  0.2780276
7365.  0.2537667
7370.  -0.004699247
7375.  0.004838173
7380.  0.2109105
7385.  0.2032274
7390.  0.2199115
7395.  0.2974729
7400.  0.2755434
7405.  -0.03714776
7410.  0.1179139
7415.  0.06922603
7420.  0.0583254
7425.  0.2636119
7430.  0.0492797
7435.  0.2808426
7440.  0.2158487
7445.  0.2084117
7450.  0.2800381
7455.  0.1639733
7460.  0.4124807
7465.  0.1345366
7470.  0.1681833
7475.  0.2651311
7480.  0.2541028
7485.  0.3733356
7490.  0.3322332
7495.  0.1753089
7500.  0.2256331
7505.  -0.05084968
7510.  0.2078276
7515.  0.1913517
7520.  0.2103783
7525.  0.3068233
7530.  0.06512677
7535.  -0.02879255
7540.  0.1767578
7545.  0.06103483
7550.  0.1295782
7555.  0.1944837
7560.  0.2145375
7565.  0.1301771
7570.  0.07803696
7575.  0.1887504
7580.  0.1799912
7585.  0.3323999
7590.  0.1524797
7595.  0.1573893
7600.  0.1711104
7605.  0.2113234
7610.  0.2585194
7615.  0.2367995
7620.  0.1208944
7625.  0.2721453
7630.  0.2152506
7635.  0.1841805
7640.  0.1004284
7645.  0.2241513
7650.  0.2025029
7655.  0.3107162
7660.  0.2077186
7665.  0.1927445
7670.  0.06095867
7675.  0.1865729
7680.  0.009334477
7685.  -0.003512714
7690.  0.2553329
7695.  0.5556144
7700.  0.103004
7705.  0.03614983
7710.  0.2001429
7715.  0.07261547
7720.  0.2489874
7725.  0.3005952
7730.  0.1647249
7735.  0.07825185
7740.  0.04123407
7745.  0.174772
7750.  0.4658611
7755.  0.05133332
7760.  -5.965357E-4
7765.  0.1017637
7770.  0.1751257
7775.  0.3349163
7780.  0.2530658
7785.  0.2301114
7790.  0.1963681
7795.  0.1667615
7800.  0.2714715
7805.  0.4750433
7810.  0.1741046
7815.  0.2963723
7820.  0.07049432
7825.  0.1817909
7830.  0.1887966
7835.  0.4143294
7840.  0.07065316
7845.  0.3767231
7850.  0.004735733
7855.  -0.1846681
7860.  -0.02832432
7865.  0.03996899
7870.  0.3521838
7875.  0.1937547
7880.  0.1790914
7885.  0.3177007
7890.  0.2387204
7895.  -0.07469163
7900.  0.05287615
7905.  0.2744469
7910.  -0.04323687
7915.  0.2472591
7920.  0.2077014
7925.  0.2478162
7930.  0.2521928
7935.  0.0817266
7940.  0.0905177
7945.  0.3361244
7950.  0.2327604
7955.  0.1398415
7960.  0.05697035
7965.  -0.1544857
7970.  -0.09000407
7975.  0.3063389
7980.  0.2598076
7985.  0.2348446
7990.  0.01670545
7995.  0.2321413
8000.  -0.0238746
8005.  0.07223811
8010.  0.04843903
8015.  0.04604914
8020.  0.02011979
8025.  0.1079792
8030.  0.1137547
8035.  0.1337463
8040.  0.1627046
8045.  0.3306179
8050.  0.4714088
8055.  0.0957638
8060.  0.05231361
8065.  0.1615518
8070.  0.4441042
8075.  -0.03523728
8080.  0.08072963
8085.  0.2638574
8090.  0.2853315
8095.  0.2454478
8100.  -0.006829822
8105.  -0.03641713
8110.  -0.1208209
8115.  0.05678824
8120.  0.2364
8125.  -0.0549621
8130.  0.0335502
8135.  0.0821602
8140.  0.06054698
8145.  0.2058592
8150.  0.2745781
8155.  0.2614033
8160.  0.1576813
8165.  0.1972584
8170.  0.445341
8175.  0.1748129
8180.  0.07499424
8185.  0.2672185
8190.  0.5536548
8195.  0.4995442
8200.  0.1931026
8205.  0.198306
8210.  0.2732488
8215.  0.3491867
8220.  0.0427266
8225.  -0.08725386
8230.  0.00304349
8235.  -0.26278
8240.  0.03675422
8245.  0.01605797
8250.  0.4116032
8255.  0.1953293
8260.  0.001572314
8265.  0.3661858
8270.  -0.03720813
8275.  0.3064673
8280.  0.657709
8285.  0.1116012
8290.  -0.1267687
8295.  -0.1029583
8300.  0.5353652
8305.  0.5428003
8310.  0.1755822
8315.  0.2546213
8320.  -0.2697527
8325.  0.0317598
8330.  0.1258804
8335.  0.06098276
8340.  -0.1014625
8345.  0.6093131
8350.  0.5906032
8355.  0.4258813
8360.  0.4821883
8365.  0.811909
8370.  0.2238204
8375.  0.3968405
8380.  -0.116644
8385.  0.1876428
8390.  0.4716872
8395.  0.5760996
8400.  0.7526553
8405.  0.05878468
8410.  0.2565137
8415.  0.3902993
8420.  0.7885734
8425.  0.2322404
8430.  -0.09557627
8435.  -0.04652773
8440.  0.05334703
8445.  0.1019584
8450.  -0.2725359
8455.  -0.217075
8460.  0.6299772
