      3520.00   0.00103109
      3522.50   0.00284118
      3525.00  0.000996558
      3527.50   0.00126751
      3530.00 -0.000980604
      3532.50  0.000740835
      3535.00   0.00128493
      3537.50  0.000496572
      3540.00  0.000375171
      3542.50   0.00124866
      3545.00   0.00149629
      3547.50   0.00177071
      3550.00  0.000840631
      3552.50   0.00362299
      3555.00  8.82310e-05
      3557.50  0.000832088
      3560.00 -0.000760905
      3562.50  -0.00146820
      3565.00 -0.000441444
      3567.50   0.00207448
      3570.00   0.00104584
      3572.50   0.00157570
      3575.00 -0.000235987
      3577.50 -0.000772247
      3580.00  0.000222278
      3582.50   0.00209744
      3585.00  0.000708079
      3587.50  0.000240547
      3590.00  -0.00107926
      3592.50  0.000809709
      3595.00 -0.000264099
      3597.50  0.000145553
      3600.00 -0.000484421
      3602.50   0.00113766
      3605.00 -0.000600500
      3607.50   0.00150986
      3610.00  0.000239885
      3612.50 -8.94425e-05
      3615.00   0.00144020
      3617.50   0.00109418
      3620.00  0.000352484
      3622.50 -0.000128586
      3625.00   0.00119806
      3627.50 -0.000371675
      3630.00  0.000902767
      3632.50 -0.000665408
      3635.00  0.000529029
      3637.50   0.00133982
      3640.00  0.000192397
      3642.50  0.000201770
      3645.00   0.00165990
      3647.50  0.000341617
      3650.00  -0.00157250
      3652.50  0.000917817
      3655.00   0.00148320
      3657.50   0.00122765
      3660.00  0.000525549
      3662.50  0.000787395
      3665.00  0.000241561
      3667.50   0.00320010
      3670.00   0.00123561
      3672.50  0.000992927
      3675.00 -0.000186365
      3677.50  0.000717934
      3680.00  0.000771138
      3682.50 -0.000205378
      3685.00   0.00107226
      3687.50  0.000803840
      3690.00  0.000453073
      3692.50   0.00213566
      3695.00   0.00137326
      3697.50   0.00108877
      3700.00   0.00123271
      3702.50   0.00156212
      3705.00  0.000709147
      3707.50   0.00182931
      3710.00   0.00164398
      3712.50  0.000348752
      3715.00   0.00110966
      3717.50  0.000923608
      3720.00   0.00222341
      3722.50   0.00182374
      3725.00  0.000899925
      3727.50   0.00125488
      3730.00   0.00163664
      3732.50   0.00169528
      3735.00  0.000470002
      3737.50 -0.000636041
      3740.00   0.00145317
      3742.50  0.000829629
      3745.00  0.000883639
      3747.50  0.000551102
      3750.00   0.00155244
      3752.50  0.000771741
      3755.00   0.00134008
      3757.50  0.000788349
      3760.00  0.000370367
      3762.50  0.000405338
      3765.00  0.000650062
      3767.50   0.00154042
      3770.00   0.00112586
      3772.50   0.00181164
      3775.00 -0.000583875
      3777.50 -0.000650844
      3780.00  0.000924651
      3782.50   0.00159601
      3785.00   0.00153485
      3787.50 -0.000718233
      3790.00  0.000533135
      3792.50   0.00153280
      3795.00  0.000955642
      3797.50  0.000575977
      3800.00  0.000306850
      3802.50  0.000747222
      3805.00  0.000935192
      3807.50   0.00115395
      3810.00  7.55609e-05
      3812.50   0.00126149
      3815.00 -2.60141e-05
      3817.50  -0.00103436
      3820.00  0.000579241
      3822.50   0.00156615
      3825.00   0.00136921
      3827.50   0.00113115
      3830.00   0.00119294
      3832.50   0.00109056
      3835.00   0.00181951
      3837.50   0.00110661
      3840.00  0.000875500
      3842.50   0.00174384
      3845.00   0.00123406
      3847.50  0.000828000
      3850.00  0.000703034
      3852.50   0.00238505
      3855.00   0.00247205
      3857.50   0.00186517
      3860.00   0.00164268
      3862.50   0.00175170
      3865.00   0.00112159
      3867.50  0.000982663
      3870.00   0.00128044
      3872.50  0.000841067
      3875.00   0.00194465
      3877.50  0.000937798
      3880.00   0.00167732
      3882.50  0.000628873
      3885.00   0.00110570
      3887.50   0.00198962
      3890.00   0.00115985
      3892.50  0.000706195
      3895.00  9.16674e-05
      3897.50  0.000800075
      3900.00 -9.59104e-05
      3902.50   0.00148839
      3905.00   0.00118707
      3907.50  0.000741344
      3910.00   0.00108745
      3912.50  0.000813103
      3915.00  0.000366023
      3917.50  0.000942217
      3920.00  0.000630157
      3922.50 -0.000247196
      3925.00   0.00101099
      3927.50   0.00101269
      3930.00  0.000239828
      3932.50   0.00111526
      3935.00  0.000636805
      3937.50  0.000240312
      3940.00  0.000631230
      3942.50  0.000175004
      3945.00 -0.000767720
      3947.50   0.00144015
      3950.00  0.000985566
      3952.50   0.00120812
      3955.00  0.000168111
      3957.50 -0.000161739
      3960.00  0.000681732
      3962.50 -0.000433884
      3965.00   0.00149746
      3967.50  0.000555282
      3970.00  0.000487170
      3972.50  0.000743668
      3975.00  0.000816644
      3977.50   0.00197619
      3980.00  0.000375484
      3982.50   0.00118180
      3985.00   0.00207881
      3987.50  0.000871698
      3990.00  0.000441274
      3992.50   0.00134385
      3995.00   0.00147077
      3997.50   0.00160343
      4000.00   0.00124640
      4002.50   0.00114812
      4005.00   0.00123287
      4007.50   0.00113648
      4010.00  0.000956749
      4012.50  0.000663029
      4015.00  0.000483787
      4017.50  0.000134010
      4020.00   0.00155843
      4022.50   0.00175676
      4025.00   0.00234864
      4027.50   0.00129226
      4030.00   0.00111840
      4032.50   0.00136909
      4035.00   0.00208594
      4037.50   0.00123026
      4040.00  0.000992732
      4042.50   0.00149277
      4045.00  0.000945431
      4047.50   0.00177960
      4050.00   0.00207779
      4052.50   0.00223421
      4055.00   0.00191519
      4057.50   0.00156120
      4060.00   0.00111871
      4062.50   0.00185372
      4065.00   0.00206236
      4067.50   0.00101969
      4070.00  0.000859468
      4072.50   0.00130712
      4075.00  0.000786822
      4077.50   0.00194898
      4080.00   0.00207730
      4082.50   0.00155888
      4085.00  0.000970305
      4087.50  0.000646573
      4090.00   0.00115538
      4092.50   0.00165902
      4095.00   0.00209099
      4097.50   0.00174165
      4100.00   0.00154964
      4102.50   0.00156160
      4105.00   0.00138306
      4107.50   0.00126712
      4110.00   0.00118194
      4112.50   0.00141082
      4115.00   0.00196372
      4117.50   0.00192574
      4120.00   0.00127811
      4122.50   0.00109992
      4125.00   0.00154042
      4127.50  0.000806227
      4130.00   0.00168866
      4132.50   0.00200256
      4135.00   0.00133028
      4137.50   0.00121839
      4140.00  0.000760934
      4142.50   0.00135169
      4145.00   0.00212286
      4147.50   0.00166081
      4150.00  0.000605126
      4152.50   0.00139896
      4155.00   0.00164820
      4157.50   0.00131574
      4160.00   0.00118618
      4162.50   0.00127242
      4165.00   0.00195206
      4167.50  0.000767273
      4170.00   0.00150156
      4172.50   0.00131237
      4175.00   0.00203758
      4177.50  0.000756874
      4180.00   0.00163520
      4182.50  0.000953290
      4185.00   0.00183419
      4187.50   0.00121942
      4190.00  0.000723202
      4192.50   0.00137669
      4195.00   0.00178103
      4197.50   0.00137691
      4200.00  0.000811654
      4202.50  0.000959215
      4205.00   0.00129927
      4207.50   0.00125537
      4210.00 -2.48404e-05
      4212.50  0.000270796
      4215.00   0.00163210
      4217.50   0.00127533
      4220.00   0.00186449
      4222.50  0.000165506
      4225.00  0.000818412
      4227.50  0.000698777
      4230.00 -0.000391264
      4232.50  0.000835323
      4235.00   0.00117128
      4237.50  0.000575539
      4240.00  0.000159989
      4242.50  0.000396622
      4245.00   0.00139282
      4247.50   0.00125685
      4250.00  0.000752324
      4252.50   0.00136969
      4255.00  0.000738628
      4257.50  0.000815837
      4260.00   0.00146639
      4262.50   0.00125528
      4265.00  0.000508774
      4267.50   0.00112666
      4270.00   0.00168708
      4272.50   0.00109658
      4275.00   0.00104910
      4277.50  0.000713156
      4280.00   0.00119189
      4282.50  0.000882989
      4285.00  0.000394118
      4287.50  0.000370256
      4290.00  0.000831006
      4292.50   0.00143800
      4295.00   0.00114830
      4297.50  0.000384627
      4300.00  0.000786745
      4302.50   0.00139640
      4305.00   0.00170090
      4307.50  0.000996530
      4310.00   0.00136300
      4312.50  0.000812423
      4315.00  0.000750821
      4317.50  0.000966619
      4320.00   0.00136331
      4322.50   0.00125486
      4325.00  0.000231065
      4327.50   0.00154284
      4330.00   0.00164469
      4332.50   0.00164947
      4335.00  0.000885369
      4337.50  0.000648708
      4340.00  0.000863522
      4342.50  0.000699925
      4345.00 -0.000685276
      4347.50   0.00102132
      4350.00   0.00146978
      4352.50  0.000617343
      4355.00  0.000925171
      4357.50  0.000475077
      4360.00 -0.000294575
      4362.50  0.000906867
      4365.00   0.00134053
      4367.50  0.000739543
      4370.00   0.00171015
      4372.50   0.00113174
      4375.00   0.00190909
      4377.50   0.00156017
      4380.00   0.00119215
      4382.50   0.00132929
      4385.00  0.000763201
      4387.50  0.000606429
      4390.00  0.000503598
      4392.50   0.00136577
      4395.00   0.00106117
      4397.50  0.000913697
      4400.00   0.00172286
      4402.50   0.00106080
      4405.00  0.000433802
      4407.50  0.000910147
      4410.00   0.00107314
      4412.50   0.00131409
      4415.00  0.000954664
      4417.50  0.000829907
      4420.00  0.000312612
      4422.50   0.00107586
      4425.00   0.00104634
      4427.50  0.000816266
      4430.00  0.000979426
      4432.50  0.000734868
      4435.00  6.60682e-05
      4437.50   0.00152991
      4440.00   0.00108590
      4442.50   0.00139241
      4445.00  0.000565193
      4447.50   0.00150341
      4450.00   0.00144713
      4452.50   0.00145286
      4455.00   0.00131913
      4457.50   0.00118144
      4460.00   0.00149025
      4462.50   0.00142347
      4465.00   0.00152999
      4467.50  0.000957357
      4470.00   0.00139793
      4472.50   0.00176226
      4475.00   0.00111838
      4477.50  0.000608447
      4480.00   0.00170769
      4482.50   0.00131525
      4485.00   0.00103422
      4487.50   0.00105883
      4490.00   0.00163946
      4492.50   0.00129161
      4495.00  0.000660171
      4497.50   0.00113324
      4500.00   0.00112379
      4502.50  0.000945857
      4505.00   0.00141653
      4507.50  0.000602196
      4510.00   0.00103351
      4512.50  0.000987138
      4515.00   0.00141275
      4517.50   0.00227171
      4520.00   0.00124556
      4522.50  0.000802431
      4525.00   0.00105173
      4527.50   0.00151586
      4530.00   0.00126799
      4532.50  0.000397364
      4535.00   0.00146476
      4537.50  0.000938073
      4540.00  0.000600632
      4542.50  0.000897722
      4545.00  0.000609680
      4547.50  0.000892639
      4550.00  0.000440373
      4552.50   0.00150320
      4555.00  0.000700191
      4557.50  0.000986614
      4560.00  0.000891790
      4562.50   0.00119503
      4565.00  0.000764173
      4567.50  0.000516309
      4570.00  0.000371415
      4572.50  0.000846106
      4575.00  0.000682852
      4577.50  1.18550e-05
      4580.00  0.000265743
      4582.50   0.00136915
      4585.00   0.00109554
      4587.50  0.000534019
      4590.00  0.000634570
      4592.50   0.00145130
      4595.00  0.000716524
      4597.50  0.000836416
      4600.00  0.000431461
      4602.50  0.000475254
      4605.00  0.000149078
      4607.50  0.000820486
      4610.00   0.00102344
      4612.50  0.000446974
      4615.00  0.000194467
      4617.50   0.00127510
      4620.00  0.000895500
      4622.50  0.000733270
      4625.00   0.00127767
      4627.50   0.00131691
      4630.00  0.000457527
      4632.50   0.00128894
      4635.00   0.00120464
      4637.50  0.000966663
      4640.00   0.00139201
      4642.50  0.000906330
      4645.00   0.00153771
      4647.50  0.000895483
      4650.00   0.00143094
      4652.50   0.00160747
      4655.00   0.00116353
      4657.50  0.000584890
      4660.00   0.00175443
      4662.50   0.00136768
      4665.00  0.000603131
      4667.50   0.00159416
      4670.00   0.00106144
      4672.50   0.00214935
      4675.00   0.00134626
      4677.50   0.00258607
      4680.00   0.00127723
      4682.50   0.00174550
      4685.00   0.00216329
      4687.50   0.00144082
      4690.00   0.00212445
      4692.50   0.00201944
      4695.00   0.00161199
      4697.50   0.00139912
      4700.00   0.00231901
      4702.50   0.00132075
      4705.00   0.00164935
      4707.50   0.00180862
      4710.00   0.00240498
      4712.50   0.00219371
      4715.00   0.00229170
      4717.50   0.00229693
      4720.00   0.00226807
      4722.50   0.00166391
      4725.00   0.00245738
      4727.50   0.00197890
      4730.00   0.00163558
      4732.50   0.00131806
      4735.00  0.000693295
      4737.50  0.000927430
      4740.00   0.00298998
      4742.50   0.00198662
      4745.00   0.00233498
      4747.50   0.00280227
      4750.00   0.00218109
      4752.50   0.00251984
      4755.00   0.00193421
      4757.50   0.00248120
      4760.00   0.00218404
      4762.50   0.00248754
      4765.00   0.00271409
      4767.50   0.00178236
      4770.00   0.00310964
      4772.50   0.00271918
      4775.00   0.00150252
      4777.50   0.00190397
      4780.00   0.00297493
      4782.50   0.00193494
      4785.00   0.00294604
      4787.50   0.00228206
      4790.00   0.00306294
      4792.50   0.00256496
      4795.00   0.00222954
      4797.50   0.00273281
      4800.00   0.00204178
      4802.50   0.00207527
      4805.00   0.00240412
      4807.50   0.00279156
      4810.00   0.00266183
      4812.50   0.00188151
      4815.00   0.00270336
      4817.50   0.00216903
      4820.00   0.00211104
      4822.50   0.00302287
      4825.00   0.00259071
      4827.50   0.00262248
      4830.00   0.00234047
      4832.50   0.00208666
      4835.00   0.00245213
      4837.50   0.00237345
      4840.00   0.00244541
      4842.50   0.00201347
      4845.00   0.00252576
      4847.50   0.00235670
      4850.00   0.00213356
      4852.50   0.00206836
      4855.00   0.00250055
      4857.50   0.00176793
      4860.00   0.00347675
      4862.50   0.00189996
      4865.00   0.00245255
      4867.50   0.00179996
      4870.00   0.00212232
      4872.50   0.00249906
      4875.00   0.00211493
      4877.50   0.00285820
      4880.00   0.00219354
      4882.50   0.00173884
      4885.00   0.00316584
      4887.50   0.00257778
      4890.00   0.00256429
      4892.50   0.00176448
      4895.00   0.00167036
      4897.50   0.00139651
      4900.00   0.00199697
      4902.50   0.00129941
      4905.00   0.00121278
      4907.50   0.00172728
      4910.00   0.00132745
      4912.50   0.00159237
      4915.00   0.00161759
      4917.50   0.00141254
      4920.00   0.00150581
      4922.50  0.000813515
      4925.00  0.000715350
      4927.50  0.000924074
      4930.00  0.000756201
      4932.50   0.00146106
      4935.00  0.000857866
      4937.50   0.00100601
      4940.00   0.00149834
      4942.50   0.00151405
      4945.00   0.00134925
      4947.50  0.000942089
      4950.00  0.000946404
      4952.50   0.00108997
      4955.00  0.000467465
      4957.50   0.00118143
      4960.00   0.00148086
      4962.50  0.000830984
      4965.00  0.000874797
      4967.50  0.000847158
      4970.00  0.000961914
      4972.50  0.000840981
      4975.00  0.000529914
      4977.50  0.000575391
      4980.00  0.000815041
      4982.50  0.000658718
      4985.00 -0.000231171
      4987.50  0.000932751
      4990.00 -0.000242545
      4992.50   0.00145347
      4995.00  1.89349e-05
      4997.50  0.000754373
      5000.00  0.000500156
      5002.50  0.000467828
      5005.00  0.000609025
      5007.50 -0.000618195
      5010.00   0.00167210
      5012.50  0.000624577
      5015.00  0.000792446
      5017.50   0.00123791
      5020.00   0.00139132
      5022.50   0.00177209
      5025.00   0.00130612
      5027.50   0.00173744
      5030.00  0.000475218
      5032.50  0.000886399
      5035.00  0.000625863
      5037.50  0.000987032
      5040.00  0.000661140
      5042.50  0.000769093
      5045.00  0.000584884
      5047.50  0.000996619
      5050.00   0.00126221
      5052.50   0.00156009
      5055.00   0.00108119
      5057.50  0.000823931
      5060.00  0.000306706
      5062.50  0.000944819
      5065.00   0.00131833
      5067.50   0.00177551
      5070.00   0.00170441
      5072.50  0.000494827
      5075.00   0.00109895
      5077.50  0.000922529
      5080.00   0.00146520
      5082.50  0.000762434
      5085.00   0.00131913
      5087.50   0.00121507
      5090.00   0.00122537
      5092.50   0.00140997
      5095.00   0.00160209
      5097.50   0.00129823
      5100.00  0.000975947
      5102.50   0.00120805
      5105.00   0.00128382
      5107.50  0.000174685
      5110.00   0.00209311
      5112.50   0.00187637
      5115.00   0.00147982
      5117.50   0.00167591
      5120.00   0.00190913
      5122.50   0.00178398
      5125.00   0.00226889
      5127.50   0.00185386
      5130.00   0.00140679
      5132.50   0.00116598
      5135.00   0.00144024
      5137.50   0.00134473
      5140.00   0.00155765
      5142.50   0.00115187
      5145.00   0.00144967
      5147.50   0.00183982
      5150.00   0.00177710
      5152.50  0.000947763
      5155.00   0.00118006
      5157.50   0.00147671
      5160.00  0.000300345
      5162.50  0.000846927
      5165.00   0.00173850
      5167.50   0.00193401
      5170.00   0.00162504
      5172.50   0.00146502
      5175.00   0.00113069
      5177.50  0.000602810
      5180.00   0.00123672
      5182.50  0.000535821
      5185.00  0.000783902
      5187.50   0.00102407
      5190.00  0.000325146
      5192.50   0.00154236
      5195.00   0.00156236
      5197.50   0.00200534
      5200.00  0.000975023
      5202.50  0.000762171
      5205.00  0.000959885
      5207.50   0.00113042
      5210.00  4.66419e-05
      5212.50  0.000429812
      5215.00   0.00127132
      5217.50   0.00145461
      5220.00   0.00126111
      5222.50   0.00149727
      5225.00   0.00123197
      5227.50   0.00143448
      5230.00   0.00122015
      5232.50   0.00127813
      5235.00  0.000712218
      5237.50  0.000816935
      5240.00  0.000872776
      5242.50  0.000871734
      5245.00   0.00128610
      5247.50   0.00155188
      5250.00   0.00125960
      5252.50  0.000971554
      5255.00  0.000729818
      5257.50   0.00158880
      5260.00   0.00138050
      5262.50  0.000695887
      5265.00   0.00146785
      5267.50  0.000686895
      5270.00  0.000261193
      5272.50   0.00134732
      5275.00   0.00115844
      5277.50   0.00102119
      5280.00   0.00105878
      5282.50   0.00108862
      5285.00   0.00109349
      5287.50   0.00130893
      5290.00   0.00146358
      5292.50   0.00137021
      5295.00  0.000600147
      5297.50   0.00118735
      5300.00   0.00107020
      5302.50  0.000962921
      5305.00   0.00137276
      5307.50   0.00148566
      5310.00   0.00149303
      5312.50   0.00119253
      5315.00   0.00173556
      5317.50   0.00213261
      5320.00   0.00108753
      5322.50  0.000735267
      5325.00   0.00160161
      5327.50   0.00114462
      5330.00   0.00102345
      5332.50   0.00183641
      5335.00   0.00136122
      5337.50   0.00186296
      5340.00   0.00116246
      5342.50   0.00179396
      5345.00  0.000937589
      5347.50   0.00224970
      5350.00   0.00121493
      5352.50   0.00144999
      5355.00  0.000385368
      5357.50   0.00175370
      5360.00   0.00122635
      5362.50   0.00125288
      5365.00   0.00100987
      5367.50   0.00165198
      5370.00   0.00109343
      5372.50   0.00203971
      5375.00  0.000884926
      5377.50  0.000418466
      5380.00   0.00136691
      5382.50   0.00140250
      5385.00   0.00102621
      5387.50  0.000439519
      5390.00  0.000975832
      5392.50   0.00174977
      5395.00   0.00187917
      5397.50   0.00123920
      5400.00   0.00224498
      5402.50   0.00229479
      5405.00   0.00197369
      5407.50   0.00130257
      5410.00   0.00127137
      5412.50   0.00125444
      5415.00   0.00139683
      5417.50   0.00134757
      5420.00   0.00174532
      5422.50   0.00135192
      5425.00   0.00185835
      5427.50   0.00207299
      5430.00   0.00179176
      5432.50   0.00132964
      5435.00   0.00266008
      5437.50   0.00229876
      5440.00   0.00291926
      5442.50   0.00192451
      5445.00   0.00218653
      5447.50   0.00103741
      5450.00   0.00306183
      5452.50   0.00109300
      5455.00  0.000857298
      5457.50   0.00165781
      5460.00  -0.00105540
      5462.50   0.00231185
      5465.00  0.000256384
      5467.50   0.00206265
      5470.00   0.00118943
      5472.50   0.00191639
      5475.00   0.00214031
      5477.50   0.00300563
      5480.00   0.00149941
      5482.50  0.000509745
      5485.00   0.00299448
      5487.50   0.00119560
      5490.00   0.00205678
      5492.50   0.00208992
      5495.00   0.00201629
      5497.50   0.00186047
      5500.00   0.00188976
      5502.50   0.00142605
      5505.00   0.00173319
      5507.50   0.00181536
      5510.00   0.00151054
      5512.50   0.00209693
      5515.00   0.00271235
      5517.50   0.00181119
      5520.00   0.00267350
      5522.50   0.00182757
      5525.00   0.00195211
      5527.50   0.00125520
      5530.00   0.00175295
      5532.50   0.00210663
      5535.00   0.00189492
      5537.50   0.00284638
      5540.00   0.00214070
      5542.50   0.00287513
      5545.00   0.00269703
      5547.50   0.00169853
      5550.00   0.00189021
      5552.50   0.00219698
      5555.00   0.00154779
      5557.50   0.00246161
      5560.00   0.00122982
      5562.50   0.00221817
      5565.00   0.00219845
      5567.50   0.00151937
      5570.00   0.00196978
      5572.50   0.00150927
      5575.00   0.00218456
      5577.50   0.00364396
      5580.00   0.00298156
      5582.50   0.00265139
      5585.00   0.00324677
      5587.50   0.00347199
      5590.00   0.00251851
      5592.50   0.00163688
      5595.00   0.00145222
      5597.50   0.00146919
      5600.00   0.00173585
      5602.50   0.00184874
      5605.00   0.00160482
      5607.50   0.00145247
      5610.00   0.00141379
      5612.50   0.00150041
      5615.00   0.00184601
      5617.50   0.00194224
      5620.00   0.00174941
      5622.50   0.00160539
      5625.00   0.00150073
      5627.50   0.00127132
      5630.00  0.000780972
      5632.50  0.000810092
      5635.00   0.00126416
      5637.50   0.00157588
      5640.00   0.00190971
      5642.50   0.00206696
      5645.00   0.00209837
      5647.50   0.00203749
      5650.00   0.00188082
      5652.50   0.00173074
      5655.00   0.00157389
      5657.50   0.00153791
      5660.00   0.00155368
      5662.50   0.00143754
      5665.00   0.00136728
      5667.50   0.00178570
      5670.00   0.00223574
      5672.50   0.00211734
      5675.00   0.00180816
      5677.50   0.00145691
      5680.00   0.00114803
      5682.50   0.00101294
      5685.00  0.000965649
      5687.50   0.00103343
      5690.00   0.00107372
      5692.50  0.000888749
      5695.00  0.000990348
      5697.50   0.00171199
      5700.00   0.00218073
      5702.50   0.00224601
      5705.00   0.00224988
      5707.50   0.00218562
      5710.00   0.00206322
      5712.50   0.00182062
      5715.00   0.00168989
      5717.50   0.00159261
      5720.00   0.00170761
      5722.50   0.00220004
      5725.00   0.00213414
      5727.50   0.00159377
      5730.00   0.00142604
      5732.50   0.00140570
      5735.00   0.00167962
      5737.50   0.00223487
      5740.00   0.00237236
      5742.50   0.00229118
      5745.00   0.00216096
      5747.50   0.00195760
      5750.00   0.00184611
      5752.50   0.00178467
      5755.00   0.00184355
      5757.50   0.00192031
      5760.00   0.00177987
      5762.50   0.00157079
      5765.00   0.00137844
      5767.50   0.00126239
      5770.00   0.00138666
      5772.50   0.00155106
      5775.00   0.00163107
      5777.50   0.00168441
      5780.00   0.00180288
      5782.50   0.00170727
      5785.00   0.00113533
      5787.50  0.000683140
      5790.00  0.000554715
      5792.50  0.000376174
      5795.00 -2.74938e-06
      5797.50 -0.000117538
      5800.00  0.000116189
      5802.50  0.000361459
      5805.00  0.000673553
      5807.50  0.000938308
      5810.00   0.00129807
      5812.50   0.00125114
      5815.00  0.000692215
      5817.50  0.000560238
      5820.00  0.000697843
      5822.50  0.000691294
      5825.00  0.000629398
      5827.50  0.000678952
      5830.00  0.000810927
      5832.50  0.000631034
      5835.00  0.000262350
      5837.50  7.11425e-05
      5840.00 -1.70481e-05
      5842.50  0.000329731
      5845.00  0.000836300
      5847.50  0.000706379
      5850.00  0.000355262
      5852.50  0.000201140
      5855.00  0.000135525
      5857.50  0.000262260
      5860.00  0.000413489
      5862.50  0.000375611
      5865.00  0.000351958
      5867.50  0.000567537
      5870.00  0.000632174
      5872.50  0.000197903
      5875.00 -0.000141581
      5877.50 -0.000154308
      5880.00 -8.70705e-05
      5882.50  0.000122092
      5885.00  0.000161641
      5887.50 -0.000269826
      5890.00 -0.000177702
      5892.50  0.000801020
      5895.00   0.00127379
      5897.50   0.00130204
      5900.00   0.00107009
      5902.50  0.000287896
      5905.00  6.41158e-05
      5907.50  0.000359159
      5910.00  0.000348362
      5912.50  0.000189294
      5915.00  9.44515e-05
      5917.50 -2.62836e-05
      5920.00  0.000180195
      5922.50  0.000643746
      5925.00  0.000890033
      5927.50   0.00103948
      5930.00  0.000783640
      5932.50  0.000285032
      5935.00  9.61256e-05
      5937.50  8.74165e-05
      5940.00  0.000528939
      5942.50   0.00108966
      5945.00   0.00104704
      5947.50  0.000804952
      5950.00  0.000614899
      5952.50  0.000507356
      5955.00  0.000659663
      5957.50  0.000928660
      5960.00   0.00134326
      5962.50   0.00163190
      5965.00   0.00156485
      5967.50   0.00142054
      5970.00   0.00120453
      5972.50   0.00111477
      5975.00   0.00120121
      5977.50   0.00144528
      5980.00   0.00202826
      5982.50   0.00230079
      5985.00   0.00210961
      5987.50   0.00203982
      5990.00   0.00204498
      5992.50   0.00214146
      5995.00   0.00246395
      5997.50   0.00243965
      6000.00   0.00200745
      6002.50   0.00193781
      6005.00   0.00209812
      6007.50   0.00219433
      6010.00   0.00230752
      6012.50   0.00236314
      6015.00   0.00236984
      6017.50   0.00258147
      6020.00   0.00291889
      6022.50   0.00307022
      6025.00   0.00311078
      6027.50   0.00286029
      6030.00   0.00248989
      6032.50   0.00253498
      6035.00   0.00275397
      6037.50   0.00300203
      6040.00   0.00320311
      6042.50   0.00305912
      6045.00   0.00284871
      6047.50   0.00283354
      6050.00   0.00282970
      6052.50   0.00271956
      6055.00   0.00264530
      6057.50   0.00266194
      6060.00   0.00276409
      6062.50   0.00314278
      6065.00   0.00318697
      6067.50   0.00243329
      6070.00   0.00207904
      6072.50   0.00239028
      6075.00   0.00275967
      6077.50   0.00336850
      6080.00   0.00353952
      6082.50   0.00310486
      6085.00   0.00292778
      6087.50   0.00295088
      6090.00   0.00293815
      6092.50   0.00297577
      6095.00   0.00285808
      6097.50   0.00253397
      6100.00   0.00259670
      6102.50   0.00297772
      6105.00   0.00298633
      6107.50   0.00278650
      6110.00   0.00269468
      6112.50   0.00262404
      6115.00   0.00253064
      6117.50   0.00242814
      6120.00   0.00230021
      6122.50   0.00219082
      6125.00   0.00228348
      6127.50   0.00249313
      6130.00   0.00282332
      6132.50   0.00310547
      6135.00   0.00295085
      6137.50   0.00267899
      6140.00   0.00256985
      6142.50   0.00243069
      6145.00   0.00213105
      6147.50   0.00184156
      6150.00   0.00163784
      6152.50   0.00149456
      6155.00   0.00135524
      6157.50   0.00141635
      6160.00   0.00186800
      6162.50   0.00218962
      6165.00   0.00230558
      6167.50   0.00232435
      6170.00   0.00220075
      6172.50   0.00210413
      6175.00   0.00206165
      6177.50   0.00191916
      6180.00   0.00160019
      6182.50   0.00149296
      6185.00   0.00162924
      6187.50   0.00154636
      6190.00   0.00128105
      6192.50   0.00124695
      6195.00   0.00136914
      6197.50   0.00143164
      6200.00   0.00150659
      6202.50   0.00124302
      6205.00  0.000752242
      6207.50  0.000790626
      6210.00   0.00109346
      6212.50   0.00121387
      6215.00   0.00127894
      6217.50   0.00126988
      6220.00   0.00119858
      6222.50   0.00102752
      6225.00  0.000880181
      6227.50   0.00106478
      6230.00   0.00124850
      6232.50   0.00101632
      6235.00  0.000798640
      6237.50  0.000948846
      6240.00   0.00109631
      6242.50   0.00104464
      6245.00  0.000990479
      6247.50   0.00101459
      6250.00  0.000994230
      6252.50  0.000855358
      6255.00  0.000784535
      6257.50  0.000845008
      6260.00  0.000869733
      6262.50  0.000836063
      6265.00  0.000824439
      6267.50  0.000841251
      6270.00  0.000843591
      6272.50  0.000801554
      6275.00  0.000856842
      6277.50   0.00110496
      6280.00   0.00101703
      6282.50  0.000602314
      6285.00  0.000514144
      6287.50  0.000641600
      6290.00  0.000541901
      6292.50  0.000307172
      6295.00  0.000334456
      6297.50  0.000515180
      6300.00  0.000812599
      6302.50   0.00120066
      6305.00   0.00135447
      6307.50   0.00136838
      6310.00   0.00120529
      6312.50  0.000938663
      6315.00  0.000729555
      6317.50  0.000552338
      6320.00  0.000458058
      6322.50  0.000424644
      6325.00  0.000429080
      6327.50  0.000520016
      6330.00  0.000825551
      6332.50   0.00106365
      6335.00  0.000991038
      6337.50  0.000945092
      6340.00   0.00112787
      6342.50   0.00117845
      6345.00  0.000896204
      6347.50  0.000748967
      6350.00  0.000902789
      6352.50  0.000916388
      6355.00  0.000655561
      6357.50  0.000603363
      6360.00  0.000804466
      6362.50  0.000972090
      6365.00   0.00122425
      6367.50   0.00122588
      6370.00  0.000896861
      6372.50  0.000852930
      6375.00   0.00102019
      6377.50  0.000996664
      6380.00  0.000841063
      6382.50  0.000889992
      6385.00   0.00106909
      6387.50   0.00116230
      6390.00   0.00122913
      6392.50   0.00139109
      6395.00   0.00158312
      6397.50   0.00147935
      6400.00   0.00122388
      6402.50   0.00100124
      6405.00  0.000830131
      6407.50  0.000999344
      6410.00   0.00126346
      6412.50   0.00130401
      6415.00   0.00127963
      6417.50   0.00125054
      6420.00   0.00121898
      6422.50   0.00123638
      6425.00   0.00120955
      6427.50  0.000994720
      6430.00  0.000905968
      6432.50   0.00117926
      6435.00   0.00137522
      6437.50   0.00137953
      6440.00   0.00130204
      6442.50   0.00107384
      6445.00  0.000960582
      6447.50   0.00103997
      6450.00   0.00103869
      6452.50  0.000928735
      6455.00  0.000878164
      6457.50  0.000881406
      6460.00  0.000881692
      6462.50  0.000898728
      6465.00  0.000885419
      6467.50  0.000798819
      6470.00  0.000950149
      6472.50   0.00135027
      6475.00   0.00129325
      6477.50  0.000922508
      6480.00  0.000855949
      6482.50  0.000925157
      6485.00  0.000926065
      6487.50  0.000915264
      6490.00  0.000883547
      6492.50  0.000841141
      6495.00  0.000834971
      6497.50  0.000831513
      6500.00  0.000752911
      6502.50  0.000667693
      6505.00  0.000711349
      6507.50  0.000727183
      6510.00  0.000506166
      6512.50  0.000257714
      6515.00  8.40722e-05
      6517.50  2.50086e-05
      6520.00  0.000233478
      6522.50  0.000380747
      6525.00  0.000247523
      6527.50  0.000195723
      6530.00  0.000383672
      6532.50  0.000496921
      6535.00  0.000487015
      6537.50  0.000420664
      6540.00  0.000221053
      6542.50  0.000175465
      6545.00  0.000355301
      6547.50  0.000419830
      6550.00  0.000384327
      6552.50  0.000350694
      6555.00  0.000261253
      6557.50  0.000290041
      6560.00  0.000438178
      6562.50  0.000483086
      6565.00  0.000478122
      6567.50  0.000427773
      6570.00  0.000318156
      6572.50  0.000350251
      6575.00  0.000468656
      6577.50  0.000450862
      6580.00  0.000380289
      6582.50  0.000510697
      6585.00  0.000722318
      6587.50  0.000765806
      6590.00  0.000758447
      6592.50  0.000851766
      6595.00  0.000943042
      6597.50  0.000914503
      6600.00  0.000824898
      6602.50  0.000642791
      6605.00  0.000521081
      6607.50  0.000707283
      6610.00  0.000834719
      6612.50  0.000587822
      6615.00  0.000428917
      6617.50  0.000619274
      6620.00  0.000757498
      6622.50  0.000695310
      6625.00  0.000688031
      6627.50  0.000801540
      6630.00  0.000885475
      6632.50  0.000958854
      6635.00  0.000940487
      6637.50  0.000734721
      6640.00  0.000728727
      6642.50  0.000956599
      6645.00   0.00109489
      6647.50   0.00118353
      6650.00   0.00129615
      6652.50   0.00149113
      6655.00   0.00136619
      6657.50  0.000932884
      6660.00  0.000841585
      6662.50  0.000936407
      6665.00   0.00107077
      6667.50   0.00128313
      6670.00   0.00133382
      6672.50   0.00130159
      6675.00   0.00132004
      6677.50   0.00134604
      6680.00   0.00134559
      6682.50   0.00134891
      6685.00   0.00144604
      6687.50   0.00154972
      6690.00   0.00152348
      6692.50   0.00145081
      6695.00   0.00136516
      6697.50   0.00130443
      6700.00   0.00132834
      6702.50   0.00139084
      6705.00   0.00150591
      6707.50   0.00158459
      6710.00   0.00155852
      6712.50   0.00153446
      6715.00   0.00158028
      6717.50   0.00153344
      6720.00   0.00127535
      6722.50   0.00116375
      6725.00   0.00130502
      6727.50   0.00134032
      6730.00   0.00120084
      6732.50   0.00121585
      6735.00   0.00145491
      6737.50   0.00149387
      6740.00   0.00130862
      6742.50   0.00130889
      6745.00   0.00146332
      6747.50   0.00145559
      6750.00   0.00134911
      6752.50   0.00124132
      6755.00   0.00109622
      6757.50   0.00107193
      6760.00   0.00112625
      6762.50   0.00106815
      6765.00  0.000964267
      6767.50  0.000986974
      6770.00   0.00106267
      6772.50   0.00105601
      6775.00   0.00102922
      6777.50   0.00104149
      6780.00   0.00108836
      6782.50   0.00126723
      6785.00   0.00139533
      6787.50   0.00114562
      6790.00  0.000896204
      6792.50   0.00101778
      6795.00   0.00111513
      6797.50  0.000936364
      6800.00  0.000760543
      6802.50  0.000706632
      6805.00  0.000635058
      6807.50  0.000473694
      6810.00  0.000388825
      6812.50  0.000460136
      6815.00  0.000472018
      6817.50  0.000377078
      6820.00  0.000327287
      6822.50  0.000336736
      6825.00  0.000326648
      6827.50  0.000268472
      6830.00  0.000308121
      6832.50  0.000473236
      6835.00  0.000547111
      6837.50  0.000600556
      6840.00  0.000517107
      6842.50  0.000288217
      6845.00  0.000170759
      6847.50  9.24330e-05
      6850.00  0.000149049
      6852.50  0.000315918
      6855.00  0.000385806
      6857.50  0.000413621
      6860.00  0.000348339
      6862.50  0.000231578
      6865.00  0.000230268
      6867.50  0.000253676
      6870.00  0.000141024
      6872.50  6.98997e-06
      6875.00 -2.62649e-05
      6877.50  2.85679e-05
      6880.00  0.000303113
      6882.50  0.000533956
      6885.00  0.000459074
      6887.50  0.000264536
      6890.00 -6.16811e-05
      6892.50 -0.000307774
      6895.00 -0.000354699
      6897.50 -0.000289331
      6900.00 -1.41064e-05
      6902.50  0.000108893
      6905.00 -7.40634e-05
      6907.50 -0.000189097
      6910.00 -0.000211662
      6912.50 -0.000189282
      6915.00 -5.75583e-05
      6917.50 -5.97275e-05
      6920.00 -0.000248067
      6922.50 -0.000304611
      6925.00 -0.000260338
      6927.50 -0.000206515
      6930.00 -9.03670e-05
      6932.50 -8.53812e-05
      6935.00 -0.000185389
      6937.50 -0.000125489
      6940.00  4.69071e-05
      6942.50  7.28001e-05
      6945.00  2.02939e-05
      6947.50  6.69206e-06
      6950.00 -4.75547e-06
      6952.50 -9.74712e-05
      6955.00 -0.000210679
      6957.50 -9.76673e-05
      6960.00  9.15005e-05
      6962.50  0.000115693
      6965.00  4.17678e-05
      6967.50 -0.000220024
      6970.00 -0.000485122
      6972.50 -0.000505585
      6975.00 -0.000407094
      6977.50 -0.000126341
      6980.00  4.66097e-05
      6982.50 -0.000222889
      6985.00 -0.000442875
      6987.50 -0.000351099
      6990.00 -0.000276677
      6992.50 -0.000319172
      6995.00 -0.000346848
      6997.50 -0.000342099
      7000.00 -0.000323335
      7002.50 -0.000268690
      7005.00 -0.000259495
      7007.50 -0.000304233
      7010.00 -0.000357567
      7012.50 -0.000436339
      7015.00 -0.000491398
      7017.50 -0.000560763
      7020.00 -0.000521213
      7022.50 -0.000346452
      7025.00 -0.000307707
      7027.50 -0.000370958
      7030.00 -0.000312663
      7032.50 -0.000183671
      7035.00 -4.47613e-05
      7037.50  0.000122397
      7040.00  0.000120760
      7042.50  1.41357e-05
      7045.00 -7.54010e-05
      7047.50 -0.000178219
      7050.00 -0.000269724
      7052.50 -0.000354377
      7055.00 -0.000449128
      7057.50 -0.000497136
      7060.00 -0.000326678
      7062.50 -0.000123759
      7065.00 -0.000142571
      7067.50 -0.000157581
      7070.00  5.10240e-05
      7072.50  0.000218360
      7075.00  0.000150526
      7077.50  6.86279e-05
      7080.00  7.83607e-05
      7082.50  4.95755e-05
      7085.00 -7.93533e-05
      7087.50 -0.000182346
      7090.00 -0.000235839
      7092.50 -0.000268280
      7095.00 -0.000301848
      7097.50 -0.000257451
      7100.00 -7.09149e-05
      7102.50  2.19156e-06
      7105.00 -4.99205e-05
      7107.50 -7.37749e-05
      7110.00 -9.35163e-05
      7112.50 -0.000108416
      7115.00 -0.000113390
      7117.50 -0.000141120
      7120.00 -0.000201682
      7122.50 -0.000171526
      7125.00 -7.43294e-05
      7127.50  6.20629e-06
      7130.00  9.34070e-05
      7132.50  0.000114200
      7135.00  9.01249e-05
      7137.50  2.81369e-05
      7140.00 -5.79139e-05
      7142.50 -6.77885e-05
      7145.00 -4.49736e-05
      7147.50 -2.90825e-05
      7150.00 -1.94197e-05
      7152.50 -5.79624e-05
      7155.00 -9.61720e-05
      7157.50 -5.65749e-05
      7160.00 -2.25333e-05
      7162.50 -8.96566e-05
      7165.00 -0.000137157
      7167.50 -5.12799e-05
      7170.00 -3.74461e-06
      7172.50 -0.000132057
      7175.00 -0.000182731
      7177.50 -2.64199e-05
      7180.00  9.74608e-05
      7182.50  0.000163595
      7185.00  0.000157619
      7187.50  3.40412e-05
      7190.00 -4.78036e-05
      7192.50 -0.000133172
      7195.00 -7.03131e-05
      7197.50  0.000255483
      7200.00  0.000324534
      7202.50  0.000171815
      7205.00 -2.40136e-06
      7207.50 -0.000352663
      7210.00 -0.000323098
      7212.50  4.47710e-05
      7215.00  0.000128704
      7217.50  7.67045e-05
      7220.00 -1.01428e-05
      7222.50 -0.000163110
      7225.00 -0.000140196
      7227.50 -1.43774e-05
      7230.00  0.000143753
      7232.50  0.000322518
      7235.00  0.000331292
      7237.50  0.000226759
      7240.00 -6.80629e-05
      7242.50 -0.000382755
      7245.00 -0.000312107
      7247.50 -0.000148811
      7250.00 -0.000176008
      7252.50 -0.000219417
      7255.00 -0.000169712
      7257.50 -0.000129643
      7260.00 -0.000185050
      7262.50 -0.000204288
      7265.00 -6.86391e-05
      7267.50 -1.10591e-05
      7270.00 -0.000135407
      7272.50 -0.000281039
      7275.00 -0.000470476
      7277.50 -0.000558407
      7280.00 -0.000537169
      7282.50 -0.000403670
      7285.00 -3.32677e-05
      7287.50  9.88635e-05
      7290.00 -5.22096e-05
      7292.50 -0.000119512
      7295.00 -0.000198513
      7297.50 -0.000123242
      7300.00  0.000213189
      7302.50  0.000104073
      7305.00 -0.000419292
      7307.50 -0.000435411
      7310.00 -0.000136013
      7312.50  4.17049e-05
      7315.00  0.000218385
      7317.50  0.000127176
      7320.00 -0.000128812
      7322.50  8.41370e-07
      7325.00  0.000282681
      7327.50  0.000169945
      7330.00 -5.49809e-05
      7332.50  7.97067e-05
      7335.00  0.000333015
      7337.50  0.000524957
      7340.00  0.000635048
      7342.50  0.000486412
      7345.00  0.000257786
      7347.50  5.38110e-05
      7350.00 -9.16669e-05
      7352.50 -0.000102690
      7355.00 -5.47037e-05
      7357.50  5.65547e-05
      7360.00  0.000146910
      7362.50  0.000112746
      7365.00  0.000213807
      7367.50  0.000650945
      7370.00  0.000852486
      7372.50  0.000698940
      7375.00  0.000514618
      7377.50  0.000220114
      7380.00  8.86363e-05
      7382.50  0.000129475
      7385.00  0.000192317
      7387.50  0.000351083
      7390.00  0.000392157
      7392.50  0.000321349
      7395.00  0.000330493
      7397.50  0.000379788
      7400.00  0.000434524
      7402.50  0.000518867
      7405.00  0.000474183
      7407.50  0.000341197
      7410.00  0.000130804
      7412.50 -0.000141867
      7415.00 -0.000134698
      7417.50  2.61921e-05
      7420.00  0.000173627
      7422.50  0.000332800
      7425.00  0.000413069
      7427.50  0.000447004
      7430.00  0.000438109
      7432.50  0.000399914
      7435.00  0.000351346
      7437.50  0.000297402
      7440.00  0.000239786
      7442.50  0.000207117
      7445.00  0.000206662
      7447.50  0.000280290
      7450.00  0.000546683
      7452.50  0.000696439
      7455.00  0.000562384
      7457.50  0.000423338
      7460.00  0.000278668
      7462.50  0.000258326
      7465.00  0.000476030
      7467.50  0.000553495
      7470.00  0.000432749
      7472.50  0.000364851
      7475.00  0.000320803
      7477.50  0.000330379
      7480.00  0.000434993
      7482.50  0.000438707
      7485.00  0.000354143
      7487.50  0.000307782
      7490.00  0.000231750
      7492.50  0.000377353
      7495.00  0.000729764
      7497.50  0.000787622
      7500.00  0.000674920
      7502.50  0.000663139
      7505.00  0.000676285
      7507.50  0.000696175
      7510.00  0.000711916
      7512.50  0.000578413
      7515.00  0.000399351
      7517.50  0.000438631
      7520.00  0.000539959
      7522.50  0.000505573
      7525.00  0.000441432
      7527.50  0.000405436
      7530.00  0.000402687
      7532.50  0.000492945
      7535.00  0.000578273
      7537.50  0.000577083
      7540.00  0.000569455
      7542.50  0.000577893
      7545.00  0.000607321
      7547.50  0.000748425
      7550.00  0.000714024
      7552.50  0.000295332
      7555.00  5.67168e-05
      7557.50  9.46565e-05
      7560.00  0.000183470
      7562.50  0.000364692
      7565.00  0.000494162
      7567.50  0.000593338
      7570.00  0.000635104
      7572.50  0.000623653
      7575.00  0.000562399
      7577.50  0.000394356
      7580.00  0.000384831
      7582.50  0.000527985
      7585.00  0.000455314
      7587.50  0.000229858
      7590.00  0.000142646
      7592.50  0.000117492
      7595.00  0.000166026
      7597.50  0.000273778
      7600.00  0.000166515
      7602.50 -3.22150e-05
      7605.00  1.51687e-05
      7607.50  0.000169826
      7610.00  0.000250545
      7612.50  0.000376269
      7615.00  0.000814116
      7617.50   0.00123637
      7620.00   0.00123277
      7622.50  0.000956839
      7625.00  0.000195414
      7627.50 -0.000403950
      7630.00 -0.000179340
      7632.50  0.000139407
      7635.00  0.000237810
      7637.50  0.000351761
      7640.00  0.000563229
      7642.50  0.000707813
      7645.00  0.000735586
      7647.50  0.000734233
      7650.00  0.000731139
      7652.50  0.000644025
      7655.00  0.000366516
      7657.50  0.000303865
      7660.00  0.000542220
      7662.50  0.000605685
      7665.00  0.000521823
      7667.50  0.000458421
      7670.00  0.000308016
      7672.50  0.000428487
      7675.00  0.000865093
      7677.50  0.000806641
      7680.00  0.000400407
      7682.50  0.000169985
      7685.00 -3.00672e-05
      7687.50  3.96411e-05
      7690.00  0.000300460
      7692.50  0.000449064
      7695.00  0.000572409
      7697.50  0.000667041
      7700.00  0.000750018
      7702.50  0.000955435
      7705.00   0.00110881
      7707.50  0.000750719
      7710.00  0.000301227
      7712.50  0.000302039
      7715.00  0.000386212
      7717.50  0.000357312
      7720.00  0.000229380
      7722.50 -0.000159469
      7725.00 -0.000450994
      7727.50 -0.000391654
      7730.00 -0.000296435
      7732.50 -0.000317524
      7735.00 -0.000184186
      7737.50  0.000252744
      7740.00  0.000614199
      7742.50  0.000873281
      7745.00   0.00103399
      7747.50  0.000998018
      7750.00   0.00113665
      7752.50   0.00157381
      7755.00   0.00170245
      7757.50   0.00160142
      7760.00   0.00130299
      7762.50  0.000599139
      7765.00  0.000415555
      7767.50  0.000636155
      7770.00  0.000629557
      7772.50  0.000570547
      7775.00  0.000279338
      7777.50 -0.000222876
      7780.00 -0.000278265
      7782.50 -7.80378e-05
      7785.00  0.000111885
      7787.50  0.000326250
      7790.00  0.000184869
      7792.50 -7.53139e-05
      7795.00  0.000102546
      7797.50  0.000434520
      7800.00  0.000691098
      7802.50  0.000830364
      7805.00  0.000553002
      7807.50  0.000186164
      7810.00  1.05379e-05
      7812.50 -8.54442e-05
      7815.00 -9.64213e-05
      7817.50 -5.94351e-05
      7820.00 -1.32691e-07
      7822.50  0.000103501
      7825.00  0.000354144
      7827.50  0.000422371
      7830.00  0.000135842
      7832.50 -0.000114231
      7835.00 -0.000365047
      7837.50 -0.000383986
      7840.00 -5.75962e-05
      7842.50  0.000179795
      7845.00  0.000391480
      7847.50  0.000463799
      7850.00  0.000242573
      7852.50  0.000435445
      7855.00   0.00109845
      7857.50   0.00136155
      7860.00   0.00146180
      7862.50   0.00117970
      7865.00  0.000410568
      7867.50  0.000679865
      7870.00   0.00167025
      7872.50   0.00146534
      7875.00  0.000619277
      7877.50  2.52913e-05
      7880.00 -0.000525661
      7882.50 -0.000662013
      7885.00 -0.000557042
      7887.50 -0.000437617
      7890.00 -0.000294764
      7892.50 -0.000299756
      7895.00 -0.000367205
      7897.50 -0.000508524
      7900.00 -0.000571110
      7902.50 -0.000311782
      7905.00  4.00558e-05
      7907.50  0.000376410
      7910.00  0.000692349
      7912.50  0.000899349
      7915.00   0.00119606
      7917.50   0.00199746
      7920.00   0.00211804
      7922.50  0.000771158
      7925.00 -6.53817e-05
      7927.50  7.59592e-05
      7930.00  5.26934e-05
      7932.50 -0.000347215
      7935.00 -0.000313512
      7937.50  0.000381605
      7940.00  0.000626212
      7942.50  0.000448600
      7945.00  0.000356130
      7947.50  0.000184613
      7950.00  0.000244591
      7952.50  0.000527662
      7955.00  0.000647762
      7957.50  0.000704808
      7960.00  0.000671573
      7962.50  0.000551759
      7965.00  0.000383736
      7967.50  0.000167946
      7970.00  0.000361039
      7972.50  0.000719202
      7975.00  0.000152905
      7977.50 -0.000757303
      7980.00 -0.000885961
      7982.50 -0.000648320
      7985.00 -0.000131938
      7987.50  0.000489365
      7990.00  0.000908505
      7992.50   0.00110122
      7995.00  0.000819647
      7997.50  0.000361129
      8000.00 -0.000311107
      8002.50 -0.000593174
      8005.00  0.000238640
      8007.50  0.000929213
      8010.00   0.00100860
      8012.50  0.000870399
      8015.00  0.000482929
      8017.50  8.01655e-05
      8020.00 -0.000416376
      8022.50 -0.000641036
      8025.00 -0.000560370
      8027.50 -0.000300325
      8030.00  0.000402843
      8032.50  0.000553035
      8035.00 -5.23853e-05
      8037.50 -2.54725e-05
      8040.00  0.000592880
      8042.50  0.000831985
      8045.00  0.000984535
      8047.50  0.000651691
      8050.00 -0.000219714
      8052.50 -0.000304539
      8055.00  9.10940e-05
      8057.50  0.000185564
      8060.00  0.000196386
      8062.50  0.000380524
      8065.00  0.000624984
      8067.50  0.000537939
      8070.00  0.000315781
      8072.50  0.000343318
      8075.00  0.000438192
      8077.50  0.000429239
      8080.00  0.000366344
      8082.50  0.000216060
      8085.00  4.48899e-05
      8087.50 -3.83008e-05
      8090.00 -0.000165151
      8092.50 -0.000551504
      8095.00 -0.000772562
      8097.50 -0.000478304
      8100.00 -0.000166754
      8102.50  4.62277e-05
      8105.00  0.000106628
      8107.50 -8.24819e-05
      8110.00 -0.000276824
      8112.50 -0.000509102
      8115.00 -0.000586952
      8117.50 -0.000469172
      8120.00 -0.000306918
      8122.50  3.25822e-05
      8125.00  7.23312e-05
      8127.50 -0.000203163
      8130.00 -0.000463266
      8132.50 -0.000904023
      8135.00 -0.000947561
      8137.50 -0.000691465
      8140.00 -0.000360014
      8142.50  0.000145092
      8145.00  0.000508528
      8147.50  0.000833822
      8150.00  0.000676115
      8152.50  0.000170642
      8155.00 -1.54263e-05
      8157.50 -9.62653e-05
      8160.00 -0.000353144
      8162.50 -0.000631625
      8165.00 -0.000576698
      8167.50 -0.000365227
      8170.00 -0.000130899
      8172.50  5.84577e-05
      8175.00 -7.90489e-05
      8177.50 -0.000275672
      8180.00 -0.000306406
      8182.50 -0.000248401
      8185.00  1.37255e-05
      8187.50  0.000144575
      8190.00 -0.000200093
      8192.50 -0.000461783
      8195.00 -0.000330122
      8197.50 -0.000303020
      8200.00 -0.000613922
      8202.50 -0.000743792
      8205.00 -0.000548864
      8207.50 -0.000385438
      8210.00 -0.000237271
      8212.50 -0.000173109
      8215.00 -0.000204272
      8217.50 -0.000261568
      8220.00 -0.000420390
      8222.50 -0.000412355
      8225.00 -0.000187167
      8227.50 -0.000178678
      8230.00 -0.000298090
      8232.50 -0.000479326
      8235.00 -0.000785313
      8237.50 -0.000836521
      8240.00 -0.000719748
      8242.50 -0.000608868
      8245.00 -0.000462946
      8247.50 -0.000640151
      8250.00 -0.000992063
      8252.50  -0.00109261
      8255.00  -0.00106057
      8257.50 -0.000830464
      8260.00 -0.000493951
      8262.50 -0.000184458
      8265.00  4.17423e-06
      8267.50 -0.000296867
      8270.00 -0.000713705
      8272.50 -0.000982962
      8275.00  -0.00102853
      8277.50 -0.000546749
      8280.00 -2.03816e-05
      8282.50  0.000270920
      8285.00  0.000534719
      8287.50  0.000911735
      8290.00   0.00105277
      8292.50  0.000764509
      8295.00  0.000473875
      8297.50  0.000409734
      8300.00 -0.000110425
      8302.50  -0.00145259
      8305.00  -0.00228146
      8307.50  -0.00263257
      8310.00  -0.00269451
      8312.50  -0.00229015
      8315.00  -0.00206998
      8317.50  -0.00198014
      8320.00  -0.00171525
      8322.50  -0.00125330
      8325.00  -0.00111657
      8327.50  -0.00126745
      8330.00 -0.000959847
      8332.50 -0.000360556
      8335.00  8.98106e-05
      8337.50  0.000511699
      8340.00   0.00101573
      8342.50   0.00157705
      8345.00   0.00249121
      8347.50   0.00334092
      8350.00   0.00220743
      8352.50  0.000355435
      8355.00 -8.70954e-05
      8357.50 -0.000172848
      8360.00 -0.000691944
      8362.50  -0.00122492
      8365.00  -0.00159145
      8367.50  -0.00178694
      8370.00  -0.00165769
      8372.50  -0.00148729
      8375.00  -0.00141716
      8377.50  -0.00142271
      8380.00  -0.00166189
      8382.50  -0.00166255
      8385.00  -0.00112666
      8387.50 -0.000733387
      8390.00 -0.000690046
      8392.50 -0.000486801
      8395.00 -0.000313448
      8397.50  0.000559724
      8400.00   0.00286173
      8402.50   0.00359764
      8405.00   0.00278465
      8407.50   0.00188050
      8410.00  0.000258135
      8412.50 -0.000529312
      8415.00 -0.000844627
      8417.50 -0.000678708
      8420.00  0.000288179
      8422.50 -0.000548104
      8425.00  -0.00269653
      8427.50  -0.00325139
      8430.00  -0.00300851
      8432.50  -0.00338620
      8435.00  -0.00388271
      8437.50  -0.00330353
      8440.00  -0.00221435
      8442.50  -0.00167072
      8445.00  -0.00131956
      8447.50  -0.00111913
      8450.00 -0.000973382
      8452.50 -0.000557615
      8455.00 -0.000227920
      8457.50 -0.000490765
      8460.00 -0.000763825
      8462.50 -0.000395615
      8465.00 -0.000296761
      8467.50  -0.00135528
      8470.00  -0.00204280
      8472.50  -0.00152240
      8475.00 -0.000978853
      8477.50 -0.000571571
      8480.00 -0.000450220
      8482.50 -0.000862931
      8485.00  -0.00104105
      8487.50 -0.000760929
      8490.00 -0.000799632
      8492.50  -0.00126999
      8495.00  -0.00157617
      8497.50  -0.00198935
      8500.00  -0.00170580
      8502.50 -0.000303036
      8505.00 -0.000186515
      8507.50  -0.00105663
      8510.00  -0.00153466
      8512.50  -0.00199745
      8515.00  -0.00221648
      8517.50  -0.00227503
      8520.00  -0.00170654
      8522.50 -0.000646391
      8525.00 -0.000570890
      8527.50 -0.000967493
      8530.00 -0.000757434
      8532.50 -0.000310168
      8535.00  0.000222546
      8537.50  0.000673202
      8540.00  0.000235118
      8542.50 -0.000489688
      8545.00 -0.000759258
      8547.50 -0.000935795
      8550.00  -0.00118481
      8552.50  -0.00143393
      8555.00  -0.00173542
      8557.50  -0.00189986
      8560.00  -0.00166178
      8562.50  -0.00152422
      8565.00  -0.00187986
      8567.50  -0.00198218
      8570.00  -0.00143834
      8572.50  -0.00108285
      8575.00  -0.00116129
      8577.50  -0.00110113
      8580.00 -0.000803012
      8582.50 -0.000593190
      8585.00 -0.000377707
      8587.50 -0.000457127
      8590.00 -0.000988073
      8592.50  -0.00118981
      8595.00  -0.00108867
      8597.50  -0.00115756
      8600.00  -0.00130949
      8602.50  -0.00144010
      8605.00  -0.00157760
      8607.50  -0.00176481
      8610.00  -0.00206556
      8612.50  -0.00130669
      8615.00  0.000191653
      8617.50  0.000731074
      8620.00  0.000818408
      8622.50  0.000776189
      8625.00  0.000574966
      8627.50  0.000693202
      8630.00  0.000716539
      8632.50 -0.000588931
      8635.00  -0.00200527
      8637.50  -0.00144539
      8640.00 -0.000508024
      8642.50 -0.000534091
      8645.00 -0.000916307
      8647.50  -0.00186743
      8650.00  -0.00241555
      8652.50  -0.00144536
      8655.00 -0.000691650
      8657.50  -0.00101168
      8660.00  -0.00138250
      8662.50  -0.00155110
      8665.00  -0.00180762
      8667.50  -0.00245661
      8670.00  -0.00248993
      8672.50  -0.00148167
      8675.00 -0.000905868
      8677.50 -0.000839565
      8680.00 -0.000710924
      8682.50 -0.000485663
      8685.00 -0.000530769
      8687.50 -0.000879631
      8690.00  -0.00114738
      8692.50  -0.00156082
      8695.00  -0.00138958
      8697.50 -0.000695752
      8700.00 -0.000313936
      8702.50 -1.14078e-05
      8705.00 -5.57916e-05
      8707.50 -0.000375669
      8710.00 -0.000534155
      8712.50 -0.000666604
      8715.00 -0.000989407
      8717.50  -0.00136539
      8720.00  -0.00135926
      8722.50  -0.00118752
      8725.00  -0.00111206
      8727.50  -0.00105492
      8730.00  -0.00105167
      8732.50  -0.00103332
      8735.00 -0.000847712
      8737.50 -0.000715364
      8740.00 -0.000958810
      8742.50  -0.00107090
      8745.00 -0.000608097
      8747.50 -0.000186873
      8750.00 -3.15127e-06
      8752.50 -3.41840e-05
      8755.00 -0.000465091
      8757.50 -0.000731775
      8760.00 -0.000720877
      8762.50 -0.000588462
      8765.00  0.000129486
      8767.50 -0.000288489
      8770.00  -0.00269740
      8772.50  -0.00350282
      8775.00  -0.00269979
      8777.50  -0.00193092
      8780.00 -0.000364313
      8782.50 -0.000369897
      8785.00  -0.00191908
      8787.50  -0.00236875
      8790.00  -0.00225666
      8792.50  -0.00240577
      8795.00  -0.00263138
      8797.50  -0.00260586
      8800.00  -0.00241732
      8802.50  -0.00185099
      8805.00  -0.00100357
      8807.50 -0.000279941
      8810.00  0.000386209
      8812.50  0.000622513
      8815.00  0.000716591
      8817.50   0.00163426
      8820.00   0.00226449
      8822.50  0.000345821
      8825.00  -0.00213150
      8827.50  -0.00337968
      8830.00  -0.00393807
      8832.50  -0.00347410
      8835.00  -0.00271996
      8837.50  -0.00197484
      8840.00  -0.00153021
      8842.50  -0.00185541
      8845.00  -0.00202702
      8847.50  -0.00168744
      8850.00  -0.00136665
      8852.50  -0.00103706
      8855.00 -0.000979117
      8857.50  -0.00137026
      8860.00  -0.00160053
      8862.50  -0.00170460
      8865.00  -0.00164970
      8867.50  -0.00135176
      8870.00  -0.00117654
      8872.50  -0.00125648
      8875.00 -0.000763064
      8877.50  0.000482954
      8880.00  0.000627414
      8882.50 -0.000105466
      8885.00 -8.21472e-05
      8887.50  0.000338108
      8890.00  0.000470417
      8892.50  0.000501766
      8895.00 -0.000324406
      8897.50  -0.00166225
      8900.00  -0.00169462
      8902.50  -0.00106217
      8905.00 -0.000112215
      8907.50  0.000769559
      8910.00 -0.000543719
      8912.50  -0.00232118
      8915.00  -0.00195296
      8917.50  -0.00103199
      8920.00 -0.000567780
      8922.50 -0.000401683
      8925.00  -0.00109645
      8927.50  -0.00153923
      8930.00 -0.000700145
      8932.50  7.25999e-05
      8935.00  0.000273086
      8937.50  0.000181092
      8940.00 -0.000557741
      8942.50 -0.000696900
      8945.00  0.000567587
      8947.50  0.000995966
      8950.00 -8.08805e-05
      8952.50 -0.000507591
      8955.00  0.000147235
      8957.50 -7.13835e-05
      8960.00  -0.00152746
      8962.50  -0.00197938
      8965.00  -0.00154461
      8967.50  -0.00126813
      8970.00 -0.000953357
      8972.50 -0.000433743
      8975.00  0.000406722
      8977.50  0.000499013
      8980.00  7.22492e-05
      8982.50 -0.000424584
      8985.00  -0.00112208
      8987.50 -0.000953072
      8990.00 -0.000294430
      8992.50 -0.000426965
      8995.00 -0.000758790
      8997.50  0.000247335
      9000.00   0.00167769
      9002.50   0.00194929
      9005.00   0.00172499
      9007.50   0.00128146
      9010.00  0.000716884
      9012.50  0.000300304
      9015.00 -1.67510e-05
      9017.50 -0.000195586
      9020.00 -0.000222978
      9022.50  4.60175e-05
      9025.00  0.000221680
      9027.50  0.000172005
      9030.00 -0.000171288
      9032.50  -0.00126642
      9035.00  -0.00169290
      9037.50 -0.000591020
      9040.00 -0.000301273
      9042.50  -0.00148660
      9045.00  -0.00206324
      9047.50  -0.00192902
      9050.00  -0.00174341
      9052.50  -0.00131856
      9055.00  -0.00117063
      9057.50  -0.00141889
      9060.00  -0.00118876
      9062.50 -0.000469718
      9065.00 -0.000248284
      9067.50 -0.000347952
      9070.00 -0.000320479
      9072.50 -0.000250242
      9075.00 -0.000562006
      9077.50  -0.00115978
      9080.00 -0.000851745
      9082.50 -4.33844e-05
      9085.00  0.000169082
      9087.50  0.000100291
      9090.00 -0.000426093
      9092.50  -0.00106704
      9095.00 -0.000558704
      9097.50  0.000156132
      9100.00 -0.000434539
      9102.50  -0.00119156
      9105.00 -0.000871298
      9107.50 -0.000503781
      9110.00 -0.000868042
      9112.50  -0.00136233
      9115.00  -0.00184387
      9117.50  -0.00210160
      9120.00  -0.00195290
      9122.50  -0.00157658
      9125.00 -0.000726894
      9127.50 -0.000333253
      9130.00 -0.000794065
      9132.50  -0.00119361
      9135.00  -0.00161500
      9137.50  -0.00161440
      9140.00 -0.000868144
      9142.50 -0.000674570
      9145.00  -0.00125499
      9147.50  -0.00121438
      9150.00 -0.000408482
      9152.50 -0.000346135
      9155.00 -0.000883310
      9157.50  -0.00116146
      9160.00  -0.00140046
      9162.50  -0.00159995
      9165.00  -0.00188444
      9167.50 -0.000618003
      9170.00   0.00183815
      9172.50   0.00145603
      9175.00 -0.000473920
      9177.50  -0.00114998
      9180.00  -0.00141305
      9182.50  -0.00138600
      9185.00  -0.00121367
      9187.50  -0.00160302
      9190.00  -0.00217894
      9192.50  -0.00263815
      9195.00  -0.00298002
      9197.50  -0.00298514
      9200.00  -0.00287591
      9202.50  -0.00292223
      9205.00  -0.00275460
      9207.50  -0.00202434
      9210.00  -0.00122958
      9212.50 -0.000381058
      9215.00  2.99160e-06
      9217.50 -0.000539845
      9220.00  -0.00100511
      9222.50  -0.00115929
      9225.00  -0.00134609
      9227.50  -0.00165653
      9230.00  -0.00180071
      9232.50  -0.00187338
      9235.00  -0.00154619
      9237.50 -0.000505836
      9240.00 -0.000124868
      9242.50 -0.000209417
      9245.00 -0.000654596
      9247.50  -0.00172051
      9250.00  -0.00225778
      9252.50  -0.00255148
      9255.00  -0.00256730
      9257.50  -0.00227586
      9260.00  -0.00205027
      9262.50  -0.00178372
      9265.00  -0.00188675
      9267.50  -0.00221196
      9270.00  -0.00219462
      9272.50  -0.00199738
      9275.00  -0.00148142
      9277.50 -0.000922494
      9280.00  -0.00140239
      9282.50  -0.00210030
      9285.00  -0.00165481
      9287.50  -0.00104009
      9290.00  -0.00107881
      9292.50  -0.00153717
      9295.00  -0.00284353
      9297.50  -0.00390787
      9300.00  -0.00387870
      9302.50  -0.00335364
      9305.00  -0.00222388
      9307.50  -0.00123790
      9310.00 -0.000194971
      9312.50 -0.000529056
      9315.00  -0.00343414
      9317.50  -0.00558500
      9320.00  -0.00629553
      9322.50  -0.00742415
      9325.00  -0.00907342
      9327.50   -0.0106973
      9330.00   -0.0132385
      9332.50   -0.0131617
      9335.00  -0.00991524
      9337.50  -0.00807571
      9340.00  -0.00652625
      9342.50  -0.00599259
      9345.00  -0.00645220
      9347.50  -0.00696884
      9350.00  -0.00796071
      9352.50  -0.00748746
      9355.00  -0.00601930
      9357.50  -0.00545932
      9360.00  -0.00510322
      9362.50  -0.00161861
      9365.00   0.00389060
      9367.50    0.0110628
      9370.00    0.0190255
      9372.50    0.0242048
      9375.00    0.0277798
      9377.50    0.0301229
      9380.00    0.0306611
      9382.50    0.0284397
      9385.00    0.0243058
      9387.50    0.0182276
      9390.00    0.0117976
      9392.50   0.00545090
      9395.00   0.00132027
      9397.50   0.00152142
      9400.00   0.00295998
      9402.50   0.00558354
      9405.00   0.00720241
      9407.50   0.00721984
      9410.00   0.00623666
      9412.50   0.00407479
      9415.00   0.00143577
      9417.50  -0.00293266
      9420.00  -0.00435995
      9422.50  -0.00235123
      9425.00 -0.000619542
      9427.50   0.00287011
      9430.00   0.00204540
      9432.50  -0.00274391
      9435.00  -0.00713673
      9437.50   -0.0126365
      9440.00   -0.0165706
      9442.50   -0.0197638
      9445.00   -0.0208598
      9447.50   -0.0202471
      9450.00   -0.0163494
      9452.50  -0.00988923
      9455.00  -0.00635293
      9457.50  -0.00421748
      9460.00  -0.00448603
      9462.50  -0.00568647
      9465.00  -0.00318178
      9467.50   0.00103413
      9470.00   0.00621584
      9472.50    0.0113575
      9475.00    0.0140992
      9477.50    0.0159454
      9480.00    0.0183718
      9482.50    0.0191680
      9485.00    0.0164827
      9487.50    0.0122583
      9490.00   0.00603600
      9492.50   0.00123898
      9495.00 -0.000721587
      9497.50 -0.000947773
      9500.00  0.000962127
      9502.50   0.00335445
      9505.00   0.00691402
      9507.50   0.00874294
      9510.00   0.00912778
      9512.50   0.00721485
      9515.00   0.00195617
      9517.50  -0.00215131
      9520.00  -0.00648746
      9522.50  -0.00822814
      9525.00  -0.00712637
      9527.50  -0.00717781
      9530.00  -0.00772362
      9532.50  -0.00680542
      9535.00  -0.00472138
      9537.50  -0.00333652
      9540.00  -0.00214651
      9542.50  -0.00169693
      9545.00  -0.00176695
      9547.50 -0.000633427
      9550.00  0.000946315
      9552.50  0.000987937
      9555.00  0.000312607
      9557.50 -0.000670913
      9560.00  -0.00120061
      9562.50   0.00160326
      9565.00   0.00529355
      9567.50   0.00692307
      9570.00   0.00845181
      9572.50    0.0119530
      9575.00    0.0143075
      9577.50    0.0131361
      9580.00    0.0103620
      9582.50   0.00548337
      9585.00   0.00171302
      9587.50  0.000579153
      9590.00  0.000406411
      9592.50   0.00147301
      9595.00   0.00218279
      9597.50   0.00231772
      9600.00   0.00222639
      9602.50   0.00188027
      9605.00   0.00137719
      9607.50  0.000407009
      9610.00  0.000143190
      9612.50  0.000694842
      9615.00  0.000883212
      9617.50  0.000718740
      9620.00   0.00124745
      9622.50   0.00238643
      9625.00   0.00318253
      9627.50   0.00398810
      9630.00   0.00367156
      9632.50   0.00247398
      9635.00   0.00191783
      9637.50   0.00157340
      9640.00   0.00106685
      9642.50  0.000550671
      9645.00  0.000470350
      9647.50  0.000518354
      9650.00 -0.000266017
      9652.50  -0.00107034
      9655.00 -0.000319206
      9657.50  0.000858870
      9660.00   0.00152850
      9662.50   0.00173093
      9665.00  0.000963207
      9667.50 -0.000182267
      9670.00  -0.00144413
      9672.50  -0.00268306
      9675.00  -0.00404793
      9677.50  -0.00465451
      9680.00  -0.00382717
      9682.50  -0.00286267
      9685.00  -0.00178204
      9687.50  -0.00120482
      9690.00  -0.00155651
      9692.50  -0.00150611
      9695.00 -0.000905037
      9697.50 -0.000368734
      9700.00  0.000204353
      9702.50  0.000591299
      9705.00  0.000640520
      9707.50   0.00111181
      9710.00   0.00162021
      9712.50   0.00321898
      9715.00   0.00588086
      9717.50   0.00838137
      9720.00    0.0113326
      9722.50    0.0119006
      9725.00    0.0107613
      9727.50   0.00948977
      9730.00   0.00768016
      9732.50   0.00580603
      9735.00   0.00383438
      9737.50   0.00255105
      9740.00   0.00165687
      9742.50  0.000690617
      9745.00  0.000148171
      9747.50   0.00148288
      9750.00   0.00305728
      9752.50   0.00245813
      9755.00   0.00139555
      9757.50   0.00105603
      9760.00  0.000767951
      9762.50  0.000312080
      9765.00 -0.000199913
      9767.50 -0.000838013
      9770.00  -0.00133720
      9772.50  -0.00172423
      9775.00  -0.00163001
      9777.50 -0.000925558
      9780.00  0.000207494
      9782.50   0.00284824
      9785.00   0.00306056
      9787.50  -0.00157569
      9790.00  -0.00185198
      9792.50   0.00360494
      9795.00   0.00658430
      9797.50   0.00889103
      9800.00   0.00778143
      9802.50   0.00179291
      9805.00  8.53579e-05
      9807.50  0.000929656
      9810.00   0.00154183
      9812.50   0.00269049
      9815.00   0.00387101
      9817.50   0.00526326
      9820.00   0.00576661
      9822.50   0.00569339
      9825.00   0.00531867
