4900.  0.07905215
4902.5  0.09253405
4905.  0.09280588
4907.5  0.08556502
4910.  0.08925928
4912.5  0.0922562
4915.  0.08856259
4917.5  0.08693282
4920.  0.09064048
4922.5  0.0885288
4925.  0.08717828
4927.5  0.08781172
4930.  0.09724588
4932.5  0.08485281
4935.  0.08543313
4937.5  0.09192867
4940.  0.08274949
4942.5  0.08940293
4945.  0.0967274
4947.5  0.09176865
4950.  0.09201115
4952.5  0.09839461
4955.  0.09777797
4957.5  0.09477354
4960.  0.08633777
4962.5  0.09224253
4965.  0.1067337
4967.5  0.08666307
4970.  0.09995404
4972.5  0.1064099
4975.  0.09162334
4977.5  0.1088163
4980.  0.09820811
4982.5  0.092429
4985.  0.09794632
4987.5  0.0992768
4990.  0.110814
4992.5  0.09562205
4995.  0.09987534
4997.5  0.1082249
5000.  0.09815142
5002.5  0.09848845
5005.  0.09350941
5007.5  0.09840432
5010.  0.1083176
5012.5  0.1004186
5015.  0.0882907
5017.5  0.09983664
5020.  0.1013326
5022.5  0.09292464
5025.  0.09936689
5027.5  0.09355111
5030.  0.09158021
5032.5  0.09673205
5035.  0.08910872
5037.5  0.09346741
5040.  0.1053508
5042.5  0.09256378
5045.  0.09764714
5047.5  0.1025968
5050.  0.09411746
5052.5  0.1051421
5055.  0.09952473
5057.5  0.09730176
5060.  0.1080727
5062.5  0.1084151
5065.  0.1064678
5067.5  0.1134041
5070.  0.1073158
5072.5  0.1089246
5075.  0.1108022
5077.5  0.1148265
5080.  0.1102076
5082.5  0.1189635
5085.  0.1081625
5087.5  0.1149513
5090.  0.1065564
5092.5  0.1136396
5095.  0.1142415
5097.5  0.1090805
5100.  0.1221355
5102.5  0.117383
5105.  0.1177073
5107.5  0.1147541
5110.  0.1127992
5112.5  0.1145394
5115.  0.1102342
5117.5  0.1196675
5120.  0.1209165
5122.5  0.108237
5125.  0.1108544
5127.5  0.1212887
5130.  0.1114226
5132.5  0.1182136
5135.  0.1098045
5137.5  0.1135397
5142.5  0.106183
5145.  0.1116448
5147.5  0.104912
5150.  0.1123734
5152.5  0.1134567
5155.  0.1100676
5157.5  0.109885
5160.  0.1118106
5162.5  0.1120503
5165.  0.1096792
5167.5  0.1158997
5170.  0.1111274
5172.5  0.1091796
5175.  0.1225056
5177.5  0.1134925
5180.  0.1094955
5182.5  0.1031167
5185.  0.116389
5187.5  0.1081287
5190.  0.1149526
5192.5  0.1104785
5195.  0.1084897
5197.5  0.09916793
5200.  0.1150325
5202.5  0.1118053
5205.  0.116411
5207.5  0.1145935
5210.  0.1205376
5212.5  0.1021384
5215.  0.1050417
5217.5  0.100576
5220.  0.1190563
5222.5  0.1152453
5225.  0.1132846
5227.5  0.1130195
5230.  0.115907
5232.5  0.1199164
5235.  0.1087332
5237.5  0.1066842
5240.  0.111911
5242.5  0.1059179
5245.  0.1050279
5247.5  0.1118657
5250.  0.1075111
5252.5  0.1046162
5255.  0.0905564
5257.5  0.1036789
5260.  0.10189
5262.5  0.1021091
5265.  0.09660527
5267.5  0.09119106
5270.  0.09824257
5272.5  0.09660671
5275.  0.09853696
5277.5  0.09563332
5280.  0.1008326
5282.5  0.09157146
5285.  0.0932391
5287.5  0.08822681
5290.  0.0887203
5292.5  0.0967731
5295.  0.08889309
5297.5  0.08479158
5300.  0.09147431
5302.5  0.08674753
5305.  0.09189353
5307.5  0.08245314
5310.  0.1007017
5312.5  0.08948726
5315.  0.08384322
5317.5  0.08504788
5320.  0.08601035
5322.5  0.08846193
5325.  0.09165009
5327.5  0.08898477
5330.  0.08414257
5332.5  0.09358405
5335.  0.08994735
5337.5  0.09328438
5340.  0.0915874
5342.5  0.08821347
5345.  0.09577788
5347.5  0.08884437
5350.  0.08324897
5352.5  0.09018809
5355.  0.08955125
5357.5  0.08051564
5360.  0.08597868
5362.5  0.0892651
5365.  0.09136562
5367.5  0.08435185
5370.  0.08870751
5372.5  0.08554851
5375.  0.08728294
5377.5  0.08018491
5380.  0.08112876
5382.5  0.08019536
5385.  0.0876145
5387.5  0.08367409
5390.  0.07087594
5392.5  0.08352593
5395.  0.08099886
5397.5  0.08102544
5400.  0.08030998
5402.5  0.07548244
5405.  0.08078954
5407.5  0.08026337
5410.  0.07182326
5412.5  0.08508433
5415.  0.07758926
5417.5  0.08160608
5420.  0.07829433
5422.5  0.08005591
5425.  0.07897086
5427.5  0.08310188
5430.  0.07813285
5432.5  0.08117943
5435.  0.08754367
5437.5  0.07933135
5440.  0.08401465
5442.5  0.08174755
5445.  0.08836045
5447.5  0.07546508
5450.  0.08496004
5452.5  0.0772872
5455.  0.08679408
5457.5  0.08684988
5460.  0.07528136
5462.5  0.07689781
5465.  0.07626959
5467.5  0.07438918
5470.  0.06694219
5472.5  0.07610089
5475.  0.07751131
5477.5  0.07200671
5480.  0.07337511
5482.5  0.06712756
5485.  0.06940086
5487.5  0.07439049
5490.  0.06457332
5492.5  0.06037442
5495.  0.06032498
5497.5  0.06114526
5500.  0.06611092
5502.5  0.05911954
5505.  0.06137544
5507.5  0.05873957
5510.  0.05786406
5512.5  0.05591992
5515.  0.06424349
5517.5  0.0575153
5520.  0.05648695
5522.5  0.06952209
5525.  0.08053334
5527.5  0.0732559
5530.  0.05827994
5532.5  0.05126475
5535.  0.04876947
5537.5  0.05552712
5540.  0.05605695
5542.5  0.05627425
5545.  0.05416071
5547.5  0.05945969
5550.  0.05167531
5552.5  0.05547429
5555.  0.05484847
5557.5  0.05588627
5560.  0.05586854
5562.5  0.05784222
5565.  0.05689124
5567.5  0.05787819
5570.  0.05147259
5572.5  0.06656104
5575.  0.05329876
5577.5  0.03615882
5580.  0.04779491
5582.5  0.05312588
5585.  0.06639519
5587.5  0.05685904
5590.  0.05008146
5592.5  0.05829833
5595.  0.05031588
5597.5  0.04952627
5600.  0.0556372
5602.5  0.04934786
5605.  0.05406014
5607.5  0.05745491
5610.  0.05768861
5612.5  0.05487112
5615.  0.0530373
5617.5  0.05406424
5620.  0.04836244
5622.5  0.05301351
5625.  0.05652346
5627.5  0.05337762
5630.  0.04658658
5632.5  0.0526594
5635.  0.07052864
5637.5  0.06074716
5640.  0.05539963
5642.5  0.0547892
5645.  0.04789821
5647.5  0.04526329
5650.  0.04385587
5652.5  0.0492053
5655.  0.06920581
5660.  0.05922465
5662.5  0.04953358
5665.  0.05441007
5667.5  0.04936614
5670.  0.05121202
5672.5  0.05283321
5675.  0.05441275
5677.5  0.05660115
5680.  0.05629174
5682.5  0.05612394
5685.  0.05758711
5687.5  0.0672383
5690.  0.1060816
5692.5  0.09316371
5695.  0.0592244
5697.5  0.05591626
5700.  0.06138752
5702.5  0.05659406
5705.  0.05504394
5707.5  0.06017728
5710.  0.05485832
5712.5  0.06568401
5715.  0.0591138
5717.5  0.05830151
5722.5  0.06240781
5725.  0.06429505
5727.5  0.06108348
5730.  0.06362782
5732.5  0.06398475
5735.  0.06384625
5737.5  0.06314432
5740.  0.0625239
5742.5  0.06467234
5745.  0.06927981
5747.5  0.07245927
5750.  0.06865951
5752.5  0.0669734
5755.  0.07804197
5757.5  0.07201861
5760.  0.07154051
5762.5  0.07297955
5765.  0.06577674
5767.5  0.07236935
5770.  0.07471575
5772.5  0.07910988
5775.  0.07515394
5777.5  0.07517102
5780.  0.07771876
5782.5  0.07349237
5785.  0.07793321
5787.5  0.08062241
5790.  0.0782471
5792.5  0.07876242
5795.  0.07585128
5797.5  0.07367849
5800.  0.08105439
5802.5  0.08309291
5805.  0.07728034
5807.5  0.0791252
5810.  0.09239107
5812.5  0.08004808
5815.  0.08146472
5817.5  0.07917359
5820.  0.08554067
5822.5  0.08317253
5825.  0.07692269
5827.5  0.08293613
5830.  0.07381438
5832.5  0.08628102
5835.  0.0765177
5837.5  0.08239491
5840.  0.07451663
5842.5  0.08491649
5845.  0.07633344
5847.5  0.07614186
5850.  0.07858957
5852.5  0.08504777
5855.  0.08177795
5857.5  0.07610864
5860.  0.07142402
5862.5  0.08432718
5865.  0.0759721
5867.5  0.07219401
5870.  0.07878266
5872.5  0.07936791
5875.  0.08437753
5877.5  0.07661344
5880.  0.08457371
5882.5  0.08041396
5885.  0.07602292
5887.5  0.09211022
5890.  0.06132188
5892.5  0.07667395
5895.  0.07155004
5897.5  0.07403868
5900.  0.08813673
5902.5  0.08130485
5905.  0.07328942
5907.5  0.07934358
5910.  0.07756206
5912.5  0.07323448
5915.  0.08153873
5917.5  0.07359889
5920.  0.07363431
5922.5  0.07148349
5925.  0.07720543
5927.5  0.08155689
5930.  0.07711395
5932.5  0.07288153
5935.  0.07214747
5937.5  0.06867632
5940.  0.07061097
5942.5  0.06741272
5945.  0.06562311
5947.5  0.07054312
5950.  0.06748646
5952.5  0.06901368
5955.  0.06429958
5957.5  0.05560097
5960.  0.06468127
5962.5  0.06681862
5965.  0.06772126
5967.5  0.05721501
5970.  0.06217173
5972.5  0.05429863
5975.  0.0554732
5977.5  0.05738478
5980.  0.05523907
5982.5  0.0588607
5985.  0.05266443
5987.5  0.05357435
5990.  0.04755946
5992.5  0.05406044
5995.  0.0534415
5997.5  0.0531091
6000.  0.05188481
6002.5  0.04700805
6005.  0.0508894
6007.5  0.0528012
6010.  0.05100452
6012.5  0.05346049
6015.  0.0561659
6017.5  0.06088798
6020.  0.0541645
6022.5  0.05429285
6025.  0.05375242
6027.5  0.05381209
6030.  0.05774854
6032.5  0.05546421
6035.  0.057108
6037.5  0.06121947
6040.  0.05205026
6042.5  0.05112861
6045.  0.0537538
6047.5  0.05363452
6050.  0.05697459
6052.5  0.04839603
6055.  0.0516023
6057.5  0.06199423
6060.  0.05370155
6062.5  0.05239031
6065.  0.05177753
6067.5  0.05678904
6070.  0.06000224
6072.5  0.05549536
6075.  0.05972826
6077.5  0.06056277
6080.  0.06060152
6082.5  0.05437433
6085.  0.05809093
6087.5  0.06065744
6090.  0.05984993
6092.5  0.06003791
6095.  0.05722499
6097.5  0.06421042
6100.  0.06046715
6102.5  0.06388158
6105.  0.05793612
6107.5  0.05406592
6110.  0.05863846
6112.5  0.05726884
6115.  0.05950535
6117.5  0.0609858
6120.  0.06199308
6122.5  0.05796369
6125.  0.06211317
6127.5  0.06354362
6130.  0.05886753
6132.5  0.05516725
6135.  0.06522858
6137.5  0.05807056
6140.  0.05499191
6142.5  0.05793386
6145.  0.05866035
6147.5  0.05639612
6150.  0.05764024
6152.5  0.05663161
6155.  0.05728788
6157.5  0.04992002
6160.  0.05593799
6162.5  0.05136387
6165.  0.05530664
6167.5  0.053628
6170.  0.05606335
6172.5  0.05098492
6175.  0.04959527
6177.5  0.05477848
6180.  0.04832299
6182.5  0.05192091
6185.  0.04705838
6187.5  0.05304531
6190.  0.05064375
6192.5  0.04961571
6195.  0.04870752
6197.5  0.05211565
6200.  0.05035861
6202.5  0.04893627
6205.  0.05613113
6207.5  0.04724597
6210.  0.05122487
6212.5  0.05017538
6215.  0.05305786
6217.5  0.04830701
6220.  0.0485455
6222.5  0.05497455
6225.  0.05443091
6227.5  0.05420836
6230.  0.05368739
6232.5  0.05486217
6235.  0.05441409
6237.5  0.04973582
6240.  0.05529683
6242.5  0.05494955
6245.  0.053175
6247.5  0.05968304
6250.  0.05397009
6252.5  0.05892796
6255.  0.06086297
6257.5  0.05892597
6260.  0.05723315
6262.5  0.0583175
6265.  0.06649908
6267.5  0.06316464
6270.  0.06051999
6272.5  0.05660781
6275.  0.06403017
6277.5  0.06140447
6280.  0.0671232
6282.5  0.05831507
6285.  0.05904051
6287.5  0.05867613
6290.  0.06275817
6292.5  0.06448255
6295.  0.06847039
6297.5  0.07592665
6300.  0.06851336
6302.5  0.06461332
6305.  0.06439994
6307.5  0.06320012
6310.  0.06033963
6312.5  0.06226156
6315.  0.06418334
6317.5  0.06503293
6320.  0.05942651
6322.5  0.06583973
6325.  0.06749319
6327.5  0.06872137
6330.  0.06426402
6332.5  0.06318613
6335.  0.06738486
6337.5  0.06896894
6340.  0.06539183
6342.5  0.06465047
6345.  0.06440067
6347.5  0.07058845
6350.  0.06400203
6352.5  0.06725691
6355.  0.06478346
6357.5  0.06847105
6360.  0.06806099
6362.5  0.06679804
6365.  0.06430125
6367.5  0.06803282
6370.  0.06613851
6372.5  0.07003129
6375.  0.06803606
6377.5  0.06671228
6380.  0.07008348
6382.5  0.06606684
6385.  0.07101641
6387.5  0.06642128
6390.  0.06631842
6392.5  0.06709568
6395.  0.06008839
6397.5  0.06291823
6400.  0.06966212
6402.5  0.06480835
6405.  0.06665907
6407.5  0.06790575
6410.  0.07204164
6412.5  0.06603495
6415.  0.06736686
6417.5  0.06420517
6420.  0.06528524
6422.5  0.06545752
6425.  0.06691711
6427.5  0.06424737
6430.  0.06516631
6432.5  0.06456269
6435.  0.06772975
6437.5  0.06872696
6440.  0.06730454
6442.5  0.06489163
6445.  0.0613587
6447.5  0.06720302
6450.  0.06964751
6452.5  0.06596921
6455.  0.06627386
6457.5  0.06552399
6460.  0.0665519
6462.5  0.06553941
6465.  0.06424484
6467.5  0.06740297
6475.  0.06119729
6477.5  0.06953657
6480.  0.06599879
6482.5  0.06403941
6485.  0.06615418
6487.5  0.06482255
6490.  0.06449014
6492.5  0.06232833
6495.  0.05865017
6497.5  0.06294047
6500.  0.06514125
6502.5  0.06133078
6505.  0.0658279
6507.5  0.06421196
6510.  0.06529326
6512.5  0.06293488
6515.  0.05741572
6517.5  0.06078127
6520.  0.05878049
6522.5  0.06250972
6525.  0.05648073
6527.5  0.06170437
6530.  0.06116674
6532.5  0.06492773
6535.  0.06402415
6537.5  0.05906232
6540.  0.06637055
6542.5  0.05910606
6545.  0.0640063
6547.5  0.06100062
6550.  0.05531221
6552.5  0.05919323
6555.  0.06002479
6557.5  0.06262646
6560.  0.06082008
6562.5  0.06109379
6565.  0.05918823
6567.5  0.0560008
6570.  0.06006021
6572.5  0.05964527
6575.  0.05837955
6577.5  0.05565982
6580.  0.05805304
6582.5  0.06235402
6585.  0.06149971
6587.5  0.06515887
6590.  0.05943136
6592.5  0.06323226
6595.  0.06156575
6597.5  0.06242874
6600.  0.06005634
6602.5  0.06125769
6605.  0.06155515
6607.5  0.06319683
6610.  0.06205441
6612.5  0.05724024
6615.  0.06199185
6617.5  0.06288511
6620.  0.06295766
6622.5  0.06470821
6625.  0.06361485
6627.5  0.06031768
6630.  0.06283708
6632.5  0.06179488
6635.  0.06617033
6637.5  0.05800677
6640.  0.06175784
6642.5  0.05895187
6645.  0.05756835
6647.5  0.06343281
6650.  0.0619677
6652.5  0.05556665
6655.  0.06213241
6657.5  0.05860769
6660.  0.06392056
6662.5  0.0630093
6665.  0.06447423
6667.5  0.06473237
6670.  0.06525572
6672.5  0.05532074
6675.  0.06032279
6677.5  0.06519049
6680.  0.06136131
6682.5  0.06457917
6685.  0.06474895
6687.5  0.06235521
6690.  0.06402845
6692.5  0.06695537
6695.  0.05998603
6697.5  0.06503922
6700.  0.05931691
6702.5  0.06170734
6705.  0.06016772
6707.5  0.05983743
6710.  0.05960327
6712.5  0.05748599
6715.  0.05741564
6717.5  0.06478978
6720.  0.06627356
6722.5  0.06527834
6725.  0.06410486
6727.5  0.06569642
6730.  0.06089064
6732.5  0.05989619
6735.  0.06223017
6737.5  0.0615794
6740.  0.05825491
6742.5  0.05654194
6745.  0.06313924
6747.5  0.05819944
6750.  0.06938311
6752.5  0.0602549
6755.  0.05725241
6757.5  0.06398301
6760.  0.06354362
6762.5  0.0632649
6765.  0.06057781
6767.5  0.05940259
6770.  0.06267346
6772.5  0.07430178
6775.  0.05968542
6777.5  0.06075315
6780.  0.06315703
6782.5  0.05995562
6785.  0.0621862
6787.5  0.06341871
6790.  0.05694417
6792.5  0.05795552
6795.  0.05898699
6797.5  0.06553284
6800.  0.05853736
6802.5  0.06337741
6805.  0.05933455
6807.5  0.06121857
6810.  0.05340367
6812.5  0.06092361
6815.  0.05386565
6817.5  0.06117046
6820.  0.06394527
6822.5  0.05833464
6825.  0.05766454
6827.5  0.04869237
6830.  0.05343309
6832.5  0.05643596
6835.  0.06089469
6837.5  0.05406081
6840.  0.05716432
6842.5  0.05787534
6845.  0.05825974
6847.5  0.04926441
6850.  0.04965077
6852.5  0.05543439
6855.  0.05439679
6857.5  0.05504335
6860.  0.06508119
6862.5  0.05839532
6865.  0.05068807
6867.5  0.05669389
6870.  0.06304093
6872.5  0.0562006
6875.  0.05490744
6877.5  0.04815822
6880.  0.04586962
6882.5  0.04746119
6885.  0.0466617
6887.5  0.04534459
6890.  0.04939445
6892.5  0.04423291
6895.  0.04171383
6897.5  0.05108415
6900.  0.04720803
6902.5  0.0501508
6905.  0.04081385
6907.5  0.04156326
6910.  0.03605638
6912.5  0.0409736
6915.  0.03695209
6917.5  0.03902975
6920.  0.03829033
6922.5  0.03051004
6925.  0.03799533
6927.5  0.03409827
6930.  0.03324388
6932.5  0.03803865
6935.  0.03585262
6937.5  0.02946407
6940.  0.03658469
6942.5  0.03311039
6945.  0.03047978
6947.5  0.02691647
6950.  0.02903302
6952.5  0.02800373
6955.  0.02410042
6957.5  0.03334055
6960.  0.02566807
6962.5  0.02343779
6965.  0.02512562
6967.5  0.02482164
6970.  0.02477775
6972.5  0.02663476
6975.  0.02531668
6977.5  0.02855214
6980.  0.02479466
6982.5  0.02537576
6985.  0.02347818
6987.5  0.02970119
6990.  0.03059251
6992.5  0.02522775
6995.  0.02966898
6997.5  0.03107998
7000.  0.03161357
7002.5  0.03092431
7005.  0.02487865
7007.5  0.0292522
7010.  0.02926588
7012.5  0.02715723
7015.  0.02992573
7017.5  0.02957669
7020.  0.03137589
7022.5  0.03098378
7025.  0.03517517
7027.5  0.03140981
7030.  0.03177621
7032.5  0.02947873
7035.  0.03239416
7037.5  0.03409399
7040.  0.03730324
7042.5  0.03156362
7045.  0.03628548
7047.5  0.04188482
7050.  0.03641193
7052.5  0.03185679
7055.  0.03438849
7057.5  0.0366907
7060.  0.04467076
7062.5  0.03780406
7065.  0.03790073
7067.5  0.03734097
7070.  0.03837646
7072.5  0.03770408
7075.  0.04187985
7077.5  0.04529617
7080.  0.04745979
7082.5  0.04804004
7085.  0.03749702
7087.5  0.04559796
7090.  0.04568236
7092.5  0.04262009
7095.  0.04348276
7097.5  0.04451225
7100.  0.0452797
7102.5  0.04453894
7105.  0.04888703
7107.5  0.04733254
7110.  0.04084161
7112.5  0.04959088
7115.  0.04330605
7117.5  0.04755965
7120.  0.04467118
7122.5  0.04795404
7125.  0.04579234
7127.5  0.04905174
7130.  0.04916296
7132.5  0.04248604
7135.  0.05480759
7137.5  0.05150801
7140.  0.04589627
7142.5  0.04684078
7145.  0.04751925
7147.5  0.05075223
7150.  0.04582141
7152.5  0.04648259
7155.  0.05652246
7157.5  0.05326043
7160.  0.05226118
7162.5  0.05349037
7165.  0.05160394
7167.5  0.0518726
7170.  0.0503524
7172.5  0.04713391
7175.  0.05101414
7177.5  0.04758256
7180.  0.0500474
7182.5  0.05071669
7185.  0.04872743
7187.5  0.05377646
7190.  0.05274832
7192.5  0.05560241
7195.  0.04576496
7197.5  0.04997035
7200.  0.05407034
7202.5  0.05060046
7205.  0.04930024
7207.5  0.0480263
7210.  0.05098781
7212.5  0.04563855
7215.  0.05229893
7217.5  0.05420001
7220.  0.05652658
7222.5  0.05125445
7225.  0.04963411
7227.5  0.05065564
7230.  0.04685429
7232.5  0.04736652
7235.  0.05188291
7237.5  0.04936297
7240.  0.05217859
7242.5  0.05093037
7245.  0.03987593
7247.5  0.04318699
7250.  0.04107644
7252.5  0.03701103
7255.  0.04639852
7257.5  0.04625046
7260.  0.05132316
7262.5  0.04537206
7265.  0.04371912
7267.5  0.04710017
7270.  0.04707252
7272.5  0.05187352
7275.  0.04561529
7277.5  0.04108046
7280.  0.04568375
7282.5  0.04412114
7285.  0.04647634
7287.5  0.04618986
7290.  0.04713138
7292.5  0.04230194
7295.  0.03903475
7297.5  0.04239208
7300.  0.03867991
7302.5  0.04197293
7305.  0.04067379
7307.5  0.04528741
7310.  0.04434903
7312.5  0.04737713
7315.  0.04674022
7317.5  0.0450061
7320.  0.04516339
7322.5  0.03911074
7325.  0.04276489
7327.5  0.04905371
7330.  0.04532223
7332.5  0.04551973
7335.  0.04448697
7337.5  0.05406287
7340.  0.0499224
7342.5  0.04680695
7345.  0.04463523
7347.5  0.04184977
7350.  0.04421916
7352.5  0.04249184
7355.  0.04821925
7357.5  0.04183475
7360.  0.04350364
7362.5  0.04265402
7365.  0.04086851
7367.5  0.03341702
7370.  0.03653408
7372.5  0.04350638
7375.  0.04029299
7377.5  0.03987771
7380.  0.03828041
7382.5  0.03928769
7385.  0.04099284
7387.5  0.03693832
7390.  0.04048321
7392.5  0.04028165
7395.  0.04210494
7397.5  0.03701949
7400.  0.04341444
7402.5  0.0408439
7405.  0.04134767
7407.5  0.03921699
7410.  0.03849606
7412.5  0.03926346
7415.  0.04149656
7417.5  0.04296671
7420.  0.04127179
7422.5  0.04049721
7425.  0.03823127
7427.5  0.04000551
7430.  0.0385351
7432.5  0.04053852
7435.  0.03699082
7437.5  0.03885945
7440.  0.04010401
7442.5  0.04388835
7445.  0.04246245
7447.5  0.04221777
7450.  0.04045504
7452.5  0.03794637
7455.  0.04086287
7457.5  0.04757733
7460.  0.1405442
7462.5  0.1084076
7465.  0.05305427
7467.5  0.03502089
7470.  0.03668332
7472.5  0.03537702
