3440.00000000	3.863396355882e-03
3445.00000000	3.464689850807e-02
3450.00000000	1.849155128002e-02
3455.00000000	3.561359643936e-02
3460.00000000	2.586820535362e-02
3465.00000000	1.233313605189e-02
3470.00000000	2.843257039785e-03
3475.00000000	1.446697209030e-02
3480.00000000	1.639282330871e-02
3485.00000000	2.068739198148e-02
3490.00000000	1.454920880497e-02
3495.00000000	4.162641987205e-02
3500.00000000	3.774277120829e-02
3505.00000000	1.481159497052e-02
3510.00000000	1.007377449423e-02
3515.00000000	2.215814217925e-02
3520.00000000	2.979343384504e-02
3525.00000000	7.026883307844e-03
3530.00000000	2.277284301817e-02
3535.00000000	1.869131810963e-02
3540.00000000	1.562529616058e-02
3545.00000000	3.003329783678e-02
3550.00000000	2.673004381359e-02
3555.00000000	1.818493008614e-02
3560.00000000	9.613738395274e-03
3565.00000000	1.566621940583e-03
3570.00000000	2.729060314596e-02
3575.00000000	1.150232274085e-02
3580.00000000	3.013972193003e-02
3585.00000000	7.523312815465e-04
3590.00000000	8.597144857049e-03
3595.00000000	2.701610885561e-02
3600.00000000	2.262805588543e-02
3605.00000000	1.652866229415e-02
3610.00000000	1.481283083558e-02
3615.00000000	7.082930300385e-03
3620.00000000	8.303166367114e-03
3625.00000000	1.824603416026e-02
3630.00000000	1.383288111538e-02
3635.00000000	1.784731447697e-02
3640.00000000	2.153917029500e-02
3645.00000000	1.238744799048e-02
3650.00000000	2.001587860286e-02
3655.00000000	2.382754161954e-02
3660.00000000	1.813222654164e-02
3665.00000000	2.697584964335e-02
3670.00000000	1.809502765536e-02
3675.00000000	1.529015507549e-02
3680.00000000	1.005035173148e-02
3685.00000000	1.069254893810e-02
3690.00000000	-5.969706689939e-04
3695.00000000	1.238729059696e-02
3700.00000000	2.309035137296e-02
3705.00000000	1.625107228756e-02
3710.00000000	1.470375712961e-02
3715.00000000	2.724219113588e-02
3720.00000000	3.568166866899e-03
3725.00000000	1.295624114573e-02
3730.00000000	1.395017933100e-02
3735.00000000	2.467300184071e-02
3740.00000000	3.377581387758e-02
3745.00000000	1.525298878551e-02
3750.00000000	2.367666922510e-02
3755.00000000	6.436412688345e-03
3760.00000000	4.222930222750e-02
3765.00000000	9.983874857426e-03
3770.00000000	2.522192522883e-02
3775.00000000	1.203636266291e-02
3780.00000000	3.272889927030e-02
3785.00000000	1.854214258492e-02
3790.00000000	2.593216113746e-02
3795.00000000	1.733143068850e-02
3800.00000000	3.159552067518e-02
3805.00000000	3.057280369103e-02
3810.00000000	2.792616747320e-02
3815.00000000	3.231276571751e-02
3820.00000000	3.479658439755e-02
3825.00000000	2.056155726314e-02
3830.00000000	1.781277358532e-02
3835.00000000	1.996890269220e-02
3840.00000000	2.723992243409e-02
3845.00000000	2.212113142014e-02
3850.00000000	9.604921564460e-03
3855.00000000	1.727761887014e-02
3860.00000000	1.648128032684e-02
3865.00000000	1.665688119829e-02
3870.00000000	1.798977330327e-02
3875.00000000	1.476578600705e-02
3880.00000000	2.674126066267e-02
3885.00000000	3.071817569435e-02
3890.00000000	3.885781392455e-02
3895.00000000	3.295076265931e-02
3900.00000000	2.943649329245e-02
3905.00000000	3.481183201075e-02
3910.00000000	3.703363612294e-02
3915.00000000	3.306744992733e-02
3920.00000000	3.599505126476e-02
3925.00000000	3.567867726088e-02
3930.00000000	2.638887614012e-02
3935.00000000	3.973297029734e-02
3940.00000000	4.716787487268e-02
3945.00000000	3.509924188256e-02
3950.00000000	3.657605126500e-02
3955.00000000	3.968805447221e-02
3960.00000000	2.290600724518e-02
3965.00000000	3.645217791200e-02
3970.00000000	3.386504203081e-02
3975.00000000	3.668856993318e-02
3980.00000000	3.082310222089e-02
3985.00000000	2.883999608457e-02
3990.00000000	2.712056413293e-02
3995.00000000	3.341611474752e-02
4000.00000000	2.837429009378e-02
4005.00000000	2.916949987411e-02
4010.00000000	2.616957202554e-02
4015.00000000	3.039692901075e-02
4020.00000000	1.854937523603e-02
4025.00000000	2.372562512755e-02
4030.00000000	2.114211022854e-02
4035.00000000	1.955162361264e-02
4040.00000000	2.649074979126e-02
4045.00000000	2.198626101017e-02
4050.00000000	1.664083637297e-02
4055.00000000	2.085364609957e-02
4060.00000000	2.113410830498e-02
4065.00000000	1.666538789868e-02
4070.00000000	1.664254814386e-02
4075.00000000	2.248561754823e-02
4080.00000000	2.573130093515e-02
4085.00000000	2.839403040707e-02
4090.00000000	2.826897986233e-02
4095.00000000	3.172299265862e-02
4100.00000000	3.582768142223e-02
4105.00000000	3.798340260983e-02
4110.00000000	3.898446634412e-02
4115.00000000	4.303403943777e-02
4120.00000000	4.689792543650e-02
4125.00000000	4.546555131674e-02
4130.00000000	3.887875750661e-02
4135.00000000	5.436915904284e-02
4140.00000000	5.331607535481e-02
4145.00000000	4.594673588872e-02
4150.00000000	4.796367883682e-02
4155.00000000	5.735576897860e-02
4160.00000000	4.717560485005e-02
4165.00000000	5.240406468511e-02
4170.00000000	4.834099858999e-02
4175.00000000	5.652116239071e-02
4180.00000000	5.715265125036e-02
4185.00000000	6.250642985106e-02
4190.00000000	5.922947078943e-02
4195.00000000	5.188468843699e-02
4200.00000000	5.840437114239e-02
4205.00000000	6.391499936581e-02
4210.00000000	5.347169563174e-02
4215.00000000	5.935334786773e-02
4220.00000000	5.545970425010e-02
4225.00000000	6.478732824326e-02
4230.00000000	6.074998527765e-02
4235.00000000	5.692164972425e-02
4240.00000000	5.090055242181e-02
4245.00000000	5.741065740585e-02
4250.00000000	4.231614992023e-02
4255.00000000	5.110137164593e-02
4260.00000000	4.865975677967e-02
4265.00000000	3.905082121491e-02
4270.00000000	4.723813757300e-02
4275.00000000	4.706422984600e-02
4280.00000000	3.403121978045e-02
4285.00000000	4.690305143595e-02
4290.00000000	4.308751225471e-02
4295.00000000	4.217004030943e-02
4300.00000000	4.825390130281e-02
4305.00000000	4.279103130102e-02
4310.00000000	4.262796789408e-02
4315.00000000	4.811070486903e-02
4320.00000000	4.733011499047e-02
4325.00000000	3.911253437400e-02
4330.00000000	4.277349263430e-02
4335.00000000	4.055655747652e-02
4340.00000000	3.963761031628e-02
4345.00000000	4.098522663116e-02
4350.00000000	3.904682025313e-02
4355.00000000	4.108462855220e-02
4360.00000000	2.039129287004e-02
4365.00000000	4.039440676570e-02
4370.00000000	3.551421314478e-02
4375.00000000	3.386893123388e-02
4380.00000000	4.159542173147e-02
4385.00000000	3.589755669236e-02
4390.00000000	4.276483133435e-02
4395.00000000	3.690443933010e-02
4400.00000000	3.628996014595e-02
4405.00000000	3.393085673451e-02
4410.00000000	3.595447167754e-02
4415.00000000	3.431356698275e-02
4420.00000000	3.837502002716e-02
4425.00000000	4.226814210415e-02
4430.00000000	4.920097813010e-02
4435.00000000	4.150817543268e-02
4440.00000000	3.945308923721e-02
4445.00000000	4.089483991265e-02
4450.00000000	3.948746994138e-02
4455.00000000	3.213743120432e-02
4460.00000000	4.377052560449e-02
4465.00000000	4.253125935793e-02
4470.00000000	4.428209736943e-02
4475.00000000	4.623319953680e-02
4480.00000000	4.031027480960e-02
4485.00000000	5.093089118600e-02
4490.00000000	3.864300623536e-02
4495.00000000	3.927348554134e-02
4500.00000000	4.579204320908e-02
4505.00000000	4.626156762242e-02
4510.00000000	4.898303374648e-02
4515.00000000	3.805899247527e-02
4520.00000000	3.854794800282e-02
4525.00000000	4.345616325736e-02
4530.00000000	3.617462888360e-02
4535.00000000	3.844225406647e-02
4540.00000000	4.152365773916e-02
4545.00000000	5.104014649987e-02
4550.00000000	4.358863830566e-02
4555.00000000	3.395852446556e-02
4560.00000000	4.118271917105e-02
4565.00000000	4.347033426166e-02
4570.00000000	5.221362784505e-02
4575.00000000	5.040401592851e-02
4580.00000000	4.558993503451e-02
4585.00000000	4.374968260527e-02
4590.00000000	4.746434837580e-02
4595.00000000	4.748676717281e-02
4600.00000000	5.241012945771e-02
4605.00000000	5.339863523841e-02
4610.00000000	4.415135830641e-02
4615.00000000	4.411966726184e-02
4620.00000000	4.098170995712e-02
4625.00000000	3.978050127625e-02
4630.00000000	3.714887052774e-02
4635.00000000	3.308178111911e-02
4640.00000000	3.708143159747e-02
4645.00000000	3.554782271385e-02
4650.00000000	2.787538617849e-02
4655.00000000	3.641660511494e-02
4660.00000000	3.526144847274e-02
4665.00000000	3.151444345713e-02
4670.00000000	2.607843652368e-02
4675.00000000	2.363998256624e-02
4680.00000000	3.038027882576e-02
4685.00000000	2.983351796865e-02
4690.00000000	2.293148636818e-02
4695.00000000	2.148343063891e-02
4700.00000000	2.549237571657e-02
4705.00000000	3.176312148571e-02
4710.00000000	3.165842965245e-02
4715.00000000	3.099115937948e-02
4720.00000000	2.969388663769e-02
4725.00000000	2.985337749124e-02
4730.00000000	2.843558974564e-02
4735.00000000	3.775356709957e-02
4740.00000000	2.251149341464e-02
4745.00000000	3.048000484705e-02
4750.00000000	2.644007280469e-02
4755.00000000	2.890424616635e-02
4760.00000000	2.972911670804e-02
4765.00000000	3.679877147079e-02
4770.00000000	3.297738358378e-02
4775.00000000	2.892635390162e-02
4780.00000000	3.943992406130e-02
4785.00000000	3.539016097784e-02
4790.00000000	4.023875668645e-02
4795.00000000	3.881718963385e-02
4800.00000000	3.807985037565e-02
4805.00000000	4.121567308903e-02
4810.00000000	4.922123625875e-02
4815.00000000	6.024495512247e-02
4820.00000000	4.809259995818e-02
4825.00000000	6.068611890078e-02
4830.00000000	6.317434459925e-02
4835.00000000	7.308471202850e-02
4840.00000000	6.145931407809e-02
4845.00000000	6.624709069729e-02
4850.00000000	7.531197369099e-02
4855.00000000	6.995032727718e-02
4860.00000000	7.999523729086e-02
4865.00000000	8.311004191637e-02
4870.00000000	7.134452462196e-02
4875.00000000	8.219027519226e-02
4880.00000000	7.965166866779e-02
4885.00000000	8.679375052452e-02
4890.00000000	9.381096065044e-02
4895.00000000	8.705881983042e-02
4900.00000000	9.154886752367e-02
4905.00000000	8.791107684374e-02
4910.00000000	9.762910008430e-02
4915.00000000	9.435069561005e-02
4920.00000000	9.980618953705e-02
4925.00000000	9.949801117182e-02
4930.00000000	9.353609383106e-02
4935.00000000	9.082136303186e-02
4940.00000000	8.461958914995e-02
4945.00000000	7.575506716967e-02
4950.00000000	7.026320695877e-02
4955.00000000	6.569139659405e-02
4960.00000000	5.940763652325e-02
4965.00000000	5.939133465290e-02
4970.00000000	5.088743194938e-02
4975.00000000	5.448367074132e-02
4980.00000000	5.724989995360e-02
4985.00000000	5.453071370721e-02
4990.00000000	4.563891142607e-02
4995.00000000	4.254138469696e-02
5000.00000000	4.532054811716e-02
5005.00000000	4.630887135863e-02
5010.00000000	5.144128948450e-02
5015.00000000	4.242606088519e-02
5020.00000000	4.575375840068e-02
5025.00000000	4.040393233299e-02
5030.00000000	4.534776136279e-02
5035.00000000	3.761010244489e-02
5040.00000000	3.727365657687e-02
5045.00000000	4.166831821203e-02
5050.00000000	3.619987145066e-02
5055.00000000	4.018063098192e-02
5060.00000000	3.777195513248e-02
5065.00000000	3.605513647199e-02
5070.00000000	2.965526655316e-02
5075.00000000	3.821210935712e-02
5080.00000000	4.408279433846e-02
5085.00000000	4.472225159407e-02
5090.00000000	4.767804965377e-02
5095.00000000	5.104206129909e-02
5100.00000000	4.614504054189e-02
5105.00000000	4.436782747507e-02
5110.00000000	5.374220013618e-02
5115.00000000	4.933687672019e-02
5120.00000000	5.039449781179e-02
5125.00000000	4.626980423927e-02
5130.00000000	5.320673435926e-02
5135.00000000	5.339137837291e-02
5140.00000000	5.102239176631e-02
5145.00000000	5.180293321609e-02
5150.00000000	5.482749640942e-02
5155.00000000	5.474152788520e-02
5160.00000000	4.933885484934e-02
5165.00000000	4.851015284657e-02
5170.00000000	5.565998703241e-02
5175.00000000	5.165700614452e-02
5180.00000000	5.264538899064e-02
5185.00000000	4.762624576688e-02
5190.00000000	6.042207404971e-02
5195.00000000	6.291005015373e-02
5200.00000000	5.764974653721e-02
5205.00000000	5.709200352430e-02
5210.00000000	6.156203895807e-02
5215.00000000	6.520427763462e-02
5220.00000000	6.861219555140e-02
5225.00000000	7.780838757753e-02
5230.00000000	7.258425652981e-02
5235.00000000	8.272573351860e-02
5240.00000000	7.847474515438e-02
5245.00000000	7.247814536095e-02
5250.00000000	7.523761689663e-02
5255.00000000	8.048129826784e-02
5260.00000000	8.553338795900e-02
5265.00000000	8.572863042355e-02
5270.00000000	8.069312572479e-02
5275.00000000	7.941703498363e-02
5280.00000000	6.265651434660e-02
5285.00000000	7.178676873446e-02
5290.00000000	5.800612270832e-02
5295.00000000	6.492130458355e-02
5300.00000000	6.154957786202e-02
5305.00000000	5.735421553254e-02
5310.00000000	5.286820232868e-02
5315.00000000	5.811031907797e-02
5320.00000000	5.088709294796e-02
5325.00000000	4.746135324240e-02
5330.00000000	3.922179713845e-02
5335.00000000	4.710106924176e-02
5340.00000000	4.563273489475e-02
5345.00000000	4.442632943392e-02
5350.00000000	4.497100040317e-02
5355.00000000	4.001439735293e-02
5360.00000000	4.828463494778e-02
5365.00000000	4.093772172928e-02
5370.00000000	4.059614986181e-02
5375.00000000	4.070679098368e-02
5380.00000000	4.327487573028e-02
5385.00000000	4.510160163045e-02
5390.00000000	4.400291293859e-02
5395.00000000	4.276275634766e-02
5400.00000000	3.798403218389e-02
5405.00000000	3.322983533144e-02
5410.00000000	3.491972386837e-02
5415.00000000	4.083642363548e-02
5420.00000000	4.480315744877e-02
5425.00000000	4.052929207683e-02
5430.00000000	4.146429896355e-02
5435.00000000	4.068203270435e-02
5440.00000000	3.222839161754e-02
5445.00000000	3.316051512957e-02
5450.00000000	4.232063889503e-02
5455.00000000	4.077636078000e-02
5460.00000000	4.118919000030e-02
5465.00000000	4.194898530841e-02
5470.00000000	3.891073167324e-02
5475.00000000	3.798727691174e-02
5480.00000000	4.768230021000e-02
5485.00000000	4.778044670820e-02
5490.00000000	4.302417486906e-02
5495.00000000	3.953735157847e-02
5500.00000000	4.262538254261e-02
5505.00000000	4.777015373111e-02
5510.00000000	5.279972404242e-02
5515.00000000	5.456373095512e-02
5520.00000000	5.540068447590e-02
5525.00000000	5.609209835529e-02
5530.00000000	5.769108235836e-02
5535.00000000	5.430309101939e-02
5540.00000000	6.196079403162e-02
5545.00000000	5.895017087460e-02
5550.00000000	6.682935357094e-02
5555.00000000	6.607981771231e-02
5560.00000000	6.637109816074e-02
5565.00000000	6.955292075872e-02
5570.00000000	6.769265234470e-02
5575.00000000	6.898598372936e-02
5580.00000000	7.157490402460e-02
5585.00000000	7.294958829880e-02
5590.00000000	7.728081941605e-02
5595.00000000	8.471260964870e-02
5600.00000000	8.825884014368e-02
5605.00000000	8.241538703442e-02
5610.00000000	8.414363861084e-02
5615.00000000	8.576960116625e-02
5620.00000000	8.256006985903e-02
5625.00000000	9.315381944180e-02
5630.00000000	8.933463692665e-02
5635.00000000	8.903011679649e-02
5640.00000000	9.037356823683e-02
5645.00000000	8.837261795998e-02
5650.00000000	9.104546904564e-02
5655.00000000	9.208517521620e-02
5660.00000000	8.805179595947e-02
5665.00000000	9.044344723225e-02
5670.00000000	9.069195389748e-02
5675.00000000	9.229186922312e-02
5680.00000000	9.488835930824e-02
5685.00000000	9.006706625223e-02
5690.00000000	9.193941205740e-02
5695.00000000	9.936410933733e-02
5700.00000000	9.628723561764e-02
5705.00000000	9.579309076071e-02
5710.00000000	1.011838391423e-01
5715.00000000	9.796112030745e-02
5720.00000000	1.052805036306e-01
5725.00000000	1.037046313286e-01
5730.00000000	9.933598339558e-02
5735.00000000	9.995508193970e-02
5740.00000000	1.008463725448e-01
5745.00000000	1.087594926357e-01
5750.00000000	1.096742823720e-01
5755.00000000	1.056703701615e-01
5760.00000000	1.077299267054e-01
5765.00000000	1.050674319267e-01
5770.00000000	1.112380027771e-01
5775.00000000	1.155849546194e-01
5780.00000000	1.142828166485e-01
5785.00000000	1.164244934916e-01
5790.00000000	1.116424500942e-01
5795.00000000	1.117684096098e-01
5800.00000000	1.197210103273e-01
5805.00000000	1.244352534413e-01
5810.00000000	1.269501447678e-01
5815.00000000	1.296755969524e-01
5820.00000000	1.308429986238e-01
5825.00000000	1.263629496098e-01
5830.00000000	1.225393787026e-01
5835.00000000	1.286819428205e-01
5840.00000000	1.297927796841e-01
5845.00000000	1.286443620920e-01
5850.00000000	1.214615777135e-01
5855.00000000	1.292095482349e-01
5860.00000000	1.315394788980e-01
5865.00000000	1.298812478781e-01
5870.00000000	1.240126863122e-01
5875.00000000	1.189718842506e-01
5880.00000000	1.169012486935e-01
5885.00000000	1.164896339178e-01
5890.00000000	1.137808486819e-01
5895.00000000	1.154871955514e-01
5900.00000000	1.160872951150e-01
5905.00000000	1.176120787859e-01
5910.00000000	1.121689975262e-01
5915.00000000	1.078954339027e-01
5920.00000000	1.093624532223e-01
5925.00000000	1.100964844227e-01
5930.00000000	1.080586686730e-01
5935.00000000	1.056729033589e-01
5940.00000000	1.010035425425e-01
5945.00000000	9.760763496161e-02
5950.00000000	9.708347171545e-02
5955.00000000	9.909300506115e-02
5960.00000000	1.017549708486e-01
5965.00000000	1.020635887980e-01
5970.00000000	1.010855138302e-01
5975.00000000	9.638074785471e-02
5980.00000000	8.788387477398e-02
5985.00000000	8.346745371819e-02
5990.00000000	8.545953035355e-02
5995.00000000	8.995196223259e-02
6000.00000000	8.520270884037e-02
6005.00000000	7.958344370127e-02
6010.00000000	7.957748323679e-02
6015.00000000	7.824109494686e-02
6020.00000000	7.627106457949e-02
6025.00000000	7.498199492693e-02
6030.00000000	7.276021689177e-02
6035.00000000	7.277747243643e-02
6040.00000000	7.304079085588e-02
6045.00000000	7.084133476019e-02
6050.00000000	7.055200636387e-02
6055.00000000	7.161806523800e-02
6060.00000000	6.770779192448e-02
6065.00000000	6.569831818342e-02
6070.00000000	6.208186969161e-02
6075.00000000	6.289159506559e-02
6080.00000000	6.661674380302e-02
6085.00000000	6.471436470747e-02
6090.00000000	6.507849693298e-02
6095.00000000	6.486902385950e-02
6100.00000000	6.648395955563e-02
6105.00000000	7.046802341938e-02
6110.00000000	6.664503365755e-02
6115.00000000	6.434763967991e-02
6120.00000000	6.418105214834e-02
6125.00000000	7.021425664425e-02
6130.00000000	7.208041846752e-02
6135.00000000	7.188994437456e-02
6140.00000000	7.806843519211e-02
6145.00000000	7.916422933340e-02
6150.00000000	8.143197000027e-02
6155.00000000	8.628711104393e-02
6160.00000000	8.088524639606e-02
6165.00000000	8.160141110420e-02
6170.00000000	9.031487256289e-02
6175.00000000	8.964983373880e-02
6180.00000000	8.750434964895e-02
6185.00000000	9.392882883549e-02
6190.00000000	9.641429036856e-02
6195.00000000	1.001240462065e-01
6200.00000000	1.035080999136e-01
6205.00000000	1.005753427744e-01
6210.00000000	1.007123589516e-01
6215.00000000	1.062631309032e-01
6220.00000000	1.110121160746e-01
6225.00000000	1.109142526984e-01
6230.00000000	1.071157827973e-01
6235.00000000	1.051672175527e-01
6240.00000000	1.077395454049e-01
6245.00000000	1.083981320262e-01
6250.00000000	1.078453883529e-01
6255.00000000	1.060587987304e-01
6260.00000000	1.072583645582e-01
6265.00000000	1.105178073049e-01
6270.00000000	1.079521030188e-01
6275.00000000	1.040655598044e-01
6280.00000000	9.866517037153e-02
6285.00000000	1.029771938920e-01
6290.00000000	1.058359146118e-01
6295.00000000	9.226734191179e-02
6300.00000000	9.190471470356e-02
6305.00000000	9.253399074078e-02
6310.00000000	8.571752160788e-02
6315.00000000	8.446954935789e-02
6320.00000000	8.381736278534e-02
6325.00000000	8.060692995787e-02
6330.00000000	7.528427243233e-02
6335.00000000	7.975716143847e-02
6340.00000000	7.475775480270e-02
6345.00000000	7.257359474897e-02
6350.00000000	7.092603296041e-02
6355.00000000	7.090201228857e-02
6360.00000000	6.873807311058e-02
6365.00000000	6.587427109480e-02
6370.00000000	6.583093851805e-02
6375.00000000	6.432208418846e-02
6380.00000000	6.809775531292e-02
6385.00000000	6.580694019794e-02
6390.00000000	6.112205982208e-02
6395.00000000	6.027329340577e-02
6400.00000000	6.090070307255e-02
6405.00000000	6.073667109013e-02
6410.00000000	5.839398875833e-02
6415.00000000	5.662127584219e-02
6420.00000000	5.617455020547e-02
6425.00000000	5.666188150644e-02
6430.00000000	5.685947090387e-02
6435.00000000	5.674496665597e-02
6440.00000000	5.996667221189e-02
6445.00000000	6.165217608213e-02
6450.00000000	5.793052166700e-02
6455.00000000	5.871439725161e-02
6460.00000000	5.681898072362e-02
6465.00000000	5.538792908192e-02
6470.00000000	5.900431424379e-02
6475.00000000	5.895480886102e-02
6480.00000000	5.830125883222e-02
6485.00000000	5.980233475566e-02
6490.00000000	5.700850859284e-02
6495.00000000	5.488044768572e-02
6500.00000000	5.547589063644e-02
6505.00000000	5.342455953360e-02
6510.00000000	5.187819153070e-02
6515.00000000	4.856450855732e-02
6520.00000000	4.791961982846e-02
6525.00000000	5.210002884269e-02
6530.00000000	5.268814042211e-02
6535.00000000	5.629614368081e-02
6540.00000000	5.451864004135e-02
6545.00000000	5.606539919972e-02
6550.00000000	6.026791781187e-02
6555.00000000	6.051526218653e-02
6560.00000000	6.269576400518e-02
6565.00000000	6.447188556194e-02
6570.00000000	6.681274622679e-02
6575.00000000	6.782761216164e-02
6580.00000000	7.037587463856e-02
6585.00000000	7.099389284849e-02
6590.00000000	7.120859622955e-02
6595.00000000	7.220143824816e-02
6600.00000000	7.346668094397e-02
6605.00000000	7.018285989761e-02
6610.00000000	6.417644768953e-02
6615.00000000	6.123921275139e-02
6620.00000000	6.220915168524e-02
6625.00000000	6.713729351759e-02
6630.00000000	6.840260326862e-02
6635.00000000	6.571877002716e-02
6640.00000000	6.328971683979e-02
6645.00000000	6.453313678503e-02
6650.00000000	6.327507644892e-02
6655.00000000	5.999866873026e-02
6660.00000000	6.032673269510e-02
6665.00000000	5.706975981593e-02
6670.00000000	5.579302459955e-02
6675.00000000	5.654551088810e-02
6680.00000000	6.194971501827e-02
6685.00000000	6.056392937899e-02
6690.00000000	5.798752233386e-02
6695.00000000	6.135369464755e-02
6700.00000000	5.931859835982e-02
6705.00000000	5.985255911946e-02
6710.00000000	6.064588204026e-02
6715.00000000	6.309875845909e-02
6720.00000000	6.606340408325e-02
6725.00000000	6.705164164305e-02
6730.00000000	6.823597103357e-02
6735.00000000	6.856857985258e-02
6740.00000000	6.771223247051e-02
6745.00000000	7.099047303200e-02
6750.00000000	7.202893495560e-02
6755.00000000	7.324456423521e-02
6760.00000000	7.363624125719e-02
6765.00000000	7.653725147247e-02
6770.00000000	7.868417352438e-02
6775.00000000	7.796557992697e-02
6780.00000000	8.038378506899e-02
6785.00000000	8.036428689957e-02
6790.00000000	8.136218041182e-02
6795.00000000	8.663094788790e-02
6800.00000000	8.598612993956e-02
6805.00000000	8.727698773146e-02
6810.00000000	9.489281475544e-02
6815.00000000	9.437390416861e-02
6820.00000000	9.097702801228e-02
6825.00000000	9.548640251160e-02
6830.00000000	9.857968986034e-02
6835.00000000	9.725891798735e-02
6840.00000000	9.952899813652e-02
6845.00000000	9.467662870884e-02
6850.00000000	1.004432961345e-01
6855.00000000	1.010291203856e-01
6860.00000000	1.022568717599e-01
6865.00000000	1.036559343338e-01
6870.00000000	1.047306507826e-01
6875.00000000	1.023842543364e-01
6880.00000000	1.023117080331e-01
6885.00000000	1.022145152092e-01
6890.00000000	1.027295440435e-01
6895.00000000	1.026035621762e-01
6900.00000000	1.033857688308e-01
6905.00000000	1.058798730373e-01
6910.00000000	1.069346293807e-01
6915.00000000	1.056987047195e-01
6920.00000000	9.909434616566e-02
6925.00000000	9.984030574560e-02
6930.00000000	1.030977889895e-01
6935.00000000	1.036189794540e-01
6940.00000000	1.050000935793e-01
6945.00000000	1.044007539749e-01
6950.00000000	1.035875231028e-01
6955.00000000	1.013422757387e-01
6960.00000000	1.031034290791e-01
6965.00000000	1.030338481069e-01
6970.00000000	9.951601922512e-02
6975.00000000	1.046153306961e-01
6980.00000000	1.055186465383e-01
6985.00000000	1.025079265237e-01
6990.00000000	9.734937548637e-02
6995.00000000	9.399604052305e-02
7000.00000000	9.667691588402e-02
7005.00000000	9.383010864258e-02
7010.00000000	9.624726325274e-02
7015.00000000	9.158228337765e-02
7020.00000000	8.496997505426e-02
7025.00000000	8.329246938229e-02
7030.00000000	8.696734905243e-02
7035.00000000	8.544805645943e-02
7040.00000000	8.308891206980e-02
7045.00000000	8.388845622540e-02
7050.00000000	8.027842640877e-02
7055.00000000	7.624308019876e-02
7060.00000000	8.063216507435e-02
7065.00000000	7.834879308939e-02
7070.00000000	7.562495768070e-02
7075.00000000	7.292331010103e-02
7080.00000000	6.987959146500e-02
7085.00000000	6.874636560678e-02
7090.00000000	6.750928610563e-02
7095.00000000	6.305222958326e-02
7100.00000000	6.040286645293e-02
7105.00000000	6.018047779799e-02
7110.00000000	6.048853322864e-02
7115.00000000	5.791965499520e-02
7120.00000000	5.642423778772e-02
7125.00000000	5.510376393795e-02
7130.00000000	5.543577671051e-02
7135.00000000	5.519605800509e-02
7140.00000000	5.174313113093e-02
7145.00000000	5.223198980093e-02
7150.00000000	5.732464417815e-02
7155.00000000	5.249928310513e-02
7160.00000000	5.208405852318e-02
7165.00000000	5.024495720863e-02
7170.00000000	4.781845584512e-02
7175.00000000	4.620236903429e-02
7180.00000000	4.801389575005e-02
7185.00000000	4.820561036468e-02
7190.00000000	4.731313511729e-02
7195.00000000	4.752344638109e-02
7200.00000000	4.834600910544e-02
7205.00000000	4.970100149512e-02
7210.00000000	4.769326001406e-02
7215.00000000	4.635376483202e-02
7220.00000000	4.546297714114e-02
7225.00000000	4.379974305630e-02
7230.00000000	4.397636651993e-02
7235.00000000	4.483842477202e-02
7240.00000000	4.513245075941e-02
7245.00000000	4.438235610723e-02
7250.00000000	4.267524927855e-02
7255.00000000	4.362967610359e-02
7260.00000000	4.232782870531e-02
7265.00000000	4.149904474616e-02
7270.00000000	4.454424977303e-02
7275.00000000	4.790011420846e-02
7280.00000000	4.453376680613e-02
7285.00000000	4.172186553478e-02
7290.00000000	4.422353208065e-02
7295.00000000	4.627695307136e-02
7300.00000000	4.278063029051e-02
7305.00000000	4.133539274335e-02
7310.00000000	4.276259616017e-02
7315.00000000	4.421298950911e-02
7320.00000000	4.735594987869e-02
7325.00000000	4.213983938098e-02
7330.00000000	4.294685646892e-02
7335.00000000	4.606527090073e-02
7340.00000000	4.725803434849e-02
7345.00000000	4.004043713212e-02
7350.00000000	4.347133263946e-02
7355.00000000	4.690028727055e-02
7360.00000000	3.820053115487e-02
7365.00000000	4.439217224717e-02
7370.00000000	4.277882352471e-02
7375.00000000	4.202296957374e-02
7380.00000000	4.087295755744e-02
7385.00000000	4.279819503427e-02
7390.00000000	4.327105358243e-02
7395.00000000	4.283418133855e-02
7400.00000000	4.140676185489e-02
7405.00000000	3.840244561434e-02
7410.00000000	4.048467054963e-02
7415.00000000	4.178366437554e-02
7420.00000000	3.934290632606e-02
7425.00000000	3.802639618516e-02
7430.00000000	3.821076452732e-02
7435.00000000	3.776207938790e-02
7440.00000000	3.828918188810e-02
7445.00000000	3.930201381445e-02
7450.00000000	3.948112577200e-02
7455.00000000	3.955034911633e-02
7460.00000000	3.825587406754e-02
7465.00000000	3.985346853733e-02
7470.00000000	3.893680870533e-02
7475.00000000	3.925704210997e-02
7480.00000000	3.966707363725e-02
7485.00000000	3.830523043871e-02
7490.00000000	3.524174913764e-02
7495.00000000	3.491523489356e-02
7500.00000000	3.802808374166e-02
7505.00000000	3.918091580272e-02
7510.00000000	3.815485164523e-02
7515.00000000	3.623149916530e-02
7520.00000000	3.831762447953e-02
7525.00000000	3.636800125241e-02
7530.00000000	3.688251599669e-02
7535.00000000	3.685705363750e-02
7540.00000000	3.658621758223e-02
7545.00000000	3.676400706172e-02
7550.00000000	3.758032247424e-02
7555.00000000	3.890687972307e-02
7560.00000000	3.934743627906e-02
7565.00000000	4.101037979126e-02
7570.00000000	4.153300449252e-02
7575.00000000	4.072754830122e-02
7580.00000000	4.129805788398e-02
7585.00000000	4.301773011684e-02
7590.00000000	4.266447946429e-02
7595.00000000	3.853522241116e-02
7600.00000000	3.654327616096e-02
7605.00000000	3.549193590879e-02
7610.00000000	4.196401685476e-02
7615.00000000	4.638097062707e-02
7620.00000000	4.416045174003e-02
7625.00000000	4.464826732874e-02
7630.00000000	4.493702575564e-02
7635.00000000	4.871697351336e-02
7640.00000000	4.711963608861e-02
7645.00000000	4.282096400857e-02
7650.00000000	4.507050663233e-02
7655.00000000	4.791484773159e-02
7660.00000000	5.207403376698e-02
7665.00000000	5.074657127261e-02
7670.00000000	4.733289778233e-02
7675.00000000	4.603913798928e-02
7680.00000000	4.784807562828e-02
7685.00000000	4.982339590788e-02
7690.00000000	5.504596978426e-02
7695.00000000	4.877380654216e-02
7700.00000000	4.788260906935e-02
7705.00000000	4.717037454247e-02
7710.00000000	4.826582968235e-02
7715.00000000	4.880687594414e-02
7720.00000000	4.760751873255e-02
7725.00000000	4.811023920774e-02
7730.00000000	4.810767993331e-02
7735.00000000	4.691379889846e-02
7740.00000000	4.711192473769e-02
7745.00000000	4.530601948500e-02
7750.00000000	4.420924559236e-02
7755.00000000	4.606613889337e-02
7760.00000000	4.916423931718e-02
7765.00000000	5.164799466729e-02
7770.00000000	5.029151216149e-02
7775.00000000	4.839834943414e-02
7780.00000000	5.276898294687e-02
7785.00000000	5.548049136996e-02
7790.00000000	4.960586130619e-02
7795.00000000	4.787319526076e-02
7800.00000000	5.263924598694e-02
7805.00000000	5.382350459695e-02
7810.00000000	5.390122905374e-02
7815.00000000	5.057872459292e-02
7820.00000000	5.262754112482e-02
7825.00000000	5.065916851163e-02
7830.00000000	5.332950130105e-02
7835.00000000	5.840042605996e-02
7840.00000000	5.579731985927e-02
7845.00000000	5.680583417416e-02
7850.00000000	6.073257699609e-02
7855.00000000	6.041876226664e-02
7860.00000000	5.732697993517e-02
7865.00000000	5.733525753021e-02
7870.00000000	5.935711786151e-02
7875.00000000	5.368437990546e-02
7880.00000000	5.297405272722e-02
7885.00000000	5.509258806705e-02
7890.00000000	5.904900655150e-02
7895.00000000	6.200267001987e-02
7900.00000000	5.658728629351e-02
7905.00000000	5.440901219845e-02
7910.00000000	4.999594390392e-02
7915.00000000	5.383385717869e-02
7920.00000000	6.052968651056e-02
7925.00000000	5.697192624211e-02
7930.00000000	5.399146676064e-02
7935.00000000	5.314077809453e-02
7940.00000000	5.235051736236e-02
7945.00000000	5.244047939777e-02
7950.00000000	5.304808914661e-02
7955.00000000	5.286329239607e-02
7960.00000000	5.320316925645e-02
7965.00000000	5.228973180056e-02
7970.00000000	5.282193049788e-02
7975.00000000	5.335254222155e-02
7980.00000000	4.779251292348e-02
7985.00000000	5.032724514604e-02
7990.00000000	5.262568220496e-02
7995.00000000	4.964702576399e-02
8000.00000000	4.450531303883e-02
8005.00000000	4.923982918262e-02
8010.00000000	5.386753380299e-02
8015.00000000	5.112382769585e-02
8020.00000000	5.169596150517e-02
8025.00000000	5.054294690490e-02
8030.00000000	4.939413815737e-02
8035.00000000	4.846556857228e-02
8040.00000000	4.904512688518e-02
8045.00000000	5.405119806528e-02
8050.00000000	5.241264775395e-02
8055.00000000	5.025764554739e-02
8060.00000000	5.668469518423e-02
8065.00000000	5.902401730418e-02
8070.00000000	5.528534948826e-02
8075.00000000	5.576242879033e-02
8080.00000000	5.549370497465e-02
8085.00000000	4.969097673893e-02
8090.00000000	4.986927285790e-02
8095.00000000	5.148667097092e-02
8100.00000000	5.279757454991e-02
8105.00000000	5.309988185763e-02
8110.00000000	5.461140722036e-02
8115.00000000	5.597830563784e-02
8120.00000000	5.609945207834e-02
8125.00000000	5.528747662902e-02
8130.00000000	5.183076113462e-02
8135.00000000	5.374072492123e-02
8140.00000000	5.620223283768e-02
8145.00000000	5.601105839014e-02
8150.00000000	6.116629391909e-02
8155.00000000	5.836752429605e-02
8160.00000000	5.229025706649e-02
8165.00000000	5.960872024298e-02
8170.00000000	6.286365538836e-02
8175.00000000	5.748685449362e-02
8180.00000000	5.833889544010e-02
8185.00000000	5.766759067774e-02
8190.00000000	5.713716521859e-02
8195.00000000	5.943375825882e-02
8200.00000000	5.507901310921e-02
8205.00000000	5.191738530993e-02
8210.00000000	5.663251504302e-02
8215.00000000	5.413675308228e-02
8220.00000000	5.562368407845e-02
8225.00000000	5.364034324884e-02
8230.00000000	5.265268683434e-02
8235.00000000	6.050934270024e-02
8240.00000000	5.643688142300e-02
8245.00000000	5.157444253564e-02
8250.00000000	5.420730262995e-02
8255.00000000	5.780688673258e-02
8260.00000000	5.779780074954e-02
8265.00000000	5.218800529838e-02
8270.00000000	5.097167193890e-02
8275.00000000	5.840927734971e-02
8280.00000000	5.487316846848e-02
8285.00000000	5.058896914124e-02
8290.00000000	5.277605354786e-02
8295.00000000	4.796357080340e-02
8300.00000000	4.190483316779e-02
8305.00000000	4.657642915845e-02
8310.00000000	5.141539871693e-02
8315.00000000	5.066232383251e-02
8320.00000000	4.930091276765e-02
8325.00000000	4.879470542073e-02
8330.00000000	5.083838477731e-02
8335.00000000	5.309878289700e-02
8340.00000000	4.830355942249e-02
8345.00000000	4.312915354967e-02
8350.00000000	4.759055003524e-02
8355.00000000	5.099373310804e-02
8360.00000000	4.815228283405e-02
8365.00000000	4.471169784665e-02
8370.00000000	4.514157027006e-02
8375.00000000	4.450198635459e-02
8380.00000000	3.688008710742e-02
8385.00000000	3.707337006927e-02
8390.00000000	4.159550368786e-02
8395.00000000	4.505468904972e-02
8400.00000000	4.402521252632e-02
8405.00000000	4.321015998721e-02
8410.00000000	4.550657793880e-02
8415.00000000	3.948283195496e-02
8420.00000000	3.772123157978e-02
8425.00000000	3.677345067263e-02
8430.00000000	3.429421782494e-02
8435.00000000	3.800950199366e-02
8440.00000000	4.138539731503e-02
8445.00000000	3.847995400429e-02
8450.00000000	3.664859011769e-02
8455.00000000	3.743344545364e-02
8460.00000000	3.441273793578e-02
8465.00000000	3.059253655374e-02
8470.00000000	3.382680565119e-02
8475.00000000	3.724067658186e-02
8480.00000000	3.504137322307e-02
8485.00000000	3.358141705394e-02
8490.00000000	3.314775601029e-02
8495.00000000	3.325757384300e-02
8500.00000000	3.547595068812e-02
8505.00000000	3.650917112827e-02
8510.00000000	3.572441637516e-02
8515.00000000	3.526638075709e-02
8520.00000000	3.522882238030e-02
8525.00000000	3.588688373566e-02
8530.00000000	3.368509188294e-02
8535.00000000	3.307388722897e-02
8540.00000000	3.365635126829e-02
8545.00000000	2.915320359170e-02
8550.00000000	2.853977307677e-02
8555.00000000	2.931148000062e-02
8560.00000000	3.282560408115e-02
8565.00000000	3.470263257623e-02
8570.00000000	2.981745265424e-02
8575.00000000	2.918357402086e-02
8580.00000000	3.231333196163e-02
8585.00000000	2.925795130432e-02
8590.00000000	3.262501582503e-02
8595.00000000	3.739932179451e-02
8600.00000000	3.215787932277e-02
8605.00000000	2.848490327597e-02
8610.00000000	3.281462565064e-02
8615.00000000	3.739166632295e-02
8620.00000000	3.000498935580e-02
8625.00000000	2.142701484263e-02
8630.00000000	2.949076518416e-02
8635.00000000	3.128784522414e-02
8640.00000000	2.835526317358e-02
8645.00000000	3.518259525299e-02
8650.00000000	3.345917165279e-02
8655.00000000	2.716776542366e-02
8660.00000000	2.498459815979e-02
8665.00000000	2.620648033917e-02
8670.00000000	2.601540833712e-02
8675.00000000	2.006271667778e-02
8680.00000000	2.293981611729e-02
8685.00000000	2.344440855086e-02
8690.00000000	2.184393070638e-02
8695.00000000	1.847480796278e-02
8700.00000000	2.036053873599e-02
8705.00000000	1.764576323330e-02
8710.00000000	1.979592442513e-02
8715.00000000	2.111886814237e-02
8720.00000000	1.113138161600e-02
8725.00000000	8.617292158306e-03
8730.00000000	9.166340343654e-03
8735.00000000	1.565277390182e-02
8740.00000000	1.804784499109e-02
8745.00000000	1.252180989832e-02
8750.00000000	1.232201885432e-02
8755.00000000	1.455818302929e-02
8760.00000000	1.254020538181e-02
8765.00000000	1.473829802126e-02
8770.00000000	2.472631260753e-02
8775.00000000	1.941620744765e-02
8780.00000000	1.379767246544e-02
8785.00000000	1.779676415026e-02
8790.00000000	1.298555824906e-02
8795.00000000	1.199574768543e-02
8800.00000000	2.066639810801e-02
8805.00000000	2.075684629381e-02
8810.00000000	1.472696196288e-02
8815.00000000	1.786324940622e-02
8820.00000000	2.687501162291e-02
8825.00000000	1.943917013705e-02
8830.00000000	8.076378144324e-03
8835.00000000	1.365456264466e-02
8840.00000000	2.130901813507e-02
8845.00000000	1.760914176702e-02
8850.00000000	1.651681214571e-02
8855.00000000	1.677432097495e-02
8860.00000000	1.430462859571e-02
8865.00000000	1.855652220547e-02
8870.00000000	2.138504199684e-02
8875.00000000	2.150497026742e-02
8880.00000000	2.055970206857e-02
8885.00000000	1.983471028507e-02
8890.00000000	2.101591043174e-02
8895.00000000	1.465142518282e-02
8900.00000000	1.842935755849e-02
8905.00000000	1.379761938006e-02
8910.00000000	2.368641830981e-02
8915.00000000	2.612088248134e-02
8920.00000000	2.466027624905e-02
8925.00000000	2.217289060354e-02
8930.00000000	2.260162308812e-02
8935.00000000	2.933392487466e-02
8940.00000000	3.385646641254e-02
8945.00000000	3.550871089101e-02
8950.00000000	3.464543074369e-02
8955.00000000	3.606409206986e-02
8960.00000000	3.705246374011e-02
8965.00000000	3.319422155619e-02
8970.00000000	2.998470701277e-02
8975.00000000	4.053189232945e-02
8980.00000000	4.856016486883e-02
8985.00000000	3.695864602923e-02
8990.00000000	3.650127351284e-02
8995.00000000	4.219959676266e-02
9000.00000000	4.423574358225e-02
9005.00000000	4.882004112005e-02
9010.00000000	5.153513699770e-02
9015.00000000	5.378047004342e-02
9020.00000000	5.803227797151e-02
9025.00000000	5.298706144094e-02
9030.00000000	4.587639495730e-02
9035.00000000	4.987139999866e-02
9040.00000000	4.750146344304e-02
9045.00000000	5.199646949768e-02
9050.00000000	4.613398760557e-02
9055.00000000	4.654745385051e-02
9060.00000000	5.211575701833e-02
9065.00000000	4.725490137935e-02
9070.00000000	5.487507954240e-02
9075.00000000	5.638501048088e-02
9080.00000000	6.227246671915e-02
9085.00000000	5.968603119254e-02
9090.00000000	5.809700116515e-02
9095.00000000	6.048836559057e-02
9100.00000000	6.021795421839e-02
9105.00000000	6.167979910970e-02
9110.00000000	5.848636478186e-02
9115.00000000	5.991131067276e-02
9120.00000000	5.954225361347e-02
9125.00000000	5.913753807545e-02
9130.00000000	5.733352154493e-02
9135.00000000	5.476642772555e-02
9140.00000000	5.608828738332e-02
9145.00000000	6.141535937786e-02
9150.00000000	5.960986018181e-02
9155.00000000	5.090145766735e-02
9160.00000000	5.095915123820e-02
9165.00000000	5.448253825307e-02
9170.00000000	4.950725659728e-02
9175.00000000	5.341750755906e-02
9180.00000000	5.640706792474e-02
9185.00000000	5.417998135090e-02
9190.00000000	6.226365268230e-02
9195.00000000	6.555379927158e-02
9200.00000000	6.435018777847e-02
9205.00000000	6.374950706959e-02
9210.00000000	6.032796204090e-02
9215.00000000	6.069986894727e-02
9220.00000000	6.301899254322e-02
9225.00000000	6.273705512285e-02
9230.00000000	5.335187539458e-02
9235.00000000	5.261575058103e-02
9240.00000000	5.907410010695e-02
9245.00000000	6.132666394114e-02
9250.00000000	6.425850093365e-02
9255.00000000	5.937925726175e-02
9260.00000000	6.137052550912e-02
9265.00000000	7.089282572269e-02
9270.00000000	7.011369615793e-02
9275.00000000	6.907033920288e-02
9280.00000000	7.153575867414e-02
9285.00000000	5.625821650028e-02
9290.00000000	5.622948706150e-02
9295.00000000	7.021310925484e-02
9300.00000000	7.331178337336e-02
9305.00000000	7.139396667480e-02
9310.00000000	7.551138848066e-02
9315.00000000	8.358689397573e-02
9320.00000000	7.115235924721e-02
9325.00000000	6.713642179966e-02
9330.00000000	8.639082312584e-02
9335.00000000	8.414081484079e-02
9340.00000000	8.281470090151e-02
9345.00000000	1.014074310660e-01
9350.00000000	8.671490848064e-02
9355.00000000	7.400152087212e-02
9360.00000000	8.823402225971e-02
9365.00000000	1.082464978099e-01
9370.00000000	8.907499909401e-02
9375.00000000	5.727782100439e-02
9380.00000000	6.349088996649e-02
9385.00000000	5.539736524224e-02
9390.00000000	4.660723358393e-02
9395.00000000	4.356989637017e-02
9400.00000000	5.832402780652e-02
9405.00000000	8.413592725992e-02
9410.00000000	7.456145435572e-02
9415.00000000	5.180084705353e-02
9420.00000000	5.206156522036e-02
9425.00000000	5.486796051264e-02
9430.00000000	6.629236787558e-02
9435.00000000	8.944413810968e-02
9440.00000000	7.961852103472e-02
9445.00000000	6.857544183731e-02
9450.00000000	6.148345023394e-02
9455.00000000	5.929124727845e-02
9460.00000000	6.579669564962e-02
9465.00000000	6.308852881193e-02
9470.00000000	6.653700768948e-02
9475.00000000	7.832281291485e-02
9480.00000000	6.736221909523e-02
9485.00000000	5.620540305972e-02
9490.00000000	4.980242624879e-02
9495.00000000	5.102445557714e-02
9500.00000000	5.865837261081e-02
9505.00000000	5.545613169670e-02
9510.00000000	4.899255186319e-02
9515.00000000	5.492666736245e-02
9520.00000000	7.328454405069e-02
9525.00000000	8.088248968124e-02
9530.00000000	6.746795028448e-02
9535.00000000	6.836917251348e-02
9540.00000000	8.338130265474e-02
9545.00000000	7.329828292131e-02
9550.00000000	6.518260389566e-02
9555.00000000	6.994141638279e-02
9560.00000000	4.282592982054e-02
9565.00000000	4.897304996848e-02
9570.00000000	6.516405940056e-02
9575.00000000	5.806526169181e-02
9580.00000000	3.992973640561e-02
9585.00000000	6.086632236838e-02
9590.00000000	6.423119455576e-02
9595.00000000	6.969824433327e-02
9600.00000000	6.041300669312e-02
9605.00000000	5.120128020644e-02
9610.00000000	5.462605506182e-02
9615.00000000	4.777302965522e-02
9620.00000000	5.229172483087e-02
9625.00000000	7.125315070152e-02
9630.00000000	6.478863954544e-02
9635.00000000	4.778905585408e-02
9640.00000000	4.987996071577e-02
9645.00000000	5.217367410660e-02
9650.00000000	4.292792454362e-02
9655.00000000	3.884929791093e-02
9660.00000000	5.219642445445e-02
9665.00000000	5.020996183157e-02
9670.00000000	3.877659887075e-02
9675.00000000	3.371775522828e-02
9680.00000000	3.484474867582e-02
9685.00000000	4.872308671474e-02
9690.00000000	6.205418705940e-02
9695.00000000	6.449458003044e-02
9700.00000000	5.807999521494e-02
9705.00000000	5.017046630383e-02
9710.00000000	5.570627376437e-02
9715.00000000	5.013436824083e-02
9720.00000000	5.139616504312e-02
9725.00000000	4.787150770426e-02
9730.00000000	4.936306923628e-02
9735.00000000	4.022493958473e-02
9740.00000000	4.218923673034e-02
9745.00000000	4.321923479438e-02
9750.00000000	4.821902140975e-02
9755.00000000	3.571916371584e-02
9760.00000000	3.096307814121e-02
9765.00000000	3.781034052372e-02
9770.00000000	3.210086375475e-02
9775.00000000	4.011074453592e-02
9780.00000000	4.599318653345e-02
9785.00000000	4.754009470344e-02
9790.00000000	5.076072737575e-02
9795.00000000	4.239897429943e-02
9800.00000000	4.967823997140e-02
