3333.16597684 -1.82129742952e-16
3338.64696868 2.05633262935e-16
3344.12796052 3.16625979459e-16
3349.60895236 2.17937366276e-17
3355.0899442 -8.26800265249e-17
3360.57093604 1.08578370288e-16
3366.05192788 -3.96272180824e-17
3371.53291972 3.72277719793e-16
3377.01391156 2.86885288582e-16
3382.4949034 3.56213231736e-16
3387.97589524 2.11076733505e-16
3393.45688708 -1.18021763547e-16
3398.93787892 -4.02185601828e-17
3404.41887076 2.27498744368e-16
3409.89986261 7.64119805597e-17
3415.38085445 7.49989031457e-17
3420.86184629 1.8175239267e-16
3426.34283813 9.93694846766e-17
3431.82382997 1.94890370987e-16
3437.30482181 8.69345480148e-17
3442.78581365 1.31973623384e-16
3448.26680549 7.44796256182e-17
3453.74779733 2.18577685984e-16
3459.22878917 1.29530985068e-16
3464.70978101 1.02452087822e-16
3470.19077285 2.80193599702e-16
3475.67176469 2.04544440533e-16
3481.15275653 1.94037013664e-16
3486.63374837 2.59861887362e-16
3492.11474021 1.62507545209e-16
3497.59573205 2.13616484718e-16
3503.07672389 1.58058754318e-16
3508.55771573 1.32455868837e-16
3514.03870757 1.56248432714e-16
3519.51969941 1.64863984489e-16
3525.00069125 1.88009093654e-16
3530.48168309 1.87075448212e-16
3535.96267493 2.7171784149e-16
3541.44366677 1.62412110116e-16
3546.92465861 1.94043887688e-16
3552.40565045 2.0305064244e-16
3557.88664229 1.87796380896e-16
3563.36763414 2.32009498611e-16
3568.84862598 2.51238955068e-16
3574.32961782 2.26540514516e-16
3579.81060966 2.38995556771e-16
3585.2916015 2.54540477856e-16
3590.77259334 2.70647103835e-16
3596.25358518 2.93778363344e-16
3601.73457702 2.55883621221e-16
3607.21556886 2.9162824658e-16
3612.6965607 2.68131825668e-16
3618.17755254 3.20482162806e-16
3623.65854438 3.05156335817e-16
3629.13953622 3.08462386425e-16
3634.62052806 3.46262438564e-16
3640.1015199 3.15503468805e-16
3645.58251174 3.66073572901e-16
3651.06350358 3.6810944296e-16
3656.54449542 3.83493513765e-16
3662.02548726 3.06951234554e-16
3667.5064791 3.42082866983e-16
3672.98747094 4.04572411439e-16
3678.46846278 3.45529796509e-16
3683.94945462 3.58484644553e-16
3689.43044646 3.27586917211e-16
3694.9114383 3.40984245276e-16
3700.39243014 3.84710888324e-16
3705.87342198 3.80669165649e-16
3711.35441382 3.83609749808e-16
3716.83540567 3.98390966857e-16
3722.31639751 4.01833879208e-16
3727.79738935 3.87717422279e-16
3733.27838119 4.27751538281e-16
3738.75937303 4.51483652287e-16
3744.24036487 4.66223570253e-16
3749.72135671 5.25518561158e-16
3755.20234855 5.14339270572e-16
3760.68334039 5.3276555392e-16
3766.16433223 4.92828909639e-16
3771.64532407 4.88465936668e-16
3777.12631591 4.41285073926e-16
3782.60730775 4.19868923825e-16
3788.08829959 3.69308789374e-16
3793.56929143 3.81403846561e-16
3799.05028327 3.64588274544e-16
3804.53127511 3.64266123344e-16
3810.01226695 3.2375801744e-16
3815.49325879 2.8200422739e-16
3820.97425063 2.85011706926e-16
3826.45524247 2.91722004496e-16
3831.93623431 2.41730390604e-16
3837.41722615 2.66106801892e-16
3842.89821799 2.3186535042e-16
3848.37920983 2.44754956425e-16
3853.86020167 2.38199576743e-16
3859.34119351 2.43885770223e-16
3864.82218535 2.23831272473e-16
3870.3031772 2.39849102351e-16
3875.78416904 2.4089066259e-16
3881.26516088 2.65381490912e-16
3886.74615272 2.6589189018e-16
3892.22714456 2.64011353645e-16
3897.7081364 2.80640955694e-16
3903.18912824 3.06515714187e-16
3908.67012008 3.09856749086e-16
3914.15111192 3.24104328619e-16
3919.63210376 3.61698645815e-16
3925.1130956 3.67804992003e-16
3930.59408744 4.1696266451e-16
3936.07507928 4.26786835147e-16
3941.55607112 4.5929744735e-16
3947.03706296 5.08648784426e-16
3952.5180548 5.55097918894e-16
3957.99904664 5.5462226635e-16
3963.48003848 5.92039333661e-16
3968.96103032 5.87979163247e-16
3974.44202216 6.37004447809e-16
3979.923014 6.63612476775e-16
3985.40400584 6.42668365449e-16
3990.88499768 6.89235415598e-16
3996.36598952 6.81998942947e-16
4001.84698136 6.74138008414e-16
4007.3279732 6.90797995971e-16
4012.80896504 6.6146051012e-16
4018.28995688 7.17303514796e-16
4023.77094873 7.29584874704e-16
4029.25194057 7.09456547379e-16
4034.73293241 7.0918238242e-16
4040.21392425 7.57564897029e-16
4045.69491609 7.07353618142e-16
4051.17590793 6.56062168228e-16
4056.65689977 6.55972529935e-16
4062.13789161 6.28148782866e-16
4067.61888345 6.00128913955e-16
4073.09987529 6.0013285659e-16
4078.58086713 5.7116583523e-16
4084.06185897 5.31423939707e-16
4089.54285081 5.25279513419e-16
4095.02384265 5.01576867955e-16
4100.50483449 4.92170977711e-16
4105.98582633 4.96336281517e-16
4111.46681817 4.79154417868e-16
4116.94781001 5.29139203684e-16
4122.42880185 5.27907679757e-16
4127.90979369 5.51416782639e-16
4133.39078553 5.68265529122e-16
4138.87177737 5.90474925017e-16
4144.35276921 5.77094883797e-16
4149.83376105 5.9941480619e-16
4155.31475289 5.80459161841e-16
4160.79574473 6.04732137341e-16
4166.27673657 5.91001317489e-16
4171.75772842 6.04425569043e-16
4177.23872026 5.98557968743e-16
4182.7197121 5.89225891882e-16
4188.20070394 6.13757033267e-16
4193.68169578 6.04083329568e-16
4199.16268762 5.9152375281e-16
4204.64367946 6.02461754746e-16
4210.1246713 6.21190338139e-16
4215.60566314 6.0588825609e-16
4221.08665498 6.03635655818e-16
4226.56764682 6.14503852688e-16
4232.04863866 6.07471275748e-16
4237.5296305 6.25402482269e-16
4243.01062234 6.39963197096e-16
4248.49161418 6.61302735328e-16
4253.97260602 6.70580684316e-16
4259.45359786 6.57421729701e-16
4264.9345897 6.64164256562e-16
4270.41558154 6.70568521198e-16
4275.89657338 6.6834843508e-16
4281.37756522 6.46006618797e-16
4286.85855706 6.58987682819e-16
4292.3395489 6.46449578617e-16
4297.82054074 6.54845493555e-16
4303.30153258 6.18866393309e-16
4308.78252442 6.21537966325e-16
4314.26351626 6.21058085771e-16
4319.7445081 6.10262668756e-16
4325.22549995 6.06756927828e-16
4330.70649179 5.79683077998e-16
4336.18748363 5.82150195142e-16
4341.66847547 5.66891060138e-16
4347.14946731 5.32796628222e-16
4352.63045915 5.84079693565e-16
4358.11145099 5.60106135511e-16
4363.59244283 5.68328264242e-16
4369.07343467 5.51947245924e-16
4374.55442651 5.61178166389e-16
4380.03541835 5.30876385496e-16
4385.51641019 5.18315798253e-16
4390.99740203 5.36290344596e-16
4396.47839387 5.22973685765e-16
4401.95938571 5.25392715031e-16
4407.44037755 4.96870217795e-16
4412.92136939 4.96524545441e-16
4418.40236123 4.67368185962e-16
4423.88335307 4.66711256203e-16
4429.36434491 4.58389560403e-16
4434.84533675 4.30102620632e-16
4440.32632859 4.2842069285e-16
4445.80732043 4.29299232589e-16
4451.28831227 4.2138396254e-16
4456.76930411 4.25274931269e-16
4462.25029595 4.03185704575e-16
4467.73128779 3.76887189733e-16
4473.21227963 3.81883541779e-16
4478.69327148 3.91661134144e-16
4484.17426332 3.7864758106e-16
4489.65525516 3.75314668471e-16
4495.136247 3.75922546991e-16
4500.61723884 3.73443536037e-16
4506.09823068 3.64989225527e-16
4511.57922252 3.78906936676e-16
4517.06021436 3.99230650009e-16
4522.5412062 4.14542324368e-16
4528.02219804 4.13513176407e-16
4533.50318988 4.48433648674e-16
4538.98418172 4.37651387117e-16
4544.46517356 4.63966992937e-16
4549.9461654 4.81982877456e-16
4555.42715724 5.1577374761e-16
4560.90814908 4.92434213558e-16
4566.38914092 5.25438819585e-16
4571.87013276 5.31103465507e-16
4577.3511246 5.42556881642e-16
4582.83211644 5.55566379573e-16
4588.31310828 5.71433686693e-16
4593.79410012 5.80057523697e-16
4599.27509196 5.92777145741e-16
4604.7560838 6.17797076117e-16
4610.23707564 6.28468104044e-16
4615.71806748 6.74199657081e-16
4621.19905932 6.77251728211e-16
4626.68005116 7.16314762412e-16
4632.16104301 7.16364964787e-16
4637.64203485 7.55783507173e-16
4643.12302669 7.46925013249e-16
4648.60401853 7.33711273694e-16
4654.08501037 7.47100916086e-16
4659.56600221 7.46910155852e-16
4665.04699405 7.57638757952e-16
4670.52798589 7.78552208559e-16
4676.00897773 7.6657283543e-16
4681.48996957 7.91846260105e-16
4686.97096141 7.77302030034e-16
4692.45195325 7.80651472553e-16
4697.93294509 7.99482230355e-16
4703.41393693 7.6890860619e-16
4708.89492877 7.77542156784e-16
4714.37592061 7.76438065273e-16
4719.85691245 7.47947168019e-16
4725.33790429 7.31698176912e-16
4730.81889613 7.36151275901e-16
4736.29988797 7.07708514134e-16
4741.78087981 6.70378421105e-16
4747.26187165 6.61532933624e-16
4752.74286349 6.3861958443e-16
4758.22385533 6.04300137625e-16
4763.70484717 5.74695767835e-16
4769.18583901 5.662307402e-16
4774.66683085 5.62542428675e-16
4780.1478227 5.48270438101e-16
4785.62881454 5.31453199696e-16
4791.10980638 5.28521681621e-16
4796.59079822 5.22272030148e-16
4802.07179006 5.14500087239e-16
4807.5527819 4.93846833222e-16
4813.03377374 5.10652254794e-16
4818.51476558 4.93181497845e-16
4823.99575742 4.69462650904e-16
4829.47674926 4.32972406204e-16
4834.9577411 4.25108478826e-16
4840.43873294 4.2248394067e-16
4845.91972478 4.00843591541e-16
4851.40071662 3.98985896399e-16
4856.88170846 3.93342045315e-16
4862.3627003 3.97323218603e-16
4867.84369214 4.00542472877e-16
4873.32468398 3.93646994428e-16
4878.80567582 4.13197596237e-16
4884.28666766 4.40465658372e-16
4889.7676595 4.49617372686e-16
4895.24865134 4.3530310719e-16
4900.72964318 4.25133994488e-16
4906.21063502 4.33827977123e-16
4911.69162686 4.18533598802e-16
4917.1726187 4.31279148803e-16
4922.65361054 4.16358563277e-16
4928.13460238 4.01322178151e-16
4933.61559423 4.11526950297e-16
4939.09658607 3.82053832992e-16
4944.57757791 3.77814139055e-16
4950.05856975 3.85895333231e-16
4955.53956159 3.75751943801e-16
4961.02055343 3.83832786551e-16
4966.50154527 3.91932835206e-16
4971.98253711 3.85690430866e-16
4977.46352895 3.88223735803e-16
4982.94452079 4.00468370567e-16
4988.42551263 4.14417944294e-16
4993.90650447 4.28341200468e-16
4999.38749631 4.51485651256e-16
5004.86848815 4.78347931228e-16
5010.34947999 4.98045092148e-16
5015.83047183 5.00414983072e-16
5021.31146367 5.17083249707e-16
5026.79245551 5.3021957404e-16
5032.27344735 5.13843012375e-16
5037.75443919 5.01925254525e-16
5043.23543103 4.96867638682e-16
5048.71642287 4.93070504448e-16
5054.19741471 4.74920130526e-16
5059.67840655 4.54946774756e-16
5065.15939839 4.55699530036e-16
5070.64039023 4.60469150227e-16
5076.12138207 4.41304716489e-16
5081.60237391 4.215941498e-16
5087.08336576 4.24945452039e-16
5092.5643576 4.19355499925e-16
5098.04534944 4.07675524616e-16
5103.52634128 4.05605853856e-16
5109.00733312 4.10771746236e-16
5114.48832496 4.08518358483e-16
5119.9693168 4.05196699304e-16
5125.45030864 4.06434971286e-16
5130.93130048 4.27138826877e-16
5136.41229232 4.15847579576e-16
5141.89328416 4.34642780618e-16
5147.374276 4.44934117532e-16
5152.85526784 4.4218246672e-16
5158.33625968 4.69976022481e-16
5163.81725152 4.54594979511e-16
5169.29824336 4.58439127335e-16
5174.7792352 4.86695354665e-16
5180.26022704 4.85222773085e-16
5185.74121888 4.9743628104e-16
5191.22221072 5.05732314267e-16
5196.70320256 5.14026199043e-16
5202.1841944 5.12517806783e-16
5207.66518624 5.27581605551e-16
5213.14617808 5.38429083329e-16
5218.62716992 5.4311650619e-16
5224.10816176 5.48632158048e-16
5229.5891536 5.4715093745e-16
5235.07014544 5.7878179339e-16
5240.55113729 5.86920937328e-16
5246.03212913 5.87937020844e-16
5251.51312097 5.9601879518e-16
5256.99411281 5.9999710331e-16
5262.47510465 5.99415099891e-16
5267.95609649 6.08152792351e-16
5273.43708833 6.18201520623e-16
5278.91808017 6.29293966032e-16
5284.39907201 6.46139667987e-16
5289.88006385 6.37510467165e-16
5295.36105569 6.44035294775e-16
5300.84204753 6.56513672831e-16
5306.32303937 6.4443776213e-16
5311.80403121 6.58634213992e-16
5317.28502305 6.51400778843e-16
5322.76601489 6.51061092033e-16
5328.24700673 6.69626792039e-16
5333.72799857 6.72317519009e-16
5339.20899041 6.61236623786e-16
5344.68998225 6.71801465868e-16
5350.17097409 6.82148151163e-16
5355.65196593 6.58333657924e-16
5361.13295777 6.48644219762e-16
5366.61394961 6.19024393421e-16
5372.09494145 6.05688209505e-16
5377.57593329 6.15430382869e-16
5383.05692513 6.0517253857e-16
5388.53791697 5.59487791977e-16
5394.01890882 5.61546135819e-16
5399.49990066 5.70948937855e-16
5404.9808925 5.69869622254e-16
5410.46188434 5.61399031027e-16
5415.94287618 5.69088427564e-16
5421.42386802 5.48496016645e-16
5426.90485986 5.56240740873e-16
5432.3858517 5.69024011276e-16
5437.86684354 5.43289187609e-16
5443.34783538 5.42549420847e-16
5448.82882722 5.18391927809e-16
5454.30981906 5.34993556329e-16
5459.7908109 5.16907183448e-16
5465.27180274 5.48314802766e-16
5470.75279458 5.13828078061e-16
5476.23378642 5.46471901659e-16
5481.71477826 5.91526371628e-16
5487.1957701 5.56733952358e-16
5492.67676194 5.4170770993e-16
5498.15775378 5.38737066719e-16
5503.63874562 5.35990021546e-16
5509.11973746 5.17987699194e-16
5514.6007293 5.34095784877e-16
5520.08172114 4.96251375897e-16
5525.56271298 5.01680982267e-16
5531.04370482 5.06909896589e-16
5536.52469666 5.19311577005e-16
5542.00568851 4.68770703504e-16
5547.48668035 4.55232168105e-16
5552.96767219 4.62662667489e-16
5558.44866403 4.5932164854e-16
5563.92965587 4.77815072848e-16
5569.41064771 4.67439800642e-16
5574.89163955 4.20979775908e-16
5580.37263139 4.25084208263e-16
5585.85362323 4.57219429872e-16
5591.33461507 3.97094798825e-16
5596.81560691 4.05843774233e-16
5602.29659875 4.04397458843e-16
5607.77759059 4.18993101067e-16
5613.25858243 4.25927319804e-16
5618.73957427 4.16628281407e-16
5624.22056611 4.28421475854e-16
5629.70155795 4.28278384564e-16
5635.18254979 4.42149732512e-16
5640.66354163 4.71036820965e-16
5646.14453347 4.65933655968e-16
5651.62552531 4.54425796228e-16
5657.10651715 4.59292271162e-16
5662.58750899 4.53813155751e-16
5668.06850083 4.50272206416e-16
5673.54949267 4.56886974041e-16
5679.03048451 4.43978332501e-16
5684.51147635 4.44737246059e-16
5689.99246819 4.30063033547e-16
5695.47346004 4.35800336443e-16
5700.95445188 4.2410141063e-16
5706.43544372 4.36693181562e-16
5711.91643556 4.1928658995e-16
5717.3974274 3.90787160227e-16
5722.87841924 4.05873530443e-16
5728.35941108 4.1141845406e-16
5733.84040292 4.0237472061e-16
5739.32139476 3.99443887754e-16
5744.8023866 4.02087234725e-16
5750.28337844 3.84686750167e-16
5755.76437028 3.81557039656e-16
5761.24536212 3.7987585938e-16
5766.72635396 3.73257904555e-16
5772.2073458 3.63117167874e-16
5777.68833764 3.60507420006e-16
5783.16932948 3.61958011273e-16
5788.65032132 3.57600750342e-16
5794.13131316 3.57263864539e-16
5799.612305 3.71249078161e-16
5805.09329684 3.64721256421e-16
5810.57428868 3.57694477763e-16
5816.05528052 3.44583489027e-16
5821.53627236 3.46098393592e-16
5827.0172642 3.57979724443e-16
5832.49825604 3.43902992283e-16
5837.97924788 3.66187346102e-16
5843.46023972 3.57034880237e-16
5848.94123157 3.53768335556e-16
5854.42222341 3.52370029486e-16
5859.90321525 3.53395407857e-16
5865.38420709 3.59680000133e-16
5870.86519893 3.73920865852e-16
5876.34619077 3.71645301995e-16
5881.82718261 3.76532994698e-16
5887.30817445 3.83440059128e-16
5892.78916629 3.50060706729e-16
5898.27015813 3.97635019226e-16
5903.75114997 3.92372874385e-16
5909.23214181 3.7829972596e-16
5914.71313365 3.91841735886e-16
5920.19412549 4.10879881403e-16
5925.67511733 4.31558301511e-16
5931.15610917 4.45416135363e-16
5936.63710101 4.43003870222e-16
5942.11809285 4.66144028304e-16
5947.59908469 4.66567391532e-16
5953.08007653 4.76064394156e-16
5958.56106837 4.62936378959e-16
5964.04206021 4.68279170009e-16
5969.52305205 4.80560144131e-16
5975.00404389 4.83611926879e-16
5980.48503573 4.98893902867e-16
5985.96602757 5.03931285791e-16
5991.44701941 4.92685848543e-16
5996.92801125 4.82201027994e-16
6002.4090031 4.92406913429e-16
6007.88999494 4.93802544378e-16
6013.37098678 4.7611720447e-16
6018.85197862 4.69722112529e-16
6024.33297046 4.76737322427e-16
6029.8139623 4.79806105746e-16
6035.29495414 4.68755825949e-16
6040.77594598 4.79145568369e-16
6046.25693782 4.74040405181e-16
6051.73792966 4.70149041734e-16
6057.2189215 4.56474103963e-16
6062.69991334 4.40292999342e-16
6068.18090518 4.42626770208e-16
6073.66189702 4.36932535854e-16
6079.14288886 4.33471476722e-16
6084.6238807 4.36269017783e-16
6090.10487254 4.2062168748e-16
6095.58586438 4.17241189626e-16
6101.06685622 4.11296079609e-16
6106.54784806 4.10984919259e-16
6112.0288399 4.12341481188e-16
6117.50983174 4.06246364011e-16
6122.99082358 4.02923619061e-16
6128.47181542 3.9346740265e-16
6133.95280726 3.72667338237e-16
6139.4337991 3.88570822078e-16
6144.91479094 3.86785328451e-16
6150.39578279 3.78868065226e-16
6155.87677463 3.73661740849e-16
6161.35776647 3.70195331781e-16
6166.83875831 3.63526970504e-16
6172.31975015 3.79055858119e-16
6177.80074199 3.65742538965e-16
6183.28173383 3.63500884295e-16
6188.76272567 3.46227327969e-16
6194.24371751 3.41843023936e-16
6199.72470935 3.32955338806e-16
6205.20570119 3.24602035787e-16
6210.68669303 2.93410873793e-16
6216.16768487 2.87120679675e-16
6221.64867671 2.68368863342e-16
6227.12966855 2.50092709266e-16
6232.61066039 2.45420608695e-16
6238.09165223 2.20297987925e-16
6243.57264407 2.19079134537e-16
6249.05363591 2.01115509638e-16
6254.53462775 1.90949916122e-16
6260.01561959 1.94902479532e-16
6265.49661143 1.94586484076e-16
6270.97760327 1.72022843115e-16
6276.45859511 1.69262788371e-16
6281.93958695 1.73585710929e-16
6287.42057879 1.75287212462e-16
6292.90157063 1.68495837699e-16
6298.38256247 1.70842436748e-16
6303.86355432 1.82862825401e-16
6309.34454616 1.96025518267e-16
6314.825538 2.09739812732e-16
6320.30652984 2.25167888332e-16
6325.78752168 2.23455419419e-16
6331.26851352 2.30955666263e-16
6336.74950536 2.47859269716e-16
6342.2304972 2.4407102204e-16
6347.71148904 2.53475659848e-16
6353.19248088 2.66342156895e-16
6358.67347272 2.92316867137e-16
6364.15446456 3.02700572721e-16
6369.6354564 2.86958255224e-16
6375.11644824 2.89260705972e-16
6380.59744008 3.14038723008e-16
6386.07843192 3.09157178202e-16
6391.55942376 3.04774897248e-16
6397.0404156 3.14266736293e-16
6402.52140744 3.14625924315e-16
6408.00239928 3.06348427558e-16
6413.48339112 3.21217513284e-16
6418.96438296 3.28823109795e-16
6424.4453748 3.25473422394e-16
6429.92636664 3.20038795183e-16
6435.40735848 3.29934874959e-16
6440.88835032 3.27422696676e-16
6446.36934216 3.40405722214e-16
6451.850334 3.16846019715e-16
6457.33132585 3.05483908309e-16
6462.81231769 3.26656200992e-16
6468.29330953 3.26639509266e-16
6473.77430137 3.23514840797e-16
6479.25529321 3.20501094417e-16
6484.73628505 3.24920393336e-16
6490.21727689 3.23721993838e-16
6495.69826873 3.24103097507e-16
6501.17926057 3.26810761411e-16
6506.66025241 3.29065956012e-16
6512.14124425 3.26212246032e-16
6517.62223609 3.23052562078e-16
6523.10322793 3.24445020946e-16
6528.58421977 3.24914725651e-16
6534.06521161 3.28037581364e-16
6539.54620345 3.34502615667e-16
6545.02719529 3.2722762754e-16
6550.50818713 3.34890209699e-16
6555.98917897 3.31281352873e-16
6561.47017081 3.25126824782e-16
6566.95116265 3.26656163457e-16
6572.43215449 3.2456577746e-16
6577.91314633 3.31562707691e-16
6583.39413817 3.38347912577e-16
6588.87513001 3.25788854796e-16
6594.35612185 3.18746717357e-16
6599.83711369 3.18600324014e-16
6605.31810553 3.18843970972e-16
6610.79909738 3.26667624744e-16
6616.28008922 3.25178435543e-16
6621.76108106 3.17179243287e-16
6627.2420729 3.21384552468e-16
6632.72306474 3.22299600591e-16
6638.20405658 3.21960703482e-16
6643.68504842 3.16412516643e-16
6649.16604026 3.15805838903e-16
6654.6470321 3.06165710143e-16
6660.12802394 3.05110989451e-16
6665.60901578 3.03652940336e-16
6671.09000762 2.95176850698e-16
6676.57099946 3.04407579277e-16
6682.0519913 2.92498139436e-16
6687.53298314 3.00335975966e-16
6693.01397498 2.95629442674e-16
6698.49496682 3.10188713986e-16
6703.97595866 3.06079234761e-16
6709.4569505 2.83531570862e-16
6714.93794234 2.81050904504e-16
6720.41893418 2.85495441634e-16
6725.89992602 2.83393599915e-16
6731.38091786 2.70149339568e-16
6736.8619097 2.66231604169e-16
6742.34290154 2.62096639756e-16
6747.82389338 2.53878490749e-16
6753.30488522 2.50995906515e-16
6758.78587707 2.45664151683e-16
6764.26686891 2.40425135213e-16
6769.74786075 2.35229027435e-16
6775.22885259 2.30059673498e-16
6780.70984443 2.2662471279e-16
6786.19083627 2.30939485643e-16
6791.67182811 2.30254592926e-16
6797.15281995 2.3353025501e-16
6802.63381179 2.21422729629e-16
6808.11480363 2.27274425931e-16
6813.59579547 2.20842021184e-16
6819.07678731 2.13805559826e-16
6824.55777915 2.15231436142e-16
6830.03877099 2.13372703895e-16
6835.51976283 2.02939622017e-16
6841.00075467 2.08827933466e-16
6846.48174651 2.04802561165e-16
6851.96273835 2.05621586007e-16
6857.44373019 2.16117888865e-16
6862.92472203 2.00181816796e-16
6868.40571387 2.07919478074e-16
6873.88670571 1.86690482061e-16
6879.36769755 1.95607250468e-16
6884.84868939 1.92296279157e-16
6890.32968123 1.92058192023e-16
6895.81067307 1.95994445724e-16
6901.29166491 1.84683040474e-16
6906.77265675 1.86914144059e-16
6912.2536486 1.80212842524e-16
6917.73464044 1.81283621218e-16
6923.21563228 1.98150709654e-16
6928.69662412 1.7822849164e-16
6934.17761596 1.80277908948e-16
6939.6586078 1.82026605583e-16
6945.13959964 1.8991815853e-16
6950.62059148 1.74592568337e-16
6956.10158332 1.79440888308e-16
6961.58257516 1.82859217997e-16
6967.063567 1.68612012289e-16
6972.54455884 1.74681628711e-16
6978.02555068 1.74035286448e-16
6983.50654252 1.82025033548e-16
6988.98753436 1.81567447326e-16
6994.4685262 1.743692397e-16
6999.94951804 1.72213543266e-16
7005.43050988 1.6843722683e-16
7010.91150172 1.70445593042e-16
7016.39249356 1.59067545594e-16
7021.8734854 1.71561578901e-16
7027.35447724 1.6833438805e-16
7032.83546908 1.67401768365e-16
7038.31646092 1.60205334873e-16
7043.79745276 1.63505928118e-16
7049.2784446 1.69767962556e-16
7054.75943644 1.63747336418e-16
7060.24042828 1.59111400863e-16
7065.72142013 1.59119663455e-16
7071.20241197 1.66563407342e-16
7076.68340381 1.66033899148e-16
7082.16439565 1.55673218017e-16
7087.64538749 1.63525576411e-16
7093.12637933 1.64061634848e-16
7098.60737117 1.56298818388e-16
7104.08836301 1.68958747325e-16
7109.56935485 1.61730544065e-16
7115.05034669 1.64635428312e-16
7120.53133853 1.66759025198e-16
7126.01233037 1.66358999641e-16
7131.49332221 1.61190650162e-16
7136.97431405 1.46916501196e-16
7142.45530589 1.52646965389e-16
7147.93629773 1.57549332276e-16
7153.41728957 1.58857330062e-16
7158.89828141 1.60696412694e-16
7164.37927325 1.62909663333e-16
7169.86026509 1.67072610473e-16
7175.34125693 1.60430194783e-16
7180.82224877 1.50789584522e-16
7186.30324061 1.56465357093e-16
7191.78423245 1.54795512377e-16
7197.26522429 1.46342595839e-16
7202.74621613 1.59915969271e-16
7208.22720797 1.57681264486e-16
7213.70819981 1.57374351602e-16
7219.18919166 1.52947046367e-16
7224.6701835 1.62018021821e-16
7230.15117534 1.57564019672e-16
7235.63216718 1.49991975164e-16
7241.11315902 1.39604142275e-16
7246.59415086 1.49396178138e-16
7252.0751427 1.44753276225e-16
7257.55613454 1.46731974592e-16
7263.03712638 1.42990997193e-16
7268.51811822 1.51973574354e-16
7273.99911006 1.42386614543e-16
7279.4801019 1.43419217572e-16
7284.96109374 1.51100414923e-16
7290.44208558 1.4245604994e-16
7295.92307742 1.52356236592e-16
7301.40406926 1.45934732568e-16
7306.8850611 1.53291595176e-16
7312.36605294 1.49585075624e-16
7317.84704478 1.53295720533e-16
7323.32803662 1.49518526852e-16
7328.80902846 1.45571723648e-16
7334.2900203 1.58994520626e-16
7339.77101214 1.5179989e-16
7345.25200398 1.46158828693e-16
7350.73299582 1.54877344982e-16
7356.21398766 1.54522299582e-16
7361.6949795 1.51609086607e-16
7367.17597134 1.51165818106e-16
7372.65696319 1.42486045059e-16
7378.13795503 1.53243717555e-16
7383.61894687 1.47530092357e-16
7389.09993871 1.48024457231e-16
7394.58093055 1.46550283384e-16
7400.06192239 1.45031500939e-16
7405.54291423 1.45186468193e-16
7411.02390607 1.30410227504e-16
7416.50489791 1.3705275407e-16
7421.98588975 1.40729523199e-16
7427.46688159 1.39525752702e-16
7432.94787343 1.33225800208e-16
7438.42886527 1.40269837792e-16
7443.90985711 1.26526437655e-16
7449.39084895 1.26020248407e-16
7454.87184079 1.34453461866e-16
7460.35283263 1.3551222211e-16
7465.83382447 1.25483567182e-16
7471.31481631 1.36996112039e-16
7476.79580815 1.22991989088e-16
7482.27679999 1.24118379824e-16
7487.75779183 1.19408745705e-16
7493.23878367 1.2457230762e-16
7498.71977551 1.13004665938e-16
7504.20076735 1.24734878483e-16
7509.68175919 1.18422664593e-16
7515.16275103 1.20509074939e-16
7520.64374288 1.0708074544e-16
7526.12473472 1.19428039146e-16
7531.60572656 1.16991356054e-16
7537.0867184 1.13866368374e-16
7542.56771024 1.10398781396e-16
7548.04870208 1.12891912528e-16
7553.52969392 1.091643757e-16
7559.01068576 1.05280833232e-16
7564.4916776 1.07055822068e-16
7569.97266944 1.15245637446e-16
7575.45366128 1.04957822044e-16
7580.93465312 1.07224448004e-16
7586.41564496 1.05011901737e-16
7591.8966368 1.03363925678e-16
7597.37762864 1.09937660579e-16
7602.85862048 1.04028295091e-16
7608.33961232 9.80347988131e-17
7613.82060416 1.01377579125e-16
7619.301596 9.6216985995e-17
7624.78258784 1.0244437355e-16
7630.26357968 1.09617155541e-16
7635.74457152 8.69215231332e-17
7641.22556336 9.23165480036e-17
7646.7065552 9.25952137499e-17
7652.18754704 9.04470389805e-17
7657.66853888 7.66314574026e-17
7663.14953072 8.46109650595e-17
7668.63052256 9.66139373976e-17
7674.11151441 8.17657742753e-17
7679.59250625 9.19353130463e-17
7685.07349809 9.10514571026e-17
7690.55448993 1.02485864234e-16
7696.03548177 9.06764712791e-17
7701.51647361 9.80058676155e-17
7706.99746545 9.11829658821e-17
7712.47845729 9.44731491775e-17
7717.95944913 1.02448187022e-16
7723.44044097 1.05558693652e-16
7728.92143281 8.9755043471e-17
7734.40242465 9.57355764287e-17
7739.88341649 9.61976169917e-17
7745.36440833 9.83929860274e-17
7750.84540017 8.49682746651e-17
7756.32639201 8.39733647955e-17
7761.80738385 1.04000205561e-16
7767.28837569 9.4558321673e-17
7772.76936753 1.01300837739e-16
7778.25035937 9.46693818398e-17
7783.73135121 1.04870623029e-16
7789.21234305 9.85357733857e-17
7794.69333489 8.97100700861e-17
7800.17432673 9.87845749778e-17
7805.65531857 1.02994525365e-16
7811.13631041 9.77662078818e-17
7816.61730225 1.08984306521e-16
7822.09829409 1.02260190226e-16
7827.57928594 1.18773467135e-16
7833.06027778 1.01119781572e-16
7838.54126962 1.02722705386e-16
7844.02226146 9.04194524907e-17
7849.5032533 1.10758216466e-16
7854.98424514 1.08065995496e-16
7860.46523698 1.09745662301e-16
7865.94622882 1.0375995516e-16
7871.42722066 1.02743383222e-16
7876.9082125 1.11971436882e-16
7882.38920434 1.12688758147e-16
7887.87019618 1.188772812e-16
7893.35118802 1.18534973686e-16
7898.83217986 1.17480781561e-16
7904.3131717 1.17389107596e-16
7909.79416354 1.2195228165e-16
7915.27515538 1.20103995258e-16
7920.75614722 1.1726488974e-16
7926.23713906 1.26189498272e-16
7931.7181309 1.16321073621e-16
7937.19912274 1.226575844e-16
7942.68011458 1.27630958728e-16
7948.16110642 1.20681789962e-16
7953.64209826 1.17255112511e-16
7959.1230901 1.15895371723e-16
7964.60408194 1.2021818806e-16
7970.08507378 1.20889527017e-16
7975.56606562 1.25788913646e-16
7981.04705747 1.12655009383e-16
7986.52804931 1.18044716956e-16
7992.00904115 1.26405467408e-16
7997.49003299 1.13743088568e-16
8002.97102483 1.21735268384e-16
8008.45201667 1.24581060938e-16
8013.93300851 1.0663773612e-16
8019.41400035 1.20932448434e-16
8024.89499219 1.15632532283e-16
8030.37598403 1.15386152406e-16
8035.85697587 1.31839905094e-16
8041.33796771 1.18579363508e-16
8046.81895955 1.22188660679e-16
8052.29995139 1.27343379009e-16
8057.78094323 1.18133461318e-16
8063.26193507 1.32915881867e-16
8068.74292691 1.29603235304e-16
8074.22391875 1.175111638e-16
8079.70491059 1.2501330406e-16
8085.18590243 1.25239369273e-16
8090.66689427 1.2582399905e-16
8096.14788611 1.12584530851e-16
8101.62887795 1.28678700689e-16
8107.10986979 1.18498571391e-16
8112.59086163 1.18297306512e-16
8118.07185347 1.20020107673e-16
8123.55284531 1.10491390507e-16
8129.03383716 1.2293350721e-16
8134.514829 1.17815770737e-16
8139.99582084 1.10770548322e-16
8145.47681268 1.09949582224e-16
8150.95780452 1.11695187298e-16
8156.43879636 1.0525308251e-16
8161.9197882 1.09414981076e-16
8167.40078004 1.04449538849e-16
8172.88177188 1.01972267563e-16
8178.36276372 1.21944347145e-16
8183.84375556 1.01686450059e-16
8189.3247474 9.63905857271e-17
8194.80573924 9.82756731031e-17
8200.28673108 9.17337128858e-17
8205.76772292 1.03262544644e-16
8211.24871476 1.11151759109e-16
8216.7297066 9.9147687591e-17
8222.21069844 9.68590958722e-17
8227.69169028 8.39586736964e-17
8233.17268212 9.4912672174e-17
8238.65367396 9.42777549985e-17
8244.1346658 8.87149109549e-17
8249.61565764 9.40146907487e-17
8255.09664948 9.24269584854e-17
8260.57764132 9.29307124658e-17
8266.05863316 9.85523682719e-17
8271.539625 9.29881976749e-17
8277.02061684 9.59137847835e-17
8282.50160869 7.71467657854e-17
8287.98260053 1.06761428358e-16
8293.46359237 8.76577076687e-17
8298.94458421 9.91397601916e-17
8304.42557605 7.79011574611e-17
8309.90656789 8.48871032444e-17
8315.38755973 7.85847671965e-17
8320.86855157 7.42760290069e-17
8326.34954341 7.00300567593e-17
8331.83053525 6.0585582619e-17
8337.31152709 6.42350805062e-17
8342.79251893 6.93665509434e-17
8348.27351077 6.50923930446e-17
8353.75450261 6.91219859315e-17
8359.23549445 5.50814361349e-17
8364.71648629 5.59615451822e-17
8370.19747813 4.78187911463e-17
8375.67846997 6.47539676959e-17
8381.15946181 6.08251112177e-17
8386.64045365 6.45271496678e-17
8392.12144549 6.39953718631e-17
8397.60243733 6.69562528518e-17
8403.08342917 1.79349049393e-17
8408.56442101 4.83660900691e-17
8414.04541285 5.63871999598e-17
8419.52640469 4.33968213497e-17
8425.00739653 3.28678747317e-17
8430.48838837 3.52789748701e-17
8435.96938022 3.47961964534e-17
8441.45037206 3.13204552373e-17
8446.9313639 2.77150021006e-17
8452.41235574 2.74859801082e-17
8457.89334758 4.07764933752e-17
8463.37433942 3.84720304439e-17
8468.85533126 3.50742095979e-17
8474.3363231 5.10916903901e-17
8479.81731494 5.9634652917e-17
8485.29830678 6.68190347809e-17
8490.77929862 8.42591847191e-17
8496.26029046 7.77752322681e-17
8501.7412823 7.09168201467e-17
8507.22227414 7.23353635568e-17
8512.70326598 8.02629363703e-17
8518.18425782 8.27953599329e-17
8523.66524966 6.29058510037e-17
8529.1462415 5.50398145425e-17
8534.62723334 6.79031260898e-17
8540.10822518 7.09725776338e-17
8545.58921702 6.93183139148e-17
8551.07020886 7.07437589909e-17
8556.5512007 6.98344573156e-17
8562.03219254 7.00641493883e-17
8567.51318438 8.41001004591e-17
8572.99417622 9.24844505999e-17
8578.47516806 9.29108230369e-17
8583.9561599 1.00595325863e-16
8589.43715175 1.06706090276e-16
8594.91814359 1.02183479435e-16
8600.39913543 1.12566420633e-16
8605.88012727 1.18473948665e-16
8611.36111911 1.20232766644e-16
8616.84211095 1.34124737337e-16
8622.32310279 1.39881667189e-16
8627.80409463 1.12087251854e-16
8633.28508647 1.20771915456e-16
8638.76607831 1.30730511293e-16
8644.24707015 1.3740342907e-16
8649.72806199 1.42032233302e-16
8655.20905383 1.22331635798e-16
8660.69004567 1.45851457711e-16
8666.17103751 1.52408721791e-16
8671.65202935 1.65338293211e-16
8677.13302119 1.37131301691e-16
8682.61401303 1.40879220022e-16
8688.09500487 1.46810282826e-16
8693.57599671 1.68315874174e-16
8699.05698855 1.56724617987e-16
8704.53798039 1.55744775492e-16
8710.01897223 1.60071282806e-16
8715.49996407 1.5911423658e-16
8720.98095591 1.58251504864e-16
8726.46194775 1.82053848788e-16
8731.94293959 1.71609295321e-16
8737.42393143 1.63017705277e-16
8742.90492328 1.68176215384e-16
8748.38591512 1.74743512597e-16
8753.86690696 1.79021161386e-16
8759.3478988 1.73231571917e-16
8764.82889064 2.00932400685e-16
8770.30988248 2.08625493275e-16
8775.79087432 1.99733915018e-16
8781.27186616 1.6262496377e-16
8786.752858 1.7949544285e-16
8792.23384984 1.83069649901e-16
8797.71484168 1.86755521528e-16
8803.19583352 1.81127978502e-16
8808.67682536 1.83365692535e-16
8814.1578172 1.93183482238e-16
8819.63880904 1.82176660214e-16
8825.11980088 1.94371206247e-16
8830.60079272 2.04001160564e-16
8836.08178456 2.01828061937e-16
8841.5627764 1.79301846234e-16
8847.04376824 1.76867567118e-16
8852.52476008 1.87773235576e-16
8858.00575192 1.96700955769e-16
8863.48674376 1.8360519382e-16
8868.9677356 2.02756812763e-16
8874.44872744 1.86595797123e-16
8879.92971928 2.02357460124e-16
8885.41071112 2.05203556717e-16
8890.89170297 1.88207398931e-16
8896.37269481 1.79662653555e-16
8901.85368665 1.78264036698e-16
8907.33467849 1.58142865572e-16
8912.81567033 1.93598013281e-16
8918.29666217 1.74505196721e-16
8923.77765401 1.85099976624e-16
8929.25864585 1.985587711e-16
8934.73963769 1.73626368168e-16
8940.22062953 1.65901559968e-16
8945.70162137 1.86406027857e-16
8951.18261321 2.07433521524e-16
8956.66360505 2.10794771959e-16
8962.14459689 1.88761620073e-16
8967.62558873 1.87909488925e-16
8973.10658057 1.66061103082e-16
8978.58757241 1.67596352613e-16
8984.06856425 1.7962150636e-16
8989.54955609 1.60998755511e-16
8995.03054793 1.469853526e-16
9000.51153977 1.84496349687e-16
9005.99253161 1.67680981697e-16
9011.47352345 1.6779302777e-16
9016.95451529 1.533772092e-16
9022.43550713 1.34172448536e-16
9027.91649897 1.47373023026e-16
9033.39749081 1.6414894566e-16
9038.87848265 1.71643245446e-16
9044.3594745 1.64716351798e-16
9049.84046634 1.33537990899e-16
9055.32145818 1.5128012357e-16
9060.80245002 1.47023612135e-16
9066.28344186 1.33485935213e-16
9071.7644337 1.41075910711e-16
9077.24542554 1.23747134534e-16
9082.72641738 1.40958792461e-16
9088.20740922 1.2291054952e-16
9093.68840106 1.25442946336e-16
9099.1693929 1.37637265777e-16
9104.65038474 1.37422905168e-16
9110.13137658 1.35771126812e-16
9115.61236842 1.25632771181e-16
9121.09336026 1.31812010589e-16
9126.5743521 1.44181622892e-16
9132.05534394 1.33830661317e-16
9137.53633578 1.23188828851e-16
9143.01732762 1.23850958244e-16
9148.49831946 1.21352536425e-16
9153.9793113 1.16182183772e-16
9159.46030314 1.23730917399e-16
9164.94129498 1.17104454385e-16
9170.42228682 1.22123072878e-16
9175.90327866 1.18177780695e-16
9181.3842705 1.18591408449e-16
9186.86526234 1.27863491633e-16
9192.34625418 1.15538979137e-16
9197.82724603 1.18973256859e-16
9203.30823787 1.17459357688e-16
9208.78922971 1.39738373772e-16
9214.27022155 1.40168465681e-16
9219.75121339 1.24437078834e-16
9225.23220523 1.24005253355e-16
9230.71319707 1.34775236086e-16
9236.19418891 1.26017143685e-16
9241.67518075 1.34655000678e-16
9247.15617259 1.19682975016e-16
9252.63716443 1.25008549454e-16
9258.11815627 1.02335804857e-16
9263.59914811 9.57902524509e-17
9269.08013995 1.23846998147e-16
9274.56113179 1.36502136688e-16
9280.04212363 1.12043754665e-16
9285.52311547 1.19103924085e-16
9291.00410731 1.0713427833e-16
9296.48509915 9.7885175032e-17
9301.96609099 1.02357308684e-16
9307.44708283 1.14920296296e-16
9312.92807467 8.07406078059e-17
9318.40906651 6.66139795405e-17
9323.89005835 1.2811168349e-16
9329.37105019 1.02088539603e-16
9334.85204203 1.26575430479e-16
9340.33303387 6.62425065863e-17
9345.81402571 1.32528934207e-16
9351.29501756 1.16789189026e-16
9356.7760094 1.06835114932e-16
9362.25700124 1.05918734634e-16
9367.73799308 4.76199099057e-17
9373.21898492 1.19502273899e-16
9378.69997676 -2.8763736657e-17
9384.1809686 9.36444068731e-17
9389.66196044 8.29050995663e-17
9395.14295228 5.72100588162e-17
9400.62394412 6.80372969632e-17
9406.10493596 8.84768376519e-17
9411.5859278 1.16491114564e-16
9417.06691964 8.17804752905e-17
9422.54791148 1.1901873341e-16
9428.02890332 1.05106711009e-16
9433.50989516 1.24688864687e-16
9438.990887 9.47178359389e-17
9444.47187884 1.27270499278e-16
9449.95287068 1.08202617462e-16
9455.43386252 9.2008558726e-17
9460.91485436 4.82919274075e-17
9466.3958462 9.53082863521e-17
9471.87683804 1.25307121373e-16
9477.35782988 8.63988584823e-17
9482.83882172 1.97786640503e-16
9488.31981356 1.48463681552e-16
9493.8008054 1.03652433644e-16
9499.28179724 1.08140223871e-16
9504.76278909 1.29912102499e-16
9510.24378093 1.34077982928e-16
9515.72477277 1.36421920807e-16
9521.20576461 1.18192237026e-16
9526.68675645 9.19446822091e-17
9532.16774829 7.9464203648e-17
9537.64874013 1.02136641025e-16
9543.12973197 1.30128811747e-16
9548.61072381 8.02690057809e-17
9554.09171565 7.94415282273e-17
9559.57270749 8.2795798473e-17
9565.05369933 1.15729153588e-16
9570.53469117 3.79054221457e-18
9576.01568301 1.4237175416e-16
9581.49667485 1.23000193384e-16
9586.97766669 9.89814509283e-17
9592.45865853 7.42912578183e-17
9597.93965037 6.81349256558e-17
9603.42064221 1.0113568214e-16
9608.90163405 9.39548984213e-17
9614.38262589 1.24551354669e-16
9619.86361773 7.38621764284e-17
9625.34460957 1.01858837488e-16
9630.82560141 8.78399213003e-17
9636.30659325 9.94746982155e-17
9641.78758509 1.14038794342e-16
9647.26857693 5.99334217312e-17
9652.74956878 6.05941694621e-17
9658.23056062 9.10820484261e-17
9663.71155246 1.11734149573e-16
9669.1925443 1.12919249599e-16
9674.67353614 7.1628225666e-17
9680.15452798 1.01325709506e-16
9685.63551982 1.1644506569e-16
