3336.67823251 1.65121287306e-16
3342.15548857 2.00339663904e-16
3347.63274463 2.32586836524e-16
3353.11000069 2.41726499942e-16
3358.58725675 2.11596184357e-16
3364.06451281 1.86878189392e-16
3369.54176887 4.26675748605e-17
3375.01902493 1.66604634471e-16
3380.49628099 1.6730119277e-16
3385.97353705 5.4214132839e-17
3391.45079311 4.58793001003e-17
3396.92804917 8.68694702693e-17
3402.40530523 4.48492885807e-17
3407.88256129 3.90430883539e-17
3413.35981735 6.38950480543e-17
3418.8370734 6.6849491741e-17
3424.31432946 1.02274305989e-16
3429.79158552 8.99918528985e-17
3435.26884158 6.72208740503e-17
3440.74609764 4.79554707161e-17
3446.2233537 5.90571502707e-17
3451.70060976 5.67710789252e-17
3457.17786582 6.12950681457e-17
3462.65512188 8.99818113398e-17
3468.13237794 9.76999272413e-17
3473.609634 6.3569625093e-17
3479.08689006 7.97441883661e-17
3484.56414612 9.38454842987e-17
3490.04140218 5.99094384996e-17
3495.51865824 5.63378910678e-17
3500.9959143 4.07963175997e-17
3506.47317036 8.43041324271e-17
3511.95042642 5.20996260215e-17
3517.42768248 4.66408584834e-17
3522.90493854 6.58098446765e-17
3528.3821946 4.88760666181e-17
3533.85945066 3.76589667708e-17
3539.33670672 6.21020134931e-17
3544.81396278 6.21097774657e-17
3550.29121884 5.90007231586e-17
3555.7684749 7.59121279405e-17
3561.24573096 7.69692716168e-17
3566.72298702 4.90172145874e-17
3572.20024307 4.45694936883e-17
3577.67749913 5.2699802828e-17
3583.15475519 6.92328336139e-17
3588.63201125 7.5060143423e-17
3594.10926731 6.43992625439e-17
3599.58652337 4.81526521578e-17
3605.06377943 5.48327956802e-17
3610.54103549 4.2585428695e-17
3616.01829155 7.8077859915e-17
3621.49554761 4.89622421242e-17
3626.97280367 5.4281296229e-17
3632.45005973 7.63953394969e-17
3637.92731579 6.94458601219e-17
3643.40457185 8.36326572726e-17
3648.88182791 6.60620732464e-17
3654.35908397 8.67177770656e-17
3659.83634003 8.09504171142e-17
3665.31359609 8.67911114027e-17
3670.79085215 8.53354290992e-17
3676.26810821 8.40934255016e-17
3681.74536427 8.56924764254e-17
3687.22262033 8.12054319353e-17
3692.69987639 8.97672298098e-17
3698.17713245 7.53622803449e-17
3703.65438851 8.21577545668e-17
3709.13164457 8.27500770529e-17
3714.60890063 9.2737552305e-17
3720.08615669 7.91833179539e-17
3725.56341275 8.98673991965e-17
3731.0406688 8.92795502823e-17
3736.51792486 1.07905397951e-16
3741.99518092 9.45856828483e-17
3747.47243698 1.0145184642e-16
3752.94969304 9.82835139051e-17
3758.4269491 1.15299403896e-16
3763.90420516 1.12206310288e-16
3769.38146122 9.98658747479e-17
3774.85871728 1.1537451641e-16
3780.33597334 1.11649627492e-16
3785.8132294 1.19595152255e-16
3791.29048546 1.13391239935e-16
3796.76774152 1.21965863842e-16
3802.24499758 1.11182778072e-16
3807.72225364 1.10073162076e-16
3813.1995097 1.10928746541e-16
3818.67676576 1.12165938419e-16
3824.15402182 1.16428330836e-16
3829.63127788 1.18190040681e-16
3835.10853394 1.18510869923e-16
3840.58579 1.27054447365e-16
3846.06304606 1.2027041146e-16
3851.54030212 1.24531913205e-16
3857.01755818 1.17547090218e-16
3862.49481424 1.31925187345e-16
3867.9720703 1.36791769951e-16
3873.44932636 1.27259506016e-16
3878.92658242 1.21936255605e-16
3884.40383847 1.35724645921e-16
3889.88109453 1.31672997297e-16
3895.35835059 1.25598866226e-16
3900.83560665 1.22851400095e-16
3906.31286271 1.25310119249e-16
3911.79011877 1.25530972557e-16
3917.26737483 1.1819544944e-16
3922.74463089 1.18342522059e-16
3928.22188695 1.05422372523e-16
3933.69914301 1.04051621078e-16
3939.17639907 9.33315754978e-17
3944.65365513 8.62401122747e-17
3950.13091119 8.10015812964e-17
3955.60816725 7.28931446215e-17
3961.08542331 7.82092869888e-17
3966.56267937 6.6638412406e-17
3972.03993543 5.69632145218e-17
3977.51719149 5.48370697975e-17
3982.99444755 5.28665247409e-17
3988.47170361 5.83412481649e-17
3993.94895967 4.41871752693e-17
3999.42621573 4.39622897321e-17
4004.90347179 3.65980271573e-17
4010.38072785 3.42742207415e-17
4015.85798391 4.57035416965e-17
4021.33523997 4.0847403286e-17
4026.81249603 4.31205936605e-17
4032.28975209 4.33384640905e-17
4037.76700815 4.2857378409e-17
4043.2442642 4.65332629647e-17
4048.72152026 4.75384994556e-17
4054.19877632 4.0937227997e-17
4059.67603238 4.21032161947e-17
4065.15328844 4.72725833266e-17
4070.6305445 4.80474395886e-17
4076.10780056 5.45273276507e-17
4081.58505662 5.57631117323e-17
4087.06231268 6.60974338494e-17
4092.53956874 7.04860642262e-17
4098.0168248 6.97418308234e-17
4103.49408086 6.83289229169e-17
4108.97133692 6.74553528368e-17
4114.44859298 7.83728333908e-17
4119.92584904 8.23794280381e-17
4125.4031051 8.24856165164e-17
4130.88036116 6.68123816872e-17
4136.35761722 7.98375676933e-17
4141.83487328 7.46602110432e-17
4147.31212934 7.19172057536e-17
4152.7893854 7.83487142911e-17
4158.26664146 8.10626021623e-17
4163.74389752 8.43809997161e-17
4169.22115358 8.54475288141e-17
4174.69840964 8.88153638533e-17
4180.1756657 8.92349409806e-17
4185.65292176 8.7347431438e-17
4191.13017782 8.50289431797e-17
4196.60743388 9.23036754982e-17
4202.08468993 1.03917514672e-16
4207.56194599 1.1004397567e-16
4213.03920205 1.17780141518e-16
4218.51645811 1.2495972519e-16
4223.99371417 1.32731112065e-16
4229.47097023 1.39205112208e-16
4234.94822629 1.34066614978e-16
4240.42548235 1.34052436887e-16
4245.90273841 1.36292806529e-16
4251.37999447 1.45605075235e-16
4256.85725053 1.4535335755e-16
4262.33450659 1.4327118206e-16
4267.81176265 1.41789727103e-16
4273.28901871 1.46896758918e-16
4278.76627477 1.4999592052e-16
4284.24353083 1.52720746945e-16
4289.72078689 1.49950055446e-16
4295.19804295 1.51650494089e-16
4300.67529901 1.47888140828e-16
4306.15255507 1.51497580255e-16
4311.62981113 1.53327867633e-16
4317.10706719 1.53577910771e-16
4322.58432325 1.50489476443e-16
4328.06157931 1.44838378848e-16
4333.53883537 1.4642692226e-16
4339.01609143 1.47815102535e-16
4344.49334749 1.50897041548e-16
4349.97060355 1.40931693118e-16
4355.4478596 1.39815996028e-16
4360.92511566 1.37049008526e-16
4366.40237172 1.32885406785e-16
4371.87962778 1.3718719556e-16
4377.35688384 1.49506741203e-16
4382.8341399 1.40035526576e-16
4388.31139596 1.43961631642e-16
4393.78865202 1.53253106739e-16
4399.26590808 1.49206703294e-16
4404.74316414 1.51114275643e-16
4410.2204202 1.58659792996e-16
4415.69767626 1.65109997352e-16
4421.17493232 1.60708412354e-16
4426.65218838 1.63789246147e-16
4432.12944444 1.60755354832e-16
4437.6067005 1.66743949367e-16
4443.08395656 1.647933603e-16
4448.56121262 1.67858231576e-16
4454.03846868 1.65032346063e-16
4459.51572474 1.68545987078e-16
4464.9929808 1.59806751705e-16
4470.47023686 1.56382642747e-16
4475.94749292 1.52507683693e-16
4481.42474898 1.54753640098e-16
4486.90200504 1.57492750742e-16
4492.3792611 1.55464345357e-16
4497.85651716 1.50290396287e-16
4503.33377322 1.43654195447e-16
4508.81102928 1.44395671593e-16
4514.28828533 1.35011141609e-16
4519.76554139 1.34593902062e-16
4525.24279745 1.36668938367e-16
4530.72005351 1.37240251328e-16
4536.19730957 1.43329247969e-16
4541.67456563 1.41848407944e-16
4547.15182169 1.45254718463e-16
4552.62907775 1.46351895953e-16
4558.10633381 1.38617715553e-16
4563.58358987 1.32552382257e-16
4569.06084593 1.39290189163e-16
4574.53810199 1.34098114348e-16
4580.01535805 1.32198730145e-16
4585.49261411 1.21043988525e-16
4590.96987017 1.17933598905e-16
4596.44712623 1.12104798891e-16
4601.92438229 1.12281363131e-16
4607.40163835 1.11355795867e-16
4612.87889441 1.00264604934e-16
4618.35615047 9.98021765295e-17
4623.83340653 1.04336889244e-16
4629.31066259 9.32668376451e-17
4634.78791865 1.02145442556e-16
4640.26517471 9.65645670409e-17
4645.74243077 9.11358474477e-17
4651.21968683 9.49703583586e-17
4656.69694289 9.65007271391e-17
4662.17419895 8.71778736781e-17
4667.651455 8.00547474236e-17
4673.12871106 7.97913487871e-17
4678.60596712 8.69185277395e-17
4684.08322318 7.6720979162e-17
4689.56047924 7.96122027929e-17
4695.0377353 7.632978451e-17
4700.51499136 7.92974880185e-17
4705.99224742 8.4484451651e-17
4711.46950348 8.71187042672e-17
4716.94675954 8.45367169654e-17
4722.4240156 8.18051165491e-17
4727.90127166 8.40020687403e-17
4733.37852772 8.66491461784e-17
4738.85578378 8.99542406026e-17
4744.33303984 8.96841125543e-17
4749.8102959 9.62700028964e-17
4755.28755196 9.80868490266e-17
4760.76480802 9.3950483646e-17
4766.24206408 9.6929797513e-17
4771.71932014 9.41302737042e-17
4777.1965762 1.01465398931e-16
4782.67383226 1.04480749921e-16
4788.15108832 1.05506337066e-16
4793.62834438 1.06520680162e-16
4799.10560044 1.14363782971e-16
4804.5828565 1.04974408807e-16
4810.06011256 1.06047919442e-16
4815.53736862 9.59209379261e-17
4821.01462468 9.80921461891e-17
4826.49188073 9.89902896134e-17
4831.96913679 9.63394937702e-17
4837.44639285 9.08832188154e-17
4842.92364891 9.85330333276e-17
4848.40090497 9.15686755668e-17
4853.87816103 1.00692373624e-16
4859.35541709 1.01313538025e-16
4864.83267315 1.09279908277e-16
4870.30992921 1.08943235399e-16
4875.78718527 1.0902841452e-16
4881.26444133 1.07212745572e-16
4886.74169739 1.09419434415e-16
4892.21895345 1.09921121914e-16
4897.69620951 1.13117333247e-16
4903.17346557 1.17452864842e-16
4908.65072163 1.14025585702e-16
4914.12797769 1.16195862705e-16
4919.60523375 1.16303864686e-16
4925.08248981 1.09807792177e-16
4930.55974587 1.15532912414e-16
4936.03700193 1.10471796333e-16
4941.51425799 1.12638258973e-16
4946.99151405 1.13862899409e-16
4952.46877011 1.08820909625e-16
4957.94602617 1.14781173758e-16
4963.42328223 1.05728318404e-16
4968.90053829 1.08675987672e-16
4974.37779435 1.08192978906e-16
4979.8550504 1.15391289534e-16
4985.33230646 1.11498812811e-16
4990.80956252 1.10441083272e-16
4996.28681858 1.09885161133e-16
5001.76407464 1.0896320345e-16
5007.2413307 1.10052540728e-16
5012.71858676 1.13145037648e-16
5018.19584282 1.15265800727e-16
5023.67309888 1.1257587739e-16
5029.15035494 1.10971803663e-16
5034.627611 1.09563287098e-16
5040.10486706 1.13026299577e-16
5045.58212312 1.11810604027e-16
5051.05937918 1.09193329508e-16
5056.53663524 1.01448368821e-16
5062.0138913 1.05284875954e-16
5067.49114736 1.03654858477e-16
5072.96840342 9.58785641253e-17
5078.44565948 9.64423481043e-17
5083.92291554 9.50647064189e-17
5089.4001716 9.45299112557e-17
5094.87742766 8.62313925929e-17
5100.35468372 9.24309092834e-17
5105.83193978 9.09832141505e-17
5111.30919584 9.03526500167e-17
5116.7864519 9.37085069319e-17
5122.26370796 8.72338491391e-17
5127.74096402 8.92483212255e-17
5133.21822008 9.05830813957e-17
5138.69547613 9.53688646556e-17
5144.17273219 9.62554023322e-17
5149.64998825 9.71740115272e-17
5155.12724431 9.49226130731e-17
5160.60450037 9.36117767755e-17
5166.08175643 8.80324926851e-17
5171.55901249 8.99295911132e-17
5177.03626855 7.9250491699e-17
5182.51352461 8.1448239375e-17
5187.99078067 8.18684127588e-17
5193.46803673 8.42300804577e-17
5198.94529279 7.82305511787e-17
5204.42254885 8.31713202255e-17
5209.89980491 8.5361213004e-17
5215.37706097 8.61488085372e-17
5220.85431703 8.74284342953e-17
5226.33157309 9.27156367194e-17
5231.80882915 9.22813428029e-17
5237.28608521 9.51786698859e-17
5242.76334127 8.79411190214e-17
5248.24059733 8.71417112547e-17
5253.71785339 8.07452340725e-17
5259.19510945 8.62166296192e-17
5264.67236551 8.23912185779e-17
5270.14962157 7.65584889707e-17
5275.62687763 8.16597625074e-17
5281.10413369 8.13646137119e-17
5286.58138975 7.52505048093e-17
5292.05864581 6.94165354687e-17
5297.53590186 7.06939027094e-17
5303.01315792 6.19059814783e-17
5308.49041398 6.8776243605e-17
5313.96767004 5.88837413815e-17
5319.4449261 6.61139521198e-17
5324.92218216 6.5390331703e-17
5330.39943822 6.69422478293e-17
5335.87669428 6.01210189011e-17
5341.35395034 7.01009206955e-17
5346.8312064 6.20088167193e-17
5352.30846246 7.03507638178e-17
5357.78571852 6.37657745827e-17
5363.26297458 7.36722923013e-17
5368.74023064 6.7215285178e-17
5374.2174867 6.93510373106e-17
5379.69474276 6.96226006476e-17
5385.17199882 7.09250574321e-17
5390.64925488 5.97260737601e-17
5396.12651094 5.46114126567e-17
5401.603767 6.97854979996e-17
5407.08102306 7.53788677229e-17
5412.55827912 7.1394038601e-17
5418.03553518 6.1257141017e-17
5423.51279124 6.27759494759e-17
5428.9900473 6.83799597138e-17
5434.46730336 6.25915430321e-17
5439.94455942 7.1026456424e-17
5445.42181548 6.93089901455e-17
5450.89907153 7.19995696785e-17
5456.37632759 7.80193273781e-17
5461.85358365 7.51266851512e-17
5467.33083971 7.6201754957e-17
5472.80809577 7.45496457249e-17
5478.28535183 7.41670820636e-17
5483.76260789 6.46867116216e-17
5489.23986395 6.43006957252e-17
5494.71712001 7.3644156675e-17
5500.19437607 7.40744790669e-17
5505.67163213 7.43015334344e-17
5511.14888819 6.89396737414e-17
5516.62614425 7.29906438255e-17
5522.10340031 7.65352758043e-17
5527.58065637 7.89023174854e-17
5533.05791243 8.04330572391e-17
5538.53516849 7.98317453559e-17
5544.01242455 7.60768527156e-17
5549.48968061 7.98177739953e-17
5554.96693667 7.04550971406e-17
5560.44419273 7.84076368926e-17
5565.92144879 7.49811871352e-17
5571.39870485 8.28515333522e-17
5576.87596091 9.52026398048e-17
5582.35321697 9.42240723446e-17
5587.83047303 8.54157426453e-17
5593.30772909 8.43930626771e-17
5598.78498515 9.05063105615e-17
5604.26224121 8.85702389176e-17
5609.73949726 9.21640374533e-17
5615.21675332 9.16871956318e-17
5620.69400938 7.99800029643e-17
5626.17126544 9.35532639065e-17
5631.6485215 9.38667406046e-17
5637.12577756 8.79150097518e-17
5642.60303362 9.50468262247e-17
5648.08028968 9.25099916749e-17
5653.55754574 9.43074038526e-17
5659.0348018 9.69075289518e-17
5664.51205786 9.37650622107e-17
5669.98931392 8.93258196757e-17
5675.46656998 9.42699775787e-17
5680.94382604 8.69622745964e-17
5686.4210821 8.93617725761e-17
5691.89833816 8.29721087468e-17
5697.37559422 8.23985371839e-17
5702.85285028 8.05066649313e-17
5708.33010634 8.04332201955e-17
5713.8073624 7.50209371356e-17
5719.28461846 7.30934588645e-17
5724.76187452 6.98046632088e-17
5730.23913058 6.90976292684e-17
5735.71638664 6.83726993396e-17
5741.1936427 6.70195236472e-17
5746.67089876 5.75966932834e-17
5752.14815482 5.96444196996e-17
5757.62541088 5.70647391149e-17
5763.10266693 6.16737336422e-17
5768.57992299 6.81459579668e-17
5774.05717905 6.22003369698e-17
5779.53443511 5.8864393301e-17
5785.01169117 6.06260994243e-17
5790.48894723 5.78748768662e-17
5795.96620329 5.84213231079e-17
5801.44345935 6.03922103312e-17
5806.92071541 6.40548397109e-17
5812.39797147 5.87333814362e-17
5817.87522753 6.30071497983e-17
5823.35248359 6.17607564441e-17
5828.82973965 5.5593078159e-17
5834.30699571 6.08858575935e-17
5839.78425177 6.64319371375e-17
5845.26150783 6.79787538599e-17
5850.73876389 6.33707471715e-17
5856.21601995 6.53698879118e-17
5861.69327601 7.0970180591e-17
5867.17053207 6.33871372227e-17
5872.64778813 6.03661307534e-17
5878.12504419 6.02543099042e-17
5883.60230025 6.09637093634e-17
5889.07955631 5.89462540539e-17
5894.55681237 5.80600064912e-17
5900.03406843 6.36020468653e-17
5905.51132449 5.43804609634e-17
5910.98858055 5.78846483926e-17
5916.46583661 5.94330860163e-17
5921.94309266 5.82345830349e-17
5927.42034872 5.91260302978e-17
5932.89760478 5.083242506e-17
5938.37486084 5.03095035789e-17
5943.8521169 4.70479232264e-17
5949.32937296 5.18590993614e-17
5954.80662902 5.03309436855e-17
5960.28388508 5.08434725022e-17
5965.76114114 4.75654516854e-17
5971.2383972 5.06016717371e-17
5976.71565326 5.07672208535e-17
5982.19290932 5.76269657145e-17
5987.67016538 5.34856031679e-17
5993.14742144 5.85609941308e-17
5998.6246775 6.10015237183e-17
6004.10193356 6.0909260957e-17
6009.57918962 6.2158279727e-17
6015.05644568 6.53809278964e-17
6020.53370174 6.65859899121e-17
6026.0109578 6.72500053297e-17
6031.48821386 6.84056471644e-17
6036.96546992 6.44785451389e-17
6042.44272598 7.20051494777e-17
6047.91998204 7.52930771334e-17
6053.3972381 7.26632720569e-17
6058.87449416 7.62574457557e-17
6064.35175022 7.3247753748e-17
6069.82900628 7.26756557864e-17
6075.30626233 7.41841032554e-17
6080.78351839 7.2847064365e-17
6086.26077445 7.56743130679e-17
6091.73803051 7.82171157531e-17
6097.21528657 7.38405268743e-17
6102.69254263 7.78882927164e-17
6108.16979869 7.78534623315e-17
6113.64705475 7.71356934109e-17
6119.12431081 7.74259210171e-17
6124.60156687 7.39522016046e-17
6130.07882293 7.21692399973e-17
6135.55607899 7.64687663499e-17
6141.03333505 6.78518592563e-17
6146.51059111 7.16570222518e-17
6151.98784717 7.37942095939e-17
6157.46510323 7.5060570197e-17
6162.94235929 6.95753007014e-17
6168.41961535 7.06391746108e-17
6173.89687141 7.21471010385e-17
6179.37412747 7.01708263137e-17
6184.85138353 7.33359501066e-17
6190.32863959 6.81758280174e-17
6195.80589565 7.14085316719e-17
6201.28315171 7.19128192352e-17
6206.76040777 6.62432994699e-17
6212.23766383 7.45104083202e-17
6217.71491989 7.5374441901e-17
6223.19217595 6.94680781487e-17
6228.66943201 7.49177388527e-17
6234.14668806 6.72305940619e-17
6239.62394412 7.19748205253e-17
6245.10120018 6.82642031837e-17
6250.57845624 6.76599933938e-17
6256.0557123 6.88815383033e-17
6261.53296836 6.67035593766e-17
6267.01022442 6.79268111102e-17
6272.48748048 6.48266384982e-17
6277.96473654 6.5416764566e-17
6283.4419926 6.55158322637e-17
6288.91924866 6.26911603172e-17
6294.39650472 6.16894805953e-17
6299.87376078 6.39115509412e-17
6305.35101684 6.60715075744e-17
6310.8282729 6.35860912602e-17
6316.30552896 6.37778618032e-17
6321.78278502 6.36385926784e-17
6327.26004108 6.14238815921e-17
6332.73729714 6.19753424038e-17
6338.2145532 6.28813347133e-17
6343.69180926 6.45934746528e-17
6349.16906532 6.21675846647e-17
6354.64632138 6.27132895024e-17
6360.12357744 6.70982710669e-17
6365.6008335 6.25036869747e-17
6371.07808956 6.47397002357e-17
6376.55534562 6.23455932756e-17
6382.03260168 6.24477090494e-17
6387.50985774 6.2979771402e-17
6392.98711379 6.41837270291e-17
6398.46436985 5.8747436131e-17
6403.94162591 6.41165401492e-17
6409.41888197 6.13409737055e-17
6414.89613803 6.0612293553e-17
6420.37339409 6.13388815105e-17
6425.85065015 6.0736312974e-17
6431.32790621 6.30869967218e-17
6436.80516227 6.22452672312e-17
6442.28241833 5.96904524243e-17
6447.75967439 6.39891247994e-17
6453.23693045 5.9514251414e-17
6458.71418651 6.12446694385e-17
6464.19144257 5.99032322318e-17
6469.66869863 5.96945026817e-17
6475.14595469 6.25818668346e-17
6480.62321075 6.00982361598e-17
6486.10046681 5.79945535588e-17
6491.57772287 6.15770307878e-17
6497.05497893 5.79213106834e-17
6502.53223499 6.24553055222e-17
6508.00949105 5.88245138802e-17
6513.48674711 5.82312638709e-17
6518.96400317 6.16755347221e-17
6524.44125923 5.93619732042e-17
6529.91851529 5.74483991015e-17
6535.39577135 5.86753582309e-17
6540.87302741 6.02298712883e-17
6546.35028346 6.42998842777e-17
6551.82753952 6.05984306457e-17
6557.30479558 6.05849046828e-17
6562.78205164 6.23556068403e-17
6568.2593077 5.97293198056e-17
6573.73656376 5.75582520656e-17
6579.21381982 5.87465067855e-17
6584.69107588 5.51456901372e-17
6590.16833194 5.7825721952e-17
6595.645588 5.53846227761e-17
6601.12284406 5.4093816638e-17
6606.60010012 5.36994199228e-17
6612.07735618 5.19322811516e-17
6617.55461224 5.19449443525e-17
6623.0318683 4.90452929538e-17
6628.50912436 4.58295572686e-17
6633.98638042 4.57943863836e-17
6639.46363648 4.10116577e-17
6644.94089254 4.07873235503e-17
6650.4181486 4.0248810045e-17
6655.89540466 3.83437179301e-17
6661.37266072 3.38930475961e-17
6666.84991678 3.34037613381e-17
6672.32717284 3.26052690415e-17
6677.8044289 3.09642834936e-17
6683.28168496 3.46578423765e-17
6688.75894102 2.88952377931e-17
6694.23619708 2.89495032927e-17
6699.71345314 2.98125010913e-17
6705.19070919 2.61468424076e-17
6710.66796525 2.79770887603e-17
6716.14522131 2.84051700593e-17
6721.62247737 2.73664708007e-17
6727.09973343 2.89337856166e-17
6732.57698949 3.01626846286e-17
6738.05424555 2.96724405536e-17
6743.53150161 3.14206553662e-17
6749.00875767 3.11471539811e-17
6754.48601373 3.08208607698e-17
6759.96326979 3.3230504124e-17
6765.44052585 3.68022513996e-17
6770.91778191 3.59553320831e-17
6776.39503797 3.69478528315e-17
6781.87229403 3.49984795737e-17
6787.34955009 3.69632200901e-17
6792.82680615 4.18289053166e-17
6798.30406221 4.20269472158e-17
6803.78131827 4.38054639883e-17
6809.25857433 4.51919918185e-17
6814.73583039 4.81917052723e-17
6820.21308645 5.14568577767e-17
6825.69034251 4.71718121694e-17
6831.16759857 5.17304978684e-17
6836.64485463 4.73296086047e-17
6842.12211069 5.26447635041e-17
6847.59936675 5.62068086468e-17
6853.07662281 5.06091470774e-17
6858.55387886 4.68349969223e-17
6864.03113492 4.72337406404e-17
6869.50839098 4.07269575474e-17
6874.98564704 4.38894400003e-17
6880.4629031 5.43668629673e-17
6885.94015916 4.69805398046e-17
6891.41741522 4.84440764362e-17
6896.89467128 4.8036788056e-17
6902.37192734 4.85560545943e-17
6907.8491834 4.86258595815e-17
6913.32643946 5.23932055533e-17
6918.80369552 4.70990830315e-17
6924.28095158 4.94464791041e-17
6929.75820764 4.96268304238e-17
6935.2354637 4.98704884467e-17
6940.71271976 5.01160545058e-17
6946.18997582 5.03616555708e-17
6951.66723188 5.06073959151e-17
6957.14448794 5.07836341399e-17
6962.621744 5.17518991247e-17
6968.09900006 5.23759562812e-17
6973.57625612 5.52479474291e-17
6979.05351218 4.9687385465e-17
6984.53076824 5.22616882255e-17
6990.0080243 5.08015312283e-17
6995.48528036 5.26694295488e-17
7000.96253642 5.11924925536e-17
7006.43979248 4.65730730874e-17
7011.91704854 5.14952278244e-17
7017.39430459 5.16233378776e-17
7022.87156065 5.12172163057e-17
7028.34881671 4.72015566301e-17
7033.82607277 4.6661955259e-17
7039.30332883 4.76693663025e-17
7044.78058489 4.75718287071e-17
7050.25784095 4.48756289804e-17
7055.73509701 4.83491418135e-17
7061.21235307 4.85510365742e-17
7066.68960913 4.55600675662e-17
7072.16686519 4.40641179153e-17
7077.64412125 4.28295389625e-17
7083.12137731 4.52288474008e-17
7088.59863337 4.17516764091e-17
7094.07588943 4.2817033912e-17
7099.55314549 4.31296881541e-17
7105.03040155 4.59985385324e-17
7110.50765761 4.26863756704e-17
7115.98491367 4.22887971627e-17
7121.46216973 4.2207454927e-17
7126.93942579 4.14830953316e-17
7132.41668185 4.22767231457e-17
7137.89393791 4.01228959558e-17
7143.37119397 4.14343960102e-17
7148.84845003 4.20242788705e-17
7154.32570609 4.1836254484e-17
7159.80296215 4.1722438666e-17
7165.28021821 4.20940260576e-17
7170.75747426 3.80412173151e-17
7176.23473032 4.04270431334e-17
7181.71198638 3.40109094443e-17
7187.18924244 3.66611302295e-17
7192.6664985 3.62619875791e-17
7198.14375456 3.88290766918e-17
7203.62101062 3.86863992254e-17
7209.09826668 3.7561174191e-17
7214.57552274 4.27975951263e-17
7220.0527788 4.18102867217e-17
7225.53003486 3.61018925373e-17
7231.00729092 3.71724123351e-17
7236.48454698 3.81966262452e-17
7241.96180304 3.59309803107e-17
7247.4390591 3.52937205623e-17
7252.91631516 3.66840272601e-17
7258.39357122 3.46105434615e-17
7263.87082728 3.20926795029e-17
7269.34808334 3.43429348971e-17
7274.8253394 3.43368746922e-17
7280.30259546 3.37705312279e-17
7285.77985152 3.85229291874e-17
7291.25710758 3.28990022117e-17
7296.73436364 3.51335290473e-17
7302.2116197 3.46412276116e-17
7307.68887576 3.41676245396e-17
7313.16613182 3.46349296215e-17
7318.64338788 3.47905265036e-17
7324.12064394 2.99221541727e-17
7329.59789999 3.33490161961e-17
7335.07515605 3.51386889327e-17
7340.55241211 3.57738474685e-17
7346.02966817 3.51470226501e-17
7351.50692423 3.12050080041e-17
7356.98418029 3.17457670709e-17
7362.46143635 3.27135595991e-17
7367.93869241 2.89599187062e-17
7373.41594847 3.12554630648e-17
7378.89320453 3.32019013866e-17
7384.37046059 3.5964207378e-17
7389.84771665 2.91797244229e-17
7395.32497271 3.21136117356e-17
7400.80222877 3.12930713217e-17
7406.27948483 3.15913673961e-17
7411.75674089 3.09450424474e-17
7417.23399695 3.06724504904e-17
7422.71125301 2.94933194241e-17
7428.18850907 3.02632690456e-17
7433.66576513 2.88911590852e-17
7439.14302119 2.69757075629e-17
7444.62027725 3.03335573618e-17
7450.09753331 3.01866224643e-17
7455.57478937 2.85658873547e-17
7461.05204543 3.11922773355e-17
7466.52930149 2.79955827023e-17
7472.00655755 2.79222506598e-17
7477.48381361 3.04568224682e-17
7482.96106967 3.15306203389e-17
7488.43832572 2.83205398819e-17
7493.91558178 3.16772772453e-17
7499.39283784 2.8358351643e-17
7504.8700939 2.97018019556e-17
7510.34734996 2.89489324165e-17
7515.82460602 2.981542791e-17
7521.30186208 2.78433878725e-17
7526.77911814 2.78728932256e-17
7532.2563742 2.86904309496e-17
7537.73363026 3.04858852231e-17
7543.21088632 2.57012694298e-17
7548.68814238 2.87135389721e-17
7554.16539844 2.70228421064e-17
7559.6426545 2.57044979848e-17
7565.11991056 2.70118929375e-17
7570.59716662 2.92710347664e-17
7576.07442268 2.86690035786e-17
7581.55167874 2.96000950916e-17
7587.0289348 2.73845205972e-17
7592.50619086 2.38676300145e-17
7597.98344692 1.57888592373e-17
7603.46070298 1.2730434243e-17
7608.93795904 1.24933193628e-17
7614.4152151 1.5484858565e-17
7619.89247116 2.10413473634e-17
7625.36972722 1.50395758272e-17
7630.84698328 1.68254190907e-17
7636.32423934 1.82465514955e-17
7641.80149539 1.83229473194e-17
7647.27875145 2.09944156828e-17
7652.75600751 2.31560106342e-17
7658.23326357 2.37627045095e-17
7663.71051963 2.69176287091e-17
7669.18777569 2.64893120575e-17
7674.66503175 2.66917558694e-17
7680.14228781 2.44546193986e-17
7685.61954387 2.42442030689e-17
7691.09679993 2.40791373138e-17
7696.57405599 2.46699150466e-17
7702.05131205 2.63386426479e-17
7707.52856811 2.76440379984e-17
7713.00582417 3.24802889708e-17
7718.48308023 3.12446706949e-17
7723.96033629 2.71528845617e-17
7729.43759235 2.63616809582e-17
7734.91484841 2.76265876521e-17
7740.39210447 2.57510612115e-17
7745.86936053 2.75913329073e-17
7751.34661659 2.88743853964e-17
7756.82387265 2.62182619789e-17
7762.30112871 2.81829771756e-17
7767.77838477 2.65490316669e-17
7773.25564083 2.79708555568e-17
7778.73289689 2.77475376504e-17
7784.21015295 2.22199873946e-17
7789.68740901 2.86275933887e-17
7795.16466507 2.87532810337e-17
7800.64192112 2.45864266425e-17
7806.11917718 2.83936503539e-17
7811.59643324 2.85625216465e-17
7817.0736893 2.49006169163e-17
7822.55094536 2.83398806532e-17
7828.02820142 2.5328154837e-17
7833.50545748 2.4851713439e-17
7838.98271354 2.61410522864e-17
7844.4599696 2.97860262985e-17
7849.93722566 2.64731897844e-17
7855.41448172 2.5524314573e-17
7860.89173778 2.54641341195e-17
7866.36899384 2.86821661188e-17
7871.8462499 2.3795293951e-17
7877.32350596 2.4463741078e-17
7882.80076202 2.5910688979e-17
7888.27801808 2.55774310766e-17
7893.75527414 2.7261586239e-17
7899.2325302 2.66354327535e-17
7904.70978626 2.48776390421e-17
7910.18704232 2.24157140623e-17
7915.66429838 2.55205838325e-17
7921.14155444 2.80760216014e-17
7926.6188105 2.89734793957e-17
7932.09606656 2.32331817883e-17
7937.57332262 2.28573520238e-17
7943.05057868 2.47014194984e-17
7948.52783474 2.53720966698e-17
7954.00509079 2.45214467947e-17
7959.48234685 2.43127858865e-17
7964.95960291 2.42175734542e-17
7970.43685897 2.06251229561e-17
7975.91411503 2.42096454255e-17
7981.39137109 2.46202384663e-17
7986.86862715 2.58627647114e-17
7992.34588321 2.49305033708e-17
7997.82313927 2.5088950632e-17
8003.30039533 2.32617455197e-17
8008.77765139 2.2140132876e-17
8014.25490745 2.10314333964e-17
8019.73216351 2.41013124586e-17
8025.20941957 2.329063027e-17
8030.68667563 2.23722616049e-17
8036.16393169 2.13574023569e-17
8041.64118775 2.25068747345e-17
8047.11844381 1.87663360577e-17
8052.59569987 2.1584344187e-17
8058.07295593 2.20682353414e-17
8063.55021199 2.40059709685e-17
8069.02746805 1.97419045227e-17
8074.50472411 2.04903866739e-17
8079.98198017 2.27734296883e-17
8085.45923623 2.2324328954e-17
8090.93649229 2.1287794676e-17
8096.41374835 2.24642772145e-17
8101.89100441 2.1363654311e-17
8107.36826047 2.33382215784e-17
8112.84551652 2.10007060159e-17
8118.32277258 1.90242371063e-17
8123.80002864 2.04730020078e-17
8129.2772847 2.05261405115e-17
8134.75454076 1.81391123027e-17
8140.23179682 2.2574609764e-17
8145.70905288 1.96194566976e-17
8151.18630894 1.96591824636e-17
8156.663565 2.06677275766e-17
8162.14082106 2.02885781437e-17
8167.61807712 1.89535378327e-17
8173.09533318 1.96480963593e-17
8178.57258924 1.85334056578e-17
8184.0498453 1.75152336366e-17
8189.52710136 1.94315215372e-17
8195.00435742 2.05352767486e-17
8200.48161348 1.97222253497e-17
8205.95886954 2.09284424778e-17
8211.4361256 2.02505702113e-17
8216.91338166 2.03743201043e-17
8222.39063772 1.94142817726e-17
8227.86789378 1.81683707924e-17
8233.34514984 1.94192011343e-17
8238.8224059 2.02730863436e-17
8244.29966196 2.06260289777e-17
8249.77691802 1.88236878072e-17
8255.25417408 2.16149176984e-17
8260.73143014 1.983418518e-17
8266.20868619 2.10582343454e-17
8271.68594225 2.15213843183e-17
8277.16319831 2.09346361529e-17
8282.64045437 2.06901102282e-17
8288.11771043 1.90183810062e-17
8293.59496649 2.62399322242e-17
8299.07222255 2.16945517189e-17
8304.54947861 2.44801735517e-17
8310.02673467 2.29400505266e-17
8315.50399073 1.99120410776e-17
8320.98124679 2.0917039106e-17
8326.45850285 2.11954823383e-17
8331.93575891 1.98680086066e-17
8337.41301497 2.14127505232e-17
8342.89027103 1.92219062378e-17
8348.36752709 2.38120913684e-17
8353.84478315 1.92618098038e-17
8359.32203921 2.47967398061e-17
8364.79929527 2.46365433583e-17
8370.27655133 2.1654672131e-17
8375.75380739 2.26261138297e-17
8381.23106345 2.22330874871e-17
8386.70831951 2.38591437691e-17
8392.18557557 2.38092533852e-17
8397.66283163 2.44567167271e-17
8403.14008769 2.46513096435e-17
8408.61734375 2.32841311769e-17
8414.09459981 2.20270092628e-17
8419.57185587 2.04494991169e-17
8425.04911192 1.70776809941e-17
8430.52636798 2.72617420353e-17
8436.00362404 2.39214053871e-17
8441.4808801 2.37930174129e-17
8446.95813616 2.08638250443e-17
8452.43539222 2.20282929167e-17
8457.91264828 2.44059565383e-17
8463.38990434 1.97762760189e-17
8468.8671604 3.04490911592e-17
8474.34441646 2.50407537164e-17
8479.82167252 2.54555598553e-17
8485.29892858 2.35755647726e-17
8490.77618464 2.56893081376e-17
8496.2534407 2.73773066574e-17
8501.73069676 2.09646680964e-17
8507.20795282 2.26813480334e-17
8512.68520888 1.97174523363e-17
8518.16246494 2.37475248175e-17
8523.639721 1.98151959806e-17
8529.11697706 1.9931682636e-17
8534.59423312 2.44470466348e-17
8540.07148918 1.93191134826e-17
8545.54874524 2.31512977585e-17
8551.0260013 2.15783496916e-17
8556.50325736 1.98818417767e-17
8561.98051342 2.26632233828e-17
8567.45776948 2.2603526328e-17
8572.93502554 1.8841735226e-17
8578.4122816 2.25028930545e-17
8583.88953765 2.19378133738e-17
8589.36679371 2.11225707729e-17
8594.84404977 1.61100410217e-17
8600.32130583 1.83210384794e-17
8605.79856189 2.16936739032e-17
8611.27581795 2.00791671052e-17
8616.75307401 2.07892242102e-17
8622.23033007 2.17514254372e-17
8627.70758613 2.30631313052e-17
8633.18484219 2.09554884132e-17
8638.66209825 1.90940626883e-17
8644.13935431 2.20357574472e-17
8649.61661037 1.28179662931e-17
8655.09386643 1.61715384299e-17
8660.57112249 1.36163375365e-17
8666.04837855 1.47009826039e-17
8671.52563461 1.86684821345e-17
8677.00289067 1.59070759769e-17
8682.48014673 1.71478823551e-17
8687.95740279 1.5795055939e-17
8693.43465885 2.05730201299e-17
8698.91191491 1.58206230914e-17
8704.38917097 1.90331760459e-17
8709.86642703 1.38002633931e-17
8715.34368309 2.05289580626e-17
8720.82093915 2.08057332006e-17
8726.29819521 1.88494678432e-17
8731.77545127 1.80519318651e-17
8737.25270732 2.0583787204e-17
8742.72996338 1.69871671018e-17
8748.20721944 1.93033775236e-17
8753.6844755 1.86410323229e-17
8759.16173156 2.57053180574e-17
8764.63898762 2.56419571249e-17
8770.11624368 1.98829799984e-17
8775.59349974 1.81787431211e-17
8781.0707558 2.69691982918e-17
8786.54801186 1.90772665444e-17
8792.02526792 2.08508926804e-17
8797.50252398 1.43387921573e-17
8802.97978004 2.10621633644e-17
8808.4570361 2.27725433188e-17
8813.93429216 1.71058177017e-17
8819.41154822 1.96007149721e-17
8824.88880428 3.33347149537e-17
8830.36606034 2.52604985503e-17
8835.8433164 2.5247658822e-17
8841.32057246 2.23399291965e-17
8846.79782852 1.8467261444e-17
8852.27508458 2.72646307467e-17
8857.75234064 1.73355919741e-17
8863.2295967 2.53939530251e-17
8868.70685276 2.2236063919e-17
8874.18410882 2.06970028622e-17
8879.66136488 2.08968860729e-17
8885.13862094 8.9158526922e-18
8890.615877 2.26923975501e-17
8896.09313305 2.11906976645e-17
8901.57038911 1.76950896836e-17
8907.04764517 2.46243686487e-17
8912.52490123 1.97404665177e-17
8918.00215729 2.33766792638e-17
8923.47941335 3.26385814087e-17
8928.95666941 1.97428394506e-17
8934.43392547 2.34591435109e-17
8939.91118153 2.21600587711e-17
8945.38843759 1.77637399193e-17
8950.86569365 1.65065821521e-17
8956.34294971 1.99090673634e-17
8961.82020577 2.13318905599e-17
8967.29746183 2.17590483728e-17
8972.77471789 1.96481241213e-17
8978.25197395 2.35941420738e-17
8983.72923001 2.2588943507e-17
8989.20648607 1.8666397124e-17
8994.68374213 2.68683404495e-17
9000.16099819 2.76244563269e-17
9005.63825425 2.39518192415e-17
9011.11551031 1.52953554476e-17
9016.59276637 2.35383995387e-17
9022.07002243 1.76125558852e-17
9027.54727849 1.83922061608e-17
9033.02453455 2.13717498766e-17
9038.50179061 2.5094397607e-17
9043.97904667 2.1578195581e-17
9049.45630272 2.28649602695e-17
9054.93355878 1.55401893534e-17
9060.41081484 2.21045525003e-17
9065.8880709 1.69035361949e-17
9071.36532696 1.5116024171e-17
9076.84258302 2.31115225572e-17
9082.31983908 2.21508468557e-17
9087.79709514 1.9782145859e-17
9093.2743512 1.75631173113e-17
9098.75160726 2.10099543412e-17
9104.22886332 1.82058144911e-17
9109.70611938 1.94630450437e-17
9115.18337544 1.97188144561e-17
9120.6606315 2.17070139082e-17
9126.13788756 2.6937188069e-17
9131.61514362 2.20665524206e-17
9137.09239968 2.24552675799e-17
9142.56965574 1.86103855744e-17
9148.0469118 2.19969855087e-17
9153.52416786 2.12250157999e-17
9159.00142392 1.81630631945e-17
9164.47867998 2.1660250749e-17
9169.95593604 2.69609182017e-17
9175.4331921 2.01169490016e-17
9180.91044816 2.04053777736e-17
9186.38770422 2.51282638207e-17
9191.86496028 2.50607443985e-17
9197.34221634 2.45840184347e-17
9202.8194724 2.46341540275e-17
9208.29672845 2.95308596771e-17
9213.77398451 2.66210412493e-17
9219.25124057 2.84970897716e-17
9224.72849663 2.33675414511e-17
9230.20575269 3.18417227621e-17
9235.68300875 2.89047449623e-17
9241.16026481 2.79595541211e-17
9246.63752087 3.00579975689e-17
9252.11477693 3.08191001467e-17
9257.59203299 3.13679664024e-17
9263.06928905 2.72936714134e-17
9268.54654511 2.70500637871e-17
9274.02380117 2.8047009108e-17
9279.50105723 1.95038561446e-17
9284.97831329 3.38545254814e-17
9290.45556935 2.91741299107e-17
9295.93282541 2.18252343197e-17
9301.41008147 3.21630391092e-17
9306.88733753 3.19536661843e-17
9312.36459359 4.44296461883e-17
9317.84184965 3.11283218e-17
9323.31910571 2.31978171575e-17
9328.79636177 1.93450024326e-17
9334.27361783 2.01262246147e-17
9339.75087389 1.35576028624e-17
9345.22812995 2.62489049093e-17
9350.70538601 2.88794028461e-17
9356.18264207 2.57737801627e-17
9361.65989813 1.98550594517e-17
9367.13715418 2.01916305327e-17
9372.61441024 4.52955020013e-17
9378.0916663 4.92908704782e-17
9383.56892236 3.28279131637e-17
9389.04617842 3.08551575979e-17
9394.52343448 3.14140470914e-17
9400.00069054 2.53308657783e-17
9405.4779466 3.44829043182e-17
9410.95520266 2.65064894049e-17
9416.43245872 3.22718693633e-17
9421.90971478 2.81596205436e-17
9427.38697084 1.07788250759e-17
9432.8642269 1.49788664194e-17
9438.34148296 3.04286476523e-17
9443.81873902 4.0777550607e-17
9449.29599508 2.92341266693e-17
9454.77325114 3.46581654534e-17
9460.2505072 2.3230267835e-17
9465.72776326 2.89236952424e-17
9471.20501932 7.3494622496e-18
9476.68227538 6.14120041972e-18
9482.15953144 2.24358060199e-17
9487.6367875 3.01049701473e-17
9493.11404356 1.97855652225e-17
9498.59129962 1.20950145089e-17
9504.06855568 2.21886850844e-17
9509.54581174 2.19817987445e-17
9515.0230678 1.77430892482e-17
9520.50032385 3.1855742505e-17
9525.97757991 2.79574432915e-17
9531.45483597 2.77620387296e-17
9536.93209203 2.31477300249e-17
9542.40934809 2.46463655376e-17
9547.88660415 2.73754185467e-17
9553.36386021 2.66692127999e-17
9558.84111627 2.59494244426e-17
9564.31837233 2.96665549173e-17
9569.79562839 3.14190763499e-17
9575.27288445 2.8312489732e-17
9580.75014051 3.14073943651e-17
9586.22739657 1.1714079353e-17
9591.70465263 3.13094844753e-17
9597.18190869 2.71940622863e-17
9602.65916475 2.62148471298e-17
9608.13642081 2.16634998544e-17
9613.61367687 2.1225077703e-17
9619.09093293 1.61090362717e-17
9624.56818899 3.4987003245e-17
9630.04544505 2.47442574845e-17
9635.52270111 1.11039996571e-17
9640.99995717 1.56720153017e-17
9646.47721323 1.630152021e-17
9651.95446929 3.15117392081e-17
9657.43172535 2.28413286854e-17
9662.90898141 1.48213853613e-17
9668.38623747 1.03875741136e-17
9673.86349353 3.92875385682e-17
9679.34074958 2.57105947209e-17
9684.81800564 3.73877486933e-17
9690.2952617 3.35797567865e-17
9695.77251776 1.8382731256e-18
9701.24977382 1.3547435218e-17
9706.72702988 2.48860448087e-17
9712.20428594 1.71085299556e-17
9717.681542 1.360683919e-17
9723.15879806 2.26341676365e-18
9728.63605412 3.17507185712e-17
9734.11331018 3.95370370755e-17
9739.59056624 1.66372910252e-17
9745.0678223 1.2975870052e-17
9750.54507836 8.99969549617e-18
9756.02233442 2.65867718454e-17
9761.49959048 2.50982767686e-17
9766.97684654 2.82243514832e-17
9772.4541026 2.86200593531e-17
9777.93135866 2.76922960875e-17
9783.40861472 3.51745954639e-17
9788.88587078 3.4636842378e-17
9794.36312684 4.85593922735e-17
9799.8403829 4.53799264171e-17
9805.31763896 4.04318198693e-17
9810.79489502 3.13087181914e-17
9816.27215108 3.54318832442e-17
9821.74940714 3.58857550111e-17
9827.2266632 3.95939992434e-17
9832.70391925 3.36295183257e-17
9838.18117531 2.10042846975e-17
9843.65843137 2.29232482374e-17
9849.13568743 3.85173593824e-17
9854.61294349 1.96055780109e-17
9860.09019955 1.65842959099e-17
9865.56745561 2.64102759491e-17
