3342.25447909	1.375713040148e-18
3345.49673478	-1.567991829027e-18
3348.73899047	1.600177309082e-17
3351.98124615	9.912850423081e-18
3355.22350184	1.654220042666e-17
3358.46575753	1.173450761894e-17
3361.70801322	1.950602905291e-17
3364.95026890	5.240217085469e-18
3368.19252459	-1.312852991798e-17
3371.43478028	-7.529101111930e-18
3374.67703597	9.677219201244e-18
3377.91929165	2.989884473686e-17
3381.16154734	-2.642085266926e-18
3384.40380303	-1.100383390858e-18
3387.64605872	-8.639003165854e-18
3390.88831441	-1.099723808213e-17
3394.13057009	2.973289839820e-17
3397.37282578	2.572913633001e-17
3400.61508147	-2.806123000307e-17
3403.85733716	3.001543735081e-17
3407.09959284	-1.599844754783e-17
3410.34184853	2.126526699446e-17
3413.58410422	-3.148072459440e-18
3416.82635991	2.028370293214e-17
3420.06861560	3.003177024009e-18
3423.31087128	-4.622425849287e-18
3426.55312697	-1.501395925188e-18
3429.79538266	8.310471936235e-18
3433.03763835	1.570818007158e-17
3436.27989403	2.179310606700e-17
3439.52214972	-6.748293444924e-18
3442.76440541	-5.549326340645e-18
3446.00666110	3.501466526111e-18
3449.24891678	-7.801968303805e-18
3452.49117247	1.207475773944e-17
3455.73342816	-2.258321160009e-18
3458.97568385	1.415552173982e-17
3462.21793954	6.829970468275e-18
3465.46019522	-5.684690053602e-18
3468.70245091	1.599788277762e-17
3471.94470660	-1.031591689315e-17
3475.18696229	3.548646089730e-18
3478.42921797	2.535796784415e-18
3481.67147366	-2.433148205198e-19
3484.91372935	3.162986926826e-17
3488.15598504	1.227728094237e-17
3491.39824072	-3.455968437801e-19
3494.64049641	2.170037658985e-18
3497.88275210	5.509281055891e-18
3501.12500779	-1.639147789807e-17
3504.36726348	-3.404899434913e-18
3507.60951916	2.392984136056e-17
3510.85177485	2.924509175350e-17
3514.09403054	6.738604412569e-18
3517.33628623	8.210889567081e-18
3520.57854191	3.056430325938e-19
3523.82079760	3.046453037910e-17
3527.06305329	-4.255621179321e-18
3530.30530898	-8.462273961924e-18
3533.54756466	-5.672267758789e-19
3536.78982035	-2.595868033051e-18
3540.03207604	2.705998721105e-17
3543.27433173	-1.054295786725e-17
3546.51658742	5.889329274071e-18
3549.75884310	2.869572140890e-18
3553.00109879	1.318478325450e-17
3556.24335448	-3.779335024834e-18
3559.48561017	3.994463588565e-18
3562.72786585	1.384228159562e-17
3565.97012154	1.593186543714e-17
3569.21237723	-4.323328926547e-18
3572.45463292	6.518075061450e-18
3575.69688861	3.362169737962e-18
3578.93914429	-3.760089291910e-18
3582.18139998	6.088129918991e-18
3585.42365567	1.752398513137e-18
3588.66591136	1.541230074757e-17
3591.90816704	4.372596359844e-18
3595.15042273	1.216448034761e-17
3598.39267842	-7.479247671480e-18
3601.63493411	-3.994791994584e-18
3604.87718979	7.975398257615e-18
3608.11944548	5.476065503734e-18
3611.36170117	8.982505097074e-18
3614.60395686	-1.414104578096e-18
3617.84621255	1.913524097756e-17
3621.08846823	2.065383317777e-17
3624.33072392	1.081657738111e-17
3627.57297961	1.742074308674e-17
3630.81523530	4.468383456823e-19
3634.05749098	8.766994066187e-18
3637.29974667	6.387827831417e-18
3640.54200236	1.454281885873e-17
3643.78425805	1.848439678596e-17
3647.02651373	1.156868419459e-17
3650.26876942	2.222093153267e-18
3653.51102511	2.736864923019e-18
3656.75328080	1.810754983185e-17
3659.99553649	1.045089992342e-17
3663.23779217	4.335970103988e-19
3666.48004786	2.454282454320e-17
3669.72230355	7.919052565891e-18
3672.96455924	1.001298935494e-17
3676.20681492	5.130655096383e-18
3679.44907061	1.132852287895e-17
3682.69132630	6.402622282135e-18
3685.93358199	1.971773454140e-17
3689.17583767	2.817742221061e-17
3692.41809336	1.891687720051e-17
3695.66034905	-4.287429414611e-18
3698.90260474	3.130882243291e-18
3702.14486043	9.597464566637e-18
3705.38711611	7.266324660360e-18
3708.62937180	9.581690299900e-18
3711.87162749	1.579161355276e-17
3715.11388318	2.367768708591e-17
3718.35613886	1.363948363353e-17
3721.59839455	6.424638400858e-18
3724.84065024	1.576471035303e-17
3728.08290593	1.434509086510e-17
3731.32516162	2.398111111228e-18
3734.56741730	1.622309959379e-17
3737.80967299	5.954874720793e-18
3741.05192868	1.618512325621e-17
3744.29418437	1.517364844399e-17
3747.53644005	4.077838307747e-18
3750.77869574	1.505661919394e-17
3754.02095143	9.424730010446e-18
3757.26320712	3.195909259075e-18
3760.50546280	1.639932547367e-17
3763.74771849	1.237851729019e-17
3766.98997418	3.216056278191e-18
3770.23222987	1.490256867980e-17
3773.47448556	3.471247226094e-18
3776.71674124	1.736362491882e-17
3779.95899693	2.206112676059e-18
3783.20125262	-3.676601400558e-18
3786.44350831	1.637873812098e-17
3789.68576399	2.263263630285e-17
3792.92801968	7.125215883676e-18
3796.17027537	1.218142381570e-17
3799.41253106	4.500989348515e-18
3802.65478674	6.967877567799e-18
3805.89704243	1.344547489447e-17
3809.13929812	9.146067205104e-18
3812.38155381	3.852764375980e-18
3815.62380950	4.110146449796e-18
3818.86606518	-7.947647595381e-19
3822.10832087	1.388347919789e-17
3825.35057656	4.372904253248e-18
3828.59283225	1.361678813513e-17
3831.83508793	1.749341935227e-18
3835.07734362	8.982749212356e-18
3838.31959931	8.243488773710e-18
3841.56185500	1.376066117047e-17
3844.80411069	8.637656265635e-18
3848.04636637	9.042293998468e-18
3851.28862206	1.012658896057e-17
3854.53087775	1.244689785171e-17
3857.77313344	5.832582721227e-18
3861.01538912	7.176962223680e-18
3864.25764481	5.012942888848e-18
3867.49990050	6.846607550670e-18
3870.74215619	5.896462209783e-18
3873.98441187	1.333196897701e-17
3877.22666756	4.206970675938e-18
3880.46892325	1.436274344330e-17
3883.71117894	1.509576135050e-17
3886.95343463	5.935370222285e-18
3890.19569031	9.098551661010e-18
3893.43794600	8.859615287838e-18
3896.68020169	1.280384159702e-17
3899.92245738	1.999251946882e-17
3903.16471306	1.366351285932e-17
3906.40696875	2.026100042654e-17
3909.64922444	1.791353098625e-17
3912.89148013	1.109952551529e-17
3916.13373581	1.046831228412e-17
3919.37599150	2.271123403113e-18
3922.61824719	1.668460267124e-17
3925.86050288	4.260813011458e-18
3929.10275857	3.257077664845e-18
3932.34501425	1.247675729799e-17
3935.58726994	2.363173555425e-18
3938.82952563	6.708829177354e-18
3942.07178132	1.267911023645e-18
3945.31403700	1.097818872070e-17
3948.55629269	6.062186367568e-18
3951.79854838	1.946651176744e-17
3955.04080407	5.011567856641e-18
3958.28305975	8.343143967677e-18
3961.52531544	9.704188149058e-18
3964.76757113	3.240022317055e-19
3968.00982682	5.792860565504e-18
3971.25208251	1.705923145478e-17
3974.49433819	9.198119367182e-18
3977.73659388	9.240745102233e-18
3980.97884957	1.691890866162e-17
3984.22110526	1.494810889436e-17
3987.46336094	1.377535885277e-17
3990.70561663	1.458077638344e-17
3993.94787232	1.280152054956e-17
3997.19012801	6.863179530029e-18
4000.43238370	2.133787158548e-17
4003.67463938	1.528946123016e-17
4006.91689507	1.979017580527e-18
4010.15915076	2.201679033227e-17
4013.40140645	1.111647638736e-17
4016.64366213	1.276918041488e-17
4019.88591782	1.380871547680e-17
4023.12817351	1.468112922666e-17
4026.37042920	1.329589202750e-17
4029.61268488	1.495035301847e-17
4032.85494057	2.002270904120e-17
4036.09719626	2.069607253699e-17
4039.33945195	2.491281896557e-17
4042.58170764	2.116394607584e-17
4045.82396332	1.242665150884e-17
4049.06621901	1.457597050114e-17
4052.30847470	5.282429818721e-18
4055.55073039	5.553248793580e-18
4058.79298607	1.537851521820e-17
4062.03524176	5.567150994774e-18
4065.27749745	7.255529224149e-18
4068.51975314	1.431025004266e-17
4071.76200882	1.764017448261e-17
4075.00426451	1.272474633718e-17
4078.24652020	2.015700575437e-17
4081.48877589	1.524544443113e-17
4084.73103158	1.179584823422e-17
4087.97328726	2.157321353191e-17
4091.21554295	1.284268344038e-17
4094.45779864	1.330438872573e-17
4097.70005433	1.145920915580e-17
4100.94231001	1.240315450691e-17
4104.18456570	1.506722557449e-17
4107.42682139	1.006934525837e-17
4110.66907708	1.169357216391e-17
4113.91133276	1.324484981320e-17
4117.15358845	2.214296864399e-17
4120.39584414	1.698070909033e-17
4123.63809983	1.774769486740e-17
4126.88035552	1.447422258843e-17
4130.12261120	1.917083444953e-17
4133.36486689	2.176938070571e-17
4136.60712258	2.071013147403e-17
4139.84937827	9.098901799526e-18
4143.09163395	1.557195532723e-17
4146.33388964	1.771707980653e-17
4149.57614533	1.878996031319e-17
4152.81840102	2.124865886197e-17
4156.06065671	1.233594164449e-17
4159.30291239	1.807157334165e-17
4162.54516808	1.622362575663e-17
4165.78742377	1.119753742540e-17
4169.02967946	5.071784604316e-18
4172.27193514	1.349914143329e-17
4175.51419083	1.753228430951e-17
4178.75644652	2.109294417988e-17
4181.99870221	1.546121789033e-17
4185.24095789	1.929257950054e-17
4188.48321358	1.365357944119e-17
4191.72546927	9.995845927583e-18
4194.96772496	2.581736585267e-17
4198.20998065	1.247970268511e-17
4201.45223633	1.114720758259e-17
4204.69449202	1.355929937353e-17
4207.93674771	1.845291717848e-17
4211.17900340	1.391300381207e-17
4214.42125908	1.497903370048e-17
4217.66351477	2.121343243826e-17
4220.90577046	1.484150984861e-17
4224.14802615	1.025161502605e-17
4227.39028183	2.022673806682e-17
4230.63253752	1.223103041326e-17
4233.87479321	1.239217452004e-17
4237.11704890	1.233482432580e-17
4240.35930459	1.821992534444e-17
4243.60156027	1.121968771711e-17
4246.84381596	2.589716750117e-17
4250.08607165	2.224742135157e-17
4253.32832734	1.237597981985e-17
4256.57058302	1.812637196162e-17
4259.81283871	1.948832808853e-18
4263.05509440	1.568038861659e-17
4266.29735009	1.676491934956e-17
4269.53960578	2.773980674568e-18
4272.78186146	4.275488935919e-18
4276.02411715	1.232265773372e-17
4279.26637284	1.636651059518e-17
4282.50862853	1.651613739470e-17
4285.75088421	1.092255410616e-17
4288.99313990	1.719476033897e-17
4292.23539559	1.250559884451e-17
4295.47765128	7.672667386204e-18
4298.71990696	6.061645020670e-18
4301.96216265	2.412811105201e-17
4305.20441834	4.804363170768e-18
4308.44667403	4.493907120671e-18
4311.68892972	5.903462515670e-18
4314.93118540	1.018214891640e-17
4318.17344109	2.255654764418e-17
4321.41569678	1.384139248577e-17
4324.65795247	1.499579585798e-17
4327.90020815	1.281297814168e-17
4331.14246384	1.487487380634e-17
4334.38471953	1.243607862664e-17
4337.62697522	1.848337020572e-17
4340.86923090	1.556691924392e-17
4344.11148659	1.186123277460e-17
4347.35374228	6.361275199955e-18
4350.59599797	1.042635313470e-17
4353.83825366	7.183144647056e-18
4357.08050934	1.134984521006e-17
4360.32276503	1.417122646672e-17
4363.56502072	1.249570724516e-17
4366.80727641	1.748924136632e-17
4370.04953209	4.694158842268e-18
4373.29178778	9.290947097112e-18
4376.53404347	2.251267120521e-17
4379.77629916	2.437661176494e-17
4383.01855484	1.805100097009e-17
4386.26081053	1.489838121221e-17
4389.50306622	8.580337858904e-18
4392.74532191	1.969270707756e-17
4395.98757760	1.202915661756e-17
4399.22983328	1.601592667718e-17
4402.47208897	1.558965856925e-17
4405.71434466	2.055809926317e-17
4408.95660035	2.158207665341e-17
4412.19885603	1.154347010091e-17
4415.44111172	7.804311100936e-18
4418.68336741	2.134782343344e-17
4421.92562310	1.963639688136e-17
4425.16787879	1.559608304286e-17
4428.41013447	1.059530134325e-17
4431.65239016	2.178574110124e-17
4434.89464585	2.016018639329e-17
4438.13690154	1.410875861327e-17
4441.37915722	2.126134060330e-17
4444.62141291	1.722144650250e-17
4447.86366860	2.349978145816e-17
4451.10592429	2.437568555191e-17
4454.34817997	2.745682716571e-17
4457.59043566	1.721265944355e-17
4460.83269135	2.449633723387e-17
4464.07494704	1.748069984186e-17
4467.31720273	1.755987580477e-17
4470.55945841	1.852986091954e-17
4473.80171410	1.994298760584e-17
4477.04396979	2.230820291147e-17
4480.28622548	1.558662943223e-17
4483.52848116	1.318297474247e-17
4486.77073685	1.766693934411e-17
4490.01299254	1.844387519220e-17
4493.25524823	1.855973569565e-17
4496.49750391	1.957513857262e-17
4499.73975960	1.980018620194e-17
4502.98201529	1.036011683069e-17
4506.22427098	1.918494284582e-17
4509.46652667	2.045223620274e-17
4512.70878235	2.477038350114e-17
4515.95103804	2.101673556315e-17
4519.19329373	1.748952692860e-17
4522.43554942	1.942212749174e-17
4525.67780510	1.839340627670e-17
4528.92006079	1.721934397709e-17
4532.16231648	1.973601044946e-17
4535.40457217	3.768650666351e-17
4538.64682785	2.167856695567e-17
4541.88908354	1.912241903147e-17
4545.13133923	2.446186730844e-17
4548.37359492	2.565464304123e-17
4551.61585061	1.963469704705e-17
4554.85810629	2.271005324527e-17
4558.10036198	2.074600789684e-17
4561.34261767	2.333144100114e-17
4564.58487336	1.638287134292e-17
4567.82712904	2.683149192011e-17
4571.06938473	2.090553193094e-17
4574.31164042	1.905362378466e-17
4577.55389611	1.390622356492e-17
4580.79615180	2.002377950552e-17
4584.03840748	2.341853883768e-17
4587.28066317	1.280396918459e-17
4590.52291886	1.548305887700e-17
4593.76517455	1.376165499613e-17
4597.00743023	1.921163433563e-17
4600.24968592	1.853585367055e-17
4603.49194161	1.721214444921e-17
4606.73419730	1.483417545840e-17
4609.97645298	2.013766618012e-17
4613.21870867	2.424957943771e-17
4616.46096436	1.527410076680e-17
4619.70322005	1.371723329292e-17
4622.94547574	1.068815948209e-17
4626.18773142	2.137650015282e-17
4629.42998711	1.802425122660e-17
4632.67224280	1.803597513594e-17
4635.91449849	1.104211367689e-17
4639.15675417	1.852848908493e-17
4642.39900986	2.236439985926e-17
4645.64126555	1.849337300025e-17
4648.88352124	1.967313774106e-17
4652.12577692	1.718143919105e-17
4655.36803261	2.417328249994e-17
4658.61028830	1.061816879303e-17
4661.85254399	1.798355015692e-17
4665.09479968	1.767739016956e-17
4668.33705536	1.796533477595e-17
4671.57931105	1.745932611604e-17
4674.82156674	2.562869731151e-17
4678.06382243	1.516132303498e-17
4681.30607811	1.983643540184e-17
4684.54833380	2.162681215808e-17
4687.79058949	2.361007872017e-17
4691.03284518	1.288102772808e-17
4694.27510087	1.134173106023e-17
4697.51735655	2.015035635159e-17
4700.75961224	1.469193929262e-17
4704.00186793	8.428156562923e-18
4707.24412362	1.455458811020e-17
4710.48637930	1.788380651227e-17
4713.72863499	1.355450719768e-17
4716.97089068	2.111637250993e-17
4720.21314637	7.555088017565e-18
4723.45540205	1.126021639920e-17
4726.69765774	1.635468394397e-17
4729.93991343	2.534401236526e-17
4733.18216912	1.155252748544e-17
4736.42442481	1.965891304764e-17
4739.66668049	1.246105996999e-17
4742.90893618	1.304145290544e-17
4746.15119187	1.620260732740e-17
4749.39344756	1.508162907568e-17
4752.63570324	1.562064980101e-17
4755.87795893	1.318922562961e-17
4759.12021462	1.339955717426e-17
4762.36247031	6.758809137591e-18
4765.60472599	6.842025653130e-18
4768.84698168	1.347166923819e-17
4772.08923737	2.063657186355e-17
4775.33149306	1.988392827540e-17
4778.57374875	1.626445973371e-17
4781.81600443	2.304437946992e-17
4785.05826012	1.315242892840e-17
4788.30051581	1.350999630438e-17
4791.54277150	1.826976835476e-17
4794.78502718	8.005896481708e-18
4798.02728287	1.540597172702e-17
4801.26953856	1.129868838483e-17
4804.51179425	1.401009806841e-17
4807.75404993	2.381958524950e-17
4810.99630562	1.201056209530e-17
4814.23856131	8.355157804042e-18
4817.48081700	1.466565986406e-17
4820.72307269	1.440680383786e-17
4823.96532837	2.142799872487e-17
4827.20758406	9.241329110198e-18
4830.44983975	1.310945567480e-17
4833.69209544	1.337810115915e-17
4836.93435112	1.508988745964e-17
4840.17660681	9.713882876850e-18
4843.41886250	1.006343588857e-17
4846.66111819	1.210488404380e-17
4849.90337388	1.603362509219e-17
4853.14562956	1.405150495723e-17
4856.38788525	1.962288404845e-17
4859.63014094	8.544104484765e-18
4862.87239663	1.516662257183e-17
4866.11465231	1.033956407640e-17
4869.35690800	7.774169296606e-18
4872.59916369	1.158059846996e-17
4875.84141938	1.301801804261e-17
4879.08367506	1.534948046885e-17
4882.32593075	2.052819088002e-17
4885.56818644	9.143539633911e-18
4888.81044213	9.862186645724e-18
4892.05269782	9.722903638322e-18
4895.29495350	1.379007600406e-17
4898.53720919	1.605099834638e-17
4901.77946488	1.666308003068e-17
4905.02172057	6.822472443788e-18
4908.26397625	1.080741951171e-17
4911.50623194	2.223930538047e-17
4914.74848763	1.593923330601e-17
4917.99074332	9.155866406364e-18
4921.23299900	2.297324776546e-17
4924.47525469	2.593110700348e-17
4927.71751038	2.649191451244e-17
4930.95976607	1.331095607547e-17
4934.20202176	2.354613458833e-17
4937.44427744	1.911582150798e-17
4940.68653313	1.685392256736e-17
4943.92878882	1.839476130262e-17
4947.17104451	1.190120703296e-17
4950.41330019	9.853869242067e-18
4953.65555588	1.321311436647e-17
4956.89781157	2.011111401801e-17
4960.14006726	1.390806120062e-17
4963.38232294	9.384244717860e-18
4966.62457863	9.198004953281e-19
4969.86683432	1.744382726146e-17
4973.10909001	9.514647285207e-18
4976.35134570	1.386700707540e-17
4979.59360138	8.732789797097e-18
4982.83585707	8.171473739932e-18
4986.07811276	1.416543959765e-17
4989.32036845	7.268018835511e-18
4992.56262413	1.067512258237e-17
4995.80487982	9.519898136662e-18
4999.04713551	3.668486681839e-18
5002.28939120	1.489747526224e-18
5005.53164689	9.781820796539e-18
5008.77390257	1.560582607610e-17
5012.01615826	1.593210849915e-17
5015.25841395	1.493449366447e-17
5018.50066964	1.000810823503e-17
5021.74292532	9.249924406946e-18
5024.98518101	7.555953278878e-18
5028.22743670	1.414332816460e-17
5031.46969239	1.359392637694e-17
5034.71194807	1.850744385302e-18
5037.95420376	7.079963011646e-18
5041.19645945	1.294773629201e-17
5044.43871514	1.328057105689e-17
5047.68097083	7.724776351305e-18
5050.92322651	1.666353311454e-17
5054.16548220	1.601631387670e-17
5057.40773789	1.113454052568e-18
5060.64999358	6.244602668347e-18
5063.89224926	9.808107233328e-18
5067.13450495	8.158312257619e-18
5070.37676064	6.189902470008e-18
5073.61901633	6.228680611219e-18
5076.86127201	7.795243403596e-18
5080.10352770	3.266167414779e-18
5083.34578339	1.405020310204e-17
5086.58803908	1.161438482327e-17
5089.83029477	1.786618568231e-17
5093.07255045	6.732865015360e-18
5096.31480614	-1.258689122174e-19
5099.55706183	1.290895244724e-17
5102.79931752	1.107332273079e-17
5106.04157320	2.662212787991e-18
5109.28382889	6.474084616051e-18
5112.52608458	5.943336798851e-18
5115.76834027	1.543509019034e-17
5119.01059596	7.804363973702e-18
5122.25285164	2.657784357844e-18
5125.49510733	8.296555439712e-18
5128.73736302	1.343183609116e-17
5131.97961871	8.992139784544e-18
5135.22187439	1.417846537849e-17
5138.46413008	1.027400418737e-17
5141.70638577	4.503437328409e-18
5144.94864146	5.447241757798e-18
5148.19089714	8.337959243147e-18
5151.43315283	7.258308332677e-18
5154.67540852	1.411165605482e-17
5157.91766421	9.263481970753e-18
5161.15991990	6.641579607810e-18
5164.40217558	9.524384055240e-18
5167.64443127	8.496363811254e-18
5170.88668696	1.890405933098e-17
5174.12894265	1.404791688307e-17
5177.37119833	1.316973015252e-17
5180.61345402	1.456294573981e-17
5183.85570971	1.488064408897e-17
5187.09796540	5.133522095183e-18
5190.34022108	9.556697693355e-18
5193.58247677	1.622047527164e-17
5196.82473246	1.882021418164e-17
5200.06698815	9.802010740185e-18
5203.30924384	1.799947032253e-17
5206.55149952	2.058703034532e-17
5209.79375521	1.939269135829e-17
5213.03601090	2.124355889474e-17
5216.27826659	1.792842217119e-17
5219.52052227	1.130531553267e-17
5222.76277796	1.454492160098e-17
5226.00503365	1.442659594082e-17
5229.24728934	1.445481378211e-17
5232.48954502	2.393117403486e-17
5235.73180071	1.848434384891e-17
5238.97405640	1.576211498584e-17
5242.21631209	1.926706406674e-17
5245.45856778	1.344515439400e-17
5248.70082346	1.679646448530e-17
5251.94307915	1.685370012991e-17
5255.18533484	2.028721100280e-17
5258.42759053	2.081427635385e-17
5261.66984621	2.242852514943e-17
5264.91210190	1.855648960164e-17
5268.15435759	1.503134879290e-17
5271.39661328	1.235527519073e-17
5274.63886897	2.031424433498e-17
5277.88112465	1.408408734538e-17
5281.12338034	1.608129567380e-17
5284.36563603	1.756835177120e-17
5287.60789172	1.576975691481e-17
5290.85014740	1.006283274787e-17
5294.09240309	1.137198417257e-17
5297.33465878	1.911149218036e-17
5300.57691447	2.014977746760e-17
5303.81917015	1.524180243314e-17
5307.06142584	1.374404170453e-17
5310.30368153	1.624220277715e-17
5313.54593722	2.107446988262e-17
5316.78819291	2.670699524525e-17
5320.03044859	1.331539714212e-17
5323.27270428	1.920623360997e-17
5326.51495997	2.100575722967e-17
5329.75721566	2.306671169314e-17
5332.99947134	1.609969329419e-17
5336.24172703	1.895295643055e-17
5339.48398272	2.220123890689e-17
5342.72623841	1.285845953888e-17
5345.96849409	1.660285742042e-17
5349.21074978	1.543426692456e-17
5352.45300547	4.767579143612e-18
5355.69526116	8.944561912496e-18
5358.93751685	1.265418010529e-17
5362.17977253	1.746959380437e-17
5365.42202822	1.040239580975e-17
5368.66428391	7.028140700843e-18
5371.90653960	9.339941009611e-18
5375.14879528	6.339903821403e-18
5378.39105097	7.661448038891e-18
5381.63330666	8.675127412236e-18
5384.87556235	1.017341703993e-17
5388.11781804	1.111449187374e-17
5391.36007372	7.053060763629e-18
5394.60232941	4.784348092540e-18
5397.84458510	6.104878776329e-18
5401.08684079	1.691666155128e-17
5404.32909647	9.600014800504e-18
5407.57135216	9.723189650698e-18
5410.81360785	5.775302499468e-18
5414.05586354	3.671363353797e-18
5417.29811922	7.147953003157e-18
5420.54037491	9.222043300562e-18
5423.78263060	8.385184106036e-18
5427.02488629	9.611156194260e-18
5430.26714198	1.322907913162e-17
5433.50939766	5.823644523389e-18
5436.75165335	6.897494306165e-18
5439.99390904	8.925430492625e-18
5443.23616473	9.621857105801e-18
5446.47842041	1.083659654606e-17
5449.72067610	8.118645865747e-18
5452.96293179	1.512685726684e-17
5456.20518748	8.766821761689e-18
5459.44744316	9.725348618623e-18
5462.68969885	1.401769927403e-17
5465.93195454	1.636790611425e-17
5469.17421023	6.873629184187e-18
5472.41646592	1.250057974862e-17
5475.65872160	7.923878573687e-18
5478.90097729	5.255784219491e-18
5482.14323298	1.121642652722e-17
5485.38548867	6.362753097400e-18
5488.62774435	8.106626090861e-18
5491.87000004	1.433119862863e-17
5495.11225573	8.747978555723e-18
5498.35451142	8.667680359025e-18
5501.59676710	1.651370539754e-17
5504.83902279	1.120187945294e-17
5508.08127848	6.918425743952e-18
5511.32353417	7.325935832186e-18
5514.56578986	7.292285570143e-18
5517.80804554	1.390110516992e-17
5521.05030123	1.834780414932e-17
5524.29255692	1.394528083952e-17
5527.53481261	2.188468910349e-18
5530.77706829	1.360174323793e-17
5534.01932398	7.701440214666e-18
5537.26157967	1.364439420712e-17
5540.50383536	1.480638820373e-17
5543.74609105	1.187067894748e-17
5546.98834673	8.409422237348e-18
5550.23060242	1.284081156033e-17
5553.47285811	7.134033932213e-18
5556.71511380	1.139582453501e-17
5559.95736948	1.295763813351e-17
5563.19962517	9.002966088290e-18
5566.44188086	1.448614192576e-17
5569.68413655	1.053263080846e-17
5572.92639223	1.104417217524e-17
5576.16864792	5.214037303965e-18
5579.41090361	1.792903880040e-17
5582.65315930	1.469296564033e-17
5585.89541499	5.760132095009e-18
5589.13767067	1.476680093473e-17
5592.37992636	2.182483247844e-17
5595.62218205	9.490288612615e-18
5598.86443774	1.997284510777e-17
5602.10669342	1.614221895419e-17
5605.34894911	9.082238017745e-18
5608.59120480	-7.445342419951e-19
5611.83346049	4.224551255674e-18
5615.07571617	1.203707926441e-17
5618.31797186	1.110472597097e-17
5621.56022755	6.398341324596e-18
5624.80248324	1.368956732801e-17
5628.04473893	8.430652678764e-18
5631.28699461	6.681903893045e-18
5634.52925030	1.227290404751e-17
5637.77150599	1.202803577030e-17
5641.01376168	6.348518631752e-18
5644.25601736	1.036555526420e-17
5647.49827305	7.853035020572e-18
5650.74052874	8.166452327502e-18
5653.98278443	1.236369402057e-17
5657.22504011	1.647953478448e-17
5660.46729580	6.621137628362e-19
5663.70955149	5.125111644813e-18
5666.95180718	3.328370509895e-18
5670.19406287	9.916964261979e-18
5673.43631855	5.160549872029e-18
5676.67857424	1.221957832584e-17
5679.92082993	8.991927415381e-18
5683.16308562	3.978651929576e-18
5686.40534130	1.078115567086e-17
5689.64759699	6.135281411585e-18
5692.88985268	1.833273188078e-18
5696.13210837	5.251493688203e-18
5699.37436406	3.559533492089e-18
5702.61661974	7.162502550355e-18
5705.85887543	4.443523171223e-18
5709.10113112	7.523495838466e-18
5712.34338681	9.915708101018e-18
5715.58564249	4.826319574208e-18
5718.82789818	8.186856585857e-18
5722.07015387	7.668515882551e-18
5725.31240956	5.911939579689e-18
5728.55466524	8.354846896049e-18
5731.79692093	5.584763915802e-18
5735.03917662	4.913105052071e-18
5738.28143231	5.925358996516e-18
5741.52368800	8.207149644616e-18
5744.76594368	5.084744794914e-18
5748.00819937	9.137247053844e-18
5751.25045506	1.191500622157e-18
5754.49271075	4.406061234055e-18
5757.73496643	3.834437112505e-18
5760.97722212	5.412828462656e-18
5764.21947781	2.306438836313e-18
5767.46173350	1.061347048451e-17
5770.70398918	4.327306556804e-18
5773.94624487	7.542244079223e-18
5777.18850056	3.583257757115e-18
5780.43075625	9.565460767035e-18
5783.67301194	6.611366189974e-18
5786.91526762	-1.916701908781e-18
5790.15752331	9.925751435840e-18
5793.39977900	1.231142359149e-17
5796.64203469	6.738423431813e-18
5799.88429037	5.283516492096e-18
5803.12654606	-1.097200752749e-18
5806.36880175	3.526226398545e-18
5809.61105744	9.317960790523e-18
5812.85331313	3.822795264476e-18
5816.09556881	4.067899254041e-18
5819.33782450	3.959524735725e-18
5822.58008019	1.377728850469e-18
5825.82233588	2.335010897853e-18
5829.06459156	3.826305522718e-18
5832.30684725	4.553297537435e-18
5835.54910294	1.744300430800e-19
5838.79135863	7.170689148860e-18
5842.03361431	2.337424681709e-18
5845.27587000	2.294462469601e-18
5848.51812569	9.930475625604e-18
5851.76038138	8.639900009589e-18
5855.00263707	2.463305559696e-18
5858.24489275	2.116109965294e-18
5861.48714844	4.070981330428e-18
5864.72940413	6.821747262988e-18
5867.97165982	5.984304291995e-18
5871.21391550	3.900886205612e-19
5874.45617119	2.907118085902e-18
5877.69842688	3.211195227023e-18
5880.94068257	7.762349723910e-18
5884.18293825	3.174505883273e-18
5887.42519394	4.555767599704e-18
5890.66744963	5.759788804491e-18
5893.90970532	1.100819677396e-17
5897.15196101	2.043411703401e-18
5900.39421669	8.967032580584e-18
5903.63647238	2.997193279149e-18
5906.87872807	7.943365320148e-18
5910.12098376	2.553397792660e-18
5913.36323944	3.906397408181e-18
5916.60549513	6.479661280294e-18
5919.84775082	5.870138484716e-18
5923.09000651	7.421879451727e-18
5926.33226219	4.900064293216e-18
5929.57451788	8.547048101924e-18
5932.81677357	8.979441597197e-19
5936.05902926	9.576484409796e-18
5939.30128495	3.400674411558e-18
5942.54354063	4.535287043003e-18
5945.78579632	8.396402495822e-18
5949.02805201	7.587748582405e-18
5952.27030770	1.951631679192e-18
5955.51256338	7.975228433320e-18
5958.75481907	7.518804127789e-18
5961.99707476	2.857158666407e-18
5965.23933045	2.913328985710e-18
5968.48158614	7.809935185953e-18
5971.72384182	4.583410865344e-18
5974.96609751	5.188173252390e-18
5978.20835320	6.959790983080e-18
5981.45060889	4.021301017581e-18
5984.69286457	4.296471095795e-18
5987.93512026	6.911536071213e-18
5991.17737595	9.524727185596e-18
5994.41963164	8.225914911604e-18
5997.66188732	8.089555684409e-18
6000.90414301	8.714058507267e-18
6004.14639870	6.180802326352e-18
6007.38865439	8.991870817111e-18
6010.63091008	1.003507625061e-17
6013.87316576	9.793571761385e-18
6017.11542145	9.530771855000e-18
6020.35767714	6.938641194734e-18
6023.59993283	9.668581903228e-18
6026.84218851	6.671769759926e-18
6030.08444420	1.016429732057e-17
6033.32669989	9.455602071835e-18
6036.56895558	1.367569617333e-17
6039.81121126	1.196172033541e-17
6043.05346695	8.917107767578e-18
6046.29572264	1.011082236077e-17
6049.53797833	7.717261900308e-18
6052.78023402	1.343085490583e-17
6056.02248970	1.002396207823e-17
6059.26474539	1.066839253176e-17
6062.50700108	8.366989103823e-18
6065.74925677	8.095621437294e-18
6068.99151245	6.565061976252e-18
6072.23376814	1.087085617594e-17
6075.47602383	9.287636152105e-18
6078.71827952	7.697297042787e-18
6081.96053520	8.082740298615e-18
6085.20279089	5.117877946846e-18
6088.44504658	7.767945405633e-18
6091.68730227	5.872371229852e-18
6094.92955796	6.562471114730e-18
6098.17181364	5.549118448461e-18
6101.41406933	1.172649736600e-17
6104.65632502	9.103983056868e-18
6107.89858071	9.739800444207e-18
6111.14083639	3.967186128088e-18
6114.38309208	6.618805584890e-18
6117.62534777	1.335816531822e-17
6120.86760346	4.925393669353e-18
6124.10985915	1.142658905150e-17
6127.35211483	8.715825813582e-18
6130.59437052	1.314962413532e-17
6133.83662621	7.687835109848e-18
6137.07888190	6.820328084375e-18
6140.32113758	5.697869081272e-18
6143.56339327	1.180241101414e-17
6146.80564896	1.069735749923e-17
6150.04790465	1.194057765081e-17
6153.29016033	1.961909482946e-17
6156.53241602	1.810939406392e-17
6159.77467171	1.289418927837e-17
6163.01692740	7.145222910752e-18
6166.25918309	1.139017527096e-17
6169.50143877	1.226026427941e-17
6172.74369446	1.315191392329e-17
6175.98595015	9.889808816269e-18
6179.22820584	1.222136011465e-17
6182.47046152	1.529847306845e-17
6185.71271721	1.356355859454e-17
6188.95497290	9.643600641788e-18
6192.19722859	1.379917818898e-17
6195.43948427	1.458597738101e-17
6198.68173996	1.789916538964e-17
6201.92399565	9.675665376695e-18
6205.16625134	1.442867656022e-17
6208.40850703	1.197729119405e-17
6211.65076271	1.246256626102e-17
6214.89301840	1.632157513133e-17
6218.13527409	1.682972096613e-17
6221.37752978	1.359366812325e-17
6224.61978546	1.401278582744e-17
6227.86204115	1.572254363613e-17
6231.10429684	1.646767580828e-17
6234.34655253	1.417444427314e-17
6237.58880822	1.559126769771e-17
6240.83106390	1.483915091929e-17
6244.07331959	2.019831963704e-17
6247.31557528	1.730361517649e-17
6250.55783097	1.428280837424e-17
6253.80008665	1.499995799844e-17
6257.04234234	1.209010704642e-17
6260.28459803	8.645826906950e-18
6263.52685372	1.222500484920e-17
6266.76910940	1.555808988077e-17
6270.01136509	1.332149626764e-17
6273.25362078	1.341038958770e-17
6276.49587647	1.725040134755e-17
6279.73813216	1.732267771887e-17
6282.98038784	1.432981103099e-17
6286.22264353	1.445718413009e-17
6289.46489922	1.473979579410e-17
6292.70715491	1.660513338576e-17
6295.94941059	1.616135772510e-17
6299.19166628	1.356507317036e-17
6302.43392197	1.373833483016e-17
6305.67617766	1.493276657596e-17
6308.91843334	1.696214828111e-17
6312.16068903	1.479373907645e-17
6315.40294472	1.627455147360e-17
6318.64520041	1.746923432536e-17
6321.88745610	1.809134658058e-17
6325.12971178	1.495653160136e-17
6328.37196747	1.113862669922e-17
6331.61422316	1.599331988790e-17
6334.85647885	1.220088942228e-17
6338.09873453	1.201875224721e-17
6341.34099022	1.254499781052e-17
6344.58324591	1.693943842224e-17
6347.82550160	1.186205590945e-17
6351.06775728	1.287886371228e-17
6354.31001297	1.447165497149e-17
6357.55226866	1.414909662318e-17
6360.79452435	1.295683621270e-17
6364.03678004	1.086051237709e-17
6367.27903572	1.722810866829e-17
6370.52129141	1.357565965736e-17
6373.76354710	9.100344370131e-18
6377.00580279	9.043928524466e-18
6380.24805847	1.050406790531e-17
6383.49031416	1.420966264821e-17
6386.73256985	1.606951221187e-17
6389.97482554	1.116159442555e-17
6393.21708123	1.162048820607e-17
6396.45933691	1.117459436044e-17
6399.70159260	9.414003626355e-18
6402.94384829	1.374605411489e-17
6406.18610398	5.948591321393e-18
6409.42835966	1.011868044105e-17
6412.67061535	1.386355233930e-17
6415.91287104	7.638319999936e-18
6419.15512673	1.345705408564e-17
6422.39738241	1.462695999652e-17
6425.63963810	1.279945676823e-17
6428.88189379	1.000405004176e-17
6432.12414948	1.252638934017e-17
6435.36640517	1.062761342849e-17
6438.60866085	1.083144715563e-17
6441.85091654	9.570481465382e-18
6445.09317223	1.109829526263e-17
6448.33542792	1.197779897835e-17
6451.57768360	1.405572823598e-17
6454.81993929	9.898310416458e-18
6458.06219498	7.629356910930e-18
6461.30445067	1.003701339959e-17
6464.54670635	8.060138033850e-18
6467.78896204	7.213764272459e-18
6471.03121773	7.590167266921e-18
6474.27347342	1.257831930190e-17
6477.51572911	6.389625011168e-18
6480.75798479	9.781647101765e-18
6484.00024048	1.566830788154e-17
6487.24249617	9.291432245941e-18
6490.48475186	5.632647426590e-18
6493.72700754	1.073813546774e-17
6496.96926323	7.071058035502e-18
6500.21151892	8.193324887597e-18
6503.45377461	6.169367941679e-18
6506.69603029	7.319120784548e-18
6509.93828598	5.716483820030e-18
6513.18054167	9.519955805636e-18
6516.42279736	-1.055709565232e-17
6519.66505305	-1.762926083177e-17
6522.90730873	3.544971214124e-18
6526.14956442	6.241656721749e-18
6529.39182011	3.901173555167e-18
6532.63407580	1.039653924231e-17
6535.87633148	5.021061222330e-18
6539.11858717	9.827303919037e-18
6542.36084286	3.969796319279e-18
6545.60309855	1.005806799446e-17
6548.84535424	6.365236904699e-18
6552.08760992	5.138685174902e-18
6555.32986561	3.560236555887e-18
6558.57212130	8.908376318900e-18
6561.81437699	7.869444336578e-18
6565.05663267	1.194387521679e-17
6568.29888836	1.192733368719e-17
6571.54114405	7.621438888444e-18
6574.78339974	1.046297730161e-17
6578.02565542	1.087552456379e-17
6581.26791111	1.055179902458e-17
6584.51016680	9.266924042529e-18
6587.75242249	6.688587409333e-18
6590.99467818	7.464386828745e-18
6594.23693386	9.713798792299e-18
6597.47918955	9.319707763001e-18
6600.72144524	9.890970052350e-18
6603.96370093	7.745637894164e-18
6607.20595661	9.123298648336e-18
6610.44821230	1.428923193570e-17
6613.69046799	9.138695397531e-18
6616.93272368	8.629349143454e-18
6620.17497936	8.180859421796e-18
6623.41723505	1.132731175503e-17
6626.65949074	1.408376668583e-17
6629.90174643	8.949955231428e-18
6633.14400212	7.214048078580e-18
6636.38625780	9.902404466531e-18
6639.62851349	1.577760483701e-17
6642.87076918	1.094517700518e-17
6646.11302487	1.085556602103e-17
6649.35528055	6.058809117082e-18
6652.59753624	6.292511254017e-18
6655.83979193	1.434259559320e-17
6659.08204762	9.328729719035e-18
6662.32430331	8.177571052839e-18
6665.56655899	9.427698077561e-18
6668.80881468	9.585932807852e-18
6672.05107037	8.886124852978e-18
6675.29332606	1.222190013165e-17
6678.53558174	1.079186598688e-17
6681.77783743	1.328883927092e-17
6685.02009312	1.321084897429e-17
6688.26234881	7.255828767910e-18
6691.50460449	1.112692755648e-17
6694.74686018	6.358780236143e-18
6697.98911587	1.270954633666e-17
6701.23137156	8.588345762539e-18
6704.47362725	1.390028277910e-17
6707.71588293	1.457972625838e-17
6710.95813862	9.458079915840e-18
6714.20039431	1.043249798871e-17
6717.44265000	1.442862366732e-17
6720.68490568	2.062651602310e-17
6723.92716137	1.486674339524e-17
6727.16941706	1.512143073435e-17
6730.41167275	1.588240230530e-17
6733.65392843	1.388487672923e-17
6736.89618412	1.536811315706e-17
6740.13843981	1.457613767642e-17
6743.38069550	1.808432652653e-17
6746.62295119	1.245395822181e-17
6749.86520687	1.503352558973e-17
6753.10746256	1.259058752005e-17
6756.34971825	9.520230768879e-18
6759.59197394	1.239863634984e-17
6762.83422962	1.199810330664e-17
6766.07648531	1.072257777429e-17
6769.31874100	1.146638704606e-17
6772.56099669	1.129256432401e-17
6775.80325237	1.416838202873e-17
6779.04550806	1.487765342965e-17
6782.28776375	1.547426980457e-17
6785.53001944	1.551035612432e-17
6788.77227513	9.568059659300e-18
6792.01453081	9.151071266565e-18
6795.25678650	9.806741824760e-18
6798.49904219	1.131092688414e-17
6801.74129788	8.563795066532e-18
6804.98355356	8.128550301606e-18
6808.22580925	1.090414807530e-17
6811.46806494	1.174888549523e-17
6814.71032063	3.107733504595e-18
6817.95257632	5.554680929739e-18
6821.19483200	7.576761932850e-18
6824.43708769	7.497281187949e-18
6827.67934338	4.374680812211e-18
6830.92159907	8.415136121736e-18
6834.16385475	6.399153583888e-18
6837.40611044	4.959797558115e-18
6840.64836613	9.265774068630e-18
6843.89062182	1.240436691321e-17
6847.13287750	5.237348926057e-18
6850.37513319	-2.440541066548e-17
6853.61738888	-2.048986932942e-17
6856.85964457	1.184040816893e-17
6860.10190026	1.058362001632e-17
6863.34415594	6.408297607492e-18
6866.58641163	3.657057827950e-18
6869.82866732	4.461403611690e-18
6873.07092301	1.067145756383e-17
6876.31317869	7.713412276274e-18
6879.55543438	9.880641996414e-18
6882.79769007	1.002775144209e-17
6886.03994576	9.514873312913e-18
6889.28220144	8.900219588180e-18
6892.52445713	1.109190483466e-17
6895.76671282	1.321570671676e-17
6899.00896851	7.647034690994e-18
6902.25122420	6.091445882334e-18
6905.49347988	5.790636465910e-18
6908.73573557	1.125533174527e-17
6911.97799126	1.056275322731e-17
6915.22024695	6.346894275767e-18
6918.46250263	4.239450708179e-18
6921.70475832	7.965208025869e-18
6924.94701401	4.756438044585e-18
6928.18926970	6.027551906247e-18
6931.43152538	7.241228867758e-18
6934.67378107	9.736155859253e-19
6937.91603676	8.939144263254e-18
6941.15829245	7.948636678277e-18
6944.40054814	5.573655587138e-18
6947.64280382	8.624154796206e-18
6950.88505951	8.436982693342e-18
6954.12731520	6.230377623226e-19
6957.36957089	7.523655620475e-18
6960.61182657	1.280306406658e-17
6963.85408226	8.816449252094e-18
6967.09633795	1.004146478935e-17
6970.33859364	1.109633069287e-17
6973.58084933	1.003873175458e-17
6976.82310501	1.104030558150e-17
6980.06536070	4.429594572359e-18
6983.30761639	1.588142642713e-17
6986.54987208	1.086819455583e-17
6989.79212776	9.206513455284e-18
6993.03438345	1.130142951575e-17
6996.27663914	7.812243942211e-18
6999.51889483	6.311454092363e-18
7002.76115051	1.220180768074e-17
7006.00340620	1.247393461959e-17
7009.24566189	1.373350050500e-17
7012.48791758	3.173668692354e-17
7015.73017327	3.385243106405e-17
7018.97242895	1.508787292143e-17
7022.21468464	7.041828908235e-18
7025.45694033	5.927445578646e-18
7028.69919602	3.334345058577e-18
7031.94145170	4.309972114404e-18
7035.18370739	7.067396822888e-18
7038.42596308	1.028752352788e-17
7041.66821877	7.289507103437e-18
7044.91047445	5.453350849135e-18
7048.15273014	1.027844047030e-17
7051.39498583	4.832036833268e-18
7054.63724152	6.964252204078e-18
7057.87949721	9.160697685814e-18
7061.12175289	7.016058188549e-18
7064.36400858	8.899853249011e-18
7067.60626427	4.107264378773e-18
7070.84851996	8.467200279215e-18
7074.09077564	6.166499502047e-18
7077.33303133	1.008495800203e-17
7080.57528702	7.934243786557e-18
7083.81754271	8.370590186858e-18
7087.05979840	6.037480501854e-18
7090.30205408	7.731649332099e-18
7093.54430977	1.524872957709e-17
7096.78656546	1.047341087965e-17
7100.02882115	1.489311199825e-17
7103.27107683	6.878070865144e-18
7106.51333252	1.321876070320e-17
7109.75558821	9.820372799496e-18
7112.99784390	7.383643675022e-18
7116.24009958	1.240574804510e-17
7119.48235527	1.200622459021e-17
7122.72461096	1.313438907047e-17
7125.96686665	4.146090706944e-18
7129.20912234	7.930049271917e-18
7132.45137802	9.999429766518e-18
7135.69363371	8.726469397850e-18
7138.93588940	8.521316057770e-18
7142.17814509	7.359909976491e-18
7145.42040077	6.673606967900e-18
7148.66265646	1.091102592938e-17
7151.90491215	1.348744446989e-17
7155.14716784	1.064886022661e-17
7158.38942352	8.889836772651e-18
7161.63167921	9.239040196134e-18
7164.87393490	6.567373402172e-18
7168.11619059	7.397775288964e-18
7171.35844628	1.053885559549e-17
7174.60070196	1.139009089949e-17
7177.84295765	1.532362821089e-18
7181.08521334	7.532003337471e-18
7184.32746903	8.545991570834e-18
7187.56972471	7.617267070254e-18
7190.81198040	7.969308642726e-18
7194.05423609	6.536248834957e-18
7197.29649178	9.729191263474e-18
7200.53874746	8.400880012339e-18
7203.78100315	9.114537138122e-18
7207.02325884	7.545280422545e-18
7210.26551453	9.460896420241e-18
7213.50777022	1.562128361174e-17
7216.75002590	1.007881084818e-17
7219.99228159	8.150255034948e-18
7223.23453728	6.276508794905e-18
7226.47679297	5.996351985941e-18
7229.71904865	8.782612695498e-18
7232.96130434	1.373707291568e-17
7236.20356003	1.026843687394e-17
7239.44581572	4.043650773831e-18
7242.68807141	-1.186720812206e-17
7245.93032709	-7.823627026590e-18
7249.17258278	6.571318359311e-18
7252.41483847	8.963034311259e-18
7255.65709416	1.078957640294e-17
7258.89934984	1.072539467196e-17
7262.14160553	1.167567987907e-17
7265.38386122	1.262852200098e-17
7268.62611691	1.298503380370e-17
7271.86837259	1.029374886473e-17
7275.11062828	1.343795917944e-17
7278.35288397	1.088069252164e-17
7281.59513966	1.213155692455e-17
7284.83739535	1.362529613706e-17
7288.07965103	1.196963780450e-17
7291.32190672	9.061049057956e-18
7294.56416241	9.600308932145e-18
7297.80641810	1.151848775353e-17
7301.04867378	9.462456442431e-18
7304.29092947	1.495682836263e-17
7307.53318516	1.469482522568e-17
7310.77544085	1.220641797753e-17
7314.01769653	1.469212063870e-17
7317.25995222	1.504964942391e-17
7320.50220791	1.087428258442e-17
7323.74446360	8.455543212133e-18
7326.98671929	1.058030336459e-17
7330.22897497	1.951001177525e-17
7333.47123066	1.734773231634e-17
7336.71348635	1.202629365940e-17
7339.95574204	1.112913215148e-17
7343.19799772	1.328329447081e-17
7346.44025341	1.277757367633e-17
7349.68250910	1.160632663985e-17
7352.92476479	1.816019632223e-17
7356.16702047	1.597265386821e-17
7359.40927616	9.402633106538e-18
7362.65153185	1.244917861339e-17
7365.89378754	1.816449741313e-17
7369.13604323	1.731559628969e-17
7372.37829891	4.580615748355e-17
7375.62055460	6.194010033842e-17
7378.86281029	5.898067736678e-17
7382.10506598	2.577453338229e-17
7385.34732166	1.627106867250e-19
7388.58957735	-1.127318394158e-17
7391.83183304	-6.300249509681e-19
7395.07408873	1.726576413791e-17
7398.31634442	1.351290049576e-17
7401.55860010	1.097915362400e-17
7404.80085579	1.586050512961e-17
7408.04311148	1.927387244148e-17
7411.28536717	1.396722942554e-17
7414.52762285	7.967928018943e-18
7417.76987854	1.669254236855e-17
7421.01213423	1.678219649942e-17
7424.25438992	1.703189739750e-17
7427.49664560	1.720908902974e-17
7430.73890129	9.369143242804e-18
7433.98115698	1.645241464318e-17
7437.22341267	1.337136994823e-17
7440.46566836	1.709144865277e-17
7443.70792404	1.622990283135e-17
7446.95017973	1.748832920730e-17
7450.19243542	1.728019245163e-17
7453.43469111	1.406020165494e-17
7456.67694679	1.678140318013e-17
7459.91920248	1.975640614267e-17
7463.16145817	1.370147254374e-17
7466.40371386	1.449618521101e-17
7469.64596954	1.448291018256e-17
7472.88822523	1.848036296001e-17
7476.13048092	1.706904132758e-17
7479.37273661	1.347797401765e-17
7482.61499230	1.371982810576e-17
7485.85724798	1.899210652243e-17
7489.09950367	1.392347009665e-17
7492.34175936	1.373067076112e-17
7495.58401505	1.521962030797e-17
7498.82627073	1.206031342985e-17
7502.06852642	8.860479225765e-18
7505.31078211	1.500677853226e-17
7508.55303780	1.439132562606e-17
7511.79529349	9.929679366680e-18
7515.03754917	9.928378204046e-18
7518.27980486	1.654051132519e-17
7521.52206055	4.578135804240e-18
7524.76431624	7.119134879873e-18
7528.00657192	1.057922359860e-17
7531.24882761	1.247546724501e-17
7534.49108330	1.204077401186e-17
7537.73333899	1.368663434990e-17
7540.97559467	1.323212968250e-17
7544.21785036	1.118170943764e-17
7547.46010605	1.253064091784e-17
7550.70236174	9.955038652549e-18
7553.94461743	1.038582591602e-17
7557.18687311	1.311333066588e-17
7560.42912880	1.151054849070e-17
7563.67138449	1.388122459714e-17
7566.91364018	1.154389252261e-17
7570.15589586	1.054570841477e-17
7573.39815155	1.337631571169e-17
7576.64040724	1.387917712475e-17
7579.88266293	8.930732181606e-18
7583.12491861	8.524155118358e-18
7586.36717430	1.206340465663e-17
7589.60942999	7.194729011069e-18
7592.85168568	6.176390019465e-18
7596.09394137	3.832390260081e-18
7599.33619705	2.804720031440e-18
7602.57845274	4.511044431139e-18
7605.82070843	4.682751081833e-18
7609.06296412	5.747978247372e-18
7612.30521980	7.849599784741e-18
7615.54747549	6.134811278855e-18
7618.78973118	7.243617903199e-18
7622.03198687	1.193916385259e-18
7625.27424255	8.710591188390e-19
7628.51649824	4.466639674917e-18
7631.75875393	4.894697963740e-18
7635.00100962	4.643815189769e-18
7638.24326531	6.492303823393e-18
7641.48552099	8.084214894154e-18
7644.72777668	4.294333621633e-18
7647.97003237	5.984514587575e-18
7651.21228806	4.437343463702e-18
7654.45454374	5.396806339234e-18
7657.69679943	5.582344246036e-18
7660.93905512	7.816305349865e-18
7664.18131081	8.604519494319e-18
7667.42356650	8.526963998900e-18
7670.66582218	1.071534233214e-17
7673.90807787	5.685577495427e-18
7677.15033356	7.176221403092e-18
7680.39258925	7.865166913953e-18
7683.63484493	6.472808891065e-18
7686.87710062	7.230421088733e-18
7690.11935631	1.010098384837e-17
7693.36161200	5.861450804016e-18
7696.60386768	4.169696656986e-18
7699.84612337	1.209289666463e-17
7703.08837906	5.615881629420e-18
7706.33063475	5.428726490591e-18
7709.57289044	5.483431465811e-18
7712.81514612	5.245175910593e-18
7716.05740181	4.079899569303e-18
7719.29965750	3.060976728801e-18
7722.54191319	8.751650244558e-18
7725.78416887	4.324802211458e-18
7729.02642456	2.280058333769e-18
7732.26868025	6.158693683202e-18
7735.51093594	7.961005195367e-18
7738.75319162	2.928183119330e-18
7741.99544731	8.576544557907e-18
7745.23770300	4.813766932755e-18
7748.47995869	5.602782711904e-18
7751.72221438	5.835653281380e-18
7754.96447006	2.041451431693e-18
7758.20672575	5.635287410962e-18
7761.44898144	5.170514790204e-18
7764.69123713	4.696738002297e-18
7767.93349281	1.545584807098e-18
7771.17574850	6.418082444112e-18
7774.41800419	4.603038826578e-18
7777.66025988	6.611421351294e-18
7780.90251556	7.933823593230e-18
7784.14477125	4.855987222922e-18
7787.38702694	5.115537815741e-18
7790.62928263	7.069517465700e-18
7793.87153832	8.673886255788e-18
7797.11379400	7.056726285116e-18
7800.35604969	3.184974372635e-18
7803.59830538	6.721108268314e-18
7806.84056107	7.187303227562e-18
7810.08281675	3.766147866864e-18
7813.32507244	5.953236866316e-18
7816.56732813	4.095413206722e-18
7819.80958382	3.041231419360e-18
7823.05183951	1.668228817860e-18
7826.29409519	5.684270425146e-18
7829.53635088	6.983174410799e-18
7832.77860657	6.152275247318e-18
7836.02086226	5.229046787034e-18
7839.26311794	5.044904477733e-18
7842.50537363	6.823434632621e-18
7845.74762932	9.806576432104e-18
7848.98988501	6.823913663251e-18
7852.23214069	1.029786272226e-17
7855.47439638	6.566564941228e-18
7858.71665207	3.373089649973e-18
7861.95890776	5.429639153332e-18
7865.20116345	6.197476110171e-18
7868.44341913	8.111921527844e-18
7871.68567482	6.967625431971e-18
7874.92793051	5.981333113200e-18
7878.17018620	3.081250306134e-18
7881.41244188	8.075021810087e-18
7884.65469757	5.783730957781e-18
7887.89695326	1.028262447176e-18
7891.13920895	6.723852537148e-18
7894.38146463	5.993968209690e-18
7897.62372032	5.584815579136e-18
7900.86597601	9.129780784895e-18
7904.10823170	7.703224072056e-18
7907.35048739	5.914773932399e-18
7910.59274307	4.158756443568e-18
7913.83499876	6.312013635868e-18
7917.07725445	2.293783024858e-18
7920.31951014	6.003229768172e-18
7923.56176582	5.788464133933e-18
7926.80402151	3.686281173162e-18
7930.04627720	-1.791774127326e-18
7933.28853289	5.926548530544e-18
7936.53078858	7.617874079750e-18
7939.77304426	6.422425684240e-18
7943.01529995	4.229535361446e-18
7946.25755564	4.610280807706e-18
7949.49981133	5.265516465346e-18
7952.74206701	5.212858201604e-18
7955.98432270	4.231604838520e-18
7959.22657839	6.754100022573e-18
7962.46883408	2.938076086546e-18
7965.71108976	4.523638429029e-18
7968.95334545	5.271120988307e-18
7972.19560114	6.161801856154e-18
7975.43785683	2.123749950625e-18
7978.68011252	7.090007285685e-18
7981.92236820	4.209812849218e-18
7985.16462389	5.605317420937e-18
7988.40687958	4.416506266320e-18
7991.64913527	-4.876718797736e-19
7994.89139095	3.494706941685e-18
7998.13364664	5.988117095235e-18
8001.37590233	5.667836799316e-18
8004.61815802	5.093775943643e-18
8007.86041370	4.538251751302e-18
8011.10266939	6.070950097906e-18
8014.34492508	3.858666539899e-18
8017.58718077	8.557395455914e-19
8020.82943646	2.371723898127e-18
8024.07169214	3.655973246249e-18
8027.31394783	8.608097931020e-18
8030.55620352	5.813467217948e-18
8033.79845921	6.057696816410e-18
8037.04071489	2.767939482378e-18
8040.28297058	5.126408934080e-18
8043.52522627	6.361885257966e-18
8046.76748196	4.405446722894e-18
8050.00973764	2.795475190213e-18
8053.25199333	7.129101347523e-18
8056.49424902	6.849788746994e-18
8059.73650471	6.620306607826e-18
8062.97876040	4.824469668488e-18
8066.22101608	8.731147869951e-18
8069.46327177	5.593469421886e-18
8072.70552746	8.118641483732e-18
8075.94778315	9.615301201593e-18
8079.19003883	7.981798484945e-18
8082.43229452	2.201246642648e-18
8085.67455021	4.543189435318e-18
8088.91680590	7.976927489855e-18
8092.15906159	5.306825373863e-18
8095.40131727	7.876601606604e-18
8098.64357296	4.109778986212e-18
8101.88582865	3.501658141476e-18
8105.12808434	4.171531692463e-18
8108.37034002	5.329731312238e-18
8111.61259571	7.659595190064e-18
8114.85485140	5.175596751059e-18
8118.09710709	3.877408829468e-18
8121.33936277	4.138199454523e-18
8124.58161846	6.140703028598e-18
8127.82387415	4.446808211306e-18
8131.06612984	6.829976369824e-18
8134.30838553	5.072745136269e-18
8137.55064121	5.333158620857e-18
8140.79289690	7.226695301220e-18
8144.03515259	4.967002290291e-18
8147.27740828	7.242664708789e-18
8150.51966396	4.668548654189e-18
8153.76191965	5.979452709485e-18
8157.00417534	5.847658356889e-18
8160.24643103	7.797412456856e-18
8163.48868671	4.829457264975e-18
8166.73094240	5.629331653513e-18
8169.97319809	5.775791520446e-18
8173.21545378	5.679235449473e-18
8176.45770947	4.298242990252e-18
8179.69996515	4.590329258491e-18
8182.94222084	4.492908559250e-18
8186.18447653	7.234545856884e-18
8189.42673222	5.797991357819e-18
8192.66898790	6.100871651490e-18
8195.91124359	4.993198168036e-18
8199.15349928	5.699932728395e-18
8202.39575497	6.733053316928e-18
8205.63801066	8.267846205578e-18
8208.88026634	6.319177475709e-18
8212.12252203	7.369677027871e-18
8215.36477772	7.431671790072e-18
8218.60703341	9.009078601506e-18
8221.84928909	4.863038973698e-18
8225.09154478	8.583641518845e-18
8228.33380047	5.442579341972e-18
8231.57605616	2.112174399337e-18
8234.81831184	3.113868388212e-18
8238.06056753	4.641363370658e-18
8241.30282322	6.642017440516e-18
8244.54507891	5.130878342463e-18
8247.78733460	5.496457314120e-18
8251.02959028	5.021045694091e-18
8254.27184597	4.022985907708e-18
8257.51410166	4.848201310322e-18
8260.75635735	6.869459804526e-18
8263.99861303	5.497310090549e-18
8267.24086872	5.661586183738e-18
8270.48312441	4.288902236580e-18
8273.72538010	5.078719375804e-18
8276.96763578	4.290681553496e-18
8280.20989147	5.392824574668e-18
8283.45214716	4.454959669943e-18
8286.69440285	5.352509410076e-18
8289.93665854	3.939652264365e-18
8293.17891422	5.465710439672e-18
8296.42116991	6.632334613597e-18
8299.66342560	6.637634972674e-18
8302.90568129	4.424787204948e-18
8306.14793697	7.206345424927e-18
8309.39019266	7.281543031660e-18
8312.63244835	7.782985943101e-18
8315.87470404	5.031438716985e-18
8319.11695972	6.431715282507e-18
8322.35921541	6.633491638980e-18
8325.60147110	4.907673396415e-18
8328.84372679	9.663726198392e-18
8332.08598248	3.798103222419e-18
8335.32823816	9.152856659356e-18
8338.57049385	6.238587124094e-18
8341.81274954	8.045896858433e-18
8345.05500523	6.486657297479e-18
8348.29726091	1.278207302233e-17
8351.53951660	7.674491579045e-18
8354.78177229	5.102270015551e-18
8358.02402798	6.344002134499e-18
8361.26628367	4.358806157249e-18
8364.50853935	4.430777696662e-18
8367.75079504	5.029035863485e-18
8370.99305073	4.914476365084e-18
8374.23530642	2.515043469839e-18
8377.47756210	5.975398470919e-18
8380.71981779	7.730757228813e-18
8383.96207348	5.340537504072e-18
8387.20432917	4.748629262292e-18
8390.44658485	6.790462611895e-18
8393.68884054	5.913947238435e-18
8396.93109623	4.642678483135e-18
8400.17335192	5.722805857440e-18
8403.41560761	6.271239694410e-18
8406.65786329	5.986284688242e-18
8409.90011898	4.533288770171e-18
8413.14237467	3.922634142442e-18
8416.38463036	6.888952893892e-18
8419.62688604	5.593817138440e-18
8422.86914173	7.521381912945e-18
8426.11139742	5.579661754240e-18
8429.35365311	8.833715839338e-18
8432.59590879	7.455231091970e-18
8435.83816448	7.196490703595e-18
8439.08042017	8.290669762710e-18
8442.32267586	2.718490389207e-18
8445.56493155	4.168483031085e-18
8448.80718723	1.029109698787e-17
8452.04944292	8.998148032000e-18
8455.29169861	8.690901690883e-18
8458.53395430	1.117773748107e-17
8461.77620998	6.942516173097e-18
8465.01846567	5.062792644245e-18
8468.26072136	7.535040262605e-18
8471.50297705	5.966631235543e-18
8474.74523273	6.977527569388e-18
8477.98748842	7.103750092805e-18
8481.22974411	7.494194485328e-18
8484.47199980	6.067591770874e-18
8487.71425549	3.568906612020e-18
8490.95651117	6.984449418664e-18
8494.19876686	3.560198626199e-18
8497.44102255	7.297122946274e-18
8500.68327824	8.699904187455e-18
8503.92553392	8.425693618112e-18
8507.16778961	5.992511037037e-18
8510.41004530	5.224147328883e-18
8513.65230099	7.465842458784e-18
8516.89455668	7.672209848732e-18
8520.13681236	6.068869697354e-18
8523.37906805	5.976051500006e-18
8526.62132374	7.370202104931e-18
8529.86357943	2.841906190259e-18
8533.10583511	6.484549602628e-18
8536.34809080	4.793997320477e-18
8539.59034649	6.459858805184e-18
8542.83260218	3.986346077634e-18
8546.07485786	6.040608273321e-18
8549.31711355	4.114554650585e-18
8552.55936924	4.727149348585e-18
8555.80162493	4.343321207130e-18
8559.04388062	3.496043451160e-18
8562.28613630	4.795176071198e-18
8565.52839199	7.032519328266e-18
8568.77064768	5.732112043569e-18
8572.01290337	4.504658557082e-18
8575.25515905	3.931356449663e-18
8578.49741474	4.401567794799e-18
8581.73967043	4.647300547864e-18
8584.98192612	5.729526687194e-18
8588.22418180	4.229957885638e-18
8591.46643749	5.276879443044e-18
8594.70869318	5.311924996878e-18
8597.95094887	5.338300018966e-18
8601.19320456	5.757269488257e-18
8604.43546024	4.540197875478e-18
8607.67771593	3.692564071530e-18
8610.91997162	3.587714858545e-18
8614.16222731	2.417911459645e-18
8617.40448299	5.351705577006e-18
8620.64673868	3.605122171020e-18
8623.88899437	4.874408249957e-18
8627.13125006	2.786453409160e-18
8630.37350575	3.833363452983e-18
8633.61576143	5.511771618568e-18
8636.85801712	5.628980813898e-18
8640.10027281	6.494329372186e-18
8643.34252850	3.878967394193e-18
8646.58478418	5.899726875090e-18
8649.82703987	2.334678931534e-18
8653.06929556	3.676747156941e-18
8656.31155125	5.285910804509e-18
8659.55380693	3.933198973485e-18
8662.79606262	5.129048264667e-18
8666.03831831	6.730116112688e-18
8669.28057400	5.656981610880e-18
8672.52282969	7.348933222433e-18
8675.76508537	5.505055531725e-18
8679.00734106	3.411289535667e-18
8682.24959675	5.300714984598e-18
8685.49185244	5.197692826753e-18
8688.73410812	5.105804794538e-18
8691.97636381	5.964317981483e-18
8695.21861950	5.988296060124e-18
8698.46087519	5.234262954053e-18
8701.70313087	6.544446437334e-18
8704.94538656	6.481689280844e-18
8708.18764225	6.152441674349e-18
8711.42989794	5.228514790206e-18
8714.67215363	5.773831685941e-18
8717.91440931	5.941549511168e-18
8721.15666500	5.723043740864e-18
8724.39892069	5.724793976692e-18
8727.64117638	8.062193106225e-18
8730.88343206	5.075757233225e-18
8734.12568775	6.069085315823e-18
8737.36794344	4.999054260534e-18
8740.61019913	6.753049724667e-18
8743.85245481	4.402636837100e-18
8747.09471050	6.604925866512e-18
8750.33696619	4.260102598280e-18
8753.57922188	3.570204874449e-18
8756.82147757	4.667457796614e-18
8760.06373325	6.933661373507e-18
8763.30598894	5.315851077713e-18
8766.54824463	5.997698900035e-18
8769.79050032	5.590746382499e-18
8773.03275600	6.239315049754e-18
8776.27501169	5.977322296259e-18
8779.51726738	4.385208317620e-18
8782.75952307	5.760773608776e-18
8786.00177876	7.060019790988e-18
8789.24403444	8.324818893385e-18
8792.48629013	6.406485586606e-18
8795.72854582	4.742210179074e-18
8798.97080151	4.781807867471e-18
8802.21305719	4.376367441955e-18
8805.45531288	7.598841921323e-18
8808.69756857	6.345542035784e-18
8811.93982426	3.071872370229e-18
8815.18207994	3.301639029168e-18
8818.42433563	6.538643392048e-18
8821.66659132	4.514591750981e-18
8824.90884701	7.187585529622e-18
8828.15110270	6.826687212520e-18
8831.39335838	7.753543588307e-18
8834.63561407	2.666788544899e-18
8837.87786976	4.740813154517e-18
8841.12012545	4.816727298844e-18
8844.36238113	4.275453052480e-18
8847.60463682	4.144587165232e-18
8850.84689251	4.497246612313e-18
8854.08914820	5.693288789987e-18
8857.33140388	6.161566571987e-18
8860.57365957	8.287712877142e-18
8863.81591526	5.671710716804e-18
8867.05817095	4.141329298244e-18
8870.30042664	2.147802732739e-18
8873.54268232	3.086409422000e-18
8876.78493801	3.619021023450e-18
8880.02719370	3.525511689327e-18
8883.26944939	9.241415291026e-18
8886.51170507	5.137640713368e-18
8889.75396076	4.666614353677e-18
8892.99621645	4.118664683892e-18
8896.23847214	-4.852065050380e-20
8899.48072782	3.605126390470e-18
8902.72298351	4.818057218521e-18
8905.96523920	3.234780047552e-18
8909.20749489	3.347203849860e-18
8912.44975058	6.771420390074e-18
8915.69200626	4.014085115486e-18
8918.93426195	2.962814327981e-18
8922.17651764	4.529393240186e-18
8925.41877333	4.462447474126e-18
8928.66102901	4.805447597886e-18
8931.90328470	3.910530777771e-18
8935.14554039	3.464118863387e-18
8938.38779608	4.475122091071e-18
8941.63005177	4.762389617669e-18
8944.87230745	3.393731641265e-18
8948.11456314	3.329992484363e-18
8951.35681883	4.041304144794e-18
8954.59907452	4.756729524054e-18
8957.84133020	4.551624936603e-18
8961.08358589	3.900695669594e-18
8964.32584158	4.676716615700e-18
8967.56809727	4.835773483773e-18
8970.81035295	4.057346928056e-18
8974.05260864	4.497295448523e-18
8977.29486433	5.223557919244e-18
8980.53712002	1.740378641112e-18
8983.77937571	3.439484322007e-18
8987.02163139	3.017260668781e-18
8990.26388708	3.765023975748e-18
8993.50614277	2.655424498439e-18
8996.74839846	5.877594543417e-18
8999.99065414	2.794510795905e-18
9003.23290983	4.378953682227e-18
9006.47516552	3.966276555056e-18
9009.71742121	3.562999872189e-18
9012.95967689	4.087940911349e-18
9016.20193258	3.133429484290e-18
9019.44418827	2.556727134906e-18
9022.68644396	3.272243085276e-18
9025.92869965	2.631669219472e-18
9029.17095533	3.523530214511e-18
9032.41321102	5.249520398060e-18
9035.65546671	4.958787483973e-18
9038.89772240	2.787481692465e-18
9042.13997808	3.164098020092e-18
9045.38223377	4.686885927200e-18
9048.62448946	2.946311643836e-18
9051.86674515	3.082009860144e-18
9055.10900084	2.670912072948e-18
9058.35125652	3.719607507244e-18
9061.59351221	2.603763630630e-18
9064.83576790	2.749217692951e-18
9068.07802359	3.011584504313e-18
9071.32027927	3.902051840388e-18
9074.56253496	2.191426250629e-18
9077.80479065	1.955964097067e-18
9081.04704634	3.988591665448e-18
9084.28930202	1.311915049246e-18
9087.53155771	3.441296802171e-18
9090.77381340	1.406394175961e-18
9094.01606909	1.783434089509e-18
9097.25832478	3.059737033094e-18
9100.50058046	4.592890905201e-18
9103.74283615	3.689430087335e-18
9106.98509184	2.545244360228e-18
9110.22734753	2.799150310697e-18
9113.46960321	1.942151753206e-18
9116.71185890	2.176355434389e-18
9119.95411459	2.247752144183e-18
9123.19637028	3.061726698094e-18
9126.43862596	2.104060340606e-18
9129.68088165	1.522022389526e-18
9132.92313734	2.279468016694e-18
9136.16539303	2.889937098189e-18
9139.40764872	2.387841388623e-18
9142.64990440	1.640445200097e-18
9145.89216009	1.510616162437e-18
9149.13441578	2.393990281432e-18
9152.37667147	2.035593154004e-18
9155.61892715	2.363264495297e-18
9158.86118284	5.992476199903e-19
9162.10343853	1.138260422757e-18
9165.34569422	1.687250757570e-18
9168.58794990	2.578573342452e-18
9171.83020559	2.637588274021e-18
9175.07246128	2.705584928982e-18
9178.31471697	1.970566167222e-18
9181.55697266	1.682156416436e-18
9184.79922834	2.047001101258e-18
9188.04148403	1.815224189292e-18
9191.28373972	1.508730713088e-18
9194.52599541	1.597688957676e-18
9197.76825109	1.941634984423e-18
9201.01050678	1.655571999051e-18
9204.25276247	2.115168209241e-18
9207.49501816	3.041404641806e-18
9210.73727385	2.900652898347e-18
9213.97952953	2.290202660003e-18
9217.22178522	1.849163326816e-18
9220.46404091	1.945076202095e-18
9223.70629660	3.358937455974e-18
9226.94855228	3.051456233526e-18
9230.19080797	1.750215371884e-18
9233.43306366	1.756167343528e-18
9236.67531935	8.387388040942e-19
9239.91757503	2.137751415362e-18
9243.15983072	8.485281230750e-19
9246.40208641	3.102691833739e-18
9249.64434210	1.318013120574e-18
9252.88659779	6.952616371044e-19
9256.12885347	1.869237010872e-18
9259.37110916	1.798801879995e-18
9262.61336485	2.551969250313e-18
9265.85562054	6.853287122958e-19
9269.09787622	2.069196620559e-18
9272.34013191	-4.918527052199e-19
9275.58238760	-3.263600110595e-18
9278.82464329	-2.603948792520e-18
9282.06689897	-4.378481713793e-20
9285.30915466	2.741638772993e-18
9288.55141035	4.485639856636e-18
9291.79366604	4.678210307917e-18
9295.03592173	1.068369705271e-18
9298.27817741	-5.955872853629e-19
9301.52043310	2.205352525675e-18
9304.76268879	-4.262293486469e-19
9308.00494448	3.844649308174e-18
9311.24720016	1.773743395235e-18
9314.48945585	9.897218117008e-19
9317.73171154	1.675798935511e-18
9320.97396723	4.858291022025e-18
9324.21622291	8.470906590905e-19
9327.45847860	1.577741241600e-18
9330.70073429	4.726659497651e-19
9333.94298998	2.144220516532e-18
9337.18524567	5.616820023356e-19
9340.42750135	1.009133300827e-18
9343.66975704	1.405332454202e-18
9346.91201273	-4.101811022514e-20
9350.15426842	-3.100311862876e-19
9353.39652410	-3.915001796085e-19
9356.63877979	3.492544400464e-19
9359.88103548	8.299362754145e-19
9363.12329117	3.673976887047e-19
9366.36554686	8.308115957264e-19
9369.60780254	7.571133437470e-20
9372.85005823	4.522670029880e-18
9376.09231392	3.600528224755e-18
9379.33456961	9.286132032785e-19
9382.57682529	-5.520638002567e-19
9385.81908098	1.890002315271e-18
9389.06133667	1.409364800031e-18
9392.30359236	4.144917132824e-19
9395.54584804	1.445135430743e-18
9398.78810373	6.969003357213e-19
9402.03035942	1.458589885059e-18
9405.27261511	-1.048754189741e-18
9408.51487080	5.224320632244e-19
9411.75712648	-1.271531578661e-19
9414.99938217	1.283639409834e-18
9418.24163786	2.113581435475e-18
9421.48389355	7.541253887602e-19
9424.72614923	-1.013782368603e-19
9427.96840492	9.159873903532e-19
9431.21066061	1.302205611293e-18
9434.45291630	4.303053172250e-18
9437.69517198	1.474255148340e-18
9440.93742767	6.853471811193e-19
9444.17968336	5.013487596661e-19
9447.42193905	6.028492394139e-20
9450.66419474	9.719945393802e-20
9453.90645042	2.296768487043e-18
9457.14870611	1.730765899883e-18
9460.39096180	1.904352853697e-19
9463.63321749	-1.941894520005e-20
9466.87547317	1.670536570294e-18
9470.11772886	5.052737764296e-18
9473.35998455	6.785323101555e-18
9476.60224024	1.889625735872e-18
9479.84449593	2.087167892612e-18
9483.08675161	1.001053269252e-18
9486.32900730	2.511983319457e-18
9489.57126299	-1.598885205702e-19
9492.81351868	7.974603939859e-19
9496.05577436	3.170970277479e-19
9499.29803005	3.493104171100e-18
9502.54028574	1.084534561324e-18
9505.78254143	8.999843094378e-19
9509.02479711	6.229822833554e-19
9512.26705280	1.490305795908e-18
9515.50930849	2.321374696689e-18
9518.75156418	1.921641487512e-18
9521.99381987	4.119784232375e-19
9525.23607555	8.371010621277e-19
9528.47833124	1.666836295964e-18
9531.72058693	1.485630525942e-18
9534.96284262	5.773900821715e-19
9538.20509830	1.022409472840e-18
9541.44735399	1.235253159118e-18
9544.68960968	2.613893080824e-20
9547.93186537	2.034213867275e-18
9551.17412105	1.780437807524e-18
9554.41637674	2.306598726000e-18
9557.65863243	8.291596759816e-19
9560.90088812	4.492931325371e-19
9564.14314381	-4.474965676251e-19
9567.38539949	3.238779377578e-18
9570.62765518	1.065041715440e-18
9573.86991087	1.826138024047e-18
9577.11216656	8.709766218807e-19
9580.35442224	7.396555761196e-19
9583.59667793	8.249180956794e-19
9586.83893362	1.577182888723e-18
9590.08118931	1.044531298699e-18
9593.32344499	1.137726544573e-18
9596.56570068	1.596690018738e-18
9599.80795637	1.552929093033e-18
9603.05021206	1.269244821478e-18
9606.29246775	-2.743064088882e-19
9609.53472343	9.167500038321e-19
9612.77697912	1.760658191412e-18
9616.01923481	8.146804792600e-19
9619.26149050	6.223308390527e-19
9622.50374618	6.342806619130e-19
9625.74600187	1.632681576193e-18
9628.98825756	7.428799554607e-19
9632.23051325	1.796959128639e-18
9635.47276894	5.473240865424e-19
9638.71502462	9.998872188726e-19
9641.95728031	2.013127383094e-18
9645.19953600	1.733752391688e-18
9648.44179169	1.682216739259e-18
9651.68404737	1.512771299844e-18
9654.92630306	1.814278221819e-18
9658.16855875	1.834618047511e-18
9661.41081444	1.025078232644e-18
9664.65307012	1.842240659368e-18
9667.89532581	1.883669124490e-18
9671.13758150	8.033315907111e-19
9674.37983719	2.438936830971e-18
9677.62209288	1.672207924145e-18
9680.86434856	1.981219569039e-18
9684.10660425	2.062796664779e-18
9687.34885994	1.708635756642e-18
9690.59111563	1.520336784081e-18
9693.83337131	1.354921290752e-18
9697.07562700	2.249204798990e-18
9700.31788269	1.980918936930e-18
9703.56013838	-7.760343043420e-19
9706.80239406	-6.986308575078e-19
9710.04464975	-2.066623062077e-19
9713.28690544	2.604044743944e-18
9716.52916113	3.149599390505e-18
9719.77141682	2.391012751245e-18
9723.01367250	1.007860235980e-18
9726.25592819	2.465266317490e-18
9729.49818388	2.462609983096e-18
9732.74043957	1.823637261919e-18
9735.98269525	2.972709295444e-18
9739.22495094	1.882438418614e-18
9742.46720663	1.430605581485e-18
9745.70946232	1.554943090848e-18
9748.95171800	2.064236817216e-18
9752.19397369	1.991630932078e-18
9755.43622938	2.579379387183e-18
9758.67848507	2.304033647604e-18
9761.92074076	1.996793149635e-18
9765.16299644	2.310316831417e-18
9768.40525213	1.869432884107e-18
9771.64750782	2.161328694264e-18
9774.88976351	2.780810196289e-18
9778.13201919	2.358391052390e-18
9781.37427488	1.900776556972e-18
9784.61653057	3.193653616903e-18
9787.85878626	5.905279949042e-18
9791.10104195	1.787775678166e-18
9794.34329763	2.954350926042e-18
9797.58555332	2.515658319914e-18
9800.82780901	1.879637892446e-18
9804.07006470	1.483537545055e-18
9807.31232038	1.559580696532e-18
9810.55457607	1.715536922981e-18
9813.79683176	1.770849139942e-18
9817.03908745	2.325838437553e-18
9820.28134313	1.731537579963e-18
9823.52359882	1.394982222644e-18
9826.76585451	1.781038342522e-18
9830.00811020	1.493784454154e-18
9833.25036589	1.895921591551e-18
9836.49262157	2.331757224329e-18
9839.73487726	2.144205816346e-18
9842.97713295	3.421989842492e-18
9846.21938864	2.655708282491e-18
9849.46164432	1.707566158508e-18
9852.70390001	2.019096498617e-18
9855.94615570	2.111417792040e-18
9859.18841139	1.331813698675e-18
9862.43066707	1.701303246368e-18
9865.67292276	2.041997800330e-18
9868.91517845	3.693738616181e-18
9872.15743414	2.638076876181e-18
9875.39968983	1.817281471089e-18
9878.64194551	2.734191090799e-18
9881.88420120	3.137747595622e-18
9885.12645689	4.064364261352e-18
9888.36871258	4.269848761724e-18
9891.61096826	1.283788905522e-18
9894.85322395	3.372110956627e-18
9898.09547964	1.944962880020e-18
9901.33773533	1.481459006216e-18
9904.57999102	1.753368447326e-18
9907.82224670	2.101294423162e-18
9911.06450239	1.502773302259e-18
9914.30675808	1.603878442838e-18
9917.54901377	-1.921069983913e-20
9920.79126945	1.536602465081e-18
9924.03352514	1.630662854244e-18
9927.27578083	2.622078687860e-18
9930.51803652	1.099082127244e-18
9933.76029220	2.579029510819e-18
9937.00254789	-2.649764386063e-19
9940.24480358	3.272254651499e-18
9943.48705927	4.284113499919e-18
9946.72931496	3.399825809457e-18
9949.97157064	1.677788642792e-18
9953.21382633	1.548114770559e-18
9956.45608202	2.775624924773e-18
9959.69833771	3.737678896475e-18
9962.94059339	1.886023571756e-18
9966.18284908	1.088812108977e-18
9969.42510477	2.184964994133e-18
9972.66736046	1.059717173570e-18
9975.90961614	1.734291692375e-18
9979.15187183	2.108702879324e-18
9982.39412752	3.180119913975e-18
9985.63638321	2.898522576481e-18
9988.87863890	1.505225785460e-18
9992.12089458	2.659559199224e-18
9995.36315027	2.793529793851e-18
9998.60540596	5.990283977225e-19
10001.84766165	1.077928477409e-18
10005.08991733	3.753803507459e-18
10008.33217302	4.108845564126e-18
10011.57442871	2.817743931476e-18
10014.81668440	1.994723173798e-18
10018.05894008	1.577755256926e-18
10021.30119577	2.517356300973e-18
10024.54345146	1.365208292590e-18
10027.78570715	2.074057346977e-18
10031.02796284	2.325258899301e-18
10034.27021852	2.356548203086e-18
10037.51247421	2.770774468526e-18
10040.75472990	1.169595536685e-18
10043.99698559	1.237252725747e-18
10047.23924127	2.498230426830e-18
10050.48149696	2.069219382083e-18
10053.72375265	2.220223612554e-18
10056.96600834	2.088711546847e-18
10060.20826403	2.805883265705e-18
10063.45051971	1.741914984321e-18
10066.69277540	2.138314926185e-18
10069.93503109	1.944025947305e-18
10073.17728678	4.125996528540e-18
10076.41954246	1.224892734190e-18
10079.66179815	1.232568577990e-18
10082.90405384	5.665639624274e-19
10086.14630953	3.973866480349e-19
10089.38856521	1.958579942095e-18
10092.63082090	2.447219357281e-18
10095.87307659	2.972050516393e-18
10099.11533228	4.342003417191e-19
10102.35758797	1.162746159692e-18
10105.59984365	2.041114658336e-18
10108.84209934	8.141799599647e-19
10112.08435503	2.296623681261e-18
10115.32661072	2.201103977675e-18
10118.56886640	5.787296991144e-18
10121.81112209	1.076739742926e-18
10125.05337778	1.095084699730e-18
10128.29563347	1.812364786293e-18
10131.53788915	1.796037245657e-18
10134.78014484	1.288280166620e-18
10138.02240053	1.744959865468e-18
10141.26465622	1.172119064009e-18
10144.50691191	2.594135333671e-18
10147.74916759	3.507442079347e-18
10150.99142328	2.340920143999e-18
10154.23367897	1.809713511035e-18
10157.47593466	7.366175908967e-19
10160.71819034	6.889242366231e-18
10163.96044603	3.942581813291e-18
10167.20270172	9.717669838413e-19
10170.44495741	8.139669019026e-20
10173.68721309	5.216169509236e-18
10176.92946878	3.300264594437e-18
10180.17172447	2.684548510675e-18
10183.41398016	2.976148977462e-19
10186.65623585	8.461477098599e-19
10189.89849153	1.653345736498e-18
10193.14074722	1.660653966336e-19
10196.38300291	-9.120099056553e-19
10199.62525860	-5.464118603258e-19
10202.86751428	4.469449912452e-18
10206.10976997	2.227895258137e-18
10209.35202566	-1.508890303469e-19
10212.59428135	1.982941367221e-18
10215.83653704	4.435309778761e-18
10219.07879272	2.629447377597e-18
10222.32104841	1.593954930912e-18
10225.56330410	-1.136107083492e-18
10228.80555979	1.201807373806e-18
10232.04781547	9.622967021214e-19
10235.29007116	1.292199133759e-18
10238.53232685	2.241195363339e-19
