3390.  -0.01370226
3395.  -0.005977097
3400.  0.04197313
3405.  0.02872355
3410.  0.01809308
3415.  -0.01647708
3420.  0.01328726
3425.  0.002708732
3430.  0.02193475
3435.  0.0489281
3440.  0.05311456
3445.  0.0361398
3450.  0.02992609
3455.  0.03059065
3460.  0.02893119
3465.  0.03946848
3470.  0.03085136
3475.  0.01370868
3480.  0.0172149
3485.  0.05156727
3490.  0.01525013
3495.  0.03047928
3500.  0.02439399
3505.  0.02547468
3510.  0.02630732
3515.  0.01684918
3520.  0.003636894
3525.  0.01373505
3530.  0.02325982
3535.  0.01427389
3540.  0.01448838
3545.  -0.002651855
3550.  0.01267775
3555.  0.009432927
3560.  0.02958985
3565.  0.001546729
3570.  0.009842709
3575.  0.008642523
3580.  0.006841233
3585.  0.02310355
3590.  0.02772683
3595.  0.01408637
3600.  0.02174272
3605.  0.0337976
3610.  0.01946083
3615.  0.01987163
3620.  0.008676408
3625.  0.007682109
3630.  0.01141224
3635.  0.03025167
3640.  0.02372052
3645.  0.02077693
3650.  0.02997981
3655.  0.01775339
3660.  0.02085947
3665.  0.01331514
3670.  0.01949577
3675.  0.03323026
3680.  0.02296939
3685.  0.03103364
3690.  0.02538523
3695.  0.03255267
3700.  0.03554692
3705.  0.01980405
3710.  0.02959632
3715.  0.02638007
3720.  0.02501723
3725.  0.02717878
3730.  0.0334546
3735.  0.02563944
3740.  0.01974914
3745.  0.02122077
3750.  0.02157332
3755.  0.02251112
3760.  0.02827436
3765.  0.03241937
3770.  0.01965076
3775.  0.02151584
3780.  0.01648713
3785.  0.03264542
3790.  0.01886237
3795.  0.01201085
3800.  0.01425475
3805.  0.01683096
3810.  0.02389405
3815.  0.01344848
3820.  0.01361758
3825.  0.0242814
3830.  0.007733953
3835.  0.01780111
3840.  0.0160429
3845.  0.01263318
3850.  0.01703747
3855.  0.01416491
3860.  0.01630353
3865.  0.01609338
3870.  0.02018722
3875.  0.01696246
3880.  0.01426647
3885.  0.02080735
3890.  0.01727499
3895.  0.02158117
3900.  0.01715245
3905.  0.01840851
3910.  0.02013848
3915.  0.01574194
3920.  0.01841928
3925.  0.02476867
3930.  0.02266723
3935.  0.01971977
3940.  0.02370825
3945.  0.0180908
3950.  0.02609318
3955.  0.02131013
3960.  0.01838353
3965.  0.02306744
3970.  0.0169338
3975.  0.02310961
3980.  0.02027322
3985.  0.02265331
3990.  0.02453029
3995.  0.0271704
4000.  0.02197215
4005.  0.02268219
4010.  0.01952913
4015.  0.02166349
4020.  0.01956672
4025.  0.01945058
4030.  0.01785011
4035.  0.02229387
4040.  0.01808966
4045.  0.01910549
4050.  0.02706126
4055.  0.02767439
4060.  0.024994
4065.  0.02172239
4070.  0.02661206
4075.  0.02898907
4080.  0.02400165
4085.  0.02500088
4090.  0.02982418
4095.  0.02813462
4100.  0.02979586
4105.  0.02533735
4110.  0.02963189
4115.  0.03083923
4120.  0.02895052
4125.  0.03329176
4130.  0.02884445
4135.  0.03165335
4140.  0.03199414
4145.  0.03109032
4150.  0.03141704
4155.  0.03477922
4160.  0.04017783
4165.  0.03656593
4170.  0.03644098
4175.  0.03804426
4180.  0.03227964
4185.  0.0334691
4190.  0.0395465
4195.  0.03196883
4200.  0.0408537
4205.  0.04608354
4210.  0.0427244
4215.  0.04184461
4220.  0.04156733
4225.  0.04564825
4230.  0.04157807
4235.  0.03973951
4240.  0.03746356
4245.  0.03889402
4250.  0.03344933
4255.  0.03111159
4260.  0.03257735
4265.  0.04138367
4270.  0.03999562
4275.  0.04496496
4280.  0.03916865
4285.  0.03616854
4290.  0.03552759
4295.  0.03941002
4300.  0.04600196
4305.  0.03811646
4310.  0.03110602
4315.  0.03181786
4320.  0.02659031
4325.  0.02977569
4330.  0.03195533
4335.  0.02698672
4340.  0.03520459
4345.  0.02905635
4350.  0.02375047
4355.  0.02243836
4360.  0.0219713
4365.  0.021773
4370.  0.02610553
4375.  0.02306655
4380.  0.02270309
4385.  0.0198286
4390.  0.01904457
4395.  0.02202578
4400.  0.03580387
4405.  0.04655497
4410.  0.03013683
4415.  0.02624313
4420.  0.02567142
4425.  0.02334951
4430.  0.02270018
4435.  0.02640156
4440.  0.02551712
4445.  0.02463775
4450.  0.02215484
4455.  0.02503806
4460.  0.0195052
4465.  0.02209535
4470.  0.02451838
4475.  0.02249054
4480.  0.02203222
4485.  0.0237805
4490.  0.02318996
4495.  0.02048905
4500.  0.01952406
4505.  0.02653739
4510.  0.02859697
4515.  0.02684194
4520.  0.02357355
4525.  0.02193404
4530.  0.0272772
4535.  0.02754609
4540.  0.03737525
4545.  0.04256153
4550.  0.04203779
4555.  0.04741056
4560.  0.04396316
4565.  0.04176124
4570.  0.04482052
4575.  0.04335353
4580.  0.04470474
4585.  0.0487957
4590.  0.0490074
4595.  0.05393419
4600.  0.05335548
4605.  0.04439105
4610.  0.05439232
4615.  0.0503921
4620.  0.05174816
4625.  0.04850912
4630.  0.05325475
4635.  0.05302634
4640.  0.05342175
4645.  0.05449849
4650.  0.0506827
4655.  0.04637836
4660.  0.05034953
4665.  0.04876809
4670.  0.05319986
4675.  0.04774357
4680.  0.04448848
4685.  0.04528782
4690.  0.04452739
4695.  0.04225627
4700.  0.04443975
4705.  0.04265238
4710.  0.04000782
4715.  0.03975494
4720.  0.03818389
4725.  0.04646575
4730.  0.04133237
4735.  0.04133644
4740.  0.04418161
4745.  0.04429972
4750.  0.04336956
4755.  0.04572856
4760.  0.0506962
4765.  0.05225064
4770.  0.05019946
4775.  0.04980837
4780.  0.05125848
4785.  0.05009812
4790.  0.05122199
4795.  0.05117879
4800.  0.0540474
4805.  0.05203184
4810.  0.0467376
4815.  0.04897979
4820.  0.05037884
4825.  0.04688005
4830.  0.04329563
4835.  0.04958484
4840.  0.04800297
4845.  0.05016825
4850.  0.04775824
4855.  0.04617382
4860.  0.04483188
4865.  0.0431295
4870.  0.04664513
4875.  0.04374584
4880.  0.04003249
4885.  0.04715315
4890.  0.0449633
4895.  0.04518618
4900.  0.04132444
4905.  0.04369046
4910.  0.04479302
4915.  0.04451163
4920.  0.04479567
4925.  0.04163104
4930.  0.04173331
4935.  0.04621864
4940.  0.0426286
4945.  0.0368774
4950.  0.04195805
4955.  0.04368332
4960.  0.03897521
4965.  0.04153249
4970.  0.0412945
4975.  0.04121586
4980.  0.04277777
4985.  0.04030361
4990.  0.04296382
4995.  0.03781964
5000.  0.03609408
5005.  0.04196737
5010.  0.03526428
5015.  0.03645489
5020.  0.03424869
5025.  0.0323291
5030.  0.0353504
5035.  0.03764763
5040.  0.0303841
5045.  0.03220721
5050.  0.0338174
5055.  0.0309192
5060.  0.03034034
5065.  0.02782778
5070.  0.02983052
5075.  0.02820197
5080.  0.02807762
5085.  0.02950422
5090.  0.02635784
5095.  0.02871307
5100.  0.03252164
5105.  0.02956747
5110.  0.03210462
5115.  0.02869236
5120.  0.02697437
5125.  0.02975957
5130.  0.03199921
5135.  0.02695627
5140.  0.03290033
5145.  0.02926663
5150.  0.03235197
5155.  0.02996728
5160.  0.03424876
5165.  0.03190763
5170.  0.03034982
5175.  0.03334946
5180.  0.03336179
5185.  0.03464344
5190.  0.03216521
5195.  0.0383091
5200.  0.03347196
5205.  0.03989673
5210.  0.03342697
5215.  0.03537958
5220.  0.03622659
5225.  0.03844778
5230.  0.03603726
5235.  0.03615607
5240.  0.03741657
5245.  0.03785902
5250.  0.03689633
5255.  0.03574138
5260.  0.03724262
5265.  0.0387677
5270.  0.03593635
5275.  0.03902443
5280.  0.03865749
5285.  0.03746198
5290.  0.03810989
5295.  0.03828531
5300.  0.03982183
5305.  0.03895217
5310.  0.04090232
5315.  0.04155049
5320.  0.03444317
5325.  0.04133047
5330.  0.04147093
5335.  0.03990459
5340.  0.03862575
5345.  0.03979041
5350.  0.036521
5355.  0.03940593
5360.  0.03635535
5365.  0.03761962
5370.  0.03356783
5375.  0.03696141
5380.  0.03528195
5385.  0.0355975
5390.  0.03788308
5395.  0.03588047
5400.  0.03502365
5405.  0.03322312
5410.  0.03812053
5415.  0.03869306
5420.  0.03859521
5425.  0.03772132
5430.  0.03415302
5435.  0.03526628
5440.  0.03271979
5445.  0.03621869
5450.  0.04194728
5455.  0.04187258
5460.  0.03360152
5465.  0.0386179
5470.  0.03509443
5475.  0.0340732
5480.  0.03486274
5485.  0.03274358
5490.  0.02985236
5495.  0.0315729
5500.  0.03291858
5505.  0.02863113
5510.  0.03063232
5515.  0.03480465
5520.  0.03633498
5525.  0.03116055
5530.  0.02889486
5535.  0.03181795
5540.  0.02924659
5545.  0.02937127
5550.  0.03069806
5555.  0.03273337
5560.  0.02955627
5565.  0.02674751
5570.  0.02260743
5575.  0.03115616
5580.  0.01651768
5585.  0.02426981
5590.  0.03277181
5595.  0.02471219
5600.  0.0253824
5605.  0.02807748
5610.  0.02691905
5615.  0.02809581
5620.  0.02808523
5625.  0.02881432
5630.  0.02726001
5635.  0.02946473
5640.  0.02556082
5645.  0.02495393
5650.  0.02671007
5655.  0.03172813
5660.  0.02359607
5665.  0.0254604
5670.  0.02715621
5675.  0.02698704
5680.  0.02456607
5685.  0.02617907
5690.  0.02547932
5695.  0.0259538
5700.  0.02575478
5705.  0.02629695
5710.  0.02532176
5715.  0.02389669
5720.  0.02488591
5725.  0.02814837
5730.  0.02252238
5735.  0.0185454
5740.  0.02887166
5745.  0.02925048
5750.  0.02242533
5755.  0.02464367
5760.  0.02111048
5765.  0.02601951
5770.  0.0273716
5775.  0.02751411
5780.  0.02417646
5785.  0.02600668
5790.  0.02873829
5795.  0.02456782
5800.  0.02632206
5805.  0.02848101
5810.  0.02776016
5815.  0.02374072
5820.  0.02597063
5825.  0.0227594
5830.  0.02506928
5835.  0.02552725
5840.  0.02478653
5845.  0.02127092
5850.  0.02133285
5855.  0.02629484
5860.  0.02505513
5865.  0.02501028
5870.  0.02549956
5875.  0.01986291
5880.  0.01972175
5885.  0.02376867
5890.  0.02096176
5895.  0.0243295
5900.  0.01953411
5905.  0.02041474
5910.  0.01702817
5915.  0.0317789
5920.  0.02618619
5925.  0.02372934
5930.  0.01992926
5935.  0.02265558
5940.  0.02172241
5945.  0.0206445
5950.  0.01968053
5955.  0.0223027
5960.  0.02568895
5965.  0.02424657
5970.  0.02626192
5975.  0.02422734
5980.  0.02288215
5985.  0.02576288
5990.  0.02756228
5995.  0.02776136
6000.  0.02776342
6005.  0.02715362
6010.  0.02725371
6015.  0.02609828
6020.  0.02575689
6025.  0.02542472
6030.  0.02897976
6035.  0.02265911
6040.  0.02475485
6045.  0.02842058
6050.  0.03111416
6055.  0.03011286
6060.  0.02878753
6065.  0.0292465
6070.  0.02742713
6075.  0.02850075
6080.  0.02928583
6085.  0.02533767
6090.  0.03236571
6095.  0.0310201
6100.  0.02691686
6105.  0.03061643
6110.  0.02474644
6115.  0.02936469
6120.  0.02699605
6125.  0.02775084
6130.  0.02619481
6135.  0.02598941
6140.  0.02693924
6145.  0.0272892
6150.  0.02650207
6155.  0.02967544
6160.  0.02833537
6165.  0.03248988
6170.  0.030431
6175.  0.02600608
6180.  0.01850815
6185.  0.02229233
6190.  0.02208315
6195.  0.02341005
6200.  0.02418868
6205.  0.02213746
6210.  0.01883853
6215.  0.01804625
6220.  0.02437678
6225.  0.0232637
6230.  0.02170862
6235.  0.01798674
6240.  0.01984825
6245.  0.01911748
6250.  0.02043097
6255.  0.02173395
6260.  0.01760825
6265.  0.02126773
6270.  0.02070652
6275.  0.02263865
6280.  0.01682135
6285.  0.0219875
6290.  0.02218669
6295.  0.01993542
6300.  0.01157044
6305.  0.02220693
6310.  0.02274089
6315.  0.02092878
6320.  0.01895176
6325.  0.01886291
6330.  0.02279355
6335.  0.02284702
6340.  0.02275996
6345.  0.01977292
6350.  0.0214334
6355.  0.02223849
6360.  0.02385611
6365.  0.02385092
6370.  0.02262237
6375.  0.02342568
6380.  0.01888761
6385.  0.02351905
6390.  0.02105592
6395.  0.02269907
6400.  0.02158175
6405.  0.02222776
6410.  0.01799066
6415.  0.01964687
6420.  0.01961163
6425.  0.02096247
6430.  0.01824619
6435.  0.01665661
6440.  0.02220889
6445.  0.01669085
6450.  0.01741564
6455.  0.01813345
6460.  0.01888307
6465.  0.01879925
6470.  0.02239243
6475.  0.01919365
6480.  0.02229771
6485.  0.02001621
6490.  0.01851209
6495.  0.02284221
6500.  0.0273858
6505.  0.02152524
6510.  0.02148318
6515.  0.02582406
6520.  0.02403279
6525.  0.02853886
6530.  0.02600032
6535.  0.02623117
6540.  0.02248129
6545.  0.02301861
6550.  0.0256223
6555.  0.02350416
6560.  0.02189932
6565.  0.02874555
6570.  0.02418508
6575.  0.02095248
6580.  0.0210478
6585.  0.02907215
6590.  0.02643614
6595.  0.02236393
6600.  0.02353307
6605.  0.02346758
6610.  0.02498416
6615.  0.02469955
6620.  0.02866797
6625.  0.02227984
6630.  0.01774571
6635.  0.02112669
6640.  0.02256243
6645.  0.02345924
6650.  0.0224591
6655.  0.02042956
6660.  0.02386008
6665.  0.02107037
6670.  0.02182889
6675.  0.0240352
6680.  0.02076511
6685.  0.0206208
6690.  0.02463935
6695.  0.02515258
6700.  0.02641316
6705.  0.02218343
6710.  0.02455259
6715.  0.02344253
6720.  0.0205964
6725.  0.02356437
6730.  0.02358752
6735.  0.02364265
6740.  0.0213446
6745.  0.02041547
6750.  0.02256837
6755.  0.01940933
6760.  0.02628187
6765.  0.02232427
6770.  0.02124711
6775.  0.01669575
6780.  0.02121581
6785.  0.02156408
6790.  0.0246361
6795.  0.02255944
6800.  0.02273147
6805.  0.02204298
6810.  0.02425628
6815.  0.02066861
6820.  0.02103553
6825.  0.02245578
6830.  0.0211553
6835.  0.0185762
6840.  0.01950964
6845.  0.02086984
6850.  0.02200588
6855.  0.02302037
6860.  0.02808681
6865.  0.02575309
6870.  0.02244735
6875.  0.01972968
6880.  0.02731819
6885.  0.02495843
6890.  0.0211091
6895.  0.01986416
6900.  0.01967933
6905.  0.01957098
6910.  0.01998125
6915.  0.02027136
6920.  0.02409353
6925.  0.0228753
6930.  0.02266132
6935.  0.0239382
6940.  0.02533904
6945.  0.02559113
6950.  0.02114691
6955.  0.02320281
6960.  0.01921356
6965.  0.02139855
6970.  0.01791885
6975.  0.02137083
6980.  0.02294278
6985.  0.02201053
6990.  0.01998855
6995.  0.01908088
7000.  0.02213199
7005.  0.0242825
7010.  0.01897792
7015.  0.02270934
7020.  0.02206817
7025.  0.02075638
7030.  0.01984069
7035.  0.01989934
7040.  0.01841714
7045.  0.02134022
7050.  0.02061942
7055.  0.0249178
7060.  0.02168124
7065.  0.02380248
7070.  0.0201405
7075.  0.02157304
7080.  0.01931139
7085.  0.02223273
7090.  0.01954799
7095.  0.01916754
7100.  0.0226993
7105.  0.01998635
7110.  0.02065579
7115.  0.01724568
7120.  0.01827879
7125.  0.01912677
7130.  0.02242284
7135.  0.02328845
7140.  0.01832332
7145.  0.01594551
7150.  0.02001507
7155.  0.018373
7160.  0.01755545
7165.  0.01544424
7170.  0.01389033
7175.  0.01384835
7180.  0.01628471
7185.  0.01531356
7190.  0.01537966
7195.  0.007732913
7200.  0.0115673
7205.  0.0144948
7210.  0.009722479
7215.  0.01172628
7220.  0.0148495
7225.  0.009373954
7230.  0.01398016
7235.  0.01194312
7240.  0.01415089
7245.  0.00849327
7250.  0.01494497
7255.  0.01166645
7260.  0.01883379
7265.  0.01102804
7270.  0.008811951
7275.  0.009511395
7280.  0.01217376
7285.  0.008131549
7290.  0.01599394
7295.  0.01721014
7300.  0.01405394
7305.  0.01860982
7310.  0.0121038
7315.  0.01766334
7320.  0.01385683
7325.  0.0158949
7330.  0.01762287
7335.  0.01940762
7340.  0.02379503
7345.  0.02564987
7350.  0.01766307
7355.  0.01894853
7360.  0.01670468
7365.  0.01786613
7370.  0.02171999
7375.  0.02514619
7380.  0.01862999
7385.  0.01506466
7390.  0.01821349
7395.  0.01800354
7400.  0.02326545
7405.  0.0200229
7410.  0.01412191
7415.  0.01401143
7420.  0.01689148
7425.  0.01959755
7430.  0.02432121
7435.  0.01628951
7440.  0.01703247
7445.  0.01842511
7450.  0.01314655
7455.  0.01726147
7460.  0.01867149
7465.  0.02177687
7470.  0.01719005
7475.  0.02268459
7480.  0.02077737
7485.  0.01430394
7490.  0.0212271
7495.  0.01225835
7500.  0.0186119
7505.  0.01767347
7510.  0.01725941
7515.  0.01940599
7520.  0.01987161
7525.  0.01481368
7530.  0.01613811
7535.  0.0158874
7540.  0.02005882
7545.  0.02081521
7550.  0.02948515
7555.  0.02094871
7560.  0.01404852
7565.  0.01148865
7570.  0.02233636
7575.  0.01938181
7580.  0.02173314
7585.  0.01722957
7590.  0.01144932
7595.  0.01687615
7600.  0.004258974
7605.  0.02348019
7610.  0.02262755
7615.  0.01691026
7620.  0.01704463
7625.  0.03134084
7630.  0.02040431
7635.  0.02126287
7640.  0.01370357
7645.  0.02034616
7650.  0.01716775
7655.  0.01046201
7660.  0.02061034
7665.  0.02006552
7670.  0.01705064
7675.  0.01628757
7680.  0.01658768
7685.  0.01525327
7690.  0.01767859
7695.  0.01398063
7700.  0.0119916
7705.  0.01716839
7710.  0.004075884
7715.  0.0147975
7720.  0.0248051
7725.  0.02203025
7730.  0.01270781
7735.  0.01434016
7740.  0.009190978
7745.  0.01473831
7750.  0.04062726
7755.  0.0353945
7760.  0.00816951
7765.  0.009103165
7770.  0.01508664
7775.  0.01428922
7780.  0.01706789
7785.  0.01001389
7790.  0.01937678
7795.  0.02703231
7800.  0.01003178
7805.  0.009108173
7810.  0.02120057
7815.  0.01288266
7820.  0.02354858
7825.  0.007840146
7830.  0.01378569
7835.  0.01133292
7840.  0.01063026
7845.  0.008923344
7850.  0.005114879
7855.  0.007063095
7860.  0.01153187
7865.  0.007091958
7870.  0.01457678
7875.  0.01165036
7880.  0.008776307
7885.  0.01108717
7890.  0.008137014
7895.  0.006080397
7900.  0.0110671
7905.  0.01422139
7910.  0.02707547
7915.  0.01102405
7920.  0.005369242
7925.  0.01094137
7930.  0.02215101
7935.  0.02466243
7940.  0.007209284
7945.  0.01401133
7950.  0.01708324
7955.  0.01255647
7960.  0.00881484
7965.  -0.005503452
7970.  -0.007812671
7975.  0.02185054
7980.  0.003671859
7985.  0.008258455
7990.  7.656038E-4
7995.  0.0194585
8000.  0.01822581
8005.  -0.002486733
8010.  0.01599123
8015.  0.02396923
8020.  -0.001917103
8025.  0.009400998
8030.  0.01436366
8035.  0.01887462
8040.  0.00178402
8045.  0.009635722
8050.  0.014982
8055.  0.008245957
8060.  0.002380449
8065.  0.01092385
8070.  0.009214745
8075.  0.01675873
8080.  0.01500528
8085.  0.02184279
8090.  0.01146373
8095.  0.002571463
8100.  0.01570775
8105.  0.02969696
8110.  0.002048454
8115.  0.01167661
8120.  0.01223
8125.  0.01831567
8130.  0.007511239
8135.  0.01594001
8140.  0.007846116
8145.  0.01797756
8150.  0.0225359
8155.  0.002443019
8160.  0.006673085
8165.  0.009290943
8170.  0.004644772
8175.  5.187396E-4
8180.  0.01011069
8185.  0.002200462
8190.  0.01090472
8195.  0.003607447
8200.  0.006112527
8205.  0.009929033
8210.  0.01650585
8215.  0.009732707
8220.  0.008956227
8225.  0.009408712
8230.  0.01005589
8235.  0.002366575
8240.  -0.005166102
8245.  5.316719E-4
8250.  0.01793059
8255.  0.002722122
8260.  0.007103605
8265.  0.02153126
8270.  0.009177161
8275.  -5.954149E-4
8280.  0.006665944
8285.  -0.006821706
8290.  0.001905237
8295.  -0.01888524
8300.  0.03595404
8305.  0.01437983
8310.  0.008074931
8315.  -0.001724674
8320.  -0.006979045
8325.  0.01453192
8330.  0.009028381
8335.  0.01647293
8340.  0.009373195
8345.  0.001756635
8350.  0.01470255
8355.  0.01714567
8360.  0.01843745
8365.  0.02498288
8370.  -0.00195928
8375.  -8.831934E-4
8380.  0.01484216
8385.  0.001384723
8390.  -0.002767133
8395.  -0.04056999
8400.  -0.00265695
8405.  0.02136103
8410.  0.01486257
8415.  0.02914368
8420.  0.01195502
8425.  0.04828077
8430.  0.06970532
8435.  0.02201603
8440.  0.0138879
8445.  0.02653991
8450.  -0.005852983
8455.  0.007510765
8460.  0.0271684
