3630 0.014242
3632.5 0.025287
3635 0.028258
3637.5 0.031391
3640 0.032126
3642.5 0.037184
3645 0.041633
3647.5 0.040005
3650 0.03853
3652.5 0.038263
3655 0.034381
3657.5 0.029364
3660 0.029861
3662.5 0.031588
3665 0.029379
3667.5 0.026754
3670 0.027681
3672.5 0.02685
3675 0.02548
3677.5 0.026554
3680 0.024394
3682.5 0.019218
3685 0.016486
3687.5 0.01563
3690 0.011927
3692.5 0.013657
3695 0.016388
3697.5 0.016008
3700 0.016777
3702.5 0.016018
3705 0.016212
3707.5 0.0192
3710 0.021424
3712.5 0.020553
3715 0.023085
3717.5 0.021637
3720 0.017735
3722.5 0.018208
3725 0.018728
3727.5 0.019121
3730 0.017837
3732.5 0.020029
3735 0.018054
3737.5 0.017232
3740 0.019259
3742.5 0.020927
3745 0.022252
3747.5 0.024052
3750 0.024251
3752.5 0.021829
3755 0.022118
3757.5 0.021508
3760 0.021057
3762.5 0.023829
3765 0.023894
3767.5 0.023886
3770 0.023782
3772.5 0.023902
3775 0.02208
3777.5 0.022765
3780 0.021906
3782.5 0.021857
3785 0.022368
3787.5 0.022326
3790 0.022852
3792.5 0.024948
3795 0.02568
3797.5 0.025895
3800 0.027504
3802.5 0.02689
3805 0.029242
3807.5 0.028134
3810 0.029981
3812.5 0.030717
3815 0.031813
3817.5 0.029674
3820 0.029127
3822.5 0.027842
3825 0.024355
3827.5 0.022278
3830 0.021131
3832.5 0.023274
3835 0.02081
3837.5 0.023418
3840 0.024872
3842.5 0.025727
3845 0.022198
3847.5 0.023754
3850 0.021795
3852.5 0.022733
3855 0.021645
3857.5 0.023637
3860 0.023311
3862.5 0.025673
3865 0.023541
3867.5 0.02598
3870 0.027031
3872.5 0.029285
3875 0.025282
3877.5 0.026877
3880 0.026885
3882.5 0.025835
3885 0.02429
3887.5 0.027271
3890 0.026869
3892.5 0.024022
3895 0.021604
3897.5 0.02025
3900 0.020777
3902.5 0.021282
3905 0.024081
3907.5 0.024603
3910 0.026525
3912.5 0.024418
3915 0.023274
3917.5 0.022768
3920 0.025642
3922.5 0.024045
3925 0.024423
3927.5 0.025566
3930 0.02424
3932.5 0.024051
3935 0.025568
3937.5 0.026716
3940 0.024517
3942.5 0.021327
3945 0.021012
3947.5 0.017897
3950 0.016557
3952.5 0.021037
3955 0.025819
3957.5 0.024385
3960 0.027839
3962.5 0.0298
3965 0.02759
3967.5 0.025645
3970 0.02813
3972.5 0.027371
3975 0.027773
3977.5 0.025203
3980 0.026861
3982.5 0.024219
3985 0.02563
3987.5 0.024821
3990 0.027834
3992.5 0.028872
3995 0.032154
3997.5 0.030436
4000 0.032715
4002.5 0.033775
4005 0.036945
4007.5 0.039519
4010 0.040663
4012.5 0.041201
4015 0.041703
4017.5 0.040972
4020 0.041478
4022.5 0.042104
4025 0.042499
4027.5 0.04379
4030 0.043668
4032.5 0.040977
4035 0.045435
4037.5 0.047159
4040 0.049026
4042.5 0.050754
4045 0.051937
4047.5 0.053979
4050 0.054515
4052.5 0.053245
4055 0.052573
4057.5 0.053459
4060 0.049869
4062.5 0.047428
4065 0.047747
4067.5 0.047674
4070 0.049007
4072.5 0.049827
4075 0.051123
4077.5 0.051285
4080 0.052992
4082.5 0.051867
4085 0.050693
4087.5 0.051062
4090 0.052483
4092.5 0.052094
4095 0.052222
4097.5 0.052627
4100 0.052383
4102.5 0.051854
4105 0.052562
4107.5 0.054705
4110 0.056617
4112.5 0.058281
4115 0.059028
4117.5 0.058751
4120 0.054874
4122.5 0.053247
4125 0.051412
4127.5 0.049322
4130 0.049524
4132.5 0.051805
4135 0.053586
4137.5 0.053605
4140 0.054339
4142.5 0.05333
4145 0.055375
4147.5 0.054011
4150 0.053281
4152.5 0.053426
4155 0.051565
4157.5 0.050757
4160 0.05164
4162.5 0.05219
4165 0.052492
4167.5 0.054241
4170 0.053487
4172.5 0.052849
4175 0.053796
4177.5 0.053662
4180 0.053317
4182.5 0.052299
4185 0.053183
4187.5 0.050675
4190 0.049275
4192.5 0.04882
4195 0.04871
4197.5 0.046681
4200 0.047121
4202.5 0.04584
4205 0.042741
4207.5 0.041398
4210 0.041425
4212.5 0.04279
4215 0.040942
4217.5 0.041295
4220 0.041401
4222.5 0.03969
4225 0.035999
4227.5 0.038596
4230 0.040327
4232.5 0.037941
4235 0.038247
4237.5 0.038246
4240 0.036826
4242.5 0.036245
4245 0.038468
4247.5 0.038648
4250 0.037979
4252.5 0.038563
4255 0.037355
4257.5 0.034242
4260 0.031402
4262.5 0.033593
4265 0.032625
4267.5 0.030594
4270 0.030912
4272.5 0.030625
4275 0.027893
4277.5 0.025122
4280 0.025348
4282.5 0.024892
4285 0.026642
4287.5 0.0264
4290 0.028184
4292.5 0.028317
4295 0.02817
4297.5 0.027263
4300 0.026825
4302.5 0.024817
4305 0.025983
4307.5 0.028816
4310 0.030227
4312.5 0.031409
4315 0.034007
4317.5 0.033765
4320 0.030731
4322.5 0.02782
4325 0.0259
4327.5 0.025611
4330 0.022785
4332.5 0.021174
4335 0.021017
4337.5 0.022435
4340 0.021884
4342.5 0.023637
4345 0.025589
4347.5 0.028912
4350 0.03122
4352.5 0.028336
4355 0.029465
4357.5 0.028978
4360 0.025047
4362.5 0.022979
4365 0.026249
4367.5 0.025005
4370 0.028876
4372.5 0.032075
4375 0.033033
4377.5 0.035404
4380 0.039983
4382.5 0.03811
4385 0.039024
4387.5 0.040872
4390 0.041064
4392.5 0.039939
4395 0.042726
4397.5 0.046054
4400 0.047743
4402.5 0.048642
4405 0.050591
4407.5 0.054182
4410 0.055689
4412.5 0.056987
4415 0.059482
4417.5 0.058896
4420 0.057389
4422.5 0.056325
4425 0.059405
4427.5 0.060425
4430 0.065269
4432.5 0.065549
4435 0.06665
4437.5 0.065496
4440 0.064552
4442.5 0.062559
4445 0.064434
4447.5 0.065641
4450 0.065434
4452.5 0.065987
4455 0.066979
4457.5 0.067021
4460 0.066624
4462.5 0.068897
4465 0.070106
4467.5 0.069701
4470 0.067877
4472.5 0.066046
4475 0.06463
4477.5 0.064049
4480 0.062155
4482.5 0.061475
4485 0.063564
4487.5 0.06526
4490 0.064524
4492.5 0.066498
4495 0.06772
4497.5 0.068117
4500 0.068178
4502.5 0.069643
4505 0.068959
4507.5 0.068441
4510 0.06789
4512.5 0.064431
4515 0.063636
4517.5 0.061968
4520 0.061315
4522.5 0.059301
4525 0.059357
4527.5 0.058878
4530 0.06397
4532.5 0.064309
4535 0.063545
4537.5 0.063152
4540 0.062867
4542.5 0.057686
4545 0.057258
4547.5 0.056489
4550 0.05627
4552.5 0.05621
4555 0.056369
4557.5 0.057561
4560 0.056508
4562.5 0.057312
4565 0.057226
4567.5 0.057198
4570 0.055421
4572.5 0.056294
4575 0.055328
4577.5 0.053763
4580 0.052812
4582.5 0.053308
4585 0.055319
4587.5 0.057209
4590 0.059016
4592.5 0.06205
4595 0.061062
4597.5 0.061704
4600 0.060234
4602.5 0.059374
4605 0.057245
4607.5 0.059098
4610 0.058464
4612.5 0.059225
4615 0.059626
4617.5 0.061981
4620 0.06186
4622.5 0.064523
4625 0.065989
4627.5 0.065895
4630 0.065219
4632.5 0.067335
4635 0.065808
4637.5 0.064046
4640 0.06567
4642.5 0.06553
4645 0.063604
4647.5 0.062739
4650 0.064292
4652.5 0.064967
4655 0.064194
4657.5 0.062754
4660 0.063234
4662.5 0.061481
4665 0.061618
4667.5 0.062589
4670 0.063315
4672.5 0.063594
4675 0.060704
4677.5 0.057735
4680 0.055243
4682.5 0.054813
4685 0.054293
4687.5 0.057559
4690 0.058956
4692.5 0.058992
4695 0.05834
4697.5 0.056525
4700 0.057115
4702.5 0.054932
4705 0.055439
4707.5 0.056674
4710 0.058254
4712.5 0.057437
4715 0.058724
4717.5 0.059934
4720 0.059429
4722.5 0.059705
4725 0.058488
4727.5 0.057368
4730 0.05687
4732.5 0.057938
4735 0.060034
4737.5 0.0597
4740 0.060453
4742.5 0.058997
4745 0.057522
4747.5 0.05481
4750 0.056587
4752.5 0.057137
4755 0.061
4757.5 0.061826
4760 0.064221
4762.5 0.064133
4765 0.062753
4767.5 0.060542
4770 0.058879
4772.5 0.058455
4775 0.056423
4777.5 0.056378
4780 0.056573
4782.5 0.059061
4785 0.057147
4787.5 0.058794
4790 0.060158
4792.5 0.059251
4795 0.057104
4797.5 0.056994
4800 0.054466
4802.5 0.052582
4805 0.053118
4807.5 0.052721
4810 0.051446
4812.5 0.053131
4815 0.054114
4817.5 0.051874
4820 0.052004
4822.5 0.05245
4825 0.051565
4827.5 0.049945
4830 0.051232
4832.5 0.051042
4835 0.04815
4837.5 0.047911
4840 0.049625
4842.5 0.048726
4845 0.048568
4847.5 0.049936
4850 0.050207
4852.5 0.045803
4855 0.044432
4857.5 0.045544
4860 0.045668
4862.5 0.045436
4865 0.04874
4867.5 0.05105
4870 0.048415
4872.5 0.045648
4875 0.04292
4877.5 0.039771
4880 0.036508
4882.5 0.038155
4885 0.038129
4887.5 0.038044
4890 0.0387
4892.5 0.039124
4895 0.036119
4897.5 0.037157
4900 0.03777
4902.5 0.037477
4905 0.036967
4907.5 0.037196
4910 0.03756
4912.5 0.039298
4915 0.039127
4917.5 0.040152
4920 0.041354
4922.5 0.03933
4925 0.038703
4927.5 0.041543
4930 0.040367
4932.5 0.039498
4935 0.041853
4937.5 0.040786
4940 0.036906
4942.5 0.038342
4945 0.038591
4947.5 0.037594
4950 0.037035
4952.5 0.037514
4955 0.035521
4957.5 0.036447
4960 0.037068
4962.5 0.035144
4965 0.037802
4967.5 0.03749
4970 0.036631
4972.5 0.034546
4975 0.036636
4977.5 0.033441
4980 0.036087
4982.5 0.03427
4985 0.033905
4987.5 0.034387
4990 0.035459
4992.5 0.032707
4995 0.035201
4997.5 0.037857
5000 0.038517
5002.5 0.039271
5005 0.040916
5007.5 0.040496
5010 0.039951
5012.5 0.039731
5015 0.038754
5017.5 0.03789
5020 0.037321
5022.5 0.036715
5025 0.037847
5027.5 0.03784
5030 0.040319
5032.5 0.041856
5035 0.042749
5037.5 0.041516
5040 0.04443
5042.5 0.044441
5045 0.04488
5047.5 0.045687
5050 0.045136
5052.5 0.043077
5055 0.042507
5057.5 0.043444
5060 0.04353
5062.5 0.045277
5065 0.048293
5067.5 0.04929
5070 0.047933
5072.5 0.047531
5075 0.047062
5077.5 0.046453
5080 0.045904
5082.5 0.048018
5085 0.04748
5087.5 0.048155
5090 0.048322
5092.5 0.048146
5095 0.045257
5097.5 0.046753
5100 0.046108
5102.5 0.045976
5105 0.048679
5107.5 0.052204
5110 0.053142
5112.5 0.05502
5115 0.054397
5117.5 0.052944
5120 0.05075
5122.5 0.050687
5125 0.051991
5127.5 0.052395
5130 0.052341
5132.5 0.052004
5135 0.052914
5137.5 0.051751
5140 0.053137
5142.5 0.051658
5145 0.052299
5147.5 0.051975
5150 0.050843
5152.5 0.049764
5155 0.051003
5157.5 0.050672
5160 0.0506
5162.5 0.053166
5165 0.053196
5167.5 0.054356
5170 0.056353
5172.5 0.056757
5175 0.056118
5177.5 0.056426
5180 0.056819
5182.5 0.054226
5185 0.053739
5187.5 0.053452
5190 0.053554
5192.5 0.054499
5195 0.057515
5197.5 0.058303
5200 0.059442
5202.5 0.060918
5205 0.060979
5207.5 0.060081
5210 0.059075
5212.5 0.057583
5215 0.056151
5217.5 0.053949
5220 0.052391
5222.5 0.053638
5225 0.054818
5227.5 0.055283
5230 0.054935
5232.5 0.054283
5235 0.053548
5237.5 0.051868
5240 0.05085
5242.5 0.051954
5245 0.054764
5247.5 0.053076
5250 0.051192
5252.5 0.051143
5255 0.050456
5257.5 0.047342
5260 0.048724
5262.5 0.052696
5265 0.053761
5267.5 0.052731
5270 0.056065
5272.5 0.055477
5275 0.054904
5277.5 0.052345
5280 0.052927
5282.5 0.049903
5285 0.048434
5287.5 0.046855
5290 0.047966
5292.5 0.04898
5295 0.051985
5297.5 0.052338
5300 0.04971
5302.5 0.048739
5305 0.046812
5307.5 0.043962
5310 0.042457
5312.5 0.040187
5315 0.042113
5317.5 0.042534
5320 0.040742
5322.5 0.040052
5325 0.041438
5327.5 0.041192
5330 0.039339
5332.5 0.043483
5335 0.045025
5337.5 0.047041
5340 0.047324
5342.5 0.050985
5345 0.051106
5347.5 0.051081
5350 0.050592
5352.5 0.050207
5355 0.050201
5357.5 0.049251
5360 0.050104
5362.5 0.050525
5365 0.049758
5367.5 0.047221
5370 0.046692
5372.5 0.045814
5375 0.044103
5377.5 0.042259
5380 0.039774
5382.5 0.037172
5385 0.037997
5387.5 0.038805
5390 0.038439
5392.5 0.040478
5395 0.041955
5397.5 0.04132
5400 0.040633
5402.5 0.040022
5405 0.036733
5407.5 0.036289
5410 0.035183
5412.5 0.033677
5415 0.033165
5417.5 0.032688
5420 0.02987
5422.5 0.026548
5425 0.027967
5427.5 0.02552
5430 0.026887
5432.5 0.028506
5435 0.032613
5437.5 0.032153
5440 0.034248
5442.5 0.03404
5445 0.034808
5447.5 0.03227
5450 0.03042
5452.5 0.032321
5455 0.03504
5457.5 0.03425
5460 0.036439
5462.5 0.039299
5465 0.037406
5467.5 0.033303
5470 0.032701
5472.5 0.03329
5475 0.032858
5477.5 0.033522
5480 0.035362
5482.5 0.034983
5485 0.033339
5487.5 0.03272
5490 0.031713
5492.5 0.030912
5495 0.032479
5497.5 0.034148
5500 0.034395
5502.5 0.035425
5505 0.036112
5507.5 0.034874
5510 0.0349
5512.5 0.036329
5515 0.036841
5517.5 0.037265
5520 0.037142
5522.5 0.034937
5525 0.03271
5527.5 0.032885
5530 0.03501
5532.5 0.036573
5535 0.036457
5537.5 0.035759
5540 0.034113
5542.5 0.031071
5545 0.028905
5547.5 0.028843
5550 0.029628
5552.5 0.030215
5555 0.030362
5557.5 0.030191
5560 0.029718
5562.5 0.029241
5565 0.029338
5567.5 0.029926
5570 0.030674
5572.5 0.031477
5575 0.031993
5577.5 0.031858
5580 0.031729
5582.5 0.032214
5585 0.033743
5587.5 0.037824
5590 0.042784
5592.5 0.045392
5595 0.045968
5597.5 0.044509
5600 0.039917
5602.5 0.034649
5605 0.031495
5607.5 0.029597
5610 0.029008
5612.5 0.029969
5615 0.03143
5617.5 0.03299
5620 0.034925
5622.5 0.03682
5625 0.03735
5627.5 0.036773
5630 0.036392
5632.5 0.036276
5635 0.036015
5637.5 0.036216
5640 0.036769
5642.5 0.0366
5645 0.035661
5647.5 0.034416
5650 0.033281
5652.5 0.032755
5655 0.032745
5657.5 0.032834
5660 0.032789
5662.5 0.032361
5665 0.031427
5667.5 0.030612
5670 0.030925
5672.5 0.031889
5675 0.032643
5677.5 0.033098
5680 0.03231
5682.5 0.030059
5685 0.027759
5687.5 0.026168
5690 0.025362
5692.5 0.026402
5695 0.029563
5697.5 0.032397
5700 0.033608
5702.5 0.034294
5705 0.034291
5707.5 0.03325
5710 0.033417
5712.5 0.034818
5715 0.035711
5717.5 0.036675
5720 0.037386
5722.5 0.036129
5725 0.033912
5727.5 0.032535
5730 0.03146
5732.5 0.030137
5735 0.029677
5737.5 0.030785
5740 0.03247
5742.5 0.034113
5745 0.035752
5747.5 0.036998
5750 0.037415
5752.5 0.037007
5755 0.035991
5757.5 0.034454
5760 0.032944
5762.5 0.031942
5765 0.031452
5767.5 0.031495
5770 0.032187
5772.5 0.033357
5775 0.034499
5777.5 0.035602
5780 0.03618
5782.5 0.035262
5785 0.034092
5787.5 0.034147
5790 0.034611
5792.5 0.0358
5795 0.037774
5797.5 0.038233
5800 0.037218
5802.5 0.036355
5805 0.035602
5807.5 0.035937
5810 0.038084
5812.5 0.040409
5815 0.041113
5817.5 0.040182
5820 0.04023
5822.5 0.042303
5825 0.044382
5827.5 0.046635
5830 0.049224
5832.5 0.049472
5835 0.047114
5837.5 0.044459
5840 0.041919
5842.5 0.039862
5845 0.039165
5847.5 0.039377
5850 0.040159
5852.5 0.041986
5855 0.045219
5857.5 0.047792
5860 0.047333
5862.5 0.045292
5865 0.042957
5867.5 0.040261
5870 0.039784
5872.5 0.042339
5875 0.045059
5877.5 0.0473
5880 0.048884
5882.5 0.048177
5885 0.046615
5887.5 0.045653
5890 0.044101
5892.5 0.043398
5895 0.045238
5897.5 0.047308
5900 0.048573
5902.5 0.050458
5905 0.051386
5907.5 0.049865
5910 0.048299
5912.5 0.047844
5915 0.047403
5917.5 0.046291
5920 0.044517
5922.5 0.042494
5925 0.040711
5927.5 0.040015
5930 0.040813
5932.5 0.042423
5935 0.044524
5937.5 0.047636
5940 0.050414
5942.5 0.05131
5945 0.051026
5947.5 0.049579
5950 0.046584
5952.5 0.043549
5955 0.041694
5957.5 0.040454
5960 0.040107
5962.5 0.040723
5965 0.041081
5967.5 0.041268
5970 0.041671
5972.5 0.041631
5975 0.040605
5977.5 0.038819
5980 0.036792
5982.5 0.03491
5985 0.03354
5987.5 0.032794
5990 0.032842
5992.5 0.033468
5995 0.034413
5997.5 0.03549
6000 0.035848
6002.5 0.035157
6005 0.034271
6007.5 0.033566
6010 0.032804
6012.5 0.032608
6015 0.033203
6017.5 0.033589
6020 0.033291
6022.5 0.032639
6025 0.031768
6027.5 0.031
6030 0.031068
6032.5 0.032009
6035 0.033498
6037.5 0.03508
6040 0.03556
6042.5 0.034967
6045 0.034814
6047.5 0.034724
6050 0.03418
6052.5 0.034092
6055 0.033281
6057.5 0.031514
6060 0.031149
6062.5 0.031762
6065 0.032311
6067.5 0.033486
6070 0.033873
6072.5 0.032449
6075 0.031087
6077.5 0.030454
6080 0.030196
6082.5 0.030682
6085 0.031315
6087.5 0.031665
6090 0.032186
6092.5 0.033088
6095 0.034278
6097.5 0.035701
6100 0.037139
6102.5 0.037965
6105 0.037893
6107.5 0.036909
6110 0.035113
6112.5 0.032766
6115 0.030963
6117.5 0.03138
6120 0.033717
6122.5 0.036552
6125 0.039337
6127.5 0.040948
6130 0.040481
6132.5 0.039396
6135 0.03879
6137.5 0.038732
6140 0.039509
6142.5 0.04008
6145 0.039524
6147.5 0.038444
6150 0.036836
6152.5 0.034515
6155 0.032449
6157.5 0.030794
6160 0.029034
6162.5 0.027442
6165 0.026794
6167.5 0.026824
6170 0.027342
6172.5 0.028741
6175 0.030325
6177.5 0.031341
6180 0.032051
6182.5 0.032384
6185 0.031624
6187.5 0.030416
6190 0.029811
6192.5 0.029563
6195 0.029408
6197.5 0.029716
6200 0.030317
6202.5 0.030568
6205 0.03046
6207.5 0.030114
6210 0.029539
6212.5 0.028895
6215 0.027769
6217.5 0.026372
6220 0.025863
6222.5 0.025953
6225 0.025739
6227.5 0.026114
6230 0.02755
6232.5 0.02847
6235 0.028605
6237.5 0.029192
6240 0.029923
6242.5 0.030081
6245 0.030305
6247.5 0.031245
6250 0.033053
6252.5 0.034615
6255 0.034782
6257.5 0.034095
6260 0.032807
6262.5 0.031463
6265 0.031871
6267.5 0.033787
6270 0.035812
6272.5 0.037467
6275 0.037587
6277.5 0.035443
6280 0.03241
6282.5 0.030252
6285 0.029585
6287.5 0.02998
6290 0.031052
6292.5 0.032278
6295 0.032519
6297.5 0.031759
6300 0.030933
6302.5 0.030868
6305 0.031562
6307.5 0.031602
6310 0.031242
6312.5 0.032119
6315 0.033364
6317.5 0.034558
6320 0.036722
6322.5 0.038568
6325 0.038475
6327.5 0.036921
6330 0.035204
6332.5 0.03455
6335 0.035103
6337.5 0.03633
6340 0.037693
6342.5 0.037952
6345 0.037206
6347.5 0.036731
6350 0.036045
6352.5 0.035076
6355 0.034834
6357.5 0.034477
6360 0.033815
6362.5 0.034012
6365 0.034502
6367.5 0.034521
6370 0.034615
6372.5 0.034481
6375 0.034032
6377.5 0.034457
6380 0.036103
6382.5 0.038169
6385 0.039799
6387.5 0.040572
6390 0.040688
6392.5 0.040285
6395 0.039307
6397.5 0.03841
6400 0.038034
6402.5 0.037742
6405 0.037232
6407.5 0.036843
6410 0.036688
6412.5 0.036521
6415 0.036678
6417.5 0.037035
6420 0.036777
6422.5 0.03612
6425 0.035376
6427.5 0.0344
6430 0.033938
6432.5 0.034326
6435 0.034871
6437.5 0.035084
6440 0.034528
6442.5 0.033678
6445 0.033628
6447.5 0.033444
6450 0.032458
6452.5 0.031813
6455 0.031096
6457.5 0.029965
6460 0.0299
6462.5 0.031074
6465 0.032454
6467.5 0.034073
6470 0.035557
6472.5 0.035907
6475 0.035555
6477.5 0.035208
6480 0.034507
6482.5 0.033186
6485 0.032018
6487.5 0.031259
6490 0.030778
6492.5 0.031512
6495 0.033204
6497.5 0.034477
6500 0.035161
6502.5 0.034828
6505 0.032981
6507.5 0.030986
6510 0.029983
6512.5 0.029807
6515 0.030506
6517.5 0.031627
6520 0.032086
6522.5 0.031634
6525 0.03105
6527.5 0.030937
6530 0.030692
6532.5 0.030126
6535 0.030223
6537.5 0.030821
6540 0.030823
6542.5 0.030473
6545 0.030819
6547.5 0.031651
6550 0.032246
6552.5 0.032932
6555 0.033492
6557.5 0.033087
6560 0.031934
6562.5 0.030657
6565 0.029806
6567.5 0.029924
6570 0.030566
6572.5 0.031087
6575 0.031484
6577.5 0.031601
6580 0.031872
6582.5 0.032847
6585 0.034145
6587.5 0.035359
6590 0.036033
6592.5 0.036071
6595 0.036469
6597.5 0.03716
6600 0.037235
6602.5 0.037366
6605 0.037832
6607.5 0.037519
6610 0.036763
6612.5 0.036535
6615 0.036287
6617.5 0.035415
6620 0.034078
6622.5 0.032771
6625 0.031784
6627.5 0.031306
6630 0.031434
6632.5 0.032179
6635 0.03325
6637.5 0.033872
6640 0.03363
6642.5 0.033167
6645 0.032958
6647.5 0.033229
6650 0.034569
6652.5 0.036305
6655 0.037299
6657.5 0.03755
6660 0.037086
6662.5 0.036531
6665 0.036842
6667.5 0.037333
6670 0.037622
6672.5 0.038343
6675 0.038668
6677.5 0.037826
6680 0.037033
6682.5 0.036781
6685 0.036337
6687.5 0.036138
6690 0.036753
6692.5 0.03758
6695 0.03816
6697.5 0.038422
6700 0.03804
6702.5 0.03705
6705 0.036379
6707.5 0.036648
6710 0.037233
6712.5 0.037818
6715 0.038627
6717.5 0.039051
6720 0.038452
6722.5 0.037341
6725 0.036362
6727.5 0.035725
6730 0.035384
6732.5 0.035241
6735 0.035241
6737.5 0.035068
6740 0.034727
6742.5 0.034473
6745 0.034271
6747.5 0.034235
6750 0.034699
6752.5 0.035458
6755 0.03605
6757.5 0.036431
6760 0.036417
6762.5 0.035887
6765 0.035367
6767.5 0.03535
6770 0.036178
6772.5 0.037531
6775 0.038116
6777.5 0.037757
6780 0.03717
6782.5 0.036092
6785 0.034874
6787.5 0.034565
6790 0.034627
6792.5 0.034435
6795 0.034329
6797.5 0.034307
6800 0.034389
6802.5 0.034673
6805 0.034739
6807.5 0.03473
6810 0.03517
6812.5 0.03573
6815 0.036345
6817.5 0.036606
6820 0.035551
6822.5 0.033854
6825 0.032485
6827.5 0.031208
6830 0.030564
6832.5 0.031279
6835 0.032337
6837.5 0.032987
6840 0.033594
6842.5 0.034497
6845 0.035457
6847.5 0.035894
6850 0.035863
6852.5 0.035553
6855 0.034796
6857.5 0.033906
6860 0.033231
6862.5 0.032261
6865 0.031052
6867.5 0.029958
6870 0.029106
6872.5 0.029535
6875 0.031099
6877.5 0.032206
6880 0.032872
6882.5 0.033308
6885 0.032589
6887.5 0.03149
6890 0.031325
6892.5 0.031553
6895 0.031645
6897.5 0.031857
6900 0.031651
6902.5 0.030606
6905 0.029038
6907.5 0.026865
6910 0.024612
6912.5 0.023359
6915 0.023309
6917.5 0.024144
6920 0.025045
6922.5 0.024875
6925 0.023976
6927.5 0.023045
6930 0.022898
6932.5 0.023873
6935 0.023207
6937.5 0.017802
6940 0.0017895
6942.5 -0.021927
6945 -0.035388
6947.5 -0.034749
6950 -0.028392
6952.5 -0.012566
6955 0.009818
6957.5 0.02117
6960 0.020728
6962.5 0.019172
6965 0.018438
6967.5 0.017647
6970 0.016618
6972.5 0.015627
6975 0.014646
6977.5 0.01388
6980 0.01433
6982.5 0.015408
6985 0.015977
6987.5 0.016418
6990 0.016363
6992.5 0.015397
6995 0.014886
6997.5 0.015438
7000 0.016474
7002.5 0.017711
7005 0.01853
7007.5 0.018362
7010 0.017485
7012.5 0.016831
7015 0.016977
7017.5 0.017341
7020 0.017697
7022.5 0.018149
7025 0.01794
7027.5 0.017059
7030 0.016422
7032.5 0.016429
7035 0.016889
7037.5 0.017052
7040 0.016641
7042.5 0.016219
7045 0.015804
7047.5 0.015371
7050 0.015824
7052.5 0.01762
7055 0.019673
7057.5 0.021056
7060 0.02222
7062.5 0.023484
7065 0.024093
7067.5 0.024171
7070 0.024529
7072.5 0.024875
7075 0.024674
7077.5 0.023966
7080 0.023424
7082.5 0.023549
7085 0.023896
7087.5 0.024158
7090 0.024714
7092.5 0.025233
7095 0.025181
7097.5 0.025024
7100 0.025262
7102.5 0.025781
7105 0.026108
7107.5 0.026119
7110 0.026227
7112.5 0.026406
7115 0.026385
7117.5 0.026508
7120 0.026989
7122.5 0.02739
7125 0.027415
7127.5 0.02718
7130 0.026671
7132.5 0.025935
7135 0.025248
7137.5 0.024911
7140 0.025235
7142.5 0.026146
7145 0.027165
7147.5 0.028126
7150 0.029032
7152.5 0.029688
7155 0.030454
7157.5 0.031325
7160 0.031732
7162.5 0.031536
7165 0.030446
7167.5 0.028783
7170 0.027589
7172.5 0.027014
7175 0.026823
7177.5 0.02745
7180 0.028587
7182.5 0.028884
7185 0.028123
7187.5 0.027229
7190 0.026372
7192.5 0.025367
7195 0.025026
7197.5 0.025794
7200 0.026901
7202.5 0.02786
7205 0.02852
7207.5 0.02859
7210 0.028191
7212.5 0.027756
7215 0.027533
7217.5 0.027656
7220 0.028161
7222.5 0.028396
7225 0.028262
7227.5 0.029065
7230 0.030178
7232.5 0.029647
7235 0.028465
7237.5 0.027654
7240 0.025673
7242.5 0.022521
7245 0.020875
7247.5 0.021486
7250 0.02253
7252.5 0.023477
7255 0.024857
7257.5 0.025758
7260 0.025601
7262.5 0.025458
7265 0.025795
7267.5 0.026858
7270 0.028145
7272.5 0.02824
7275 0.027939
7277.5 0.028341
7280 0.028288
7282.5 0.028122
7285 0.029107
7287.5 0.03
7290 0.029424
7292.5 0.028179
7295 0.027321
7297.5 0.026745
7300 0.026281
7302.5 0.026386
7305 0.027319
7307.5 0.028363
7310 0.028601
7312.5 0.028088
7315 0.027399
7317.5 0.026558
7320 0.025573
7322.5 0.025198
7325 0.025792
7327.5 0.026502
7330 0.026485
7332.5 0.026235
7335 0.026533
7337.5 0.026617
7340 0.025971
7342.5 0.02564
7345 0.025614
7347.5 0.025113
7350 0.02472
7352.5 0.025181
7355 0.026257
7357.5 0.027384
7360 0.028356
7362.5 0.028704
7365 0.028089
7367.5 0.026749
7370 0.025003
7372.5 0.023531
7375 0.023107
7377.5 0.023203
7380 0.023046
7382.5 0.022935
7385 0.022445
7387.5 0.021169
7390 0.020111
7392.5 0.019979
7395 0.020469
7397.5 0.021259
7400 0.022313
7402.5 0.023892
7405 0.025575
7407.5 0.026338
7410 0.026442
7412.5 0.026718
7415 0.026799
7417.5 0.026611
7420 0.026841
7422.5 0.02686
7425 0.026208
7427.5 0.02568
7430 0.025363
7432.5 0.025265
7435 0.025821
7437.5 0.026425
7440 0.026446
7442.5 0.026248
7445 0.025962
7447.5 0.025578
7450 0.025474
7452.5 0.025685
7455 0.02569
7457.5 0.025242
7460 0.025231
7462.5 0.026091
7465 0.026835
7467.5 0.027353
7470 0.028595
7472.5 0.030064
7475 0.030723
7477.5 0.031144
7480 0.031612
7482.5 0.031438
7485 0.030515
7487.5 0.029365
7490 0.028322
7492.5 0.027568
7495 0.027099
7497.5 0.026765
7500 0.026577
7502.5 0.026424
7505 0.026279
7507.5 0.026124
7510 0.025658
7512.5 0.024901
7515 0.024174
7517.5 0.023402
7520 0.022448
7522.5 0.021837
7525 0.021833
7527.5 0.022016
7530 0.022404
7532.5 0.023097
7535 0.02367
7537.5 0.023788
7540 0.02348
7542.5 0.023019
7545 0.022787
7547.5 0.02286
7550 0.023202
7552.5 0.023582
7555 0.023518
7557.5 0.023019
7560 0.022315
7562.5 0.021379
7565 0.020504
7567.5 0.019476
7570 0.017946
7572.5 0.017184
7575 0.017803
7577.5 0.019382
7580 0.022077
7582.5 0.02497
7585 0.026433
7587.5 0.026352
7590 0.0256
7592.5 0.025684
7595 0.027255
7597.5 0.028833
7600 0.029734
7602.5 0.029754
7605 0.027948
7607.5 0.02522
7610 0.023092
7612.5 0.021177
7615 0.019661
7617.5 0.018942
7620 0.01848
7622.5 0.018531
7625 0.019588
7627.5 0.021093
7630 0.022477
7632.5 0.023775
7635 0.025041
7637.5 0.026611
7640 0.028106
7642.5 0.029113
7645 0.029283
7647.5 0.028071
7650 0.026225
7652.5 0.024871
7655 0.023924
7657.5 0.023579
7660 0.024192
7662.5 0.024684
7665 0.024322
7667.5 0.023513
7670 0.022687
7672.5 0.02211
7675 0.022185
7677.5 0.022926
7680 0.023452
7682.5 0.023407
7685 0.023309
7687.5 0.022843
7690 0.021648
7692.5 0.020714
7695 0.020539
7697.5 0.020277
7700 0.019415
7702.5 0.018742
7705 0.018943
7707.5 0.019128
7710 0.01871
7712.5 0.018354
7715 0.017798
7717.5 0.016504
7720 0.015127
7722.5 0.014644
7725 0.015499
7727.5 0.016734
7730 0.01715
7732.5 0.017605
7735 0.018612
7737.5 0.018989
7740 0.019338
7742.5 0.020905
7745 0.022764
7747.5 0.023575
7750 0.023593
7752.5 0.023287
7755 0.022428
7757.5 0.021143
7760 0.020105
7762.5 0.019312
7765 0.018527
7767.5 0.017947
7770 0.017452
7772.5 0.017085
7775 0.017311
7777.5 0.018494
7780 0.020122
7782.5 0.021298
7785 0.021705
7787.5 0.021041
7790 0.019353
7792.5 0.017616
7795 0.016557
7797.5 0.016129
7800 0.016677
7802.5 0.018347
7805 0.019736
7807.5 0.019803
7810 0.019407
7812.5 0.018945
7815 0.01803
7817.5 0.017802
7820 0.018619
7822.5 0.019211
7825 0.019322
7827.5 0.018894
7830 0.017669
7832.5 0.016542
7835 0.016156
7837.5 0.016259
7840 0.016722
7842.5 0.017322
7845 0.018081
7847.5 0.019084
7850 0.020076
7852.5 0.021051
7855 0.02207
7857.5 0.022908
7860 0.023427
7862.5 0.023756
7865 0.023788
7867.5 0.023502
7870 0.023132
7872.5 0.022789
7875 0.022645
7877.5 0.022714
7880 0.022565
7882.5 0.021988
7885 0.020931
7887.5 0.019586
7890 0.018716
7892.5 0.018437
7895 0.018375
7897.5 0.018298
7900 0.017302
7902.5 0.015648
7905 0.014696
7907.5 0.014372
7910 0.014686
7912.5 0.016121
7915 0.01751
7917.5 0.018418
7920 0.019949
7922.5 0.020995
7925 0.020752
7927.5 0.020109
7930 0.018615
7932.5 0.01656
7935 0.015861
7937.5 0.01629
7940 0.016773
7942.5 0.017447
7945 0.017472
7947.5 0.01652
7950 0.015962
7952.5 0.016597
7955 0.01811
7957.5 0.019987
7960 0.02165
7962.5 0.022277
7965 0.02174
7967.5 0.021071
7970 0.020405
7972.5 0.018972
7975 0.017615
7977.5 0.016684
7980 0.015548
7982.5 0.015178
7985 0.016276
7987.5 0.018193
7990 0.020037
7992.5 0.020742
7995 0.020103
7997.5 0.018871
8000 0.017761
8002.5 0.017839
8005 0.018824
8007.5 0.019502
8010 0.019458
8012.5 0.017953
8015 0.015649
8017.5 0.014525
8020 0.014647
8022.5 0.015851
8025 0.018065
8027.5 0.019576
8030 0.019997
8032.5 0.020184
8035 0.019653
8037.5 0.018758
8040 0.018574
8042.5 0.018685
8045 0.018728
8047.5 0.019188
8050 0.019609
8052.5 0.019225
8055 0.018305
8057.5 0.01705
8060 0.015381
8062.5 0.014165
8065 0.014221
8067.5 0.014654
8070 0.014267
8072.5 0.013865
8075 0.014305
8077.5 0.014518
8080 0.014538
8082.5 0.015303
8085 0.015789
8087.5 0.015478
8090 0.015435
8092.5 0.015542
8095 0.015619
8097.5 0.016285
8100 0.016978
8102.5 0.016866
8105 0.0164
8107.5 0.015872
8110 0.015027
8112.5 0.014377
8115 0.01434
8117.5 0.014807
8120 0.015873
8122.5 0.017585
8125 0.01935
8127.5 0.020831
8130 0.022108
8132.5 0.022957
8135 0.023289
8137.5 0.022878
8140 0.021717
8142.5 0.020358
8145 0.019069
8147.5 0.017683
8150 0.016493
8152.5 0.015604
8155 0.014722
8157.5 0.014247
8160 0.014382
8162.5 0.01468
8165 0.015189
8167.5 0.015973
8170 0.016715
8172.5 0.017792
8175 0.019412
8177.5 0.021182
8180 0.022724
8182.5 0.023874
8185 0.024047
8187.5 0.022875
8190 0.021245
8192.5 0.019693
8195 0.018443
8197.5 0.018271
8200 0.018726
8202.5 0.018345
8205 0.017958
8207.5 0.018081
8210 0.01766
8212.5 0.017503
8215 0.018447
8217.5 0.019173
8220 0.01877
8222.5 0.017763
8225 0.016396
8227.5 0.014826
8230 0.013901
8232.5 0.014068
8235 0.015406
8237.5 0.017354
8240 0.017868
8242.5 0.016534
8245 0.015204
8247.5 0.013986
8250 0.012882
8252.5 0.013526
8255 0.015156
8257.5 0.01588
8260 0.016012
8262.5 0.015968
8265 0.015794
8267.5 0.01581
8270 0.015341
8272.5 0.015097
8275 0.016906
8277.5 0.019564
8280 0.021837
8282.5 0.024888
8285 0.028172
8287.5 0.028715
8290 0.026873
8292.5 0.024302
8295 0.020226
8297.5 0.01562
8300 0.012866
8302.5 0.011679
8305 0.011175
8307.5 0.01215
8310 0.013278
8312.5 0.013134
8315 0.012866
8317.5 0.012791
8320 0.012166
8322.5 0.010975
8325 0.0097398
8327.5 0.0089647
8330 0.0089977
8332.5 0.0098986
8335 0.011428
8337.5 0.013465
8340 0.01526
8342.5 0.015782
8345 0.015152
8347.5 0.013832
8350 0.011875
8352.5 0.009853
8355 0.0086099
8357.5 0.0077194
8360 0.0073338
8362.5 0.0083301
8365 0.0097468
8367.5 0.010709
8370 0.011988
8372.5 0.013265
8375 0.013668
8377.5 0.014203
8380 0.01577
8382.5 0.018066
8385 0.019873
8387.5 0.020298
8390 0.019778
8392.5 0.018606
8395 0.017099
8397.5 0.016537
8400 0.016907
8402.5 0.017222
8405 0.017411
8407.5 0.017053
8410 0.015984
8412.5 0.015144
8415 0.015259
8417.5 0.016104
8420 0.017038
8422.5 0.017702
8425 0.017846
8427.5 0.01712
8430 0.015631
8432.5 0.014195
8435 0.01359
8437.5 0.013641
8440 0.013578
8442.5 0.013616
8445 0.014132
8447.5 0.014351
8450 0.014377
8452.5 0.014583
8455 0.013919
8457.5 0.012579
8460 0.011595
8462.5 0.011083
8465 0.0118
8467.5 0.013707
8470 0.015272
8472.5 0.016
8475 0.015938
8477.5 0.015274
8480 0.015284
8482.5 0.016525
8485 0.018661
8487.5 0.020988
8490 0.022467
8492.5 0.022612
8495 0.021467
8497.5 0.018906
8500 0.015704
8502.5 0.013013
8505 0.011241
8507.5 0.010913
8510 0.012109
8512.5 0.014
8515 0.015619
8517.5 0.016493
8520 0.016122
8522.5 0.014343
8525 0.012165
8527.5 0.010395
8530 0.0092837
8532.5 0.0093044
8535 0.010162
8537.5 0.010653
8540 0.010539
8542.5 0.0099005
8545 0.0088224
8547.5 0.0086743
8550 0.0096486
8552.5 0.01057
8555 0.011622
8557.5 0.012509
8560 0.012704
8562.5 0.013516
8565 0.014995
8567.5 0.016175
8570 0.016521
8572.5 0.015158
8575 0.013221
8577.5 0.012607
8580 0.012953
8582.5 0.014223
8585 0.015662
8587.5 0.014989
8590 0.012767
8592.5 0.010576
8595 0.0089348
8597.5 0.0090949
8600 0.010768
8602.5 0.012116
8605 0.012734
8607.5 0.012689
8610 0.012439
8612.5 0.012799
8615 0.013592
8617.5 0.014429
8620 0.014834
8622.5 0.014916
8625 0.016006
8627.5 0.017836
8630 0.019405
8632.5 0.020828
8635 0.021222
8637.5 0.019689
8640 0.017218
8642.5 0.015194
8645 0.014415
8647.5 0.014501
8650 0.01444
8652.5 0.013895
8655 0.012194
8657.5 0.0096346
8660 0.0077608
8662.5 0.0063365
8665 0.0048485
8667.5 0.0044681
8670 0.0046991
8672.5 0.0047992
8675 0.0058099
8677.5 0.0086234
8680 0.012529
8682.5 0.015993
8685 0.018336
8687.5 0.018839
8690 0.017148
8692.5 0.014511
8695 0.012536
8697.5 0.012206
8700 0.013558
8702.5 0.01438
8705 0.013849
8707.5 0.014025
8710 0.014412
8712.5 0.014482
8715 0.015996
8717.5 0.017758
8720 0.017558
8722.5 0.016355
8725 0.014705
8727.5 0.012041
8730 0.009913
8732.5 0.0092166
8735 0.0084013
8737.5 0.0067464
8740 0.0069777
8742.5 0.010143
8745 0.013904
8747.5 0.01879
8750 0.024899
8752.5 0.029898
8755 0.028518
8757.5 0.018614
8760 0.0074051
8762.5 0.00014456
8765 -0.0049797
8767.5 -0.0052491
8770 0.00089066
8772.5 0.0055857
8775 0.0065192
8777.5 0.0068634
8780 0.0075883
8782.5 0.010227
8785 0.013981
8787.5 0.016632
8790 0.018143
8792.5 0.018192
8795 0.016391
8797.5 0.014618
8800 0.014265
8802.5 0.014329
8805 0.013564
8807.5 0.0132
8810 0.014696
8812.5 0.016494
8815 0.017877
8817.5 0.01995
8820 0.021923
8822.5 0.021823
8825 0.019648
8827.5 0.017026
8830 0.01512
8832.5 0.012847
8835 0.0086408
8837.5 0.00579
8840 0.0061147
8842.5 0.0066011
8845 0.007382
8847.5 0.010498
8850 0.013083
8852.5 0.013038
8855 0.012578
8857.5 0.012889
8860 0.013863
8862.5 0.015263
8865 0.016446
8867.5 0.016329
8870 0.01465
8872.5 0.01315
8875 0.012662
8877.5 0.012364
8880 0.0129
8882.5 0.014807
8885 0.016019
8887.5 0.015245
8890 0.013577
8892.5 0.011498
8895 0.008998
8897.5 0.006992
8900 0.0064167
8902.5 0.0077475
8905 0.00961
8907.5 0.0091056
8910 0.0074149
8912.5 0.0074529
8915 0.0076113
8917.5 0.0079533
8920 0.010547
8922.5 0.012388
8925 0.011954
8927.5 0.011741
8930 0.012674
8932.5 0.015781
8935 0.020633
8937.5 0.024548
8940 0.026235
8942.5 0.025464
8945 0.022763
8947.5 0.020413
8950 0.020205
8952.5 0.022414
8955 0.024601
8957.5 0.024337
8960 0.022051
8962.5 0.017771
8965 0.012805
8967.5 0.010511
8970 0.011355
8972.5 0.013855
8975 0.017087
8977.5 0.019094
8980 0.018737
8982.5 0.016948
8985 0.014501
8987.5 0.012086
8990 0.010594
8992.5 0.010754
8995 0.012854
8997.5 0.015762
9000 0.017915
9002.5 0.018897
9005 0.018394
9007.5 0.017014
9010 0.017043
9012.5 0.018579
9015 0.020548
9017.5 0.023079
9020 0.02487
9022.5 0.024555
9025 0.023525
9027.5 0.021622
9030 0.017759
9032.5 0.014394
9035 0.012727
9037.5 0.011548
9040 0.01169
9042.5 0.01398
9045 0.016067
9047.5 0.017181
9050 0.018386
9052.5 0.018961
9055 0.018924
9057.5 0.019362
9060 0.019701
9062.5 0.018753
9065 0.017497
9067.5 0.017207
9070 0.017209
9072.5 0.017465
9075 0.018524
9077.5 0.019142
9080 0.018552
9082.5 0.017353
9085 0.015811
9087.5 0.014972
9090 0.015507
9092.5 0.016279
9095 0.016386
9097.5 0.015078
9100 0.012667
9102.5 0.010889
9105 0.010396
9107.5 0.011444
9110 0.013683
9112.5 0.015303
9115 0.015552
9117.5 0.014699
9120 0.013088
9122.5 0.011979
9125 0.012122
9127.5 0.013108
9130 0.014839
9132.5 0.016746
9135 0.01874
9137.5 0.021172
9140 0.023922
9142.5 0.026773
9145 0.027802
9147.5 0.026019
9150 0.022893
9152.5 0.019463
9155 0.01778
9157.5 0.0194
9160 0.020897
9162.5 0.020797
9165 0.021963
9167.5 0.022599
9170 0.021294
9172.5 0.021604
9175 0.022575
9177.5 0.021307
9180 0.020091
9182.5 0.019529
9185 0.017674
9187.5 0.016162
9190 0.015155
9192.5 0.012767
9195 0.010833
9197.5 0.01155
9200 0.013941
9202.5 0.016843
9205 0.020192
9207.5 0.021937
9210 0.020881
9212.5 0.017901
9215 0.013105
9217.5 0.0082604
9220 0.0065332
9222.5 0.0068032
9225 0.0069917
9227.5 0.0086155
9230 0.010229
9232.5 0.010021
9235 0.010401
9237.5 0.011077
9240 0.010042
9242.5 0.0082051
9245 0.006005
9247.5 0.002726
9250 0.0001349
9252.5 -0.00015874
9255 0.00066266
9257.5 0.0025061
9260 0.0056968
9262.5 0.0086361
9265 0.010178
9267.5 0.01027
9270 0.0091565
9272.5 0.0085336
9275 0.0089964
9277.5 0.008932
9280 0.0086976
9282.5 0.0086105
9285 0.0076527
9287.5 0.0069811
9290 0.0080336
9292.5 0.010031
9295 0.012078
9297.5 0.014461
9300 0.014948
9302.5 0.011509
9305 0.0071775
9307.5 0.0039743
9310 0.00042093
9312.5 -0.0019203
9315 0.00098842
9317.5 0.0073265
9320 0.011542
9322.5 0.012757
9325 0.011598
9327.5 0.0067873
9330 0.0029873
9332.5 0.0052048
9335 0.00853
9337.5 0.010739
9340 0.013009
9342.5 0.010834
9345 0.0060314
9347.5 0.0054521
9350 0.0085028
9352.5 0.012774
9355 0.017435
9357.5 0.017588
9360 0.0091121
9362.5 -0.0034479
9365 -0.015
9367.5 -0.026063
9370 -0.036231
9372.5 -0.039569
9375 -0.034984
9377.5 -0.028562
9380 -0.02191
9382.5 -0.013984
9385 -0.0078047
9387.5 -0.0044994
9390 0.00020547
9392.5 0.0050668
9395 0.0080393
9397.5 0.011763
9400 0.0148
9402.5 0.014943
9405 0.01558
9407.5 0.019431
9410 0.025336
9412.5 0.028144
9415 0.024957
9417.5 0.017879
9420 0.0079626
9422.5 -0.00066056
9425 -0.0018492
9427.5 0.002505
9430 0.0090187
9432.5 0.019107
9435 0.028042
9437.5 0.030701
9440 0.031286
9442.5 0.032601
9445 0.03222
9447.5 0.030435
9450 0.03136
9452.5 0.037151
9455 0.043436
9457.5 0.04533
9460 0.042561
9462.5 0.033901
9465 0.019258
9467.5 0.0019468
9470 -0.009243
9472.5 -0.0071375
9475 0.0049503
9477.5 0.023072
9480 0.04278
9482.5 0.054884
9485 0.054752
9487.5 0.046875
9490 0.034324
9492.5 0.02166
9495 0.013151
9497.5 0.006341
9500 0.0025865
9502.5 0.0020816
9505 0.0020918
9507.5 0.0021864
9510 0.00071512
9512.5 -0.004886
9515 -0.012967
9517.5 -0.020341
9520 -0.025014
9522.5 -0.024497
9525 -0.017906
9527.5 -0.0087662
9530 -0.0010893
9532.5 0.0036425
9535 0.0054276
9537.5 0.0048252
9540 0.0040633
9542.5 0.0054755
9545 0.0086318
9547.5 0.012547
9550 0.016374
9552.5 0.017875
9555 0.015148
9557.5 0.011875
9560 0.012612
9562.5 0.016278
9565 0.023689
9567.5 0.033563
9570 0.037889
9572.5 0.036822
9575 0.03533
9577.5 0.031291
9580 0.027761
9582.5 0.027565
9585 0.023708
9587.5 0.016964
9590 0.012185
9592.5 0.0080851
9595 0.0066346
9597.5 0.010047
9600 0.013709
9602.5 0.017744
9605 0.024744
9607.5 0.031416
9610 0.036511
9612.5 0.03952
9615 0.037495
9617.5 0.031508
9620 0.025709
9622.5 0.020916
9625 0.017879
9627.5 0.017633
9630 0.01769
9632.5 0.015944
9635 0.013489
9637.5 0.010786
9640 0.0078022
9642.5 0.0068076
9645 0.0088793
9647.5 0.01284
9650 0.017799
9652.5 0.023315
9655 0.024943
9657.5 0.018544
9660 0.0095399
9662.5 0.0025109
9665 -0.0034988
9667.5 -0.0042236
9670 0.0015207
9672.5 0.0056126
9675 0.0083992
9677.5 0.01345
9680 0.016508
9682.5 0.019949
9685 0.027889
9687.5 0.03562
9690 0.036682
9692.5 0.032346
9695 0.031243
9697.5 0.035431
9700 0.037315
9702.5 0.03772
9705 0.041503
9707.5 0.041005
9710 0.028492
9712.5 0.01279
9715 0.0055509
9717.5 0.0035819
9720 0.0014526
9722.5 0.0031478
9725 0.0063458
9727.5 0.0039326
9730 0.00072871
9732.5 0.0010946
9735 0.0029188
9737.5 0.0077633
9740 0.014067
9742.5 0.017594
9745 0.021448
9747.5 0.027163
9750 0.032583
9752.5 0.036488
9755 0.036204
9757.5 0.031959
9760 0.027446
9762.5 0.023463
9765 0.02033
9767.5 0.02009
9770 0.020632
9772.5 0.021415
9775 0.024449
9777.5 0.029349
9780 0.035588
9782.5 0.043533
9785 0.05152
9787.5 0.05857
9790 0.06552
