3668.18286133  2.838612E-15
3673.70133972355  2.671919E-15
3679.2198181171  2.530232E-15
3684.73829651065  2.369103E-15
3690.2567749042  2.318226E-15
3695.77525329775  2.355556E-15
3701.2937316913  2.192784E-15
3706.81221008485  2.256030E-15
3712.3306884784  2.268425E-15
3717.84916687195  2.374117E-15
3723.3676452655  2.420048E-15
3728.88612365905  2.404491E-15
3734.4046020526  2.578800E-15
3739.92308044615  2.831513E-15
3745.4415588397  2.878657E-15
3750.96003723325  2.987002E-15
3756.4785156268  3.191701E-15
3761.99699402035  3.604736E-15
3767.5154724139  3.809431E-15
3773.03395080745  4.094872E-15
3778.552429201  4.486774E-15
3784.07090759455  4.711401E-15
3789.5893859881  5.181677E-15
3795.10786438165  5.579841E-15
3800.6263427752  5.899609E-15
3806.14482116875  6.385176E-15
3811.6632995623  6.892665E-15
3817.18177795585  7.591327E-15
3822.7002563494  8.069825E-15
3828.21873474295  8.637613E-15
3833.7372131365  9.200782E-15
3839.25569153005  9.797738E-15
3844.7741699236  1.041875E-14
3850.29264831715  1.091251E-14
3855.8111267107  1.204733E-14
3861.32960510425  1.263332E-14
3866.8480834978  1.341408E-14
3872.36656189135  1.430885E-14
3877.8850402849  1.510064E-14
3883.40351867845  1.575552E-14
3888.921997072  1.640262E-14
3894.44047546555  1.697188E-14
3899.9589538591  1.739480E-14
3905.47743225265  1.775608E-14
3910.9959106462  1.839415E-14
3916.51438903975  1.913792E-14
3922.0328674333  1.901204E-14
3927.55134582685  1.933869E-14
3933.0698242204  1.957431E-14
3938.58830261395  1.945703E-14
3944.1067810075  1.965595E-14
3949.62525940105  1.958323E-14
3955.1437377946  1.918553E-14
3960.66221618815  1.874896E-14
3966.1806945817  1.837719E-14
3971.69917297525  1.807113E-14
3977.2176513688  1.800349E-14
3982.73612976235  1.775965E-14
3988.2546081559  1.725186E-14
3993.77308654945  1.700551E-14
3999.291564943  1.654652E-14
4004.81004333655  1.625323E-14
4010.3285217301  1.608974E-14
4015.84700012365  1.608334E-14
4021.3654785172  1.589841E-14
4026.88395691075  1.608774E-14
4032.4024353043  1.611086E-14
4037.92091369785  1.652191E-14
4043.4393920914  1.668959E-14
4048.95787048495  1.714135E-14
4054.4763488785  1.757334E-14
4059.99482727205  1.795603E-14
4065.5133056656  1.830582E-14
4071.03178405915  1.871666E-14
4076.5502624527  1.917215E-14
4082.06874084625  1.937157E-14
4087.5872192398  1.983713E-14
4093.10569763335  2.001239E-14
4098.6241760269  2.007832E-14
4104.14265442045  2.037804E-14
4109.661132814  2.048850E-14
4115.17961120755  2.037245E-14
4120.6980896011  2.042575E-14
4126.21656799465  2.029934E-14
4131.7350463882  1.996397E-14
4137.25352478175  1.962475E-14
4142.7720031753  1.904186E-14
4148.29048156885  1.877465E-14
4153.8089599624  1.850791E-14
4159.32743835595  1.808674E-14
4164.8459167495  1.771836E-14
4170.36439514305  1.754962E-14
4175.8828735366  1.712626E-14
4181.40135193015  1.695618E-14
4186.9198303237  1.683854E-14
4192.43830871725  1.657914E-14
4197.9567871108  1.651917E-14
4203.47526550435  1.629803E-14
4208.9937438979  1.597160E-14
4214.51222229145  1.587281E-14
4220.030700685  1.567901E-14
4225.54917907855  1.491125E-14
4231.0676574721  1.461971E-14
4236.58613586565  1.429520E-14
4242.1046142592  1.379642E-14
4247.62309265275  1.349375E-14
4253.1415710463  1.311570E-14
4258.66004943985  1.279161E-14
4264.1785278334  1.246109E-14
4269.69700622695  1.218698E-14
4275.21548462051  1.176684E-14
4280.73396301405  1.146281E-14
4286.2524414076  1.102320E-14
4291.77091980115  1.070960E-14
4297.2893981947  1.047786E-14
4302.80787658825  1.027533E-14
4308.3263549818  1.001875E-14
4313.84483337535  9.856405E-15
4319.3633117689  9.612189E-15
4324.88179016245  9.590438E-15
4330.400268556  9.448079E-15
4335.91874694955  9.402740E-15
4341.4372253431  9.471876E-15
4346.95570373665  9.511291E-15
4352.4741821302  9.506973E-15
4357.99266052375  9.797052E-15
4363.5111389173  1.001266E-14
4369.02961731085  1.029455E-14
4374.5480957044  1.061253E-14
4380.06657409795  1.072505E-14
4385.5850524915  1.086178E-14
4391.10353088505  1.125576E-14
4396.6220092786  1.142248E-14
4402.14048767215  1.147453E-14
4407.6589660657  1.169446E-14
4413.17744445925  1.168949E-14
4418.6959228528  1.167249E-14
4424.21440124635  1.154332E-14
4429.7328796399  1.127832E-14
4435.25135803345  1.120854E-14
4440.769836427  1.093450E-14
4446.28831482055  1.084124E-14
4451.8067932141  1.080262E-14
4457.32527160765  1.078335E-14
4462.8437500012  1.096211E-14
4468.36222839475  1.114590E-14
4473.8807067883  1.142449E-14
4479.39918518185  1.172126E-14
4484.9176635754  1.200125E-14
4490.43614196896  1.245687E-14
4495.9546203625  1.274352E-14
4501.47309875605  1.295723E-14
4506.9915771496  1.328901E-14
4512.51005554315  1.347511E-14
4518.0285339367  1.369949E-14
4523.54701233025  1.385651E-14
4529.0654907238  1.391696E-14
4534.58396911735  1.395219E-14
4540.1024475109  1.387043E-14
4545.62092590445  1.384895E-14
4551.139404298  1.384121E-14
4556.65788269155  1.373270E-14
4562.1763610851  1.354400E-14
4567.69483947865  1.350712E-14
4573.2133178722  1.329737E-14
4578.73179626575  1.331658E-14
4584.2502746593  1.310800E-14
4589.76875305285  1.315694E-14
4595.2872314464  1.303593E-14
4600.80570983995  1.307112E-14
4606.3241882335  1.284155E-14
4611.84266662705  1.287402E-14
4617.3611450206  1.275296E-14
4622.87962341415  1.260058E-14
4628.3981018077  1.245191E-14
4633.91658020125  1.223998E-14
4639.4350585948  1.197961E-14
4644.95353698835  1.168107E-14
4650.4720153819  1.148993E-14
4655.99049377545  1.123401E-14
4661.508972169  1.089295E-14
4667.02745056255  1.058279E-14
4672.5459289561  1.045797E-14
4678.06440734965  1.020298E-14
4683.5828857432  1.016314E-14
4689.10136413675  9.928880E-15
4694.6198425303  9.801670E-15
4700.13832092385  9.682968E-15
4705.6567993174  9.692301E-15
4711.17527771095  9.695635E-15
4716.6937561045  9.524196E-15
4722.21223449805  9.529076E-15
4727.7307128916  9.517637E-15
4733.24919128516  9.497315E-15
4738.7676696787  9.378555E-15
4744.28614807225  9.204616E-15
4749.8046264658  9.099794E-15
4755.32310485936  8.909492E-15
4760.84158325291  8.747565E-15
4766.36006164645  8.750165E-15
4771.87854004  8.678433E-15
4777.39701843355  8.576938E-15
4782.9154968271  8.664065E-15
4788.43397522065  8.683875E-15
4793.95245361421  8.739759E-15
4799.47093200776  8.755869E-15
4804.9894104013  8.748172E-15
4810.50788879485  8.752643E-15
4816.0263671884  8.708830E-15
4821.54484558195  8.549412E-15
4827.0633239755  8.392418E-15
4832.58180236905  8.202085E-15
4838.10028076261  8.061865E-15
4843.61875915615  7.791040E-15
4849.1372375497  7.517257E-15
4854.65571594325  7.323422E-15
4860.1741943368  7.169130E-15
4865.69267273035  6.888530E-15
4871.2111511239  6.719538E-15
4876.72962951745  6.587573E-15
4882.248107911  6.560407E-15
4887.76658630455  6.540486E-15
4893.2850646981  6.371118E-15
4898.80354309165  6.360881E-15
4904.3220214852  6.538069E-15
4909.84049987875  6.591466E-15
4915.3589782723  6.720582E-15
4920.87745666585  6.932888E-15
4926.3959350594  7.074548E-15
4931.91441345295  7.217616E-15
4937.4328918465  7.328078E-15
4942.95137024005  7.407351E-15
4948.46984863361  7.567453E-15
4953.98832702715  7.684900E-15
4959.5068054207  7.785953E-15
4965.02528381425  7.969751E-15
4970.5437622078  8.159518E-15
4976.06224060135  8.233674E-15
4981.5807189949  8.392178E-15
4987.09919738845  8.605575E-15
4992.617675782  8.592702E-15
4998.13615417555  8.597887E-15
5003.6546325691  8.714848E-15
5009.17311096266  8.721325E-15
5014.69158935621  8.745176E-15
5020.21006774976  8.760022E-15
5025.72854614331  8.715062E-15
5031.24702453686  8.710016E-15
5036.7655029304  8.672698E-15
5042.28398132396  8.775542E-15
5047.8024597175  8.779764E-15
5053.32093811106  8.852097E-15
5058.83941650461  8.981470E-15
5064.35789489815  9.012136E-15
5069.87637329171  9.111019E-15
5075.39485168526  9.219020E-15
5080.91333007881  9.218536E-15
5086.43180847235  9.259862E-15
5091.95028686591  9.358189E-15
5097.46876525946  9.412525E-15
5102.987243653  9.585709E-15
5108.50572204656  9.643954E-15
5114.0242004401  9.676134E-15
5119.54267883366  9.838451E-15
5125.0611572272  9.817637E-15
5130.57963562076  9.764390E-15
5136.09811401431  9.831089E-15
5141.61659240785  9.794119E-15
5147.1350708014  9.730767E-15
5152.65354919495  9.644974E-15
5158.1720275885  9.550732E-15
5163.69050598206  9.450154E-15
5169.20898437561  9.443554E-15
5174.72746276915  9.337012E-15
5180.2459411627  9.278626E-15
5185.76441955626  9.322579E-15
5191.28289794981  9.311221E-15
5196.80137634335  9.289884E-15
5202.3198547369  9.315196E-15
5207.83833313046  9.249362E-15
5213.35681152401  9.266033E-15
5218.87528991755  9.170818E-15
5224.3937683111  9.051844E-15
5229.91224670466  8.831175E-15
5235.4307250982  8.535939E-15
5240.94920349176  8.317187E-15
5246.46768188531  8.001094E-15
5251.98616027886  7.731847E-15
5257.50463867241  7.455335E-15
5263.02311706595  7.109295E-15
5268.54159545951  6.906945E-15
5274.06007385306  6.684996E-15
5279.57855224661  6.448848E-15
5285.09703064016  6.365199E-15
5290.61550903371  6.227337E-15
5296.13398742725  6.102252E-15
5301.65246582081  6.043197E-15
5307.17094421436  5.995375E-15
5312.68942260791  5.999724E-15
5318.20790100146  6.037518E-15
5323.72637939501  6.115666E-15
5329.24485778856  6.191613E-15
5334.76333618211  6.229547E-15
5340.28181457565  6.350959E-15
5345.8002929692  6.387427E-15
5351.31877136276  6.356769E-15
5356.83724975631  6.488478E-15
5362.35572814986  6.625332E-15
5367.87420654341  6.747852E-15
5373.39268493696  6.751247E-15
5378.91116333051  6.781106E-15
5384.42964172406  6.840224E-15
5389.94812011761  6.914536E-15
5395.46659851115  6.906560E-15
5400.98507690471  6.832773E-15
5406.50355529826  6.798469E-15
5412.02203369181  6.658183E-15
5417.54051208536  6.554228E-15
5423.05899047891  6.406152E-15
5428.57746887246  6.339398E-15
5434.09594726601  6.221259E-15
5439.61442565955  6.051313E-15
5445.13290405311  5.870631E-15
5450.65138244666  5.782901E-15
5456.1698608402  5.651435E-15
5461.68833923375  5.473206E-15
5467.20681762731  5.389623E-15
5472.72529602086  5.403166E-15
5478.2437744144  5.358986E-15
5483.76225280795  5.418227E-15
5489.2807312015  5.513713E-15
5494.79920959506  5.571070E-15
5500.31768798861  5.692445E-15
5505.83616638216  5.894075E-15
5511.35464477571  6.079552E-15
5516.87312316926  6.236165E-15
5522.39160156281  6.400205E-15
5527.91007995636  6.546896E-15
5533.42855834991  6.715318E-15
5538.94703674346  6.967262E-15
5544.46551513701  7.088468E-15
5549.98399353056  7.279230E-15
5555.50247192411  7.364025E-15
5561.02095031766  7.456747E-15
5566.53942871121  7.544055E-15
5572.05790710476  7.595959E-15
5577.57638549831  7.564003E-15
5583.09486389186  7.476805E-15
5588.61334228541  7.485666E-15
5594.13182067896  7.364664E-15
5599.65029907251  7.423507E-15
5605.16877746606  7.338579E-15
5610.6872558596  7.445985E-15
5616.20573425316  7.357715E-15
5621.72421264671  7.475877E-15
5627.24269104026  7.446017E-15
5632.7611694338  7.575309E-15
5638.27964782736  7.640736E-15
5643.79812622091  7.631785E-15
5649.31660461446  7.671988E-15
5654.83508300801  7.655489E-15
5660.35356140156  7.712741E-15
5665.87203979511  7.659722E-15
5671.39051818866  7.651936E-15
5676.9089965822  7.674380E-15
5682.42747497576  7.715795E-15
5687.94595336931  7.584318E-15
5693.46443176286  7.604696E-15
5698.98291015641  7.565199E-15
5704.50138854996  7.454206E-15
5710.01986694351  7.416510E-15
5715.53834533706  7.278945E-15
5721.0568237306  7.156969E-15
5726.57530212416  7.092303E-15
5732.09378051771  6.887797E-15
5737.61225891125  6.804342E-15
5743.13073730481  6.789858E-15
5748.64921569836  6.718068E-15
5754.16769409191  6.514173E-15
5759.68617248546  6.493601E-15
5765.20465087901  6.467944E-15
5770.72312927256  6.397172E-15
5776.2416076661  6.314452E-15
5781.76008605966  6.237001E-15
5787.27856445321  6.215686E-15
5792.79704284676  6.196405E-15
5798.31552124031  6.186726E-15
5803.83399963386  6.176109E-15
5809.35247802741  6.284785E-15
5814.87095642096  6.326626E-15
5820.38943481451  6.323021E-15
5825.90791320805  6.399783E-15
5831.42639160161  6.473114E-15
5836.94486999516  6.532911E-15
5842.46334838871  6.637056E-15
5847.98182678226  6.636371E-15
5853.50030517581  6.632257E-15
5859.01878356936  6.722746E-15
5864.53726196291  6.743500E-15
5870.05574035646  6.768443E-15
5875.57421875001  6.755772E-15
5881.09269714356  6.702348E-15
5886.61117553711  6.702196E-15
5892.12965393065  6.758866E-15
5897.64813232421  6.767680E-15
5903.16661071776  6.819677E-15
5908.68508911131  6.937995E-15
5914.20356750486  6.936928E-15
5919.72204589841  6.904569E-15
5925.24052429196  6.945961E-15
5930.75900268551  6.954793E-15
5936.27748107906  6.884163E-15
5941.79595947261  6.809103E-15
5947.31443786616  6.840329E-15
5952.83291625971  6.948801E-15
5958.35139465325  6.927440E-15
5963.86987304681  6.803236E-15
5969.38835144035  6.740246E-15
5974.90682983391  6.651676E-15
5980.42530822746  6.590389E-15
5985.94378662101  6.402028E-15
5991.46226501456  6.295716E-15
5996.98074340811  6.147993E-15
6002.49922180166  5.903747E-15
6008.01770019521  5.608024E-15
6013.53617858876  5.372845E-15
6019.05465698231  5.127803E-15
6024.57313537586  4.875035E-15
6030.09161376941  4.582138E-15
6035.61009216296  4.322363E-15
6041.12857055651  4.058373E-15
6046.64704895006  3.855788E-15
6052.16552734361  3.636823E-15
6057.68400573716  3.360640E-15
6063.20248413071  3.152790E-15
6068.72096252426  2.934921E-15
6074.23944091781  2.849042E-15
6079.75791931136  2.705447E-15
6085.27639770491  2.633064E-15
6090.79487609846  2.490865E-15
6096.31335449201  2.432189E-15
6101.83183288556  2.412669E-15
6107.35031127911  2.331807E-15
6112.86878967266  2.272720E-15
6118.38726806621  2.249314E-15
6123.90574645976  2.179579E-15
6129.42422485331  2.172363E-15
6134.94270324686  2.219133E-15
6140.46118164041  2.213076E-15
6145.97966003396  2.233232E-15
6151.49813842751  2.267732E-15
6157.01661682106  2.323792E-15
6162.53509521461  2.387088E-15
6168.05357360816  2.493866E-15
6173.57205200171  2.596963E-15
6179.09053039526  2.730823E-15
6184.60900878881  2.838485E-15
6190.12748718236  3.006877E-15
6195.64596557591  3.153275E-15
6201.16444396946  3.315995E-15
6206.68292236301  3.469030E-15
6212.20140075656  3.705772E-15
6217.71987915011  3.910468E-15
6223.23835754366  4.059674E-15
6228.75683593721  4.302159E-15
6234.27531433076  4.554930E-15
6239.79379272431  4.744798E-15
6245.31227111786  4.838753E-15
6250.83074951141  4.974384E-15
6256.34922790496  5.130105E-15
6261.86770629851  5.237697E-15
6267.38618469206  5.361758E-15
6272.90466308561  5.527665E-15
6278.42314147916  5.585387E-15
6283.94161987271  5.685380E-15
6289.46009826626  5.900833E-15
6294.97857665981  6.002068E-15
6300.49705505336  6.056127E-15
6306.01553344691  6.133662E-15
6311.53401184046  6.286322E-15
6317.05249023401  6.324367E-15
6322.57096862756  6.356571E-15
6328.08944702111  6.384467E-15
6333.60792541466  6.437945E-15
6339.12640380821  6.533915E-15
6344.64488220176  6.537677E-15
6350.16336059531  6.496163E-15
6355.68183898886  6.561459E-15
6361.20031738241  6.458857E-15
6366.71879577596  6.465469E-15
6372.23727416951  6.447364E-15
6377.75575256306  6.485518E-15
6383.27423095661  6.392516E-15
6388.79270935016  6.351417E-15
6394.31118774371  6.376108E-15
6399.82966613726  6.456532E-15
6405.34814453081  6.314325E-15
6410.86662292436  6.346885E-15
6416.38510131791  6.350676E-15
6421.90357971146  6.292266E-15
6427.42205810501  6.284344E-15
6432.94053649856  6.224555E-15
6438.45901489211  6.250662E-15
6443.97749328566  6.112482E-15
6449.49597167921  6.023612E-15
6455.01445007276  6.049517E-15
6460.53292846631  5.987784E-15
6466.05140685986  5.959267E-15
6471.56988525341  5.891666E-15
6477.08836364696  5.813975E-15
6482.60684204051  5.736548E-15
6488.12532043406  5.728774E-15
6493.64379882761  5.692802E-15
6499.16227722116  5.595540E-15
6504.68075561471  5.561248E-15
6510.19923400826  5.566055E-15
6515.71771240181  5.539061E-15
6521.23619079536  5.442276E-15
6526.75466918891  5.434469E-15
6532.27314758246  5.405796E-15
6537.79162597601  5.378733E-15
6543.31010436956  5.363382E-15
6548.82858276311  5.369500E-15
6554.34706115666  5.278644E-15
6559.86553955021  5.247840E-15
6565.38401794376  5.136544E-15
6570.90249633731  5.130039E-15
6576.42097473086  5.122178E-15
6581.93945312441  5.135253E-15
6587.45793151796  5.140852E-15
6592.97640991151  5.113764E-15
6598.49488830506  5.088766E-15
6604.01336669861  5.019736E-15
6609.53184509216  5.048055E-15
6615.05032348571  5.055922E-15
6620.56880187926  5.001216E-15
6626.08728027281  4.951620E-15
6631.60575866636  4.967018E-15
6637.12423705991  4.967039E-15
6642.64271545346  4.935733E-15
6648.16119384701  4.899902E-15
6653.67967224056  4.860383E-15
6659.19815063411  4.877754E-15
6664.71662902766  4.878598E-15
6670.23510742121  4.782520E-15
6675.75358581476  4.739898E-15
6681.27206420831  4.747453E-15
6686.79054260186  4.763424E-15
6692.30902099541  4.734100E-15
6697.82749938896  4.633710E-15
6703.34597778251  4.577344E-15
6708.86445617606  4.612681E-15
6714.38293456961  4.641653E-15
6719.90141296316  4.599966E-15
6725.41989135671  4.572344E-15
6730.93836975026  4.536613E-15
6736.45684814381  4.506352E-15
6741.97532653736  4.410426E-15
6747.49380493091  4.376612E-15
6753.01228332446  4.394081E-15
6758.53076171801  4.386842E-15
6764.04924011156  4.387795E-15
6769.56771850511  4.219873E-15
6775.08619689866  4.282704E-15
6780.60467529221  4.302190E-15
6786.12315368576  4.226490E-15
6791.64163207931  4.266002E-15
6797.16011047286  4.184861E-15
6802.67858886641  4.284939E-15
6808.19706725996  4.245868E-15
6813.71554565351  4.126003E-15
6819.23402404706  4.180678E-15
6824.75250244061  4.216015E-15
6830.27098083416  4.139454E-15
6835.78945922771  4.138137E-15
6841.30793762126  4.126991E-15
6846.82641601481  4.107273E-15
6852.34489440836  4.106508E-15
6857.86337280191  4.155699E-15
6863.38185119546  4.178657E-15
6868.90032958901  4.050006E-15
6874.41880798256  3.834415E-15
6879.93728637611  3.936766E-15
6885.45576476966  4.125655E-15
6890.97424316321  3.972430E-15
6896.49272155676  3.912988E-15
6902.01119995031  3.962308E-15
6907.52967834386  3.879579E-15
6913.04815673741  3.809252E-15
6918.56663513096  3.804016E-15
6924.08511352451  3.844071E-15
6929.60359191806  3.891006E-15
6935.12207031161  3.860371E-15
6940.64054870516  3.900283E-15
6946.15902709871  3.829895E-15
6951.67750549226  3.836120E-15
6957.19598388581  3.816842E-15
6962.71446227936  3.820458E-15
6968.23294067291  3.772671E-15
6973.75141906646  3.823581E-15
6979.26989746001  3.784580E-15
6984.78837585356  3.804848E-15
6990.30685424711  3.770736E-15
6995.82533264066  3.746148E-15
7001.34381103421  3.731115E-15
7006.86228942776  3.721296E-15
7012.38076782131  3.701238E-15
7017.89924621486  3.648617E-15
7023.41772460841  3.603741E-15
7028.93620300196  3.583309E-15
7034.45468139551  3.617711E-15
7039.97315978906  3.649566E-15
7045.49163818261  3.632436E-15
7051.01011657616  3.598718E-15
7056.52859496971  3.593374E-15
7062.04707336326  3.672262E-15
7067.56555175681  3.701327E-15
7073.08403015036  3.639854E-15
7078.60250854391  3.607728E-15
7084.12098693746  3.632000E-15
7089.63946533101  3.676696E-15
7095.15794372456  3.650168E-15
7100.67642211811  3.575287E-15
7106.19490051166  3.587817E-15
7111.71337890521  3.619913E-15
7117.23185729876  3.611682E-15
7122.75033569231  3.540694E-15
7128.26881408586  3.532611E-15
7133.78729247941  3.591505E-15
7139.30577087296  3.691927E-15
7144.82424926651  3.644611E-15
7150.34272766006  3.588873E-15
7155.86120605361  3.584018E-15
7161.37968444716  3.528488E-15
7166.89816284071  3.619692E-15
7172.41664123426  3.572986E-15
7177.93511962781  3.502165E-15
7183.45359802136  3.486836E-15
7188.97207641491  3.459535E-15
7194.49055480846  3.492308E-15
7200.00903320201  3.513424E-15
7205.52751159556  3.457440E-15
7211.04598998911  3.402526E-15
7216.56446838266  3.520099E-15
7222.08294677621  3.575421E-15
7227.60142516976  3.513781E-15
7233.11990356331  3.456490E-15
7238.63838195686  3.382874E-15
7244.15686035041  3.392838E-15
7249.67533874396  3.471915E-15
7255.19381713751  3.387836E-15
7260.71229553106  3.280087E-15
7266.23077392461  3.307965E-15
7271.74925231816  3.347768E-15
7277.26773071171  3.357076E-15
7282.78620910526  3.288448E-15
7288.30468749881  3.228214E-15
7293.82316589236  3.163927E-15
7299.34164428591  3.244295E-15
7304.86012267946  3.270368E-15
7310.37860107301  3.181548E-15
7315.89707946656  3.071812E-15
7321.41555786011  3.084300E-15
7326.93403625366  3.169051E-15
7332.45251464721  3.167961E-15
7337.97099304076  3.138741E-15
7343.48947143431  3.088283E-15
7349.00794982786  3.021125E-15
7354.52642822141  3.058743E-15
7360.04490661496  3.106504E-15
7365.56338500851  3.071267E-15
7371.08186340206  3.004204E-15
7376.60034179561  2.959625E-15
7382.11882018916  3.026452E-15
7387.63729858271  3.053544E-15
7393.15577697626  3.060721E-15
7398.67425536981  2.977559E-15
7404.19273376336  2.881120E-15
7409.71121215691  2.875936E-15
7415.22969055046  2.846084E-15
7420.74816894401  2.954338E-15
7426.26664733756  2.850486E-15
7431.78512573111  2.720173E-15
7437.30360412466  2.607678E-15
7442.82208251821  2.605422E-15
7448.34056091176  2.657126E-15
7453.85903930531  2.672546E-15
7459.37751769886  2.610923E-15
7464.89599609241  2.506580E-15
7470.41447448596  2.519722E-15
7475.93295287951  2.543099E-15
7481.45143127306  2.558148E-15
7486.96990966661  2.595331E-15
7492.48838806016  2.547202E-15
7498.00686645371  2.478869E-15
7503.52534484726  2.458777E-15
7509.04382324081  2.498654E-15
7514.56230163436  2.533942E-15
7520.08078002791  2.527124E-15
7525.59925842146  2.481040E-15
7531.11773681501  2.441888E-15
7536.63621520856  2.425381E-15
7542.15469360211  2.414874E-15
7547.67317199566  2.496332E-15
7553.19165038921  2.564462E-15
7558.71012878276  2.492985E-15
7564.22860717631  2.478685E-15
7569.74708556986  2.478592E-15
7575.26556396341  2.484447E-15
7580.78404235696  2.753252E-15
7586.30252075051  2.927901E-15
7591.82099914406  3.143957E-15
7597.33947753761  3.179587E-15
7602.85795593116  2.600163E-15
7608.37643432471  2.046218E-15
7613.89491271826  2.181244E-15
7619.41339111181  2.744380E-15
7624.93186950536  3.013330E-15
7630.45034789891  2.728079E-15
7635.96882629246  2.368157E-15
7641.48730468601  2.457337E-15
7647.00578307956  2.636584E-15
7652.52426147311  2.727390E-15
7658.04273986666  2.695988E-15
7663.56121826021  2.724159E-15
7669.07969665376  2.697338E-15
7674.59817504731  2.756783E-15
7680.11665344086  2.851768E-15
7685.63513183441  2.945590E-15
7691.15361022796  2.988764E-15
7696.67208862151  2.952328E-15
7702.19056701506  2.913553E-15
7707.70904540861  2.854360E-15
7713.22752380216  2.914468E-15
7718.74600219571  3.071941E-15
7724.26448058926  3.180255E-15
7729.78295898281  3.035416E-15
7735.30143737636  2.915861E-15
7740.81991576991  2.958954E-15
7746.33839416346  3.021054E-15
7751.85687255701  3.044786E-15
7757.37535095056  3.087129E-15
7762.89382934411  3.123064E-15
7768.41230773766  2.988938E-15
7773.93078613121  2.929916E-15
7779.44926452476  2.996212E-15
7784.96774291831  3.061620E-15
7790.48622131186  3.183858E-15
7796.00469970541  3.093891E-15
7801.52317809896  3.016972E-15
7807.04165649251  2.922131E-15
7812.56013488606  2.967652E-15
7818.07861327961  2.950559E-15
7823.59709167316  3.081329E-15
7829.11557006671  3.136355E-15
7834.63404846026  3.080048E-15
7840.15252685381  2.898928E-15
7845.67100524736  2.841531E-15
7851.18948364091  2.827953E-15
7856.70796203446  2.929676E-15
7862.22644042801  2.998341E-15
7867.74491882156  3.011976E-15
7873.26339721511  2.892755E-15
7878.78187560866  2.749177E-15
7884.30035400221  2.698645E-15
7889.81883239576  2.752447E-15
7895.33731078931  2.795182E-15
7900.85578918286  2.811932E-15
7906.37426757641  2.673532E-15
7911.89274596996  2.483752E-15
7917.41122436351  2.433551E-15
7922.92970275706  2.355811E-15
7928.44818115061  2.366111E-15
7933.96665954416  2.378987E-15
7939.48513793771  2.290628E-15
7945.00361633126  2.149220E-15
7950.52209472481  2.015243E-15
7956.04057311836  1.981671E-15
7961.55905151191  2.041749E-15
7967.07752990546  2.021685E-15
7972.59600829901  1.889687E-15
7978.11448669256  1.806909E-15
7983.63296508611  1.724062E-15
7989.15144347966  1.644621E-15
7994.66992187321  1.686483E-15
8000.18840026676  1.642614E-15
8005.70687866031  1.562884E-15
8011.22535705386  1.505243E-15
8016.74383544741  1.448852E-15
8022.26231384096  1.378353E-15
8027.78079223451  1.348476E-15
8033.29927062806  1.373700E-15
8038.81774902161  1.344771E-15
8044.33622741516  1.345384E-15
8049.85470580871  1.308789E-15
8055.37318420226  1.266624E-15
8060.89166259581  1.265309E-15
8066.41014098936  1.259722E-15
8071.92861938291  1.301008E-15
8077.44709777646  1.319400E-15
8082.96557617001  1.301556E-15
8088.48405456356  1.270269E-15
8094.00253295711  1.228800E-15
8099.52101135066  1.223330E-15
8105.03948974421  1.254976E-15
8110.55796813776  1.263434E-15
8116.07644653131  1.268965E-15
8121.59492492486  1.193840E-15
8127.11340331841  1.185253E-15
8132.63188171196  1.129542E-15
8138.15036010551  1.153878E-15
8143.66883849906  1.163310E-15
8149.18731689261  1.189109E-15
8154.70579528616  1.182733E-15
8160.22427367971  1.146112E-15
8165.74275207326  1.126617E-15
8171.26123046681  1.120419E-15
8176.77970886036  1.126319E-15
8182.29818725391  1.139913E-15
8187.81666564746  1.181485E-15
8193.33514404101  1.188239E-15
8198.85362243456  1.131204E-15
8204.37210082811  1.123734E-15
8209.89057922166  1.170222E-15
8215.40905761521  1.253955E-15
8220.92753600876  1.347524E-15
8226.44601440231  1.373814E-15
8231.96449279586  1.205627E-15
8237.48297118941  1.216570E-15
8243.00144958296  1.204525E-15
8248.51992797651  1.281890E-15
8254.03840637006  1.322911E-15
8259.55688476361  1.342354E-15
8265.07536315716  1.345090E-15
8270.59384155071  1.385810E-15
8276.11231994426  1.276865E-15
8281.63079833781  1.330351E-15
8287.14927673136  1.336779E-15
8292.66775512491  1.405013E-15
8298.18623351846  1.445873E-15
8303.70471191201  1.432012E-15
8309.22319030556  1.381615E-15
8314.74166869911  1.304580E-15
8320.26014709266  1.311249E-15
8325.77862548621  1.419015E-15
8331.29710387976  1.515715E-15
8336.81558227331  1.542052E-15
8342.33406066686  1.526574E-15
8347.85253906041  1.511575E-15
8353.37101745396  1.520451E-15
8358.88949584751  1.502803E-15
8364.40797424106  1.601898E-15
8369.92645263461  1.717510E-15
8375.44493102816  1.716334E-15
8380.96340942171  1.671837E-15
8386.48188781526  1.682360E-15
8392.00036620881  1.643479E-15
8397.51884460236  1.788935E-15
8403.03732299591  1.869279E-15
8408.55580138946  1.977209E-15
8414.07427978301  1.948152E-15
8419.59275817656  1.919803E-15
8425.11123657011  1.934205E-15
8430.62971496366  1.921491E-15
8436.14819335721  2.071054E-15
8441.66667175076  2.183350E-15
8447.18515014431  2.277273E-15
8452.70362853786  2.229794E-15
8458.22210693141  2.164132E-15
8463.74058532496  2.176693E-15
8469.25906371851  2.201235E-15
8474.77754211206  2.285735E-15
8480.29602050561  2.461128E-15
8485.81449889916  2.524728E-15
8491.33297729271  2.428440E-15
8496.85145568626  2.366271E-15
8502.36993407981  2.311537E-15
8507.88841247336  2.423493E-15
8513.40689086691  2.680907E-15
8518.92536926046  2.688307E-15
8524.44384765401  2.729188E-15
8529.96232604756  2.613270E-15
8535.48080444111  2.465205E-15
8540.99928283466  2.454664E-15
8546.51776122821  2.573093E-15
8552.03623962176  2.764336E-15
8557.55471801531  2.819252E-15
8563.07319640886  2.716937E-15
8568.59167480241  2.679480E-15
8574.11015319596  2.494218E-15
8579.62863158951  2.589182E-15
8585.14710998306  2.682036E-15
8590.66558837661  2.813903E-15
8596.18406677016  2.839216E-15
8601.70254516371  2.777833E-15
8607.22102355726  2.710492E-15
8612.73950195081  2.544242E-15
8618.25798034436  2.583936E-15
8623.77645873791  2.670578E-15
8629.29493713146  2.726046E-15
8634.81341552501  2.822213E-15
8640.33189391856  2.813948E-15
8645.85037231211  2.630756E-15
8651.36885070566  2.500866E-15
8656.88732909921  2.536074E-15
8662.40580749276  2.563425E-15
8667.92428588631  2.656811E-15
8673.44276427986  2.786861E-15
8678.96124267341  2.720290E-15
8684.47972106696  2.597854E-15
8689.99819946051  2.466363E-15
8695.51667785406  2.467294E-15
8701.03515624761  2.583449E-15
8706.55363464116  2.676755E-15
8712.07211303471  2.596390E-15
8717.59059142826  2.704918E-15
8723.10906982181  2.450304E-15
8728.62754821536  2.417884E-15
8734.14602660891  2.349726E-15
8739.66450500246  2.370452E-15
8745.18298339601  2.512079E-15
8750.70146178956  2.615787E-15
8756.21994018311  2.572640E-15
8761.73841857666  2.353076E-15
8767.25689697021  2.243074E-15
8772.77537536376  2.205860E-15
8778.29385375731  2.271815E-15
8783.81233215086  2.421631E-15
8789.33081054441  2.376752E-15
8794.84928893796  2.258527E-15
8800.36776733151  2.168819E-15
8805.88624572506  2.112623E-15
8811.40472411861  2.091852E-15
8816.92320251216  2.120424E-15
8822.44168090571  2.213174E-15
8827.96015929926  2.199789E-15
8833.47863769281  2.152251E-15
8838.99711608636  1.968054E-15
8844.51559447991  1.886619E-15
8850.03407287346  1.932645E-15
8855.55255126701  2.087343E-15
8861.07102966056  2.063235E-15
8866.58950805411  2.080965E-15
8872.10798644766  1.961447E-15
8877.62646484121  1.835784E-15
8883.14494323476  1.812831E-15
8888.66342162831  1.913173E-15
8894.18190002186  1.953855E-15
8899.70037841541  1.949458E-15
8905.21885680896  1.910301E-15
8910.73733520251  1.873287E-15
8916.25581359606  1.708612E-15
8921.77429198961  1.800986E-15
8927.29277038316  1.811852E-15
8932.81124877671  1.885893E-15
8938.32972717026  1.844868E-15
8943.84820556381  1.747908E-15
8949.36668395736  1.650726E-15
8954.88516235091  1.695906E-15
8960.40364074446  1.833379E-15
8965.92211913801  1.851501E-15
8971.44059753156  1.788433E-15
8976.95907592511  1.753362E-15
8982.47755431866  1.709488E-15
8987.99603271221  1.702371E-15
8993.51451110576  1.769281E-15
8999.03298949931  1.844525E-15
9004.55146789286  1.886993E-15
9010.06994628641  1.807526E-15
9015.58842467996  1.797833E-15
9021.10690307351  1.730108E-15
9026.62538146706  1.803909E-15
9032.14385986061  1.903912E-15
9037.66233825416  1.822927E-15
9043.18081664771  1.804749E-15
9048.69929504126  1.762229E-15
9054.21777343481  1.673385E-15
9059.73625182836  1.729735E-15
9065.25473022191  1.809201E-15
9070.77320861546  1.739717E-15
9076.29168700901  1.848276E-15
9081.81016540256  1.615083E-15
9087.32864379611  1.610154E-15
9092.84712218966  1.709186E-15
9098.36560058321  1.739193E-15
9103.88407897676  1.727556E-15
9109.40255737031  1.708250E-15
9114.92103576386  1.689918E-15
9120.43951415741  1.630028E-15
9125.95799255096  1.685042E-15
9131.47647094451  1.807124E-15
9136.99494933806  1.891942E-15
9142.51342773161  1.837184E-15
9148.03190612516  1.659089E-15
9153.55038451871  1.626106E-15
9159.06886291226  1.711938E-15
9164.58734130581  1.795406E-15
9170.10581969936  1.822313E-15
9175.62429809291  1.724601E-15
9181.14277648646  1.702854E-15
9186.66125488001  1.759855E-15
9192.17973327356  1.882261E-15
9197.69821166711  1.945347E-15
9203.21669006066  1.837102E-15
9208.73516845421  1.838139E-15
9214.25364684776  1.786684E-15
9219.77212524131  1.845736E-15
9225.29060363486  1.918885E-15
9230.80908202841  1.959330E-15
9236.32756042196  1.835670E-15
9241.84603881551  1.803778E-15
9247.36451720906  1.760759E-15
9252.88299560261  1.911299E-15
9258.40147399616  1.908590E-15
9263.91995238971  1.887464E-15
