3478.48071289062	1.80358413046922E-15
3481.33721041679	1.79145069479788E-15
3484.19370794296	1.26928634240693E-15
3487.05020546913	1.66011524243755E-15
3489.9067029953	1.2331731242229E-15
3492.76320052147	1.27349315162834E-15
3495.61969804764	1.42645392637498E-15
3498.47619557381	1.52341159051622E-15
3501.33269309997	1.35694728495014E-15
3504.18919062614	1.53281001505645E-15
3507.04568815231	1.46056571048692E-15
3509.90218567848	1.46584087636799E-15
3512.75868320465	1.26167061210109E-15
3515.61518073082	1.24918446662255E-15
3518.47167825699	1.58137378792526E-15
3521.32817578316	1.5060263685093E-15
3524.18467330932	1.6028167649243E-15
3527.04117083549	1.7321615980198E-15
3529.89766836166	1.8274142864332E-15
3532.75416588783	1.73840421029371E-15
3535.610663414	1.59548708923674E-15
3538.46716094017	1.7962463822205E-15
3541.32365846634	2.01302637928835E-15
3544.18015599251	1.91883082363397E-15
3547.03665351868	1.84721130294514E-15
3549.89315104484	1.94714724304448E-15
3552.74964857101	1.88834550899066E-15
3555.60614609718	2.00432276294976E-15
3558.46264362335	2.12365488497138E-15
3561.31914114952	2.15095208515615E-15
3564.17563867569	2.07193673224065E-15
3567.03213620186	2.4421276708772E-15
3569.88863372803	2.29789741812876E-15
3572.7451312542	1.85873877757901E-15
3575.60162878036	2.38696644755048E-15
3578.45812630653	2.18157970526075E-15
3581.3146238327	2.19922118236889E-15
3584.17112135887	2.42236600777646E-15
3587.02761888504	2.27459163470367E-15
3589.88411641121	2.5380905225269E-15
3592.74061393738	2.53768932083487E-15
3595.59711146355	2.44558200020124E-15
3598.45360898971	2.54961226118953E-15
3601.31010651588	2.35523125515266E-15
3604.16660404205	2.43354780761171E-15
3607.02310156822	2.7188399256557E-15
3609.87959909439	2.78174234983117E-15
3612.73609662056	2.76647067693737E-15
3615.59259414673	2.65705665627153E-15
3618.4490916729	2.85524156296337E-15
3621.30558919907	2.87550252386683E-15
3624.16208672523	3.36442661570208E-15
3627.0185842514	3.21716791793708E-15
3629.87508177757	3.07616122756942E-15
3632.73157930374	2.52702343233415E-15
3635.58807682991	3.00982666778828E-15
3638.44457435608	2.61896413789592E-15
3641.30107188225	2.82281594457293E-15
3644.15756940842	2.66089323138697E-15
3647.01406693458	2.50276007942676E-15
3649.87056446075	2.77122414937624E-15
3652.72706198692	2.72442386998978E-15
3655.58355951309	2.75733358449867E-15
3658.44005703926	2.60805555294668E-15
3661.29655456543	2.53227271766646E-15
3664.1530520916	2.76846955776179E-15
3667.00954961777	2.69971149785572E-15
3669.86604714393	2.48211665421229E-15
3672.7225446701	2.85400584734918E-15
3675.57904219627	2.57425740910124E-15
3678.43553972244	2.94993280383731E-15
3681.29203724861	3.16849216986861E-15
3684.14853477478	3.21594333048146E-15
3687.00503230095	3.21558260996215E-15
3689.86152982712	3.16485147511833E-15
3692.71802735329	3.24490308321278E-15
3695.57452487945	3.47602953223078E-15
3698.43102240562	3.61765958396417E-15
3701.28751993179	3.86412767568138E-15
3704.14401745796	3.57978176723667E-15
3707.00051498413	3.73125514952478E-15
3709.8570125103	3.57769621393059E-15
3712.71351003647	4.01653702004991E-15
3715.57000756264	4.00470895898763E-15
3718.4265050888	3.83289689747719E-15
3721.28300261497	4.24071491831062E-15
3724.13950014114	4.04771801637616E-15
3726.99599766731	4.35753586746519E-15
3729.85249519348	4.5235529332584E-15
3732.70899271965	4.31135532753465E-15
3735.56549024582	4.55694227345598E-15
3738.42198777199	4.67442471822459E-15
3741.27848529816	4.36626307062123E-15
3744.13498282432	4.65954244161646E-15
3746.99148035049	4.14208882944043E-15
3749.84797787666	4.15337212629414E-15
3752.70447540283	4.06104335223423E-15
3755.560972929	3.894183643827E-15
3758.41747045517	3.90014353481085E-15
3761.27396798134	4.15678316244694E-15
3764.13046550751	3.83857578489192E-15
3766.98696303368	3.94525219719125E-15
3769.84346055984	4.13404606688029E-15
3772.69995808601	4.1788257143108E-15
3775.55645561218	4.43377190129416E-15
3778.41295313835	4.59356276000837E-15
3781.26945066452	4.45348473629815E-15
3784.12594819069	4.42530056624152E-15
3786.98244571686	4.42229205791128E-15
3789.83894324302	4.64582577105131E-15
3792.69544076919	4.48946090446296E-15
3795.55193829536	4.70305972983457E-15
3798.40843582153	4.45145352868684E-15
3801.2649333477	4.39567066137297E-15
3804.12143087387	3.95181521887048E-15
3806.97792840004	4.02932319870467E-15
3809.83442592621	4.05882711913193E-15
3812.69092345238	3.69203409465598E-15
3815.54742097855	3.65812625887344E-15
3818.40391850471	3.71269701030938E-15
3821.26041603088	3.3031626534891E-15
3824.11691355705	3.15822835709449E-15
3826.97341108322	3.19110073319435E-15
3829.82990860939	3.07821493963262E-15
3832.68640613556	2.97932465316479E-15
3835.54290366173	3.03499089755408E-15
3838.3994011879	2.6838129684079E-15
3841.25589871406	2.67909471209787E-15
3844.11239624023	2.71215157197043E-15
3846.9688937664	2.71400154275284E-15
3849.82539129257	2.77983083211315E-15
3852.68188881874	2.73439433304396E-15
3855.53838634491	2.5292221307918E-15
3858.39488387108	2.68523348444547E-15
3861.25138139725	2.56034240073616E-15
3864.10787892342	2.35785395160438E-15
3866.96437644958	2.41136679669363E-15
3869.82087397575	2.458839278447E-15
3872.67737150192	2.6369036830808E-15
3875.53386902809	2.62389145035275E-15
3878.39036655426	2.81436217263081E-15
3881.24686408043	3.0228998276075E-15
3884.1033616066	3.17090801081252E-15
3886.95985913277	2.92007130496628E-15
3889.81635665893	3.21990686367206E-15
3892.6728541851	3.22906440975496E-15
3895.52935171127	3.3562215597619E-15
3898.38584923744	3.44849238437935E-15
3901.24234676361	3.61157313647323E-15
3904.09884428978	3.62807782214762E-15
3906.95534181595	3.89522373133859E-15
3909.81183934212	3.87259113956728E-15
3912.66833686828	3.96638114248371E-15
3915.52483439445	4.07225627623669E-15
3918.38133192062	3.95645275804217E-15
3921.23782944679	4.02576225896274E-15
3924.09432697296	4.32594356734114E-15
3926.95082449913	3.95283471681728E-15
3929.8073220253	4.25487799642035E-15
3932.66381955147	4.22126975133069E-15
3935.52031707764	4.19431914406914E-15
3938.3768146038	4.56894884564033E-15
3941.23331212997	4.51264346379776E-15
3944.08980965614	4.49810163411409E-15
3946.94630718231	4.47703284902174E-15
3949.80280470848	4.57735022001619E-15
3952.65930223465	4.54283328695733E-15
3955.51579976082	4.63015019029158E-15
3958.37229728699	4.60369300325623E-15
3961.22879481315	4.3839529527136E-15
3964.08529233932	4.70467269842993E-15
3966.94178986549	4.638256532245E-15
3969.79828739166	4.77939125796339E-15
3972.65478491783	4.79431524191581E-15
3975.511282444	4.82519231570237E-15
3978.36777997017	4.88523136872011E-15
3981.22427749634	4.79910801789617E-15
3984.08077502251	4.86215696091563E-15
3986.93727254867	4.93228796012889E-15
3989.79377007484	4.91378712074692E-15
3992.65026760101	4.99818092736103E-15
3995.50676512718	5.49264352412101E-15
3998.36326265335	5.46098678357254E-15
4001.21976017952	5.42084031172822E-15
4004.07625770569	5.51521329636209E-15
4006.93275523186	5.5376864350012E-15
4009.78925275802	5.29105921667857E-15
4012.64575028419	5.08317082895891E-15
4015.50224781036	5.01843209928676E-15
4018.35874533653	5.061396954383E-15
4021.2152428627	4.88635155831559E-15
4024.07174038887	4.78699561687252E-15
4026.92823791504	4.70347902593704E-15
4029.78473544121	4.60650074372988E-15
4032.64123296738	4.76643153945803E-15
4035.49773049354	4.51974521661554E-15
4038.35422801971	4.66743267797293E-15
4041.21072554588	4.41756151949851E-15
4044.06722307205	4.33356170046546E-15
4046.92372059822	4.14929034658044E-15
4049.78021812439	4.17072988755169E-15
4052.63671565056	4.11936708387724E-15
4055.49321317673	4.19317636755056E-15
4058.34971070289	3.92811981148586E-15
4061.20620822906	3.97881628933884E-15
4064.06270575523	4.0509375500919E-15
4066.9192032814	4.06586520415005E-15
4069.77570080757	4.06597745415377E-15
4072.63219833374	3.9227761182683E-15
4075.48869585991	4.13857364952331E-15
4078.34519338608	4.21689874948396E-15
4081.20169091225	4.27819912229455E-15
4084.05818843841	4.28124897972784E-15
4086.91468596458	4.27569409121071E-15
4089.77118349075	4.39107129761687E-15
4092.62768101692	4.27081630339205E-15
4095.48417854309	4.37419136269265E-15
4098.34067606926	4.36517720780907E-15
4101.19717359543	4.38419327917496E-15
4104.0536711216	4.31613041723393E-15
4106.91016864776	4.40431244489835E-15
4109.76666617393	4.17238248547514E-15
4112.6231637001	4.33326222900767E-15
4115.47966122627	4.2573156657426E-15
4118.33615875244	4.25919553005477E-15
4121.19265627861	4.09668222484492E-15
4124.04915380478	3.94452755769643E-15
4126.90565133095	4.08002184918393E-15
4129.76214885712	3.92658206964337E-15
4132.61864638328	4.12361801912924E-15
4135.47514390945	3.90941794031517E-15
4138.33164143562	3.93349153284289E-15
4141.18813896179	3.7443037821073E-15
4144.04463648796	3.67515667005395E-15
4146.90113401413	3.7866958570587E-15
4149.7576315403	3.74972503493755E-15
4152.61412906647	3.85108249174293E-15
4155.47062659264	3.7188494703722E-15
4158.3271241188	3.69576221631352E-15
4161.18362164497	3.72241058775836E-15
4164.04011917114	3.85859594098132E-15
4166.89661669731	3.81979045524775E-15
4169.75311422348	3.62913438502204E-15
4172.60961174965	3.71951696385518E-15
4175.46610927582	3.92472817152981E-15
4178.32260680199	3.95141215889592E-15
4181.17910432815	3.88439177990054E-15
4184.03560185432	3.81888598965323E-15
4186.89209938049	3.90278448718627E-15
4189.74859690666	4.14567488651121E-15
4192.60509443283	3.97820067951579E-15
4195.461591959	4.04586513629068E-15
4198.31808948517	4.31475396660633E-15
4201.17458701134	4.34829420070533E-15
4204.03108453751	4.55296998442246E-15
4206.88758206367	4.41548527855137E-15
4209.74407958984	4.60182518480456E-15
4212.60057711601	4.73056023461649E-15
4215.45707464218	4.75828230865754E-15
4218.31357216835	4.67090150289914E-15
4221.17006969452	4.72970696486039E-15
4224.02656722069	4.55293176436523E-15
4226.88306474686	4.73297446341027E-15
4229.73956227302	4.46601822671503E-15
4232.59605979919	4.55709140979953E-15
4235.45255732536	4.45274132382827E-15
4238.30905485153	4.58442091636119E-15
4241.1655523777	4.38968627559601E-15
4244.02204990387	4.5870304643037E-15
4246.87854743004	4.40559705959437E-15
4249.73504495621	4.29840400710882E-15
4252.59154248237	4.42071968382294E-15
4255.44804000854	4.50070224487799E-15
4258.30453753471	4.38855020262634E-15
4261.16103506088	4.598404980039E-15
4264.01753258705	4.42316654126797E-15
4266.87403011322	4.4869676914095E-15
4269.73052763939	4.53246383849676E-15
4272.58702516556	4.50056598848578E-15
4275.44352269173	4.46455795070555E-15
4278.30002021789	4.35791583256714E-15
4281.15651774406	4.49756069196905E-15
4284.01301527023	4.25793570905406E-15
4286.8695127964	4.27610241332682E-15
4289.72601032257	4.35255817830463E-15
4292.58250784874	4.23185836672773E-15
4295.43900537491	4.13109270299768E-15
4298.29550290108	4.17532914889722E-15
4301.15200042725	4.18736066772986E-15
4304.00849795341	4.18967833853917E-15
4306.86499547958	4.17244550977273E-15
4309.72149300575	4.08641769580647E-15
4312.57799053192	4.15338140622004E-15
4315.43448805809	4.15867438486984E-15
4318.29098558426	4.27803986920045E-15
4321.14748311043	4.38662834962628E-15
4324.0039806366	4.18774316271203E-15
4326.86047816276	4.31605387259475E-15
4329.71697568893	4.48894472138767E-15
4332.5734732151	4.41653572160181E-15
4335.42997074127	4.39510584641689E-15
4338.28646826744	4.40106424425623E-15
4341.14296579361	4.43504247210004E-15
4343.99946331978	4.52296465376289E-15
4346.85596084595	4.41612031081457E-15
4349.71245837212	4.35115316875811E-15
4352.56895589828	4.36662025673905E-15
4355.42545342445	4.48912409326125E-15
4358.28195095062	4.40036918138144E-15
4361.13844847679	4.33484995891555E-15
4363.99494600296	4.30775797262373E-15
4366.85144352913	4.25334815888679E-15
4369.7079410553	4.03413917063741E-15
4372.56443858147	4.05040874144557E-15
4375.42093610764	3.91389701441092E-15
4378.2774336338	3.87775860393216E-15
4381.13393115997	3.80000469006237E-15
4383.99042868614	3.75086444818389E-15
4386.84692621231	3.56492025729384E-15
4389.70342373848	3.58011579857339E-15
4392.55992126465	3.72398900013777E-15
4395.41641879082	3.74462963111965E-15
4398.27291631699	3.43400152246654E-15
4401.12941384315	3.28601667518599E-15
4403.98591136932	3.24860009790113E-15
4406.84240889549	3.29285442073136E-15
4409.69890642166	3.29031991813053E-15
4412.55540394783	3.31081278291409E-15
4415.411901474	3.18241999123302E-15
4418.26839900017	3.16748298714972E-15
4421.12489652634	3.13405074564254E-15
4423.9813940525	3.21776134361368E-15
4426.83789157867	3.01560397392246E-15
4429.69438910484	3.04471726465871E-15
4432.55088663101	3.01103113135203E-15
4435.40738415718	2.94592473697434E-15
4438.26388168335	2.87566216933604E-15
4441.12037920952	2.75270963563027E-15
4443.97687673569	2.86407100394227E-15
4446.83337426185	2.66896043257033E-15
4449.68987178802	2.81540856538141E-15
4452.54636931419	2.6920315883777E-15
4455.40286684036	2.8507631409483E-15
4458.25936436653	2.88238683352059E-15
4461.1158618927	2.82956385507509E-15
4463.97235941887	2.93120101131575E-15
4466.82885694504	2.92290054291508E-15
4469.68535447121	3.00275005759022E-15
4472.54185199737	2.87297462268776E-15
4475.39834952354	3.01863935958457E-15
4478.25484704971	3.07903009166036E-15
4481.11134457588	3.16876814417774E-15
4483.96784210205	3.1541455659553E-15
4486.82433962822	3.20576920638973E-15
4489.68083715439	3.18708890208125E-15
4492.53733468056	3.27613822944364E-15
4495.39383220673	3.29171630482599E-15
4498.25032973289	3.28086994061579E-15
4501.10682725906	3.36822463224839E-15
4503.96332478523	3.57601349140678E-15
4506.8198223114	3.59158944760635E-15
4509.67631983757	3.68996406004203E-15
4512.53281736374	3.50805614342462E-15
4515.38931488991	3.49484592733674E-15
4518.24581241608	3.46992387470366E-15
4521.10230994225	3.52566953982403E-15
4523.95880746841	3.6480824412157E-15
4526.81530499458	3.72555912005368E-15
4529.67180252075	3.64301768078265E-15
4532.52830004692	3.70628499944495E-15
4535.38479757309	3.66461707312198E-15
4538.24129509926	3.73685678897523E-15
4541.09779262543	3.86296759218992E-15
4543.95429015159	4.00296844236899E-15
4546.81078767776	4.05715166118794E-15
4549.66728520393	4.06579842539951E-15
4552.5237827301	4.14395639927582E-15
4555.38028025627	4.30866056993775E-15
4558.23677778244	4.49689775968993E-15
4561.09327530861	4.56834028694851E-15
4563.94977283478	4.52716785104807E-15
4566.80627036095	4.93978847860721E-15
4569.66276788712	5.10677440770113E-15
4572.51926541328	5.16871029967162E-15
4575.37576293945	5.09188523285925E-15
4578.23226046562	5.36067623394372E-15
4581.08875799179	5.41065552271543E-15
4583.94525551796	5.56372166678892E-15
4586.80175304413	5.64778797954332E-15
4589.6582505703	5.71436966146834E-15
4592.51474809646	5.62853647829659E-15
4595.37124562263	5.71616384800291E-15
4598.2277431488	5.83280249747723E-15
4601.08424067497	5.94600954835569E-15
4603.94073820114	6.10527933478339E-15
4606.79723572731	6.00385393578382E-15
4609.65373325348	5.9941978749167E-15
4612.51023077965	6.03812045895201E-15
4615.36672830581	6.14936604551527E-15
4618.22322583198	6.12126745799932E-15
4621.07972335815	6.11498034005504E-15
4623.93622088432	6.31361046737332E-15
4626.79271841049	6.27020476268024E-15
4629.64921593666	6.42567557999972E-15
4632.50571346283	6.17902506668242E-15
4635.362210989	6.41184397850897E-15
4638.21870851517	6.51187472105657E-15
4641.07520604134	6.49420965899074E-15
4643.9317035675	6.48475444142153E-15
4646.78820109367	6.62045220918479E-15
4649.64469861984	6.5852269098406E-15
4652.50119614601	6.68019548103844E-15
4655.35769367218	6.79977904022028E-15
4658.21419119835	6.79560695474655E-15
4661.07068872452	6.78954363363796E-15
4663.92718625069	6.84327020612471E-15
4666.78368377685	6.61457352852456E-15
4669.64018130302	6.80004660249069E-15
4672.49667882919	6.65613455655756E-15
4675.35317635536	6.60645333838317E-15
4678.20967388153	6.42936706337118E-15
4681.0661714077	6.24939003198975E-15
4683.92266893387	6.38534445352802E-15
4686.77916646004	6.17129918889872E-15
4689.63566398621	5.98745033096872E-15
4692.49216151238	5.90601254076956E-15
4695.34865903854	5.68685494592927E-15
4698.20515656471	5.68052670366709E-15
4701.06165409088	5.65246376015725E-15
4703.91815161705	5.43196145177732E-15
4706.77464914322	5.54128163635278E-15
4709.63114666939	5.21311126749081E-15
4712.48764419556	5.21783774260308E-15
4715.34414172172	5.01402736134138E-15
4718.20063924789	5.04553804017579E-15
4721.05713677406	4.9095081123559E-15
4723.91363430023	4.99938764252832E-15
4726.7701318264	4.66869828934585E-15
4729.62662935257	4.7473964804603E-15
4732.48312687874	4.86596222175291E-15
4735.33962440491	4.80298939679861E-15
4738.19612193108	4.65033781432732E-15
4741.05261945724	4.80735453599398E-15
4743.90911698341	4.60263685373168E-15
4746.76561450958	4.39666767247909E-15
4749.62211203575	4.76016423644753E-15
4752.47860956192	4.59768475136338E-15
4755.33510708809	4.55468300432731E-15
4758.19160461426	4.49730079713941E-15
4761.04810214043	4.45050949974141E-15
4763.90459966659	4.48905234860013E-15
4766.76109719276	4.31649377587534E-15
4769.61759471893	4.18465540121083E-15
4772.4740922451	4.15998837621126E-15
4775.33058977127	4.21744011719091E-15
4778.18708729744	3.92406271385631E-15
4781.04358482361	3.76242661324603E-15
4783.90008234978	3.75576423664077E-15
4786.75657987594	3.39543681863911E-15
4789.61307740211	3.57816380529522E-15
4792.46957492828	3.31080807212042E-15
4795.32607245445	3.35266702718117E-15
4798.18256998062	3.12340758472396E-15
4801.03906750679	3.17033668208068E-15
4803.89556503296	3.11530708216115E-15
4806.75206255913	3.16584521588283E-15
4809.6085600853	3.10722856268587E-15
4812.46505761146	3.09911246203259E-15
4815.32155513763	3.08378373536389E-15
4818.1780526638	3.10171658342675E-15
4821.03455018997	3.21793556030339E-15
4823.89104771614	3.13805540529012E-15
4826.74754524231	3.19197177892751E-15
4829.60404276848	3.25313165808184E-15
4832.46054029465	3.34414141336026E-15
4835.31703782082	3.39941464315749E-15
4838.17353534698	3.43286101394158E-15
4841.03003287315	3.58324782016318E-15
4843.88653039932	3.55500503717367E-15
4846.74302792549	3.55444908053691E-15
4849.59952545166	3.60982970471934E-15
4852.45602297783	3.67577247455248E-15
4855.312520504	3.5031621441271E-15
4858.16901803017	3.55052255068608E-15
4861.02551555633	3.47696635486866E-15
4863.8820130825	3.33983801224091E-15
4866.73851060867	3.2620450094602E-15
4869.59500813484	3.1148743824066E-15
4872.45150566101	3.1280571817138E-15
4875.30800318718	3.12724890834461E-15
4878.16450071335	3.16924664285535E-15
4881.02099823952	3.12630639869553E-15
4883.87749576569	2.99360727370618E-15
4886.73399329185	2.92521931170023E-15
4889.59049081802	2.93366582770132E-15
4892.44698834419	2.83501819623787E-15
4895.30348587036	2.79522016898221E-15
4898.15998339653	2.746831552613E-15
4901.0164809227	2.86953996222836E-15
4903.87297844887	2.97394409584583E-15
4906.72947597504	2.91508109235265E-15
4909.5859735012	2.82994876671875E-15
4912.44247102737	2.82254103451423E-15
4915.29896855354	3.02479356232271E-15
4918.15546607971	3.06989126852751E-15
4921.01196360588	3.09733442806539E-15
4923.86846113205	3.16195761432336E-15
4926.72495865822	3.35076138475425E-15
4929.58145618439	3.35484242858119E-15
4932.43795371055	3.49755545336232E-15
4935.29445123672	3.73063435402519E-15
4938.15094876289	3.53041918915959E-15
4941.00744628906	3.70797204532791E-15
4943.86394381523	4.17678623172455E-15
4946.7204413414	4.03917008959273E-15
4949.57693886757	3.59777939544894E-15
4952.43343639374	3.62659229980509E-15
4955.2899339199	4.26563721965818E-15
4958.14643144607	4.11496932654652E-15
4961.00292897224	4.06474366706358E-15
4963.85942649841	3.792283016322E-15
4966.71592402458	3.84685734186528E-15
4969.57242155075	3.80037435124356E-15
4972.42891907692	3.82260957430384E-15
4975.28541660309	3.84369638875321E-15
4978.14191412926	3.81277893075464E-15
4980.99841165543	3.81512015754168E-15
4983.85490918159	3.81530368829523E-15
4986.71140670776	3.83793093749377E-15
4989.56790423393	3.86092958966546E-15
4992.4244017601	3.80969395176216E-15
4995.28089928627	3.83087964643348E-15
4998.13739681244	3.80510253455222E-15
5000.99389433861	3.71442897192282E-15
5003.85039186478	3.57794444977259E-15
5006.70688939095	3.54536693607108E-15
5009.56338691711	3.61131017000038E-15
5012.41988444328	3.45616115951436E-15
5015.27638196945	3.43416798888559E-15
5018.13287949562	3.41393862272272E-15
5020.98937702179	3.37459561494698E-15
5023.84587454796	3.30661098818472E-15
5026.70237207413	3.22007663554453E-15
5029.5588696003	3.22178019000675E-15
5032.41536712646	2.9854978395947E-15
5035.27186465263	3.0331329686919E-15
5038.1283621788	2.96323284565157E-15
5040.98485970497	2.95787942778976E-15
5043.84135723114	2.97926895923605E-15
5046.69785475731	2.90118347689498E-15
5049.55435228348	2.92301224528458E-15
5052.41084980965	2.90500342419924E-15
5055.26734733582	2.92091975311334E-15
5058.12384486198	2.93748415748231E-15
5060.98034238815	3.00707983005897E-15
5063.83683991432	2.94575568992451E-15
5066.69333744049	2.87723497579455E-15
5069.54983496666	2.92934168691609E-15
5072.40633249283	2.87070298686814E-15
5075.262830019	2.95100667530247E-15
5078.11932754517	2.88991089019401E-15
5080.97582507133	3.09043904318163E-15
5083.8323225975	3.06479518811576E-15
5086.68882012367	2.98569495561852E-15
5089.54531764984	3.0561313126882E-15
5092.40181517601	2.99254638696876E-15
5095.25831270218	3.04094463319993E-15
5098.11481022835	3.06626034564464E-15
5100.97130775452	3.12285038015923E-15
5103.82780528069	3.12768050622774E-15
5106.68430280685	3.03068200005634E-15
5109.54080033302	3.06203702603215E-15
5112.39729785919	3.13645249221466E-15
5115.25379538536	3.09517011907632E-15
5118.11029291153	3.07294010146621E-15
5120.9667904377	3.08622244137224E-15
5123.82328796387	3.1508653135395E-15
5126.67978549004	3.24640197683933E-15
5129.5362830162	3.09323869536457E-15
5132.39278054237	3.14046241145134E-15
5135.24927806854	3.29543853267137E-15
5138.10577559471	3.25493838302096E-15
5140.96227312088	3.18959327465784E-15
5143.81877064705	3.23376178139603E-15
5146.67526817322	3.22848591824541E-15
5149.53176569939	3.33653137635385E-15
5152.38826322556	3.2280794399389E-15
5155.24476075172	3.12487758757671E-15
5158.10125827789	3.15621060545637E-15
5160.95775580406	3.26607969101199E-15
5163.81425333023	3.15494274086303E-15
5166.6707508564	3.30293023516542E-15
5169.52724838257	3.32876399856606E-15
5172.38374590874	3.22412887136704E-15
5175.24024343491	3.27303429511438E-15
5178.09674096107	3.2806297479906E-15
5180.95323848724	3.1648493603496E-15
5183.80973601341	3.39937095434957E-15
5186.66623353958	3.49204562346493E-15
5189.52273106575	3.54265646300798E-15
5192.37922859192	3.62285215792666E-15
5195.23572611809	3.5698840975946E-15
5198.09222364426	3.6431943687297E-15
5200.94872117042	3.68385963137984E-15
5203.80521869659	3.80857540938303E-15
5206.66171622276	4.01894886363719E-15
5209.51821374893	3.87776189178348E-15
5212.3747112751	4.02702094886324E-15
5215.23120880127	4.1444944087706E-15
5218.08770632744	4.04459525125847E-15
5220.94420385361	4.17057337191634E-15
5223.80070137978	4.19197602557638E-15
5226.65719890594	4.34329431699791E-15
5229.51369643211	4.42344174053684E-15
5232.37019395828	4.42332251116025E-15
5235.22669148445	4.40379185987798E-15
5238.08318901062	4.61222657208045E-15
5240.93968653679	4.57290051495314E-15
5243.79618406296	4.54563726962272E-15
5246.65268158913	4.68675197661174E-15
5249.5091791153	4.7716986729624E-15
5252.36567664146	4.83077682511833E-15
5255.22217416763	4.86127346414295E-15
5258.0786716938	4.83271713336187E-15
5260.93516921997	4.87352656258193E-15
5263.79166674614	4.83930022103375E-15
5266.64816427231	4.76595795361462E-15
5269.50466179848	4.98080556580561E-15
5272.36115932464	4.84210518177176E-15
5275.21765685082	4.87373748818058E-15
5278.07415437698	4.83711918248806E-15
5280.93065190315	4.98471691402326E-15
5283.78714942932	4.88513897364232E-15
5286.64364695549	4.94021843715998E-15
5289.50014448166	4.9275248400705E-15
5292.35664200783	5.08826810125308E-15
5295.213139534	5.07141279381521E-15
5298.06963706016	4.91637401394884E-15
5300.92613458633	5.02950274943564E-15
5303.7826321125	4.91848394052374E-15
5306.63912963867	4.9787152465935E-15
5309.49562716484	4.92943353346354E-15
5312.35212469101	4.83220705498849E-15
5315.20862221718	4.91686922915973E-15
5318.06511974335	5.03796242346082E-15
5320.92161726952	4.86629752512275E-15
5323.77811479569	4.89178892164243E-15
5326.63461232185	5.00475984921466E-15
5329.49110984802	5.04347017004939E-15
5332.34760737419	5.02879259892366E-15
5335.20410490036	4.84281955892508E-15
5338.06060242653	4.87842897334885E-15
5340.9170999527	4.92097355639396E-15
5343.77359747887	4.89008607779069E-15
5346.63009500503	4.89505090492049E-15
5349.4865925312	4.92438836346661E-15
5352.34309005737	4.8921099025342E-15
5355.19958758354	4.76691283077757E-15
5358.05608510971	4.86187191887408E-15
5360.91258263588	4.77316953942091E-15
5363.76908016205	4.86421443688929E-15
5366.62557768822	4.70433103949979E-15
5369.48207521438	4.62772182249567E-15
5372.33857274055	4.72571095264167E-15
5375.19507026672	4.70000861184125E-15
5378.05156779289	4.63068584529251E-15
5380.90806531906	4.60637794638504E-15
5383.76456284523	4.63494654667721E-15
5386.6210603714	4.48942464440695E-15
5389.47755789757	4.4222824769462E-15
5392.33405542374	4.4376885692896E-15
5395.19055294991	4.36113522001072E-15
5398.04705047607	4.42442455491678E-15
5400.90354800224	4.43852993759934E-15
5403.76004552841	4.42951827011352E-15
5406.61654305458	4.47751686335465E-15
5409.47304058075	4.33984959783399E-15
5412.32953810692	4.22628871155223E-15
5415.18603563309	4.38149322328348E-15
5418.04253315926	4.25673235868229E-15
5420.89903068542	4.35871298925833E-15
5423.75552821159	4.36857189870091E-15
5426.61202573776	4.22498309467159E-15
5429.46852326393	4.23023335269713E-15
5432.3250207901	4.32267011053608E-15
5435.18151831627	4.30895584312875E-15
5438.03801584244	4.175731867174E-15
5440.89451336861	4.25413188477796E-15
5443.75101089477	4.31020688641545E-15
5446.60750842094	4.16047125815797E-15
5449.46400594711	4.22053209345514E-15
5452.32050347328	4.16405736339378E-15
5455.17700099945	4.06464709764918E-15
5458.03349852562	4.07788011581978E-15
5460.88999605179	4.15756947112555E-15
5463.74649357796	4.09272125676737E-15
5466.60299110413	4.16977247926875E-15
5469.45948863029	4.06713457581232E-15
5472.31598615646	4.11661107720308E-15
5475.17248368263	4.09076970380219E-15
5478.0289812088	4.09268821250636E-15
5480.88547873497	4.06212272199052E-15
5483.74197626114	4.00161748019743E-15
5486.59847378731	3.84729987386998E-15
5489.45497131348	3.91076743372393E-15
5492.31146883965	3.9753543858837E-15
5495.16796636582	4.03353572987322E-15
5498.02446389198	3.9132065680103E-15
5500.88096141815	3.93172480772788E-15
5503.73745894432	3.94046230547336E-15
5506.59395647049	3.9179182949142E-15
5509.45045399666	3.92048925127378E-15
5512.30695152283	3.93221591737989E-15
5515.163449049	4.02066101402617E-15
5518.01994657516	3.93892048550658E-15
5520.87644410133	3.7992889396094E-15
5523.7329416275	3.87881535414893E-15
5526.58943915367	3.79248592501119E-15
5529.44593667984	3.84951975127572E-15
5532.30243420601	3.76440934062342E-15
5535.15893173218	3.80002495373873E-15
5538.01542925835	3.84306437056598E-15
5540.87192678451	3.73914937454435E-15
5543.72842431068	3.77648901739558E-15
5546.58492183685	3.77916083384577E-15
5549.44141936302	3.68722924025819E-15
5552.29791688919	3.67477930278559E-15
5555.15441441536	3.66316763952297E-15
5558.01091194153	3.74212883319187E-15
5560.8674094677	3.71212872862445E-15
5563.72390699387	3.66531236538005E-15
5566.58040452003	3.67184057509566E-15
5569.4369020462	3.63345423843927E-15
5572.29339957237	3.67928511442118E-15
5575.14989709854	3.70350968487862E-15
5578.00639462471	3.6029430823058E-15
5580.86289215088	3.57141079623096E-15
5583.71938967705	3.48908013619307E-15
5586.57588720322	3.44388686876886E-15
5589.43238472939	3.46579943419426E-15
5592.28888225555	3.61254588572314E-15
5595.14537978172	3.40929409773549E-15
5598.00187730789	3.43580732338836E-15
5600.85837483406	3.45600776081043E-15
5603.71487236023	3.43189067679229E-15
5606.5713698864	3.47144821832016E-15
5609.42786741257	3.33208280544751E-15
5612.28436493874	3.4299069303948E-15
5615.1408624649	3.34554087466138E-15
5617.99735999107	3.26108852551897E-15
5620.85385751724	3.38320928849473E-15
5623.71035504341	3.23672478568006E-15
5626.56685256958	3.39111067540487E-15
5629.42335009575	3.25337295588996E-15
5632.27984762192	3.18293641803059E-15
5635.13634514809	3.10792684178341E-15
5637.99284267426	3.23600864100275E-15
5640.84934020042	3.16877544678558E-15
5643.70583772659	2.99746012472813E-15
5646.56233525276	3.08108731203254E-15
5649.41883277893	3.04264609822827E-15
5652.2753303051	3.11572921163676E-15
5655.13182783127	3.02001825091859E-15
5657.98832535744	3.04380682301159E-15
5660.84482288361	3.05190945563726E-15
5663.70132040978	2.83355461808005E-15
5666.55781793594	2.80069823864818E-15
5669.41431546211	2.89698351942373E-15
5672.27081298828	2.81253170195712E-15
5675.12731051445	2.75641061076153E-15
5677.98380804062	2.75863388458068E-15
5680.84030556679	2.87553318773344E-15
5683.69680309296	2.77613420759409E-15
5686.55330061913	2.7438284729486E-15
5689.40979814529	2.80478962122126E-15
5692.26629567146	2.71565306426342E-15
5695.12279319763	2.70792050725924E-15
5697.9792907238	2.71416154470859E-15
5700.83578824997	2.63815758083433E-15
5703.69228577614	2.57310385283365E-15
5706.54878330231	2.5975195750825E-15
5709.40528082848	2.59071857867073E-15
5712.26177835464	2.59829904966687E-15
5715.11827588081	2.5714152361074E-15
5717.97477340698	2.56553233871548E-15
5720.83127093315	2.47863270008082E-15
5723.68776845932	2.51486142168449E-15
5726.54426598549	2.46288067031579E-15
5729.40076351166	2.41834350921299E-15
5732.25726103783	2.50276660882897E-15
5735.113758564	2.58341065209631E-15
5737.97025609016	2.38324553819395E-15
5740.82675361633	2.3832081241148E-15
5743.6832511425	2.41247102591322E-15
5746.53974866867	2.37121679472851E-15
5749.39624619484	2.49061593200958E-15
5752.25274372101	2.31275829980057E-15
5755.10924124718	2.39141868795173E-15
5757.96573877335	2.34378005923281E-15
5760.82223629952	2.33617683926802E-15
5763.67873382568	2.51611936523625E-15
5766.53523135185	2.40783936046111E-15
5769.39172887802	2.46888154469896E-15
5772.24822640419	2.49458545661063E-15
5775.10472393036	2.62666383388797E-15
5777.96122145653	2.56804004756272E-15
5780.8177189827	2.62811067055124E-15
5783.67421650887	2.52690866636341E-15
5786.53071403503	2.50406558684523E-15
5789.3872115612	2.51880594901335E-15
5792.24370908737	2.57885355375857E-15
5795.10020661354	2.55894774636033E-15
5797.95670413971	2.69721557156344E-15
5800.81320166588	2.69118291852658E-15
5803.66969919205	2.77362265879627E-15
5806.52619671822	2.79408453039667E-15
5809.38269424438	2.75315287546669E-15
5812.23919177055	2.66785429889607E-15
5815.09568929672	2.75186852222823E-15
5817.95218682289	2.77835308082428E-15
5820.80868434906	2.8380002397757E-15
5823.66518187523	2.84026738438674E-15
5826.5216794014	2.82115499209093E-15
5829.37817692757	2.96939309432212E-15
5832.23467445374	3.09804731090398E-15
5835.09117197991	2.99773253660471E-15
5837.94766950607	3.08300814108187E-15
5840.80416703224	3.02079714537003E-15
5843.66066455841	3.22968624814204E-15
5846.51716208458	3.1072618851157E-15
5849.37365961075	3.24345289709759E-15
5852.23015713692	3.28826363177075E-15
5855.08665466309	3.30064543089981E-15
5857.94315218925	3.43131193806958E-15
5860.79964971542	3.43619975862471E-15
5863.65614724159	3.60589128327124E-15
5866.51264476776	3.51415840855844E-15
5869.36914229393	3.58972441426784E-15
5872.2256398201	3.4786769789161E-15
5875.08213734627	3.62321908846938E-15
5877.93863487244	3.70841846432258E-15
5880.79513239861	3.66590775018842E-15
5883.65162992477	3.57451002581337E-15
5886.50812745094	3.68104833210087E-15
5889.36462497711	3.74756933203822E-15
5892.22112250328	3.84334574308405E-15
5895.07762002945	3.79736287103551E-15
5897.93411755562	3.79075742498817E-15
5900.79061508179	3.72936160575997E-15
5903.64711260796	3.79778845261133E-15
5906.50361013413	3.82468370852026E-15
5909.36010766029	3.82652327985693E-15
5912.21660518646	3.92044838029318E-15
5915.07310271263	3.8399817782552E-15
5917.9296002388	3.8148528081958E-15
5920.78609776497	3.88096768277705E-15
5923.64259529114	3.86510777410913E-15
5926.49909281731	3.96986472335553E-15
5929.35559034348	3.94326622280713E-15
5932.21208786965	4.00448571823837E-15
5935.06858539581	3.94961080853204E-15
5937.92508292198	3.92195759312932E-15
5940.78158044815	3.98451900840457E-15
5943.63807797432	3.91575756238459E-15
5946.49457550049	3.79465538782258E-15
5949.35107302666	3.98573763728606E-15
5952.20757055283	3.8459357627052E-15
5955.064068079	3.79524731861129E-15
5957.92056560516	3.80098708414991E-15
5960.77706313133	3.79147294327134E-15
5963.6335606575	3.76882363418078E-15
5966.49005818367	3.47206018413826E-15
5969.34655570984	3.56981560815181E-15
5972.20305323601	3.58424240267882E-15
5975.05955076218	3.45328306189149E-15
5977.91604828835	3.49795829730642E-15
5980.77254581451	3.53327803599302E-15
5983.62904334068	3.58274571339258E-15
5986.48554086685	3.48830354867402E-15
5989.34203839302	3.55478150950735E-15
5992.19853591919	3.55833587038591E-15
5995.05503344536	3.51505435432221E-15
5997.91153097153	3.50571219794661E-15
6000.7680284977	3.50986599878069E-15
6003.62452602387	3.40547251185052E-15
6006.48102355004	3.32879003734137E-15
6009.3375210762	3.45374986600211E-15
6012.19401860237	3.44692401290335E-15
6015.05051612854	3.36905949591527E-15
6017.90701365471	3.31908790490371E-15
6020.76351118088	3.4116546740454E-15
6023.62000870705	3.40384663131962E-15
6026.47650623322	3.38361321871388E-15
6029.33300375938	3.4227430957043E-15
6032.18950128555	3.30548718415973E-15
6035.04599881172	3.32631925160366E-15
6037.90249633789	3.36265017056583E-15
6040.75899386406	3.29052927461687E-15
6043.61549139023	3.26950648353912E-15
6046.4719889164	3.30880865415595E-15
6049.32848644257	3.28787932874604E-15
6052.18498396873	3.24554927065601E-15
6055.0414814949	3.19490294376386E-15
6057.89797902107	3.15229917536229E-15
6060.75447654724	3.14499482498601E-15
6063.61097407341	3.10774987277292E-15
6066.46747159958	2.99682952615666E-15
6069.32396912575	2.91216960196936E-15
6072.18046665192	2.89622237637074E-15
6075.03696417809	2.87579190743191E-15
6077.89346170426	2.94310953459975E-15
6080.74995923042	2.86167312100725E-15
6083.60645675659	2.78209919831698E-15
6086.46295428276	2.90445942667897E-15
6089.31945180893	2.93843618385579E-15
6092.1759493351	2.89466345538386E-15
6095.03244686127	2.88498227843534E-15
6097.88894438744	2.95615451347806E-15
6100.7454419136	3.03847715346832E-15
6103.60193943978	3.06096469011476E-15
6106.45843696594	2.9245119467428E-15
6109.31493449211	2.92953692056993E-15
6112.17143201828	2.97589479105254E-15
6115.02792954445	3.02846305866468E-15
6117.88442707062	2.97374439513203E-15
6120.74092459679	2.92036568462646E-15
6123.59742212296	2.94652951809058E-15
6126.45391964912	2.93345878672335E-15
6129.31041717529	3.01021033709847E-15
6132.16691470146	3.05483010476349E-15
6135.02341222763	3.03411314126098E-15
6137.8799097538	2.9133888378103E-15
6140.73640727997	2.95646819897566E-15
6143.59290480614	3.00725840471342E-15
6146.44940233231	2.94304072142599E-15
6149.30589985848	2.99885529999803E-15
6152.16239738464	2.87814486439255E-15
6155.01889491081	2.88251720888965E-15
6157.87539243698	2.90067753778693E-15
6160.73188996315	2.80003871429831E-15
6163.58838748932	2.74911050230201E-15
6166.44488501549	2.68822093992323E-15
6169.30138254166	2.59768967211555E-15
6172.15788006783	2.50726661908954E-15
6175.014377594	2.48380036088381E-15
6177.87087512016	2.38507624765896E-15
6180.72737264633	2.27692042885193E-15
6183.5838701725	2.25040304142421E-15
6186.44036769867	2.18935517745935E-15
6189.29686522484	2.12773826288458E-15
6192.15336275101	2.10120592108888E-15
6195.00986027718	1.97804248785636E-15
6197.86635780334	1.98489980964273E-15
6200.72285532951	1.85475539706815E-15
6203.57935285568	1.74534210501141E-15
6206.43585038185	1.8149422687307E-15
6209.29234790802	1.92168393906702E-15
6212.14884543419	1.92854029333078E-15
6215.00534296036	1.8798821818735E-15
6217.86184048653	1.85206703072522E-15
6220.7183380127	1.86971956661612E-15
6223.57483553886	1.87656004644415E-15
6226.43133306503	1.90777722597212E-15
6229.2878305912	2.02222291849391E-15
6232.14432811737	2.09968311378584E-15
6235.00082564354	2.09465095178621E-15
6237.85732316971	2.04474255723545E-15
6240.71382069588	2.09519186534907E-15
6243.57031822205	2.06423006200068E-15
6246.42681574822	2.04041463936812E-15
6249.28331327438	2.08911338135939E-15
6252.13981080055	2.09981420766349E-15
6254.99630832672	2.18533159446433E-15
6257.85280585289	2.13988577179902E-15
6260.70930337906	2.0974195564298E-15
6263.56580090523	2.21749897790746E-15
6266.4222984314	2.13878657491346E-15
6269.27879595757	2.0812798058109E-15
6272.13529348373	2.10742017889357E-15
6274.9917910099	2.16080133523068E-15
6277.84828853607	2.17822170962254E-15
6280.70478606224	2.18480692505032E-15
6283.56128358841	2.1593036115553E-15
6286.41778111458	1.97543425804385E-15
6289.27427864075	2.17753994202459E-15
6292.13077616692	2.22234686918281E-15
6294.98727369309	2.2383950248777E-15
6297.84377121925	2.19322857025028E-15
6300.70026874542	2.27750035815142E-15
6303.55676627159	2.46214906840833E-15
6306.41326379776	2.27218611150952E-15
6309.26976132393	2.23671015633486E-15
6312.1262588501	2.32544807675649E-15
6314.98275637627	2.37944460276316E-15
6317.83925390244	2.3423243467207E-15
6320.6957514286	2.32305412860862E-15
6323.55224895477	2.29921618772235E-15
6326.40874648094	2.38710151986879E-15
6329.26524400711	2.41667841781612E-15
6332.12174153328	2.40057481542463E-15
6334.97823905945	2.40626544776407E-15
6337.83473658562	2.44827759129972E-15
6340.69123411179	2.4444499949805E-15
6343.54773163796	2.44556012418987E-15
6346.40422916413	2.4450211634525E-15
6349.26072669029	2.42533509570421E-15
6352.11722421646	2.42800460317996E-15
6354.97372174263	2.38515722789571E-15
6357.8302192688	2.37859164220346E-15
6360.68671679497	2.41017728487591E-15
6363.54321432114	2.51380886662006E-15
6366.39971184731	2.40144118875287E-15
6369.25620937347	2.31669043988736E-15
6372.11270689964	2.40507853102219E-15
6374.96920442581	2.48509115837147E-15
6377.82570195198	2.44486657260479E-15
6380.68219947815	2.46265248905962E-15
6383.53869700432	2.4255294472476E-15
6386.39519453049	2.54496926576699E-15
6389.25169205666	2.53742736457429E-15
6392.10818958283	2.46768743395577E-15
6394.96468710899	2.5226256703912E-15
6397.82118463516	2.49395128928776E-15
6400.67768216133	2.48083127237128E-15
6403.5341796875	2.42652243625684E-15
6406.39067721367	2.41301506880576E-15
6409.24717473984	2.51755423843085E-15
6412.10367226601	2.56242622954876E-15
6414.96016979218	2.46648258651516E-15
6417.81666731834	2.42261528938735E-15
6420.67316484451	2.43152098950134E-15
6423.52966237068	2.46962822013945E-15
6426.38615989685	2.4450811009879E-15
6429.24265742302	2.35537569949036E-15
6432.09915494919	2.43762319170444E-15
6434.95565247536	2.43440090904119E-15
6437.81215000153	2.4458943570893E-15
6440.66864752769	2.43084472785747E-15
6443.52514505386	2.34749278016317E-15
6446.38164258003	2.40010439152687E-15
6449.2381401062	2.39328556132156E-15
6452.09463763237	2.44484301732232E-15
6454.95113515854	2.45467092822309E-15
6457.80763268471	2.3757769473343E-15
6460.66413021088	2.42063201010178E-15
6463.52062773705	2.35491012605606E-15
6466.37712526321	2.42572052119788E-15
6469.23362278938	2.33801505233583E-15
6472.09012031555	2.32489614227522E-15
6474.94661784172	2.40905921716604E-15
6477.80311536789	2.46745829362373E-15
6480.65961289406	2.34149025598132E-15
6483.51611042023	2.46185717113893E-15
6486.3726079464	2.42072687748974E-15
6489.22910547257	2.45520588345804E-15
6492.08560299873	2.42871531202523E-15
6494.9421005249	2.41724783715683E-15
6497.79859805107	2.37737140323691E-15
6500.65509557724	2.41658679985804E-15
6503.51159310341	2.37163119502652E-15
6506.36809062958	2.37169535365679E-15
6509.22458815575	2.36424301123989E-15
6512.08108568192	2.25459050079549E-15
6514.93758320808	2.4809703719896E-15
6517.79408073425	2.40742276036314E-15
6520.65057826042	2.41588002534378E-15
6523.50707578659	2.37650426295073E-15
6526.36357331276	2.364799462812E-15
6529.22007083893	2.44602547087953E-15
6532.0765683651	2.4567945532464E-15
6534.93306589127	2.41651582534056E-15
6537.78956341743	2.41045147662057E-15
6540.6460609436	2.40196170312514E-15
6543.50255846977	2.42094011595994E-15
6546.35905599594	2.47111704118111E-15
6549.21555352211	2.43655594522853E-15
6552.07205104828	2.37897058246904E-15
6554.92854857445	2.47991448396037E-15
6557.78504610062	2.51087107109002E-15
6560.64154362679	2.38208990562249E-15
6563.49804115295	2.32001852228771E-15
6566.35453867912	2.37426032722107E-15
6569.21103620529	2.41921822710699E-15
6572.06753373146	2.42645610464365E-15
6574.92403125763	2.4475636523635E-15
6577.7805287838	2.3914869109727E-15
6580.63702630997	2.29227745759012E-15
6583.49352383614	2.37116603834846E-15
6586.3500213623	2.33701133635837E-15
6589.20651888847	2.30124552243731E-15
6592.06301641464	2.31646858021807E-15
6594.91951394081	2.34350927240927E-15
6597.77601146698	2.52334672412469E-15
6600.63250899315	2.4406269019994E-15
6603.48900651932	2.31813572599732E-15
6606.34550404549	2.28871906580818E-15
6609.20200157165	2.27490249808056E-15
6612.05849909783	2.40669213790718E-15
6614.91499662399	2.29977491492611E-15
6617.77149415016	2.27115886033574E-15
6620.62799167633	2.39003635319422E-15
6623.4844892025	2.28427192060887E-15
6626.34098672867	2.25112440815715E-15
6629.19748425484	2.26648959967906E-15
6632.05398178101	2.32747115477216E-15
6634.91047930718	2.2992491588597E-15
6637.76697683334	2.27277149380451E-15
6640.62347435951	2.58730484022421E-15
6643.47997188568	2.68838592124713E-15
6646.33646941185	2.74528146824144E-15
6649.19296693802	2.900692643555E-15
6652.04946446419	2.97770215279511E-15
6654.90596199036	2.97831630310782E-15
6657.76245951652	2.61116357560523E-15
6660.6189570427	2.30928218654369E-15
6663.47545456886	2.2910082627664E-15
6666.33195209503	2.33655713739943E-15
6669.1884496212	2.29332185216043E-15
6672.04494714737	2.33335352878556E-15
6674.90144467354	2.32712096366323E-15
6677.75794219971	2.29066107729165E-15
6680.61443972588	2.23151285876606E-15
6683.47093725205	2.21623782215449E-15
6686.32743477822	2.08698589187483E-15
6689.18393230438	1.98060335874058E-15
6692.04042983055	2.02625936524774E-15
6694.89692735672	2.09206135125018E-15
6697.75342488289	2.10939440529668E-15
6700.60992240906	2.06292148656923E-15
6703.46641993523	2.01676148568572E-15
6706.3229174614	1.9639772040018E-15
6709.17941498756	2.1036248481321E-15
6712.03591251373	1.98869722730362E-15
6714.8924100399	1.92570698712031E-15
6717.74890756607	2.13862011410911E-15
6720.60540509224	1.95991470042007E-15
6723.46190261841	1.91926542997942E-15
6726.31840014458	1.99542222992023E-15
6729.17489767075	1.93877811630029E-15
6732.03139519692	1.96787850736375E-15
6734.88789272309	1.8821277697788E-15
6737.74439024925	1.93074860573815E-15
6740.60088777542	1.94215195898516E-15
6743.45738530159	2.04160852858511E-15
6746.31388282776	1.88962937811855E-15
6749.17038035393	1.89362128198426E-15
6752.0268778801	2.05898299571742E-15
6754.88337540627	1.92988339493873E-15
6757.73987293244	1.81831045544089E-15
6760.5963704586	1.98430422360944E-15
6763.45286798477	1.79079824338464E-15
6766.30936551094	1.91384761488326E-15
6769.16586303711	1.81190013350436E-15
6772.02236056328	1.81118529207247E-15
6774.87885808945	1.8567834480545E-15
6777.73535561562	1.81523268268129E-15
6780.59185314178	1.77949011692848E-15
6783.44835066795	1.79311429217683E-15
6786.30484819412	2.03004269832565E-15
6789.16134572029	1.81953971032718E-15
6792.01784324646	1.78570221829275E-15
6794.87434077263	1.86660270855751E-15
6797.7308382988	1.87812342745699E-15
6800.58733582497	1.88720134428182E-15
6803.44383335114	1.80751645240907E-15
6806.3003308773	1.77979229624479E-15
6809.15682840347	1.95724574439989E-15
6812.01332592964	1.91719298264587E-15
6814.86982345581	1.84921681351892E-15
6817.72632098198	1.85801341842456E-15
6820.58281850815	2.01849223642562E-15
6823.43931603432	1.89557735128165E-15
6826.29581356049	1.66318995230038E-15
6829.15231108666	1.74917822687038E-15
6832.00880861282	1.68210401635713E-15
6834.86530613899	1.72925828080442E-15
6837.72180366516	1.80887028441214E-15
6840.57830119133	1.69783375778164E-15
6843.4347987175	1.72138414822968E-15
6846.29129624367	1.66032034579648E-15
6849.14779376984	1.59518874619433E-15
6852.00429129601	1.69779977848527E-15
6854.86078882218	1.74418676804777E-15
6857.71728634834	1.74987402564889E-15
6860.57378387451	1.74744828111338E-15
6863.43028140068	1.68482343759051E-15
6866.28677892685	1.59343428261657E-15
6869.14327645302	1.55984367062886E-15
6871.99977397919	1.59892204198628E-15
6874.85627150536	1.62490940835994E-15
6877.71276903153	1.49672990031037E-15
6880.56926655769	1.68405825170298E-15
6883.42576408386	1.71461325097051E-15
6886.28226161003	1.55107325032328E-15
6889.1387591362	1.65918987912513E-15
6891.99525666237	1.70714327925674E-15
6894.85175418854	1.60582521377182E-15
6897.70825171471	1.70963293540263E-15
6900.56474924088	1.74270574457954E-15
6903.42124676704	1.62832288541321E-15
6906.27774429321	1.58913520235374E-15
6909.13424181938	1.62817133752336E-15
6911.99073934555	1.72918808755134E-15
6914.84723687172	1.67355101776958E-15
6917.70373439789	1.64324070171526E-15
6920.56023192406	1.74336952844066E-15
6923.41672945023	1.60324083285215E-15
6926.27322697639	1.62806452108626E-15
6929.12972450256	1.58422102071599E-15
6931.98622202873	1.6165414564626E-15
6934.8427195549	1.62800252516575E-15
6937.69921708107	1.59955413938021E-15
6940.55571460724	1.61793091878673E-15
6943.41221213341	1.57407536051902E-15
6946.26870965958	1.69423686742189E-15
6949.12520718575	1.66488072870186E-15
6951.98170471191	1.52715282771678E-15
6954.83820223808	1.60572031177578E-15
6957.69469976425	1.5882496096002E-15
6960.55119729042	1.60832774151805E-15
6963.40769481659	1.58875662711953E-15
6966.26419234276	1.56819601637239E-15
6969.12068986893	1.58993962161669E-15
6971.9771873951	1.61188993549524E-15
6974.83368492127	1.67791083072703E-15
6977.69018244743	1.69062697887044E-15
6980.5466799736	1.56475528331916E-15
6983.40317749977	1.5988287397556E-15
6986.25967502594	1.50526076731438E-15
6989.11617255211	1.59602962316468E-15
6991.97267007828	1.66127903420809E-15
6994.82916760445	1.55121004487193E-15
6997.68566513062	1.53400227362242E-15
7000.54216265678	1.60327432231131E-15
7003.39866018295	1.64993246925847E-15
7006.25515770912	1.5173780961801E-15
7009.11165523529	1.52174157115429E-15
7011.96815276146	1.58639873803602E-15
7014.82465028763	1.51418528195646E-15
7017.6811478138	1.53148165372487E-15
7020.53764533997	1.44742447160233E-15
7023.39414286613	1.58762019675637E-15
7026.2506403923	1.68971344349905E-15
7029.10713791847	1.5236595953876E-15
7031.96363544464	1.77261607948465E-15
7034.82013297081	1.43970770528033E-15
7037.67663049698	1.51662112711913E-15
7040.53312802315	1.584627172536E-15
7043.38962554932	1.68007424493558E-15
7046.24612307549	1.54059093468677E-15
7049.10262060165	1.44821896690244E-15
7051.95911812782	1.56162688405469E-15
7054.81561565399	1.61482010372937E-15
7057.67211318016	1.63241732660911E-15
7060.52861070633	1.52783509510066E-15
7063.3851082325	1.66526434529395E-15
7066.24160575867	1.63495666705545E-15
7069.09810328484	1.53368351124571E-15
7071.954600811	1.6030651265634E-15
7074.81109833717	1.50664222901597E-15
7077.66759586334	1.54725576171619E-15
7080.52409338951	1.61369238828018E-15
7083.38059091568	1.47554473053285E-15
7086.23708844185	1.54672501874345E-15
7089.09358596802	1.63053525713475E-15
7091.95008349419	1.56976888982852E-15
7094.80658102035	1.7495046778603E-15
7097.66307854652	1.53480226093915E-15
7100.51957607269	1.50177667806503E-15
7103.37607359886	1.66686597802528E-15
7106.23257112503	1.68756246644387E-15
7109.0890686512	1.49845898013432E-15
7111.94556617737	1.68302999564241E-15
7114.80206370354	1.45998999247731E-15
7117.65856122971	1.42906009563999E-15
7120.51505875588	1.62760103836782E-15
7123.37155628204	1.60112742756477E-15
7126.22805380821	1.5150676713938E-15
7129.08455133438	1.55523342648854E-15
7131.94104886055	1.72754280897931E-15
7134.79754638672	1.71024396362272E-15
7137.65404391289	1.61097311543614E-15
7140.51054143906	1.65384782460721E-15
7143.36703896523	1.68260195003864E-15
7146.22353649139	1.63800068356984E-15
7149.08003401756	1.64631302079283E-15
7151.93653154373	1.64590967563194E-15
7154.7930290699	1.56002199002542E-15
7157.64952659607	1.59194461137306E-15
7160.50602412224	1.64252786600777E-15
7163.36252164841	1.54079903147955E-15
7166.21901917458	1.63401946912327E-15
7169.07551670074	1.63942464359254E-15
7171.93201422691	1.56227442936153E-15
7174.78851175308	1.46180863331341E-15
7177.64500927925	1.61061488576003E-15
7180.50150680542	1.59735498459578E-15
7183.35800433159	1.51453367890465E-15
7186.21450185776	1.59504544805613E-15
7189.07099938393	1.46851490557291E-15
7191.9274969101	1.5623084861994E-15
7194.78399443627	1.5843697097822E-15
7197.64049196243	1.64228031962518E-15
7200.4969894886	1.54603174934857E-15
7203.35348701477	1.56354611176903E-15
7206.20998454094	1.57872047293704E-15
7209.06648206711	1.68520957438242E-15
7211.92297959328	1.73000670124483E-15
7214.77947711945	1.60269425532017E-15
7217.63597464561	1.55942268138269E-15
7220.49247217178	1.5769541136238E-15
7223.34896969795	1.55614948304768E-15
7226.20546722412	1.52812778354919E-15
7229.06196475029	1.44827207772534E-15
7231.91846227646	1.5071559881732E-15
7234.77495980263	1.56044325415236E-15
7237.6314573288	1.57254649381033E-15
7240.48795485497	1.69266966825311E-15
7243.34445238114	1.58557245771774E-15
7246.2009499073	1.61396710794767E-15
7249.05744743347	1.65313574128789E-15
7251.91394495964	1.62198516264012E-15
7254.77044248581	1.59793416724682E-15
7257.62694001198	1.634954395528E-15
7260.48343753815	1.46416273835864E-15
7263.33993506432	1.6110231069872E-15
7266.19643259049	1.70706247898712E-15
7269.05293011665	1.62643338957805E-15
7271.90942764282	1.58362061462013E-15
7274.76592516899	1.63615962783498E-15
7277.62242269516	1.60909144773042E-15
7280.47892022133	1.50630333315058E-15
7283.3354177475	1.56058578889805E-15
7286.19191527367	1.7275250894857E-15
7289.04841279983	1.64420251762815E-15
7291.90491032601	1.49045737076102E-15
7294.76140785217	1.5052565040537E-15
7297.61790537834	1.53416601830751E-15
7300.47440290451	1.64488903554364E-15
7303.33090043068	1.73863077695921E-15
7306.18739795685	1.45855257097905E-15
7309.04389548302	1.46427403942538E-15
7311.90039300919	1.46754621885753E-15
7314.75689053536	1.56137443791097E-15
7317.61338806152	1.57479339793114E-15
7320.46988558769	1.62964848885467E-15
7323.32638311386	1.65057175184575E-15
7326.18288064003	1.63924515320764E-15
7329.0393781662	1.64197299241499E-15
7331.89587569237	1.63481959088281E-15
7334.75237321854	1.64898577183594E-15
7337.60887074471	1.63747766397242E-15
7340.46536827087	1.58931237842282E-15
7343.32186579704	1.69186863244309E-15
7346.17836332321	1.73264923855552E-15
7349.03486084938	1.51160092421531E-15
7351.89135837555	1.67892373994751E-15
7354.74785590172	1.63260161404079E-15
7357.60435342789	1.65527797763926E-15
7360.46085095406	1.58325687304635E-15
7363.31734848023	1.64097976502461E-15
7366.17384600639	1.53969947099443E-15
7369.03034353256	1.52425591129028E-15
7371.88684105873	1.64145860017318E-15
7374.7433385849	1.63384382727181E-15
7377.59983611107	1.60830218338128E-15
7380.45633363724	1.56118709477556E-15
7383.31283116341	1.62508044333668E-15
7386.16932868958	1.61023365245877E-15
7389.02582621575	1.5287948951702E-15
7391.88232374191	1.59083688213639E-15
7394.73882126808	1.66490140170534E-15
7397.59531879425	1.65795147155288E-15
7400.45181632042	1.62684447485287E-15
7403.30831384659	1.59257406309731E-15
7406.16481137276	1.57270694676968E-15
7409.02130889893	1.57729952336783E-15
7411.87780642509	1.57572615145895E-15
7414.73430395126	1.40200388222187E-15
7417.59080147743	1.61261455156856E-15
7420.4472990036	1.56229626842805E-15
7423.30379652977	1.50288866794201E-15
7426.16029405594	1.57088849489875E-15
7429.01679158211	1.5805937675294E-15
7431.87328910828	1.41928821747932E-15
7434.72978663445	1.45955803537152E-15
7437.58628416061	1.74346413018653E-15
7440.44278168678	1.66603537706695E-15
7443.29927921295	1.50304318880547E-15
7446.15577673912	1.60215538405479E-15
7449.01227426529	1.42162657898693E-15
7451.86877179146	1.51252393373417E-15
7454.72526931763	1.7966295237776E-15
7457.5817668438	1.62396687877693E-15
7460.43826436997	1.54294650256115E-15
7463.29476189614	1.54043411831962E-15
7466.1512594223	1.55276907144743E-15
7469.00775694847	1.64373178290711E-15
7471.86425447464	1.41882634629854E-15
7474.72075200081	1.44277756682849E-15
7477.57724952698	1.58506566653804E-15
7480.43374705315	1.48458751538762E-15
7483.29024457932	1.30086650024727E-15
7486.14674210548	1.55950263581219E-15
7489.00323963165	1.55472411894297E-15
7491.85973715782	1.51379391824379E-15
7494.71623468399	1.48332418365381E-15
7497.57273221016	1.47121597816408E-15
7500.42922973633	1.42361703877604E-15
7503.2857272625	1.35160606129829E-15
7506.14222478867	1.44857555363909E-15
7508.99872231483	1.4630161673021E-15
7511.855219841	1.45707969860846E-15
7514.71171736717	1.58871033283952E-15
7517.56821489334	1.60122791003545E-15
7520.42471241951	1.5304573942874E-15
7523.28120994568	1.3967285438206E-15
7526.13770747185	1.37748129468911E-15
7528.99420499802	1.64842316097931E-15
7531.85070252419	1.51428629613872E-15
7534.70720005036	1.54438045669677E-15
7537.56369757652	1.56802750583458E-15
7540.42019510269	1.62177119963591E-15
7543.27669262886	1.42876895164584E-15
7546.13319015503	1.42377385331465E-15
7548.9896876812	1.53221471922121E-15
7551.84618520737	1.46960084864459E-15
7554.70268273354	1.47642051013005E-15
7557.5591802597	1.42459798606016E-15
7560.41567778587	1.36335646930922E-15
7563.27217531204	1.31075876592928E-15
7566.12867283821	1.30914651058393E-15
7568.98517036438	1.49161790358045E-15
7571.84166789055	1.50221207340317E-15
7574.69816541672	1.45439211835152E-15
7577.55466294289	1.53064452251209E-15
7580.41116046906	1.43164004819306E-15
7583.26765799522	1.45329933912599E-15
7586.12415552139	1.2962549033555E-15
7588.98065304756	1.50663644975048E-15
7591.83715057373	1.50464550890463E-15
7594.6936480999	1.45750881324E-15
7597.55014562607	1.38130217523088E-15
7600.40664315224	1.1635543929523E-15
7603.26314067841	1.12351138649023E-15
7606.11963820458	1.19550483960229E-15
7608.97613573074	1.10363327203656E-15
7611.83263325691	1.19146082078872E-15
7614.68913078308	1.57610767549809E-15
7617.54562830925	1.37450123272376E-15
7620.40212583542	1.40015650885718E-15
7623.25862336159	1.36927990929906E-15
7626.11512088776	1.27594345116148E-15
7628.97161841393	1.22570720030176E-15
7631.82811594009	1.46972615474174E-15
7634.68461346626	1.3822528315008E-15
7637.54111099243	1.41713811010718E-15
7640.3976085186	1.32385911695472E-15
7643.25410604477	1.41422946492389E-15
7646.11060357094	1.3958416500929E-15
7648.96710109711	1.40091331074998E-15
7651.82359862328	1.44748483524194E-15
7654.68009614945	1.2526359997523E-15
7657.53659367561	1.46672115713759E-15
7660.39309120178	1.49703555335247E-15
7663.24958872795	1.34664402081193E-15
7666.10608625412	1.63652220309228E-15
7668.96258378029	1.39290520443165E-15
7671.81908130646	1.44604076199976E-15
7674.67557883263	1.39960370010099E-15
7677.5320763588	1.38279706789818E-15
7680.38857388496	1.57256287696872E-15
7683.24507141113	1.36878923302604E-15
7686.1015689373	1.41516303909732E-15
7688.95806646347	1.46385844261584E-15
7691.81456398964	1.56488315587156E-15
7694.67106151581	1.68731425763449E-15
7697.52755904198	1.43569937306663E-15
7700.38405656815	1.32245962410651E-15
7703.24055409432	1.34167804394074E-15
7706.09705162048	1.46414522829385E-15
7708.95354914665	1.35628256919777E-15
7711.81004667282	1.53938683858503E-15
7714.66654419899	1.47580998936275E-15
7717.52304172516	1.39448075204039E-15
7720.37953925133	1.48181649289204E-15
7723.2360367775	1.49548862784286E-15
7726.09253430367	1.52843448948817E-15
7728.94903182983	1.51487992441189E-15
7731.805529356	1.47493172987301E-15
7734.66202688217	1.37818256868733E-15
7737.51852440834	1.40283549315099E-15
7740.37502193451	1.39367067800351E-15
7743.23151946068	1.22292114346581E-15
7746.08801698685	1.32065938318269E-15
7748.94451451302	1.51829186343644E-15
7751.80101203918	1.93340882738584E-15
7754.65750956535	1.71051554933571E-15
7757.51400709152	1.438660519369E-15
7760.37050461769	1.55345927237743E-15
7763.22700214386	1.40821500751706E-15
7766.08349967003	1.37178138281095E-15
7768.9399971962	1.50799137104352E-15
7771.79649472237	1.47040455502342E-15
7774.65299224854	1.3415317345646E-15
7777.5094897747	1.43271335344259E-15
7780.36598730087	1.46606995629118E-15
7783.22248482704	1.54704455551926E-15
7786.07898235321	1.71750409090762E-15
7788.93547987938	1.56935472881553E-15
7791.79197740555	1.54356140225999E-15
7794.64847493172	1.55635222094394E-15
7797.50497245789	1.50874298242622E-15
7800.36146998405	1.56484931999678E-15
7803.21796751023	1.527371716887E-15
7806.07446503639	1.55159816781593E-15
7808.93096256256	1.55822667792899E-15
7811.78746008873	1.56469758049444E-15
7814.6439576149	1.40546798282411E-15
7817.50045514107	1.47813053816992E-15
7820.35695266724	1.55203830202492E-15
7823.21345019341	1.43977173024133E-15
7826.06994771957	1.37393415437621E-15
7828.92644524574	1.45720120294996E-15
7831.78294277191	1.41473440821826E-15
7834.63944029808	1.43568658513544E-15
7837.49593782425	1.67313912688923E-15
7840.35243535042	1.5951715063349E-15
7843.20893287659	1.67869853856291E-15
7846.06543040276	1.5842819332483E-15
7848.92192792892	1.58670207153252E-15
7851.77842545509	1.74497059663293E-15
7854.63492298126	1.44645034839893E-15
7857.49142050743	1.46510568735327E-15
7860.3479180336	1.71304416669863E-15
7863.20441555977	1.59974497420214E-15
7866.06091308594	1.47830260075941E-15
7868.91741061211	1.58104235441782E-15
7871.77390813828	1.69223243795204E-15
7874.63040566445	1.71825171464009E-15
7877.48690319061	1.45203298788517E-15
7880.34340071678	1.6279667758853E-15
7883.19989824295	1.84103632933412E-15
7886.05639576912	1.48076202150525E-15
7888.91289329529	1.53237756670462E-15
7891.76939082146	1.96160981939707E-15
7894.62588834762	1.93990303315332E-15
7897.4823858738	1.6769534463986E-15
7900.33888339996	1.72366667362996E-15
7903.19538092613	1.77921714996928E-15
7906.0518784523	1.71880313557591E-15
7908.90837597847	1.57226095368265E-15
7911.76487350464	1.66979111120081E-15
7914.62137103081	1.89202287572431E-15
7917.47786855698	1.99636503798159E-15
7920.33436608315	1.80198141999466E-15
7923.19086360931	1.77368567412787E-15
7926.04736113548	1.97709453710376E-15
7928.90385866165	1.64694433810391E-15
7931.76035618782	1.77325533160916E-15
7934.61685371399	1.79813475329244E-15
7937.47335124016	1.73749182536998E-15
7940.32984876633	1.78670421706751E-15
7943.1863462925	1.71587341602196E-15
7946.04284381867	1.76021128029365E-15
7948.89934134483	1.66987027125252E-15
7951.755838871	1.70405130084164E-15
7954.61233639717	1.82598029121387E-15
7957.46883392334	1.76907437682581E-15
7960.32533144951	1.90411456911732E-15
7963.18182897568	1.75732136564733E-15
7966.03832650185	1.79711233719342E-15
7968.89482402802	1.78643870747103E-15
7971.75132155419	1.90388524865284E-15
7974.60781908035	1.91488243403242E-15
7977.46431660652	1.76557605991223E-15
7980.32081413269	1.6083476959793E-15
7983.17731165886	1.75105660568638E-15
7986.03380918503	1.79015273573129E-15
7988.8903067112	1.75144269164759E-15
7991.74680423737	1.92556519334987E-15
7994.60330176354	1.75152173353123E-15
7997.4597992897	1.67351216535566E-15
8000.31629681587	1.481641026445E-15
8003.17279434204	1.85866070472532E-15
8006.02929186821	1.62656551701343E-15
8008.88578939438	1.59235049664028E-15
8011.74228692055	1.70622528774634E-15
8014.59878444672	1.77039690667321E-15
8017.45528197289	1.80225842869049E-15
8020.31177949906	1.67777854197869E-15
8023.16827702522	1.80787496553709E-15
8026.02477455139	1.71191328367081E-15
8028.88127207756	1.61613062532688E-15
8031.73776960373	1.79511071128166E-15
8034.5942671299	1.74338206683506E-15
8037.45076465607	1.70516338040631E-15
8040.30726218224	1.74274287459546E-15
8043.1637597084	1.61784249199879E-15
8046.02025723457	1.54966005629099E-15
8048.87675476074	1.59484201186289E-15
8051.73325228691	1.68679426023669E-15
8054.58974981308	1.72994859638866E-15
8057.44624733925	1.50575791802934E-15
8060.30274486542	1.70146019423055E-15
8063.15924239159	1.70880448547809E-15
8066.01573991776	1.50103536505348E-15
8068.87223744392	1.69314240267459E-15
8071.72873497009	1.46085552103014E-15
8074.58523249626	1.52317787360317E-15
8077.44173002243	1.63992781598142E-15
8080.2982275486	1.54311439536925E-15
8083.15472507477	1.64190308161752E-15
8086.01122260094	1.54740708935026E-15
8088.86772012711	1.59317109237146E-15
8091.72421765328	1.67413887930283E-15
8094.58071517944	1.68994198565094E-15
8097.43721270561	1.44179163264005E-15
8100.29371023178	1.39013384004478E-15
8103.15020775795	1.57097224480567E-15
8106.00670528412	1.57375857084371E-15
8108.86320281029	1.34291119507737E-15
8111.71970033646	1.5004134750324E-15
8114.57619786263	1.68436022674833E-15
8117.43269538879	1.34740217760924E-15
8120.28919291496	1.33106531883504E-15
8123.14569044113	1.4685358562117E-15
8126.0021879673	1.45265576977233E-15
8128.85868549347	1.39893177412892E-15
8131.71518301964	1.32542387259875E-15
8134.57168054581	1.54309397034075E-15
8137.42817807198	1.5519990088618E-15
8140.28467559814	1.46519353338387E-15
8143.14117312431	1.49933569010705E-15
8145.99767065048	1.39082745452029E-15
8148.85416817665	1.43252901097336E-15
8151.71066570282	1.44918331753166E-15
8154.56716322899	1.43942565016979E-15
8157.42366075516	1.47026782845692E-15
8160.28015828133	1.40923871386374E-15
8163.1366558075	1.26231506844214E-15
8165.99315333366	1.21598910879653E-15
8168.84965085983	1.35420538705913E-15
8171.706148386	1.30377098427658E-15
8174.56264591217	1.40551979947496E-15
8177.41914343834	1.42783228661419E-15
8180.27564096451	1.44940677563098E-15
8183.13213849068	1.23622291615423E-15
8185.98863601685	1.31674033900273E-15
8188.84513354302	1.48616399421278E-15
8191.70163106918	1.43665059127483E-15
8194.55812859535	1.49355624676197E-15
8197.41462612152	1.47068043799165E-15
8200.27112364769	1.31301538470659E-15
8203.12762117386	1.46757770162315E-15
8205.98411870003	1.41678299945059E-15
8208.8406162262	1.25813157409426E-15
8211.69711375237	1.24115272896121E-15
8214.55361127853	1.37117366220055E-15
8217.4101088047	1.34781631359843E-15
8220.26660633087	1.22746476437821E-15
8223.12310385704	1.05499719276599E-15
8225.97960138321	1.02370174329901E-15
8228.83609890938	1.08255136602278E-15
8231.69259643555	1.2202001901257E-15
8234.54909396172	1.06089046781121E-15
8237.40559148788	1.24528034039969E-15
8240.26208901405	1.21089540813451E-15
8243.11858654022	1.16018135966067E-15
8245.97508406639	1.14382023449839E-15
8248.83158159256	1.11906068360038E-15
8251.68807911873	1.05545376982955E-15
8254.5445766449	1.07736598880705E-15
8257.40107417107	1.12513673274716E-15
8260.25757169723	9.94082485712189E-16
8263.1140692234	1.01388110604082E-15
8265.97056674957	1.03286889038833E-15
8268.82706427574	1.15800522922744E-15
8271.68356180191	1.0646942688385E-15
8274.54005932808	9.220830629742E-16
8277.39655685425	1.05995563454865E-15
8280.25305438042	1.07914226154034E-15
8283.10955190659	9.42455319931177E-16
8285.96604943276	7.92875216803325E-16
8288.82254695892	8.83429590779031E-16
8291.67904448509	9.31590573533537E-16
8294.53554201126	1.06684838490668E-15
8297.39203953743	9.83878545019701E-16
8300.2485370636	9.99815300880084E-16
8303.10503458977	1.04956771962968E-15
8305.96153211594	7.92713355294201E-16
8308.8180296421	9.56713694616834E-16
8311.67452716827	8.12080518896016E-16
8314.53102469444	7.55336551645204E-16
8317.38752222061	8.28129256443321E-16
8320.24401974678	7.63625818551636E-16
8323.10051727295	6.58633831512562E-16
8325.95701479912	7.80812736246319E-16
8328.81351232529	9.4536509840033E-16
8331.67000985146	1.0559998615068E-15
8334.52650737763	9.54098933238319E-16
8337.38300490379	7.16777170694366E-16
8340.23950242996	7.71321032391874E-16
8343.09599995613	9.37377775053907E-16
8345.9524974823	9.13620972708344E-16
8348.80899500847	9.55927679477199E-16
8351.66549253464	1.01619909380648E-15
8354.52199006081	9.27534853602993E-16
8357.37848758697	7.18267350842966E-16
8360.23498511314	8.8860337048868E-16
8363.09148263931	9.22745176293215E-16
8365.94798016548	8.96638001014796E-16
8368.80447769165	9.40161485864029E-16
8371.66097521782	1.02241513450204E-15
8374.51747274399	9.53732806087905E-16
8377.37397027016	8.91610542397197E-16
8380.23046779633	9.05350612542997E-16
8383.08696532249	8.35452192138654E-16
8385.94346284866	9.36514520912114E-16
8388.79996037483	9.53986417853382E-16
8391.656457901	9.07983369337104E-16
8394.51295542717	8.8569731020786E-16
8397.36945295334	8.24750735817879E-16
8400.22595047951	8.6825516174144E-16
8403.08244800568	7.47203651888623E-16
8405.93894553185	7.21530889848003E-16
8408.79544305802	8.89123413012591E-16
8411.65194058418	9.01419025786528E-16
8414.50843811035	8.93010317107772E-16
8417.36493563652	8.72325001581941E-16
8420.22143316269	8.30601586159532E-16
8423.07793068886	8.34410587459806E-16
8425.93442821503	7.83014808985204E-16
8428.7909257412	8.0531150997356E-16
8431.64742326736	9.34434067477851E-16
8434.50392079354	8.77560083801618E-16
8437.3604183197	7.6247527795196E-16
8440.21691584587	7.44828428283544E-16
8443.07341337204	7.45074217961872E-16
8445.92991089821	7.87050917984263E-16
8448.78640842438	7.54445817182361E-16
8451.64290595055	7.70427250257407E-16
8454.49940347671	8.11537259421749E-16
8457.35590100288	8.74134493378219E-16
8460.21239852905	8.05838152010935E-16
8463.06889605522	7.2440744539656E-16
8465.92539358139	7.29818805472078E-16
8468.78189110756	8.07597726622372E-16
8471.63838863373	8.3549755179086E-16
8474.4948861599	8.85689932874797E-16
8477.35138368607	8.9900303651947E-16
8480.20788121223	8.7998974456057E-16
8483.0643787384	8.53766290857245E-16
8485.92087626457	9.14589094958707E-16
8488.77737379074	9.31595750606178E-16
8491.63387131691	8.56451908114743E-16
8494.49036884308	7.81097986866452E-16
8497.34686636925	8.92752774050281E-16
8500.20336389542	9.83411579868214E-16
8503.05986142159	8.93113130423172E-16
8505.91635894775	9.81219849605538E-16
8508.77285647392	9.1595297816734E-16
8511.62935400009	9.54900158224439E-16
8514.48585152626	9.57670039413186E-16
8517.34234905243	9.54053907166952E-16
8520.1988465786	9.77699033061789E-16
8523.05534410477	9.92801142611915E-16
8525.91184163093	8.46059811072025E-16
8528.76833915711	9.75968176867893E-16
8531.62483668327	9.68972046454774E-16
8534.48133420944	9.56392004662784E-16
8537.33783173561	8.67886857363672E-16
8540.19432926178	9.96899701294097E-16
8543.05082678795	1.06199848630369E-15
8545.90732431412	1.0195922177537E-15
8548.76382184029	9.59588904545896E-16
8551.62031936646	9.70739009826234E-16
8554.47681689262	9.46491259198157E-16
8557.33331441879	9.73504535966896E-16
8560.18981194496	9.22607279345805E-16
8563.04630947113	9.57448213685492E-16
8565.9028069973	1.06279253645665E-15
8568.75930452347	9.61510088030894E-16
8571.61580204964	9.8577359725977E-16
8574.47229957581	1.08374282577055E-15
8577.32879710198	1.00633740259957E-15
8580.18529462814	9.75234784789836E-16
8583.04179215431	1.05686412324158E-15
8585.89828968048	9.27998869720503E-16
8588.75478720665	1.10699679101263E-15
8591.61128473282	1.03603814687607E-15
8594.46778225899	9.16913805596096E-16
8597.32427978516	9.37119077621119E-16
8600.18077731133	1.02873975185063E-15
8603.03727483749	1.06425999998211E-15
8605.89377236366	1.03592013178007E-15
8608.75026988983	1.10191676166256E-15
8611.606767416	1.0596387865024E-15
8614.46326494217	9.6680298878007E-16
8617.31976246834	1.03130139089695E-15
8620.17625999451	1.1261287859404E-15
8623.03275752068	1.11976220345806E-15
8625.88925504685	1.14137815590745E-15
8628.74575257301	8.96773090477196E-16
8631.60225009918	1.06590407715154E-15
8634.45874762535	1.18325529710718E-15
8637.31524515152	1.15775314369566E-15
8640.17174267769	1.09216034678049E-15
8643.02824020386	1.13305707903862E-15
8645.88473773003	1.07018011768329E-15
8648.7412352562	1.08218841848838E-15
8651.59773278236	1.02815529770713E-15
8654.45423030853	1.01169242238871E-15
8657.3107278347	9.98700111110029E-16
8660.16722536087	1.02684396173818E-15
8663.02372288704	1.05300753834542E-15
8665.88022041321	1.07542633841756E-15
8668.73671793938	1.02821296986629E-15
8671.59321546555	1.06251512693009E-15
8674.44971299171	1.16512547633253E-15
8677.30621051788	1.21167575075506E-15
8680.16270804405	1.19936121522131E-15
8683.01920557022	1.09577318245726E-15
8685.87570309639	1.0729378372554E-15
8688.73220062256	1.05292656470948E-15
8691.58869814873	1.12556048337278E-15
8694.4451956749	1.05308205785116E-15
8697.30169320107	1.08044735699641E-15
8700.15819072723	1.15393294597935E-15
8703.0146882534	1.12379548387433E-15
8705.87118577957	1.14534905624215E-15
8708.72768330574	1.07998818348993E-15
8711.58418083191	1.14014833707389E-15
8714.44067835808	1.16126659223913E-15
8717.29717588425	1.05246170581153E-15
8720.15367341042	1.10738638271699E-15
8723.01017093658	1.10832044633731E-15
8725.86666846275	1.10541641354942E-15
8728.72316598892	1.21916358764833E-15
8731.57966351509	1.23026931378852E-15
8734.43616104126	1.08779082473586E-15
8737.29265856743	1.03534991189247E-15
8740.1491560936	1.13596521843338E-15
8743.00565361977	1.27931983630156E-15
8745.86215114594	1.23545799112119E-15
8748.71864867211	1.21847924760335E-15
8751.57514619827	1.23534958971846E-15
8754.43164372444	1.06319820040846E-15
8757.28814125061	1.23646084829273E-15
8760.14463877678	1.34665657114684E-15
8763.00113630295	1.12566967348416E-15
8765.85763382912	1.13763999957445E-15
8768.71413135529	1.33810516317627E-15
8771.57062888145	1.26913279309594E-15
8774.42712640762	1.09544953963054E-15
8777.28362393379	1.10811602310404E-15
8780.14012145996	1.14004337584134E-15
8782.99661898613	1.06234298761342E-15
8785.8531165123	1.13121328261316E-15
8788.70961403847	1.09565412859845E-15
8791.56611156464	1.10446362161956E-15
8794.42260909081	1.26794500227665E-15
8797.27910661697	1.18549402620048E-15
8800.13560414314	1.06558640519924E-15
8802.99210166931	1.04067828978776E-15
8805.84859919548	9.74000372190635E-16
8808.70509672165	1.14945646383911E-15
8811.56159424782	1.02927417459592E-15
8814.41809177399	1.09222239431836E-15
8817.27458930016	1.22165388226508E-15
8820.13108682633	1.20865385098408E-15
8822.98758435249	1.07651139318278E-15
8825.84408187866	1.17886752798879E-15
8828.70057940483	1.20294553859884E-15
8831.557076931	1.23497675306876E-15
8834.41357445717	1.23003502860052E-15
8837.27007198334	1.248877246843E-15
8840.12656950951	1.07821853781255E-15
8842.98306703568	1.02646594090594E-15
8845.83956456184	1.14011024315873E-15
8848.69606208801	1.13797702913084E-15
8851.55255961418	1.02065535615579E-15
8854.40905714035	9.96714747104326E-16
8857.26555466652	1.04214785823059E-15
8860.12205219269	1.04269352663173E-15
8862.97854971886	1.09713451910038E-15
8865.83504724502	1.08029696879042E-15
8868.69154477119	1.0531015306029E-15
8871.54804229736	9.90540100296709E-16
8874.40453982353	8.5342652828563E-16
8877.2610373497	1.03925468443787E-15
8880.11753487587	1.15612265882123E-15
8882.97403240204	1.17539423660029E-15
8885.83052992821	1.21141457325834E-15
8888.68702745438	1.17926366077637E-15
8891.54352498055	1.14986717744231E-15
8894.40002250671	1.13068630589938E-15
8897.25652003288	8.50824808178661E-16
8900.11301755905	9.42360740547344E-16
8902.96951508522	1.22663682940445E-15
8905.82601261139	1.212461148621E-15
8908.68251013756	9.09676228950402E-16
8911.53900766373	9.16810152534345E-16
8914.3955051899	1.04949379745171E-15
8917.25200271607	9.80441097506599E-16
8920.10850024223	1.09642236476375E-15
8922.9649977684	1.19616323296097E-15
8925.82149529457	1.08692238729037E-15
8928.67799282074	1.09348788245548E-15
8931.53449034691	1.23185246108908E-15
8934.39098787308	1.16331023458035E-15
8937.24748539925	9.68515117664976E-16
8940.10398292541	9.63925615124018E-16
8942.96048045158	1.01053832452314E-15
8945.81697797775	9.79282694409994E-16
8948.67347550392	8.758478662512E-16
8951.52997303009	1.04386624940285E-15
8954.38647055626	1.16488195658263E-15
8957.24296808243	1.07065067938671E-15
8960.0994656086	1.10058586089451E-15
8962.95596313477	9.46511345228008E-16
8965.81246066093	9.92380382550802E-16
8968.6689581871	1.06529975156783E-15
8971.52545571327	1.07688881252145E-15
8974.38195323944	8.66596314586225E-16
8977.23845076561	7.95477335030438E-16
8980.09494829178	8.78813099945524E-16
8982.95144581795	7.84696629359372E-16
8985.80794334412	9.56615324070569E-16
8988.66444087028	9.13114819188114E-16
8991.52093839645	8.76906252328779E-16
8994.37743592262	9.47434464101315E-16
8997.23393344879	9.32899132212228E-16
9000.09043097496	8.01779532162268E-16
9002.94692850113	8.75042058661266E-16
9005.8034260273	1.02982869935836E-15
9008.65992355347	7.33997187296742E-16
9011.51642107964	7.41030015432208E-16
9014.3729186058	7.52561932793081E-16
9017.22941613197	7.46797848348322E-16
9020.08591365814	7.67618511447667E-16
9022.94241118431	8.28995088284334E-16
9025.79890871048	8.72329593520622E-16
9028.65540623665	8.49844787539402E-16
9031.51190376282	7.70371958215201E-16
9034.36840128899	7.70304104306084E-16
9037.22489881515	6.72027200594256E-16
9040.08139634133	7.36268677909578E-16
9042.93789386749	8.02519287829767E-16
9045.79439139366	8.29639685184195E-16
9048.65088891983	6.85654803478325E-16
