3807.3156 1.32656481469632
3816.7520 1.3005511272231
3826.1883 1.30679163028472
3835.6246 0.861526555807873
3845.0609 1.1988025862749
3854.4973 1.60467272361816
3863.9336 1.14364143359945
3873.3699 0.930116643492066
3882.8062 0.950275588497252
3892.2426 1.37059380654044
3901.6789 1.39206089442096
3911.1152 1.3868588229942
3920.5516 1.54768051378641
3929.9879 1.43021729930729
3939.4242 1.49411848802069
3948.8605 1.95415977908092
3958.2969 1.67218990651752
3967.7332 1.55517345092982
3977.1695 1.77463649879385
3986.6058 1.67375335855833
3996.0422 1.52755790766706
4005.4785 1.3578723984205
4014.9148 1.49383130563013
4024.3511 1.43038894484144
4033.7875 1.19765722090148
4043.2238 1.62890678864484
4052.6601 1.75179756408816
4062.0965 1.63948137168024
4071.5328 1.48478245686147
4080.9691 1.38802994080793
4090.4054 1.31750550520711
4099.8418 1.1760483534341
4109.2781 1.10537267702433
4118.7144 1.15768410441645
4128.1507 1.60333003090978
4137.5871 1.42535038628198
4147.0234 1.13929034023296
4156.4597 1.29691363267431
4165.8960 1.38722704521982
4175.3324 1.36568880896703
4184.7687 1.14751231783564
4194.2050 1.25839078123068
4203.6414 1.40307208957217
4213.0777 1.45965851945881
4222.5140 1.22617486527327
4231.9503 1.12405338946554
4241.3867 1.28470393504104
4250.8230 1.20708503589198
4260.2593 1.13023244330557
4269.6956 1.08208056904032
4279.1320 1.0157053570291
4288.5683 1.0126937844025
4298.0046 1.07689450810966
4307.4409 1.11284412050042
4316.8773 1.14514827521223
4326.3136 1.16494854990078
4335.7499 1.04936033046007
4345.1863 1.05917365139257
4354.6226 1.14061378008178
4364.0589 1.13327471637826
4373.4952 1.0265703668293
4382.9316 0.901939893363973
4392.3679 0.947351532642178
4401.8042 1.05214841061295
4411.2405 1.12723290395808
4420.6769 1.01985198264995
4430.1132 1.03922911113386
4439.5495 1.13519010273779
4448.9858 1.31169512570221
4458.4222 1.16890213406329
4467.8585 1.0419749425109
4477.2948 1.09791709307302
4486.7312 1.18061092976512
4496.1675 1.26449132131882
4505.6038 1.33253529826079
4515.0401 1.31880847813444
4524.4765 1.32723819469151
4533.9128 1.37700717142714
4543.3491 1.26975047717322
4552.7854 1.3145958352396
4562.2218 1.50468126985269
4571.6581 1.31757087700245
4581.0944 1.20420080586077
4590.5307 1.16687494903501
4599.9671 1.28668939608623
4609.4034 1.25110619638037
4618.8397 1.13180223627066
4628.2761 1.11375062450998
4637.7124 1.20648875728191
4647.1487 1.32262992815235
4656.5850 1.31039504455986
4666.0214 1.22408628543804
4675.4577 1.1626684746336
4684.8940 1.24265364845277
4694.3303 1.26655036368905
4703.7667 1.2497288757301
4713.2030 1.1822847135874
4722.6393 1.22667730525825
4732.0756 1.19836544376478
4741.5120 1.01913291022882
4750.9483 1.05423579986759
4760.3846 1.06021702489569
4769.8210 0.994049911468745
4779.2573 1.05822309915671
4788.6936 1.13485532822423
4798.1299 1.21884146411216
4807.5663 1.20164739412773
4817.0026 1.09303796395548
4826.4389 0.924614335080002
4835.8752 0.963809414750913
4845.3116 1.00146095738934
4854.7479 1.02273759389581
4864.1842 0.94326949822663
4873.6205 0.917734286979354
4883.0569 0.923162609881569
4892.4932 0.943284400187986
4901.9295 0.997480047587207
4911.3659 1.00040325875713
4920.8022 0.822570311958452
4930.2385 0.79055643754211
4939.6748 0.801854304618106
4949.1112 0.810892554596608
4958.5475 0.929003646680255
4967.9838 1.00384993240592
4977.4201 0.971860958348088
4986.8565 0.928944353993289
4996.2928 0.924530746583977
5005.7291 0.967224447329825
5015.1654 0.860069671673559
5024.6018 0.856958426769948
5034.0381 0.963976033834014
5043.4744 1.05926567710127
5052.9108 1.05164706983035
5062.3471 0.978758264371416
5071.7834 1.07861961761435
5081.2197 1.07905969039313
5090.6561 1.01904007719102
5100.0924 0.95835254344272
5109.5287 1.07774729911956
5118.9650 1.20478386167088
5128.4014 1.03834738793584
5137.8377 0.969601821641882
5147.2740 0.967926981845421
5156.7103 1.05326619051414
5166.1467 1.08775854789319
5175.5830 1.09444490346547
5185.0193 1.06063429543717
5194.4557 1.0008808257561
5203.8920 1.00270278004486
5213.3283 1.11229822748156
5222.7646 1.04483785470409
5232.2010 0.959469169445622
5241.6373 0.871343116095113
5251.0736 0.962482871607388
5260.5099 1.02235553663557
5269.9463 1.04815868495392
5279.3826 1.01796659116243
5288.8189 1.02439246114596
5298.2552 1.04736936753483
5307.6916 1.04730468226553
5317.1279 0.997440429088195
5326.5642 0.949847949611447
5336.0006 1.0122560082654
5345.4369 0.968644197941079
5354.8732 0.899763629738511
5364.3095 0.898002490427145
5373.7459 0.947792909287263
5383.1822 0.963923037133392
5392.6185 0.863110469316753
5402.0548 0.994505021041504
5411.4912 1.09762892955645
5420.9275 1.08416427411684
5430.3638 0.923769059377671
5439.8001 0.850514692745472
5449.2365 0.906126837576745
5458.6728 1.01336607795157
5468.1091 1.04282860633348
5477.5455 0.993042966859374
5486.9818 0.973632451245073
5496.4181 0.914152448311334
5505.8544 0.84593451031997
5515.2908 0.926896887434296
5524.7271 0.932311964541381
5534.1634 0.906741693050031
5543.5997 0.937343575045079
5553.0361 0.928067477572346
5562.4724 0.908389026599149
5571.9087 0.913690111275192
5581.3450 0.931858833810461
5590.7814 0.962092838509781
5600.2177 1.00833157028524
5609.6540 0.997881147511532
5619.0904 0.993687868906725
5628.5267 1.02232347011501
5637.9630 1.0652977411459
5647.3993 1.08051649072995
5656.8357 1.06445549795837
5666.2720 1.08375704595993
5675.7083 1.11491652385721
5685.1446 1.1439562882542
5694.5810 1.02226626854252
5704.0173 1.03696391523545
5713.4536 1.13340030158196
5722.8899 1.11435695961695
5732.3263 1.08760261034782
5741.7626 1.06794719475724
5751.1989 1.09677664222344
5760.6353 1.05367478502259
5770.0716 0.968855014599427
5779.5079 0.86102271370701
5788.9442 0.915440680217792
5798.3806 0.984281606886167
5807.8169 0.992529225991219
5817.2532 1.00169930779801
5826.6895 1.02008245010576
5836.1259 1.04124024344814
5845.5622 0.976712087472256
5854.9985 0.96215408029069
5864.4348 1.01697890706795
5873.8712 1.03075541237625
5883.3075 0.964709716066288
5892.7438 0.861768421938483
5902.1802 0.999521588929011
5911.6165 1.00863524863878
5921.0528 0.934281474669916
5930.4891 0.966325564345043
5939.9255 0.936859487849118
5949.3618 0.926542949255498
5958.7981 1.07828263957639
5968.2344 1.08450655813486
5977.6708 1.04801067580116
5987.1071 1.03907966456752
5996.5434 0.998285040057545
6005.9797 0.97214860503111
6015.4161 0.987731001112969
6024.8524 1.08451446116203
6034.2887 1.11062937116874
6043.7251 1.01972640619368
6053.1614 1.0608689024337
6062.5977 1.06624866260593
6072.0340 1.03533666572287
6081.4704 1.08023229149461
6090.9067 1.00839705188069
6100.3430 0.872427958867717
6109.7793 0.937617494522365
6119.2157 0.92615703709516
6128.6520 0.873998379809368
6138.0883 0.843880284612746
6147.5246 0.84322466474112
6156.9610 0.851744014756985
6166.3973 0.847166802413246
6175.8336 0.773968269858611
6185.2700 0.723393186732576
6194.7063 0.759552580761354
6204.1426 0.66104049909518
6213.5789 0.591398404617644
6223.0153 0.598945265466209
6232.4516 0.745520361902008
6241.8879 0.810094038090833
6251.3242 0.772726589357565
6260.7606 0.854822100994543
6270.1969 0.895375576506294
6279.6332 0.907495365928599
6289.0695 0.877877408054269
6298.5059 0.909492465225655
6307.9422 0.946545439641146
6317.3785 0.851684713971666
6326.8149 0.929794541246347
6336.2512 1.02713906188707
6345.6875 0.958951135604303
6355.1238 0.983455578799261
6364.5602 1.01429082786564
6373.9965 0.99851486285359
6383.4328 1.05485740194634
6392.8691 1.11668560201085
6402.3055 1.15875280084691
6411.7418 1.0121432190444
6421.1781 0.994886224266535
6430.6144 1.14780525110381
6440.0508 0.896984796194903
6449.4871 0.881942649751967
6458.9234 1.04010666718511
6468.3598 0.918632735019633
6477.7961 0.949069061622819
6487.2324 1.04582040883157
6496.6687 0.995771842428095
6506.1051 1.06826438493905
6515.5414 1.17525177833288
6524.9777 1.22495041363397
6534.4140 1.17798770781869
6543.8504 1.10471185558208
6553.2867 1.03547300362098
6562.7230 1.13121240569259
6572.1593 1.19297935246471
6581.5957 1.15764928135221
6591.0320 1.10685787663226
6600.4683 1.04579732946559
6609.9047 0.976048347799071
6619.3410 1.04756599087176
6628.7773 1.08087656096289
6638.2136 1.08464786234964
6647.6500 1.10895281785846
6657.0863 1.09116748854878
6666.5226 1.03903250762624
6675.9589 0.93812502291521
6685.3953 0.992783907434511
6694.8316 1.07765131708612
6704.2679 1.0511382211089
6713.7042 1.11582705646491
6723.1406 1.14859665170038
6732.5769 1.05871293201522
6742.0132 0.961461778583506
6751.4496 0.928598306172444
6760.8859 0.991418198558848
6770.3222 1.00640394826467
6779.7585 0.990657784520377
6789.1949 0.948234170004467
6798.6312 0.963274677604686
6808.0675 0.937616514879334
6817.5038 0.892275041540323
6826.9402 0.917283269056396
6836.3765 1.02551547122492
6845.8128 1.13399537532212
6855.2491 1.06747490825896
6864.6855 1.01670158232076
6874.1218 0.946151446727912
6883.5581 0.792231307585401
6892.9945 0.836386605485181
6902.4308 0.900447139518094
6911.8671 0.923803153646811
6921.3034 0.941154180645733
6930.7398 0.967931056090582
6940.1761 1.01166574657613
6949.6124 0.973672430435586
6959.0487 1.02557744640756
6968.4851 1.14437512040808
6977.9214 1.14287056712015
6987.3577 1.12758465076214
6996.7940 1.09129859387188
7006.2304 0.950948703296476
7015.6667 0.995927040584695
7025.1030 1.09596195978671
7034.5394 1.09480978319628
7043.9757 1.04506985741688
7053.4120 1.00163866079763
7062.8483 1.01399081313836
7072.2847 1.05781874577296
7081.7210 1.0891259658413
7091.1573 1.08605927954569
7100.5936 0.962505854522153
7110.0300 0.939637493933411
7119.4663 1.04456240244658
7128.9026 1.11263141755083
7138.3389 1.0668504075247
7147.7753 0.94361542910096
7157.2116 1.0181069616652
7166.6479 0.930960818995455
7176.0843 0.799012876513675
7185.5206 0.855332172982716
7194.9569 0.981516563641466
7204.3932 1.10528735800899
7213.8296 1.1051641152875
7223.2659 1.12605893938711
7232.7022 1.07055879420573
7242.1385 0.91867528361711
7251.5749 0.953755060840223
7261.0112 0.969881496254362
7270.4475 0.925456651089211
7279.8838 1.04754447256105
7289.3202 1.06928748830355
7298.7565 1.01629867699234
7308.1928 1.01778992404023
7317.6292 0.931719039279818
7327.0655 0.827863236701474
7336.5018 0.897404138821168
7345.9381 0.871563856379037
7355.3745 0.825976076645672
7364.8108 0.833583142638839
7374.2471 0.844607530899118
7383.6834 0.852343433976362
7393.1198 0.836323663914036
7402.5561 0.929736711390032
7411.9924 0.961428602459246
7421.4287 0.899600006717741
7430.8651 0.905287242352542
7440.3014 0.930983487807573
7449.7377 0.968946344906192
7459.1741 0.744870468092278
7468.6104 0.77268460165309
7478.0467 0.950847219945699
7487.4830 0.993366629914521
7496.9194 1.1118084022024
7506.3557 1.17556932515029
7515.7920 0.97115984716633
7525.2283 0.907636602528125
7534.6647 0.893722204848056
7544.1010 0.896583781566781
7553.5373 1.05106568131713
7562.9736 1.08560681630077
7572.4100 0.926577596184973
7581.8463 0.832190968633588
7591.2826 0.746350221846781
7600.7190 0.668310896447114
7610.1553 0.699473683496815
7619.5916 0.767489449552334
7629.0279 0.852457647491193
7638.4643 0.891795514642508
7647.9006 0.906976235885056
7657.3369 0.867144094410078
7666.7732 0.697371304358619
7676.2096 0.777806222267381
7685.6459 0.831908883133743
7695.0822 0.691692111077616
7704.5185 0.814324191081272
7713.9549 0.846616592050264
7723.3912 0.706304532985175
7732.8275 0.877887793020973
7742.2639 0.957465079782643
7751.7002 0.927791041028858
7761.1365 0.788229280648634
7770.5728 0.80363900122627
7780.0092 0.943381317808678
7789.4455 1.09994413716735
7798.8818 0.979820586720689
7808.3181 0.806920608248272
7817.7545 0.895866447578493
7827.1908 0.915811997303412
7836.6271 0.894244217195675
7846.0634 0.81744592729452
7855.4998 0.730662829385375
7864.9361 0.733383116016617
7874.3724 0.867912142654633
7883.8088 0.878233048095943
7893.2451 0.816502075012384
7902.6814 0.703228466256711
7912.1177 0.879482174440968
7921.5541 0.88397714135723
7930.9904 0.787360819698259
7940.4267 0.757730274583678
7949.8630 0.75629130847565
7959.2994 0.755131802770172
7968.7357 0.690904702063937
7978.1720 0.651018927196848
7987.6083 0.647917938533991
7997.0447 0.703756888827894
