# OBJECT  = ZTF18ACUIMZE        /
# OBJECT  = ZTF18ACUIMZE       / Name of the object observed
# ISISLITW=             1.486607 / Slit width (arcsec)
# ISIDICHR= D5700              / Name of dichroic in blue fold
# MJD-OBS =         58484.904870 / Modified Julian Date at start of observation
# RA      = 03:25:20.617       / RA being tracked at UTOBS (hh:mm:ss.sss)
# DEC     = +02:59:39.51       / Dec being tracked at UTOBS (sdd:mm:ss.ss)
# AIRMASS =             1.109688 / Effective mean airmass during observation
# TELFOCUS=             0.097871 / Telescope focus (m)
# DATE-OBS= 2019-01-01         / Date at start of integration
# EXPTIME =        1000.01000000 / [s] Exposure time
3400.0 2.6705e-16
3402.0 6.4556e-16
3404.0 7.8643e-16
3406.0 7.4912e-16
3408.0 3.4854e-16
3410.0 4.2575e-16
3412.0 5.0956e-16
3414.0 8.1646e-16
3416.0 4.1895e-16
3418.0 5.5307e-16
3420.0 2.0826e-16
3422.0 2.5741e-16
3424.0 5.8685e-16
3426.0 5.6450e-16
3428.0 5.1382e-16
3430.0 7.6316e-16
3432.0 6.2046e-16
3434.0 7.9208e-16
3436.0 5.8532e-16
3438.0 8.5405e-16
3440.0 1.0697e-15
3442.0 1.1508e-15
3444.0 1.1757e-15
3446.0 1.1657e-15
3448.0 9.7164e-16
3450.0 1.1341e-15
3452.0 6.2126e-16
3454.0 8.8838e-16
3456.0 6.9644e-16
3458.0 5.1114e-16
3460.0 5.4285e-16
3462.0 7.7618e-16
3464.0 8.8652e-16
3466.0 7.5332e-16
3468.0 5.4070e-16
3470.0 8.3403e-16
3472.0 3.1853e-16
3474.0 5.4842e-16
3476.0 9.6433e-16
3478.0 9.5766e-16
3480.0 9.0873e-16
3482.0 7.5948e-16
3484.0 8.2602e-16
3486.0 8.6857e-16
3488.0 1.0863e-15
3490.0 7.4661e-16
3492.0 3.0016e-16
3494.0 1.0073e-15
3496.0 7.0634e-16
3498.0 6.9312e-16
3500.0 7.1245e-16
3502.0 6.0284e-16
3504.0 5.5351e-16
3506.0 9.9239e-16
3508.0 5.7796e-16
3510.0 6.2767e-16
3512.0 9.2375e-16
3514.0 9.7837e-16
3516.0 5.7923e-16
3518.0 8.8758e-16
3520.0 9.0333e-16
3522.0 4.0546e-16
3524.0 7.5501e-16
3526.0 1.3717e-15
3528.0 9.4997e-16
3530.0 1.1051e-15
3532.0 8.2723e-16
3534.0 4.7607e-16
3536.0 1.3898e-15
3538.0 6.3661e-16
3540.0 4.5698e-16
3542.0 1.0536e-15
3544.0 7.9029e-16
3546.0 8.0428e-16
3548.0 2.3777e-16
3550.0 4.8952e-16
3552.0 7.0612e-16
3554.0 8.9812e-16
3556.0 5.2245e-16
3558.0 5.9052e-16
3560.0 8.9351e-16
3562.0 7.7760e-16
3564.0 4.1375e-16
3566.0 9.3750e-16
3568.0 9.8347e-16
3570.0 9.8110e-16
3572.0 6.3327e-16
3574.0 1.0002e-15
3576.0 8.4037e-16
3578.0 8.1154e-16
3580.0 7.5882e-16
3582.0 7.2635e-16
3584.0 1.0013e-15
3586.0 8.6760e-16
3588.0 1.1024e-15
3590.0 1.2845e-15
3592.0 7.6921e-16
3594.0 8.7198e-16
3596.0 6.7440e-16
3598.0 9.1773e-16
3600.0 5.8736e-16
3602.0 6.1994e-16
3604.0 6.0969e-16
3606.0 8.4305e-16
3608.0 9.4122e-16
3610.0 8.1103e-16
3612.0 5.7946e-16
3614.0 5.7350e-16
3616.0 6.4434e-16
3618.0 5.5407e-16
3620.0 1.0545e-15
3622.0 8.7755e-16
3624.0 8.2558e-16
3626.0 1.1312e-15
3628.0 8.5121e-16
3630.0 9.2520e-16
3632.0 8.3019e-16
3634.0 8.9293e-16
3636.0 6.9295e-16
3638.0 9.0343e-16
3640.0 7.8764e-16
3642.0 1.1316e-15
3644.0 5.6497e-16
3646.0 1.0250e-15
3648.0 1.1661e-15
3650.0 9.1786e-16
3652.0 1.0448e-15
3654.0 8.1078e-16
3656.0 1.0154e-15
3658.0 1.0294e-15
3660.0 6.7731e-16
3662.0 6.8582e-16
3664.0 1.1591e-15
3666.0 1.0740e-15
3668.0 6.5628e-16
3670.0 5.1568e-16
3672.0 9.1133e-16
3674.0 7.5113e-16
3676.0 7.6486e-16
3678.0 9.8625e-16
3680.0 8.2936e-16
3682.0 7.9931e-16
3684.0 8.2801e-16
3686.0 1.0213e-15
3688.0 1.0196e-15
3690.0 1.0356e-15
3692.0 8.6641e-16
3694.0 9.1399e-16
3696.0 9.9566e-16
3698.0 9.9202e-16
3700.0 1.1099e-15
3702.0 1.0992e-15
3704.0 8.3187e-16
3706.0 8.8197e-16
3708.0 1.0220e-15
3710.0 9.8661e-16
3712.0 8.3954e-16
3714.0 1.1332e-15
3716.0 9.0061e-16
3718.0 7.9828e-16
3720.0 8.4433e-16
3722.0 8.1950e-16
3724.0 9.4445e-16
3726.0 1.0313e-15
3728.0 9.6846e-16
3730.0 9.2364e-16
3732.0 1.2773e-15
3734.0 1.4185e-15
3736.0 9.4527e-16
3738.0 1.0723e-15
3740.0 1.2529e-15
3742.0 1.0792e-15
3744.0 1.0028e-15
3746.0 1.0634e-15
3748.0 1.3182e-15
3750.0 1.0962e-15
3752.0 1.2323e-15
3754.0 1.2913e-15
3756.0 1.1649e-15
3758.0 1.0499e-15
3760.0 1.3372e-15
3762.0 8.4209e-16
3764.0 9.0620e-16
3766.0 1.1354e-15
3768.0 9.1824e-16
3770.0 9.9148e-16
3772.0 9.1655e-16
3774.0 5.8391e-16
3776.0 9.6924e-16
3778.0 8.7694e-16
3780.0 8.8001e-16
3782.0 8.0996e-16
3784.0 8.2967e-16
3786.0 9.5381e-16
3788.0 6.8641e-16
3790.0 7.9292e-16
3792.0 8.9115e-16
3794.0 8.9856e-16
3796.0 1.0897e-15
3798.0 1.0880e-15
3800.0 9.5295e-16
3802.0 1.1133e-15
3804.0 1.0555e-15
3806.0 1.2248e-15
3808.0 9.8127e-16
3810.0 1.0256e-15
3812.0 8.4558e-16
3814.0 9.9802e-16
3816.0 9.1082e-16
3818.0 1.0505e-15
3820.0 1.0415e-15
3822.0 9.1518e-16
3824.0 8.4619e-16
3826.0 1.0738e-15
3828.0 1.2030e-15
3830.0 1.3810e-15
3832.0 1.1904e-15
3834.0 1.1135e-15
3836.0 1.2949e-15
3838.0 1.3143e-15
3840.0 1.1074e-15
3842.0 1.1710e-15
3844.0 1.3408e-15
3846.0 1.4912e-15
3848.0 1.3468e-15
3850.0 1.2837e-15
3852.0 1.0656e-15
3854.0 1.4235e-15
3856.0 1.4884e-15
3858.0 1.5672e-15
3860.0 1.4815e-15
3862.0 1.4343e-15
3864.0 1.5913e-15
3866.0 1.9145e-15
3868.0 1.7408e-15
3870.0 1.6046e-15
3872.0 1.5351e-15
3874.0 1.4960e-15
3876.0 1.4199e-15
3878.0 1.5264e-15
3880.0 1.6474e-15
3882.0 1.5025e-15
3884.0 1.3827e-15
3886.0 1.5983e-15
3888.0 1.4883e-15
3890.0 1.5654e-15
3892.0 1.2707e-15
3894.0 1.2234e-15
3896.0 1.2610e-15
3898.0 1.5854e-15
3900.0 1.1967e-15
3902.0 1.3354e-15
3904.0 1.3130e-15
3906.0 1.5485e-15
3908.0 1.3991e-15
3910.0 1.4957e-15
3912.0 1.1612e-15
3914.0 1.3141e-15
3916.0 1.4012e-15
3918.0 1.2566e-15
3920.0 1.4007e-15
3922.0 1.3696e-15
3924.0 1.3660e-15
3926.0 1.0743e-15
3928.0 1.1157e-15
3930.0 1.1501e-15
3932.0 1.4340e-15
3934.0 1.5064e-15
3936.0 1.4079e-15
3938.0 1.4598e-15
3940.0 1.3007e-15
3942.0 9.9026e-16
3944.0 1.1548e-15
3946.0 1.0672e-15
3948.0 1.1782e-15
3950.0 1.2030e-15
3952.0 1.2812e-15
3954.0 1.1210e-15
3956.0 1.0789e-15
3958.0 9.5907e-16
3960.0 9.1177e-16
3962.0 1.1551e-15
3964.0 1.3321e-15
3966.0 1.4374e-15
3968.0 1.1513e-15
3970.0 1.1763e-15
3972.0 1.0134e-15
3974.0 1.1654e-15
3976.0 1.2678e-15
3978.0 1.3439e-15
3980.0 1.3459e-15
3982.0 1.2804e-15
3984.0 1.1676e-15
3986.0 1.3285e-15
3988.0 1.4022e-15
3990.0 1.3721e-15
3992.0 1.3809e-15
3994.0 1.4655e-15
3996.0 1.3926e-15
3998.0 1.3863e-15
4000.0 1.0955e-15
4002.0 1.1491e-15
4004.0 1.3988e-15
4006.0 1.2389e-15
4008.0 1.3145e-15
4010.0 1.2790e-15
4012.0 1.1275e-15
4014.0 1.2140e-15
4016.0 1.2768e-15
4018.0 1.4394e-15
4020.0 1.3605e-15
4022.0 1.3991e-15
4024.0 1.4795e-15
4026.0 1.3342e-15
4028.0 1.4182e-15
4030.0 1.2854e-15
4032.0 1.3020e-15
4034.0 1.1859e-15
4036.0 1.1439e-15
4038.0 1.1812e-15
4040.0 1.2872e-15
4042.0 1.0743e-15
4044.0 1.0835e-15
4046.0 1.0799e-15
4048.0 1.1601e-15
4050.0 1.2091e-15
4052.0 1.1534e-15
4054.0 1.3209e-15
4056.0 1.2885e-15
4058.0 1.3570e-15
4060.0 1.4605e-15
4062.0 1.4636e-15
4064.0 1.3293e-15
4066.0 1.6249e-15
4068.0 1.6021e-15
4070.0 1.6529e-15
4072.0 1.5143e-15
4074.0 1.4346e-15
4076.0 1.2884e-15
4078.0 1.4122e-15
4080.0 1.6402e-15
4082.0 1.4711e-15
4084.0 1.5861e-15
4086.0 1.5647e-15
4088.0 1.4289e-15
4090.0 1.5323e-15
4092.0 1.5267e-15
4094.0 1.4646e-15
4096.0 1.6192e-15
4098.0 1.5641e-15
4100.0 1.4847e-15
4102.0 1.5450e-15
4104.0 1.6491e-15
4106.0 1.8240e-15
4108.0 1.6533e-15
4110.0 1.8681e-15
4112.0 1.8701e-15
4114.0 1.7520e-15
4116.0 1.8321e-15
4118.0 1.7258e-15
4120.0 1.8434e-15
4122.0 1.7398e-15
4124.0 1.8828e-15
4126.0 1.9950e-15
4128.0 2.0298e-15
4130.0 2.1070e-15
4132.0 2.0996e-15
4134.0 1.9352e-15
4136.0 2.0108e-15
4138.0 1.9463e-15
4140.0 1.7779e-15
4142.0 1.7880e-15
4144.0 1.7819e-15
4146.0 1.5839e-15
4148.0 1.5260e-15
4150.0 1.4525e-15
4152.0 1.4080e-15
4154.0 1.5301e-15
4156.0 1.5862e-15
4158.0 1.4063e-15
4160.0 1.6346e-15
4162.0 1.8809e-15
4164.0 1.7287e-15
4166.0 1.8900e-15
4168.0 1.8981e-15
4170.0 1.9657e-15
4172.0 2.0783e-15
4174.0 2.0146e-15
4176.0 1.9079e-15
4178.0 1.7703e-15
4180.0 1.8747e-15
4182.0 1.7888e-15
4184.0 1.6166e-15
4186.0 1.4362e-15
4188.0 1.3719e-15
4190.0 1.3480e-15
4192.0 1.3815e-15
4194.0 1.5051e-15
4196.0 1.6268e-15
4198.0 1.6988e-15
4200.0 1.8234e-15
4202.0 1.9715e-15
4204.0 2.0473e-15
4206.0 2.0387e-15
4208.0 2.2329e-15
4210.0 2.1554e-15
4212.0 1.9045e-15
4214.0 1.9769e-15
4216.0 2.0489e-15
4218.0 2.0313e-15
4220.0 2.0285e-15
4222.0 2.0263e-15
4224.0 2.0866e-15
4226.0 2.3361e-15
4228.0 2.1969e-15
4230.0 2.1477e-15
4232.0 2.1318e-15
4234.0 2.2954e-15
4236.0 2.2780e-15
4238.0 2.3611e-15
4240.0 2.4070e-15
4242.0 2.2713e-15
4244.0 2.2760e-15
4246.0 2.2171e-15
4248.0 2.2637e-15
4250.0 2.1888e-15
4252.0 2.4120e-15
4254.0 2.3020e-15
4256.0 2.2220e-15
4258.0 2.3333e-15
4260.0 2.1624e-15
4262.0 2.2923e-15
4264.0 2.3744e-15
4266.0 2.5176e-15
4268.0 2.4389e-15
4270.0 2.2294e-15
4272.0 2.2030e-15
4274.0 2.3130e-15
4276.0 2.2647e-15
4278.0 2.3497e-15
4280.0 2.3350e-15
4282.0 2.3405e-15
4284.0 2.1742e-15
4286.0 2.2958e-15
4288.0 2.2829e-15
4290.0 2.2858e-15
4292.0 2.2947e-15
4294.0 2.2059e-15
4296.0 2.1483e-15
4298.0 2.1757e-15
4300.0 2.0609e-15
4302.0 2.0036e-15
4304.0 2.1594e-15
4306.0 2.1736e-15
4308.0 2.1812e-15
4310.0 2.0827e-15
4312.0 2.0745e-15
4314.0 2.3221e-15
4316.0 2.1467e-15
4318.0 2.2956e-15
4320.0 2.1888e-15
4322.0 2.1274e-15
4324.0 2.0346e-15
4326.0 2.3219e-15
4328.0 2.0226e-15
4330.0 2.0409e-15
4332.0 2.0884e-15
4334.0 2.2031e-15
4336.0 2.2388e-15
4338.0 2.3540e-15
4340.0 2.3139e-15
4342.0 2.2568e-15
4344.0 2.3701e-15
4346.0 2.3965e-15
4348.0 2.2624e-15
4350.0 2.2360e-15
4352.0 2.3202e-15
4354.0 2.2880e-15
4356.0 2.3984e-15
4358.0 2.2558e-15
4360.0 2.3532e-15
4362.0 2.1775e-15
4364.0 2.1551e-15
4366.0 2.0154e-15
4368.0 2.2619e-15
4370.0 2.2639e-15
4372.0 2.1289e-15
4374.0 2.1365e-15
4376.0 2.0405e-15
4378.0 2.1679e-15
4380.0 2.2012e-15
4382.0 2.3094e-15
4384.0 2.2050e-15
4386.0 2.2645e-15
4388.0 2.3460e-15
4390.0 2.3521e-15
4392.0 2.3416e-15
4394.0 2.3381e-15
4396.0 2.3693e-15
4398.0 2.4777e-15
4400.0 2.2939e-15
4402.0 2.3349e-15
4404.0 2.5164e-15
4406.0 2.4341e-15
4408.0 2.2271e-15
4410.0 2.3579e-15
4412.0 2.3611e-15
4414.0 2.2397e-15
4416.0 2.3018e-15
4418.0 2.2974e-15
4420.0 2.3577e-15
4422.0 2.1521e-15
4424.0 2.2514e-15
4426.0 2.1896e-15
4428.0 2.1025e-15
4430.0 2.1770e-15
4432.0 2.1375e-15
4434.0 2.2286e-15
4436.0 2.1919e-15
4438.0 2.1348e-15
4440.0 2.1080e-15
4442.0 2.4293e-15
4444.0 2.4310e-15
4446.0 2.6013e-15
4448.0 2.5089e-15
4450.0 2.2976e-15
4452.0 2.3735e-15
4454.0 2.3969e-15
4456.0 2.3899e-15
4458.0 2.2442e-15
4460.0 2.1432e-15
4462.0 2.0633e-15
4464.0 2.1552e-15
4466.0 2.4118e-15
4468.0 2.2384e-15
4470.0 2.3698e-15
4472.0 2.3464e-15
4474.0 2.4052e-15
4476.0 2.3798e-15
4478.0 2.4797e-15
4480.0 2.5010e-15
4482.0 2.5654e-15
4484.0 2.5453e-15
4486.0 2.3441e-15
4488.0 2.3112e-15
4490.0 2.4746e-15
4492.0 2.3877e-15
4494.0 2.3195e-15
4496.0 2.3225e-15
4498.0 2.5085e-15
4500.0 2.5280e-15
4502.0 2.4901e-15
4504.0 2.5114e-15
4506.0 2.4315e-15
4508.0 2.2877e-15
4510.0 2.2481e-15
4512.0 2.2979e-15
4514.0 2.1897e-15
4516.0 2.4879e-15
4518.0 2.5213e-15
4520.0 2.5521e-15
4522.0 2.6210e-15
4524.0 2.4693e-15
4526.0 2.5329e-15
4528.0 2.3560e-15
4530.0 2.2196e-15
4532.0 2.2429e-15
4534.0 2.5577e-15
4536.0 2.3435e-15
4538.0 2.3298e-15
4540.0 2.2701e-15
4542.0 2.0284e-15
4544.0 1.9521e-15
4546.0 2.0867e-15
4548.0 1.9749e-15
4550.0 2.0585e-15
4552.0 2.2007e-15
4554.0 2.4527e-15
4556.0 2.5844e-15
4558.0 2.7534e-15
4560.0 2.6716e-15
4562.0 2.6370e-15
4564.0 2.3604e-15
4566.0 2.3201e-15
4568.0 2.4300e-15
4570.0 2.5148e-15
4572.0 2.7852e-15
4574.0 2.6961e-15
4576.0 2.5966e-15
4578.0 2.3836e-15
4580.0 2.3710e-15
4582.0 2.3587e-15
4584.0 2.1581e-15
4586.0 2.3625e-15
4588.0 2.4005e-15
4590.0 2.4375e-15
4592.0 2.4692e-15
4594.0 2.4158e-15
4596.0 2.3480e-15
4598.0 2.2707e-15
4600.0 2.4862e-15
4602.0 2.4079e-15
4604.0 2.6089e-15
4606.0 2.5037e-15
4608.0 2.6104e-15
4610.0 2.5968e-15
4612.0 2.5415e-15
4614.0 2.4364e-15
4616.0 2.3101e-15
4618.0 2.4372e-15
4620.0 2.3694e-15
4622.0 2.4855e-15
4624.0 2.2046e-15
4626.0 2.0109e-15
4628.0 2.0736e-15
4630.0 1.8971e-15
4632.0 2.1212e-15
4634.0 2.2894e-15
4636.0 2.3099e-15
4638.0 2.2622e-15
4640.0 2.5027e-15
4642.0 2.4872e-15
4644.0 2.5574e-15
4646.0 2.4375e-15
4648.0 2.3988e-15
4650.0 2.3667e-15
4652.0 2.3630e-15
4654.0 2.3072e-15
4656.0 2.4402e-15
4658.0 2.5508e-15
4660.0 2.4728e-15
4662.0 2.5991e-15
4664.0 2.5519e-15
4666.0 2.6298e-15
4668.0 2.7011e-15
4670.0 2.6490e-15
4672.0 2.6229e-15
4674.0 2.6537e-15
4676.0 2.6194e-15
4678.0 2.6343e-15
4680.0 2.5227e-15
4682.0 2.5457e-15
4684.0 2.6773e-15
4686.0 2.8392e-15
4688.0 2.5620e-15
4690.0 2.5940e-15
4692.0 2.7747e-15
4694.0 2.9257e-15
4696.0 2.8098e-15
4698.0 2.8617e-15
4700.0 2.6932e-15
4702.0 2.7139e-15
4704.0 2.6553e-15
4706.0 2.5902e-15
4708.0 2.6851e-15
4710.0 2.6017e-15
4712.0 2.5724e-15
4714.0 2.6601e-15
4716.0 2.6979e-15
4718.0 2.6306e-15
4720.0 2.6951e-15
4722.0 2.8906e-15
4724.0 3.0986e-15
4726.0 3.0686e-15
4728.0 2.9905e-15
4730.0 2.8386e-15
4732.0 2.9140e-15
4734.0 3.0473e-15
4736.0 3.1510e-15
4738.0 2.9734e-15
4740.0 2.9581e-15
4742.0 3.0439e-15
4744.0 2.9148e-15
4746.0 2.9915e-15
4748.0 3.1635e-15
4750.0 3.0250e-15
4752.0 3.0661e-15
4754.0 3.3089e-15
4756.0 3.3618e-15
4758.0 3.3470e-15
4760.0 3.4531e-15
4762.0 3.2377e-15
4764.0 3.1725e-15
4766.0 3.5051e-15
4768.0 3.5677e-15
4770.0 3.4083e-15
4772.0 3.3190e-15
4774.0 3.4086e-15
4776.0 3.4120e-15
4778.0 3.3202e-15
4780.0 3.5115e-15
4782.0 3.1900e-15
4784.0 3.1946e-15
4786.0 3.3750e-15
4788.0 3.5611e-15
4790.0 3.4711e-15
4792.0 3.6785e-15
4794.0 3.6911e-15
4796.0 3.7682e-15
4798.0 3.7041e-15
4800.0 3.6617e-15
4802.0 3.7103e-15
4804.0 3.7170e-15
4806.0 3.6079e-15
4808.0 3.7991e-15
4810.0 3.6741e-15
4812.0 3.7282e-15
4814.0 3.9919e-15
4816.0 3.9407e-15
4818.0 3.9332e-15
4820.0 3.8834e-15
4822.0 4.0267e-15
4824.0 3.7915e-15
4826.0 3.8802e-15
4828.0 4.0111e-15
4830.0 4.1363e-15
4832.0 3.7972e-15
4834.0 3.9132e-15
4836.0 3.9838e-15
4838.0 3.9749e-15
4840.0 3.9290e-15
4842.0 3.8967e-15
4844.0 4.1470e-15
4846.0 4.2267e-15
4848.0 4.1064e-15
4850.0 4.0177e-15
4852.0 4.1137e-15
4854.0 4.0503e-15
4856.0 4.1269e-15
4858.0 4.3706e-15
4860.0 4.4566e-15
4862.0 4.4577e-15
4864.0 4.4100e-15
4866.0 4.5292e-15
4868.0 4.3172e-15
4870.0 4.3295e-15
4872.0 4.3953e-15
4874.0 4.3389e-15
4876.0 4.4350e-15
4878.0 4.1220e-15
4880.0 3.9527e-15
4882.0 4.2177e-15
4884.0 4.1238e-15
4886.0 3.8617e-15
4888.0 3.7609e-15
4890.0 3.9218e-15
4892.0 3.9774e-15
4894.0 3.5974e-15
4896.0 3.5466e-15
4898.0 3.6514e-15
4900.0 4.0739e-15
4902.0 3.6553e-15
4904.0 3.5409e-15
4906.0 3.4928e-15
4908.0 3.2374e-15
4910.0 3.3123e-15
4912.0 3.5475e-15
4914.0 3.4785e-15
4916.0 3.1823e-15
4918.0 3.2901e-15
4920.0 3.3172e-15
4922.0 3.3253e-15
4924.0 3.3682e-15
4926.0 3.1998e-15
4928.0 3.2692e-15
4930.0 3.1865e-15
4932.0 3.2849e-15
4934.0 3.3497e-15
4936.0 3.2140e-15
4938.0 3.1860e-15
4940.0 3.3216e-15
4942.0 3.3623e-15
4944.0 3.1982e-15
4946.0 3.2194e-15
4948.0 3.2747e-15
4950.0 3.2512e-15
4952.0 3.1937e-15
4954.0 3.2053e-15
4956.0 3.4364e-15
4958.0 3.3698e-15
4960.0 3.1638e-15
4962.0 3.2497e-15
4964.0 3.1289e-15
4966.0 3.1601e-15
4968.0 3.0908e-15
4970.0 3.1287e-15
4972.0 3.3201e-15
4974.0 3.1176e-15
4976.0 3.2523e-15
4978.0 3.1011e-15
4980.0 3.4181e-15
4982.0 3.4421e-15
4984.0 3.1839e-15
4986.0 3.4008e-15
4988.0 3.5124e-15
4990.0 3.2063e-15
4992.0 3.0225e-15
4994.0 3.0891e-15
4996.0 3.1367e-15
4998.0 3.1427e-15
5000.0 3.0999e-15
5002.0 3.0606e-15
5004.0 3.2706e-15
5006.0 3.3992e-15
5008.0 3.3808e-15
5010.0 3.2358e-15
5012.0 3.1542e-15
5014.0 3.4251e-15
5016.0 3.4663e-15
5018.0 3.3320e-15
5020.0 3.3737e-15
5022.0 3.3484e-15
5024.0 3.3351e-15
5026.0 3.3374e-15
5028.0 3.3856e-15
5030.0 3.4215e-15
5032.0 3.2100e-15
5034.0 3.3255e-15
5036.0 3.5257e-15
5038.0 3.5597e-15
5040.0 3.5642e-15
5042.0 3.5403e-15
5044.0 3.5020e-15
5046.0 3.6285e-15
5048.0 3.4693e-15
5050.0 3.3379e-15
5052.0 3.2882e-15
5054.0 3.4651e-15
5056.0 3.5539e-15
5058.0 3.4232e-15
5060.0 3.5087e-15
5062.0 3.5752e-15
5064.0 3.5979e-15
5066.0 3.6401e-15
5068.0 3.7259e-15
5070.0 3.7560e-15
5072.0 3.5685e-15
5074.0 3.6916e-15
5076.0 3.5690e-15
5078.0 3.4874e-15
5080.0 3.6865e-15
5082.0 3.4437e-15
5084.0 3.4739e-15
5086.0 3.5393e-15
5088.0 3.6296e-15
5090.0 3.6854e-15
5092.0 3.6494e-15
5094.0 3.5067e-15
5096.0 3.4021e-15
5098.0 3.3783e-15
5100.0 3.3745e-15
5102.0 3.4367e-15
5104.0 3.3447e-15
5106.0 3.3110e-15
5108.0 3.4596e-15
5110.0 3.3071e-15
5112.0 3.4507e-15
5114.0 3.3523e-15
5116.0 3.4553e-15
5118.0 3.3508e-15
5120.0 3.3644e-15
5122.0 3.2582e-15
5124.0 3.3450e-15
5126.0 3.3591e-15
5128.0 3.3984e-15
5130.0 3.1060e-15
5132.0 3.2931e-15
5134.0 3.3695e-15
5136.0 3.3504e-15
5138.0 3.2472e-15
5140.0 3.3948e-15
5142.0 3.3611e-15
5144.0 3.5698e-15
5146.0 3.3783e-15
5148.0 3.5332e-15
5150.0 3.6056e-15
5152.0 3.5435e-15
5154.0 3.7798e-15
5156.0 3.6473e-15
5158.0 3.5226e-15
5160.0 3.6427e-15
5162.0 3.3993e-15
5164.0 3.7096e-15
5166.0 3.6954e-15
5168.0 3.8852e-15
5170.0 3.7560e-15
5172.0 3.9262e-15
5174.0 3.9229e-15
5176.0 3.8391e-15
5178.0 3.7160e-15
5180.0 3.6103e-15
5182.0 3.7748e-15
5184.0 3.7396e-15
5186.0 3.9897e-15
5188.0 3.8467e-15
5190.0 3.6742e-15
5192.0 3.6827e-15
5194.0 3.4666e-15
5196.0 3.5843e-15
5198.0 3.7431e-15
5200.0 3.6328e-15
5202.0 3.6861e-15
5204.0 3.7289e-15
5206.0 3.9192e-15
5208.0 3.8241e-15
5210.0 3.8152e-15
5212.0 3.6756e-15
5214.0 3.6484e-15
5216.0 3.7885e-15
5218.0 3.9222e-15
5220.0 3.8589e-15
5222.0 3.8833e-15
5224.0 4.0473e-15
5226.0 3.7973e-15
5228.0 3.7046e-15
5230.0 3.7149e-15
5232.0 3.6444e-15
5234.0 3.5059e-15
5236.0 3.5041e-15
5238.0 3.6246e-15
5240.0 3.5347e-15
5242.0 3.5990e-15
5244.0 3.3536e-15
5246.0 3.5926e-15
5248.0 3.4313e-15
5250.0 3.4007e-15
5252.0 3.6864e-15
5254.0 3.5460e-15
5256.0 3.4373e-15
5258.0 3.4069e-15
5260.0 3.3189e-15
5262.0 3.3984e-15
5264.0 3.3716e-15
5266.0 3.2282e-15
5268.0 3.4696e-15
5270.0 3.4603e-15
5272.0 3.2903e-15
5274.0 3.5174e-15
5276.0 3.4164e-15
5278.0 3.1714e-15
5280.0 3.1946e-15
5282.0 3.3225e-15
5284.0 3.4153e-15
5286.0 3.5069e-15
5288.0 3.3605e-15
5290.0 3.1369e-15
5292.0 3.3210e-15
5294.0 3.1793e-15
5296.0 3.1673e-15
5298.0 3.0776e-15
5300.0 3.0726e-15
5302.0 3.2357e-15
5304.0 3.2100e-15
5306.0 3.3374e-15
5308.0 3.3251e-15
5310.0 3.3118e-15
5312.0 3.3615e-15
5314.0 3.3635e-15
5316.0 3.4964e-15
5318.0 3.2841e-15
5320.0 3.0612e-15
5322.0 3.1895e-15
5324.0 3.1371e-15
5326.0 3.2647e-15
5328.0 3.3272e-15
5330.0 3.3054e-15
5332.0 3.3000e-15
5334.0 3.3123e-15
5336.0 3.2425e-15
5338.0 3.3791e-15
5340.0 3.5756e-15
5342.0 3.5811e-15
5344.0 3.5300e-15
5346.0 3.4540e-15
5348.0 3.2961e-15
5350.0 3.1424e-15
5352.0 2.9854e-15
5354.0 3.3223e-15
5356.0 3.2275e-15
5358.0 3.2105e-15
5360.0 3.3284e-15
5362.0 3.2147e-15
5364.0 3.2158e-15
5366.0 3.2594e-15
5368.0 3.1214e-15
5370.0 3.0941e-15
5372.0 3.1376e-15
5374.0 3.4038e-15
5376.0 3.4386e-15
5378.0 3.3614e-15
5380.0 3.4184e-15
5382.0 3.2171e-15
5384.0 3.1796e-15
5386.0 3.2187e-15
5388.0 3.3547e-15
5390.0 3.2212e-15
5392.0 3.3081e-15
5394.0 3.2961e-15
5396.0 3.1571e-15
5398.0 3.3295e-15
5400.0 3.3646e-15
5402.0 3.4163e-15
5404.0 3.2653e-15
5406.0 3.1923e-15
5408.0 3.2844e-15
5410.0 3.2785e-15
5412.0 3.3017e-15
5414.0 3.1476e-15
5416.0 3.1126e-15
5418.0 3.1887e-15
5420.0 3.2622e-15
5422.0 3.4500e-15
5424.0 3.2367e-15
5426.0 3.4085e-15
5428.0 3.2416e-15
5430.0 3.2174e-15
5432.0 3.2982e-15
5434.0 3.3832e-15
5436.0 3.1230e-15
5438.0 3.2324e-15
5440.0 3.1548e-15
5442.0 3.4567e-15
5444.0 3.5044e-15
5446.0 3.4385e-15
5448.0 3.3734e-15
5450.0 3.3309e-15
5452.0 3.1349e-15
5454.0 3.1188e-15
5456.0 3.0219e-15
5458.0 2.9064e-15
5460.0 2.9065e-15
5462.0 3.0383e-15
5464.0 3.1128e-15
5466.0 3.3273e-15
5468.0 3.3040e-15
5470.0 3.1282e-15
5472.0 3.1796e-15
5474.0 3.1426e-15
5476.0 3.2120e-15
5478.0 3.3936e-15
5480.0 3.5960e-15
5482.0 3.4996e-15
5484.0 3.5968e-15
5486.0 3.6596e-15
5488.0 3.7237e-15
5490.0 3.8963e-15
5492.0 3.7035e-15
5494.0 3.5588e-15
5496.0 3.4789e-15
5498.0 3.6193e-15
5500.0 3.5182e-15
5502.0 3.7645e-15
5504.0 3.8007e-15
5506.0 3.9913e-15
5508.0 3.9211e-15
5510.0 3.8677e-15
5512.0 3.8351e-15
5514.0 4.1729e-15
5516.0 3.7591e-15
5518.0 3.8232e-15
5520.0 3.9414e-15
5522.0 4.0056e-15
5524.0 3.9061e-15
5526.0 4.0081e-15
5528.0 4.1467e-15
5530.0 4.2506e-15
5532.0 4.4291e-15
5534.0 4.3108e-15
5536.0 4.4549e-15
5538.0 4.2136e-15
5540.0 4.0997e-15
5542.0 4.1706e-15
5544.0 4.0403e-15
5546.0 3.9688e-15
5548.0 4.2600e-15
5550.0 4.7023e-15
5550.0 4.7023e-15
5552.0 4.6428e-15
5552.0 4.6428e-15
5554.0 4.4869e-15
5554.0 4.4869e-15
5556.0 4.3488e-15
5556.0 4.3488e-15
5558.0 4.0977e-15
5558.0 4.0977e-15
5560.0 3.9677e-15
5560.0 3.9677e-15
5562.0 3.9952e-15
5562.0 3.9952e-15
5564.0 4.1137e-15
5564.0 4.1137e-15
5566.0 4.1566e-15
5566.0 4.1566e-15
5568.0 4.1823e-15
5568.0 4.1823e-15
5570.0 4.5466e-15
5570.0 4.5466e-15
5572.0 4.4417e-15
5572.0 4.4417e-15
5574.0 4.6028e-15
5574.0 4.6028e-15
5576.0 5.0025e-15
5576.0 5.0025e-15
5578.0 4.3630e-15
5578.0 4.3630e-15
5580.0 4.4560e-15
5580.0 4.4560e-15
5582.0 4.3277e-15
5582.0 4.3277e-15
5584.0 4.7457e-15
5584.0 4.7457e-15
5586.0 4.5890e-15
5586.0 4.5890e-15
5588.0 4.5244e-15
5588.0 4.5244e-15
5590.0 4.4550e-15
5590.0 4.4550e-15
5592.0 4.3239e-15
5592.0 4.3239e-15
5594.0 4.2268e-15
5594.0 4.2268e-15
5596.0 4.3580e-15
5596.0 4.3580e-15
5598.0 4.5401e-15
5598.0 4.5401e-15
5600.0 4.5642e-15
5600.0 4.5642e-15
5602.0 4.4772e-15
5602.0 4.4772e-15
5604.0 4.5278e-15
5604.0 4.5278e-15
5606.0 4.3986e-15
5606.0 4.3986e-15
5608.0 4.5973e-15
5608.0 4.5973e-15
5610.0 4.5489e-15
5610.0 4.5489e-15
5612.0 4.6073e-15
5612.0 4.6073e-15
5614.0 4.6489e-15
5614.0 4.6489e-15
5616.0 4.5091e-15
5616.0 4.5091e-15
5618.0 4.2721e-15
5618.0 4.2721e-15
5620.0 4.4036e-15
5620.0 4.4036e-15
5622.0 4.3842e-15
5622.0 4.3842e-15
5624.0 4.3023e-15
5624.0 4.3023e-15
5626.0 4.1939e-15
5626.0 4.1939e-15
5628.0 4.3163e-15
5628.0 4.3163e-15
5630.0 4.4595e-15
5630.0 4.4595e-15
5632.0 4.3435e-15
5632.0 4.3435e-15
5634.0 4.4857e-15
5634.0 4.4857e-15
5636.0 4.4527e-15
5636.0 4.4527e-15
5638.0 4.4126e-15
5638.0 4.4126e-15
5640.0 4.3613e-15
5640.0 4.3613e-15
5642.0 4.4656e-15
5642.0 4.4656e-15
5644.0 4.4474e-15
5644.0 4.4474e-15
5646.0 4.4879e-15
5646.0 4.4879e-15
5648.0 4.4796e-15
5648.0 4.4796e-15
5650.0 4.5311e-15
5650.0 4.5311e-15
5652.0 5.0170e-15
5654.0 4.8996e-15
5656.0 4.9912e-15
5658.0 5.2442e-15
5660.0 5.2287e-15
5662.0 5.0881e-15
5664.0 4.9602e-15
5666.0 4.6111e-15
5668.0 4.3685e-15
5670.0 4.5504e-15
5672.0 4.9428e-15
5674.0 4.8615e-15
5676.0 4.8453e-15
5678.0 5.2533e-15
5680.0 4.9219e-15
5682.0 4.9421e-15
5684.0 4.9101e-15
5686.0 4.7831e-15
5688.0 4.9146e-15
5690.0 4.8319e-15
5692.0 4.6323e-15
5694.0 4.6129e-15
5696.0 4.6152e-15
5698.0 4.7174e-15
5700.0 4.4691e-15
5702.0 4.7962e-15
5704.0 4.4097e-15
5706.0 4.3909e-15
5708.0 4.3265e-15
5710.0 4.6324e-15
5712.0 4.6870e-15
5714.0 4.9204e-15
5716.0 4.8803e-15
5718.0 4.9062e-15
5720.0 4.9082e-15
5722.0 5.0517e-15
5724.0 4.7885e-15
5726.0 4.7851e-15
5728.0 4.8190e-15
5730.0 4.7903e-15
5732.0 4.7574e-15
5734.0 4.6772e-15
5736.0 4.7908e-15
5738.0 4.7581e-15
5740.0 4.8031e-15
5742.0 4.7710e-15
5744.0 4.9188e-15
5746.0 4.9293e-15
5748.0 4.8027e-15
5750.0 4.5797e-15
5752.0 4.5373e-15
5754.0 4.6496e-15
5756.0 4.7386e-15
5758.0 4.6122e-15
5760.0 4.6087e-15
5762.0 4.6816e-15
5764.0 4.7544e-15
5766.0 4.6707e-15
5768.0 4.6458e-15
5770.0 4.9078e-15
5772.0 4.7717e-15
5774.0 4.5581e-15
5776.0 4.6366e-15
5778.0 4.6145e-15
5780.0 4.3578e-15
5782.0 4.4661e-15
5784.0 4.3823e-15
5786.0 4.4982e-15
5788.0 4.5996e-15
5790.0 4.7499e-15
5792.0 4.7138e-15
5794.0 4.6291e-15
5796.0 4.4630e-15
5798.0 4.3905e-15
5800.0 4.3579e-15
5802.0 4.5299e-15
5804.0 4.5203e-15
5806.0 4.6993e-15
5808.0 4.4130e-15
5810.0 4.5298e-15
5812.0 4.4535e-15
5814.0 4.3202e-15
5816.0 4.3318e-15
5818.0 4.2467e-15
5820.0 4.3346e-15
5822.0 4.3251e-15
5824.0 4.3582e-15
5826.0 4.5716e-15
5828.0 4.4951e-15
5830.0 4.4886e-15
5832.0 4.5044e-15
5834.0 4.4557e-15
5836.0 4.3284e-15
5838.0 4.6424e-15
5840.0 4.4519e-15
5842.0 4.4923e-15
5844.0 4.5309e-15
5846.0 4.3322e-15
5848.0 4.3895e-15
5850.0 4.4339e-15
5852.0 4.4271e-15
5854.0 4.4110e-15
5856.0 4.5659e-15
5858.0 4.4845e-15
5860.0 4.6332e-15
5862.0 4.7135e-15
5864.0 4.6025e-15
5866.0 4.5609e-15
5868.0 4.5782e-15
5870.0 4.3691e-15
5872.0 4.4103e-15
5874.0 4.3879e-15
5876.0 4.3820e-15
5878.0 4.5144e-15
5880.0 4.2195e-15
5882.0 4.3673e-15
5884.0 4.2724e-15
5886.0 4.4699e-15
5888.0 4.2805e-15
5890.0 3.9690e-15
5892.0 3.9750e-15
5894.0 4.4180e-15
5896.0 3.9901e-15
5898.0 3.8697e-15
5900.0 3.8665e-15
5902.0 4.2295e-15
5904.0 4.1195e-15
5906.0 4.2805e-15
5908.0 4.2085e-15
5910.0 4.1415e-15
5912.0 4.1406e-15
5914.0 4.0847e-15
5916.0 4.1662e-15
5918.0 4.2466e-15
5920.0 4.3466e-15
5922.0 4.2763e-15
5924.0 4.3095e-15
5926.0 4.2001e-15
5928.0 4.2126e-15
5930.0 4.0648e-15
5932.0 4.0707e-15
5934.0 4.0212e-15
5936.0 4.1858e-15
5938.0 4.0354e-15
5940.0 4.0447e-15
5942.0 4.1062e-15
5944.0 4.1775e-15
5946.0 4.0822e-15
5948.0 4.2727e-15
5950.0 4.1027e-15
5952.0 4.1253e-15
5954.0 4.0647e-15
5956.0 4.1317e-15
5958.0 4.2200e-15
5960.0 4.2232e-15
5962.0 4.1676e-15
5964.0 4.1093e-15
5966.0 4.1621e-15
5968.0 4.1487e-15
5970.0 3.9190e-15
5972.0 3.9925e-15
5974.0 3.9925e-15
5976.0 4.0541e-15
5978.0 4.1205e-15
5980.0 4.0007e-15
5982.0 4.1436e-15
5984.0 4.0634e-15
5986.0 4.1781e-15
5988.0 4.1028e-15
5990.0 4.2500e-15
5992.0 4.1422e-15
5994.0 4.1504e-15
5996.0 4.3438e-15
5998.0 4.1604e-15
6000.0 3.9241e-15
6002.0 4.1152e-15
6004.0 4.2195e-15
6006.0 3.9564e-15
6008.0 4.0592e-15
6010.0 4.3879e-15
6012.0 4.1376e-15
6014.0 4.1231e-15
6016.0 4.1617e-15
6018.0 4.1143e-15
6020.0 3.9625e-15
6022.0 3.9448e-15
6024.0 3.8539e-15
6026.0 3.8869e-15
6028.0 3.8180e-15
6030.0 4.0525e-15
6032.0 4.0190e-15
6034.0 3.9873e-15
6036.0 4.3137e-15
6038.0 4.2542e-15
6040.0 4.2525e-15
6042.0 4.3013e-15
6044.0 4.3968e-15
6046.0 4.3959e-15
6048.0 4.2117e-15
6050.0 4.3309e-15
6052.0 4.2286e-15
6054.0 4.3292e-15
6056.0 4.3021e-15
6058.0 4.2079e-15
6060.0 4.3463e-15
6062.0 4.4360e-15
6064.0 4.1997e-15
6066.0 4.2105e-15
6068.0 4.3948e-15
6070.0 4.4346e-15
6072.0 4.1653e-15
6074.0 4.0590e-15
6076.0 4.1547e-15
6078.0 4.4577e-15
6080.0 4.3896e-15
6082.0 4.3600e-15
6084.0 4.1346e-15
6086.0 4.2789e-15
6088.0 4.4029e-15
6090.0 4.3183e-15
6092.0 4.2978e-15
6094.0 4.2723e-15
6096.0 4.3152e-15
6098.0 4.2780e-15
6100.0 4.2085e-15
6102.0 4.2202e-15
6104.0 4.1225e-15
6106.0 4.0930e-15
6108.0 4.1121e-15
6110.0 4.1925e-15
6112.0 4.2129e-15
6114.0 4.2265e-15
6116.0 4.4284e-15
6118.0 4.4992e-15
6120.0 4.3300e-15
6122.0 4.6459e-15
6124.0 4.4912e-15
6126.0 4.4683e-15
6128.0 4.5089e-15
6130.0 4.4362e-15
6132.0 4.6743e-15
6134.0 4.5412e-15
6136.0 4.4578e-15
6138.0 4.5653e-15
6140.0 4.6089e-15
6142.0 4.7280e-15
6144.0 4.5422e-15
6146.0 4.7091e-15
6148.0 4.7189e-15
6150.0 4.6683e-15
6152.0 4.6866e-15
6154.0 4.7022e-15
6156.0 4.6750e-15
6158.0 4.6887e-15
6160.0 4.6534e-15
6162.0 4.5727e-15
6164.0 4.6440e-15
6166.0 4.6355e-15
6168.0 4.6507e-15
6170.0 4.7478e-15
6172.0 4.6312e-15
6174.0 4.6670e-15
6176.0 4.6871e-15
6178.0 4.5230e-15
6180.0 4.5595e-15
6182.0 4.4299e-15
6184.0 4.5554e-15
6186.0 4.7630e-15
6188.0 4.6153e-15
6190.0 4.5422e-15
6192.0 4.5749e-15
6194.0 4.4229e-15
6196.0 4.6118e-15
6198.0 4.5943e-15
6200.0 4.6867e-15
6202.0 4.6964e-15
6204.0 4.5355e-15
6206.0 4.4643e-15
6208.0 4.5614e-15
6210.0 4.3915e-15
6212.0 4.2049e-15
6214.0 4.1537e-15
6216.0 3.9698e-15
6218.0 3.9925e-15
6220.0 3.8591e-15
6222.0 3.7602e-15
6224.0 3.9184e-15
6226.0 3.9019e-15
6228.0 4.1124e-15
6230.0 4.1512e-15
6232.0 4.3167e-15
6234.0 4.3159e-15
6236.0 4.3024e-15
6238.0 4.2798e-15
6240.0 4.4527e-15
6242.0 4.3491e-15
6244.0 4.3366e-15
6246.0 4.2682e-15
6248.0 4.2660e-15
6250.0 4.2430e-15
6252.0 4.2430e-15
6254.0 4.3253e-15
6256.0 4.1342e-15
6258.0 4.1366e-15
6260.0 4.3647e-15
6262.0 4.2348e-15
6264.0 4.3672e-15
6266.0 4.3621e-15
6268.0 4.3230e-15
6270.0 4.5342e-15
6272.0 4.4975e-15
6274.0 4.3185e-15
6276.0 4.2924e-15
6278.0 4.2851e-15
6280.0 4.3218e-15
6282.0 4.2605e-15
6284.0 4.0070e-15
6286.0 4.2289e-15
6288.0 4.2144e-15
6290.0 4.2818e-15
6292.0 4.3906e-15
6294.0 4.3966e-15
6296.0 4.3750e-15
6298.0 4.4346e-15
6300.0 4.4957e-15
6302.0 4.4500e-15
6304.0 4.4681e-15
6306.0 4.3991e-15
6308.0 4.3580e-15
6310.0 4.3214e-15
6312.0 4.4187e-15
6314.0 4.3984e-15
6316.0 4.4122e-15
6318.0 4.3262e-15
6320.0 4.4492e-15
6322.0 4.2925e-15
6324.0 4.2509e-15
6326.0 4.4223e-15
6328.0 4.2682e-15
6330.0 4.2558e-15
6332.0 4.2863e-15
6334.0 4.2130e-15
6336.0 4.1833e-15
6338.0 4.1436e-15
6340.0 4.1286e-15
6342.0 4.2081e-15
6344.0 4.0795e-15
6346.0 4.2199e-15
6348.0 4.1528e-15
6350.0 3.9817e-15
6352.0 4.2646e-15
6354.0 4.0118e-15
6356.0 4.0222e-15
6358.0 4.0219e-15
6360.0 4.2213e-15
6362.0 4.2271e-15
6364.0 4.2481e-15
6366.0 4.3536e-15
6368.0 4.2133e-15
6370.0 4.4041e-15
6372.0 4.3470e-15
6374.0 4.2125e-15
6376.0 4.3737e-15
6378.0 4.3924e-15
6380.0 4.2318e-15
6382.0 4.2436e-15
6384.0 4.2034e-15
6386.0 4.4737e-15
6388.0 4.3265e-15
6390.0 4.3579e-15
6392.0 4.3560e-15
6394.0 4.4540e-15
6396.0 4.3314e-15
6398.0 4.1708e-15
6400.0 4.2638e-15
6402.0 4.2034e-15
6404.0 4.1462e-15
6406.0 4.2876e-15
6408.0 4.2432e-15
6410.0 4.1257e-15
6412.0 4.1200e-15
6414.0 4.0477e-15
6416.0 4.0496e-15
6418.0 4.0785e-15
6420.0 3.9358e-15
6422.0 4.0247e-15
6424.0 4.1435e-15
6426.0 3.9192e-15
6428.0 3.9380e-15
6430.0 3.9556e-15
6432.0 3.9193e-15
6434.0 3.9342e-15
6436.0 3.9393e-15
6438.0 3.8997e-15
6440.0 3.8155e-15
6442.0 3.7542e-15
6444.0 3.6864e-15
6446.0 3.8089e-15
6448.0 3.9038e-15
6450.0 3.9081e-15
6452.0 3.9662e-15
6454.0 3.8776e-15
6456.0 3.8708e-15
6458.0 4.0064e-15
6460.0 3.8386e-15
6462.0 3.7433e-15
6464.0 3.6493e-15
6466.0 3.8196e-15
6468.0 3.9170e-15
6470.0 3.6632e-15
6472.0 3.9581e-15
6474.0 3.9173e-15
6476.0 3.8530e-15
6478.0 3.8015e-15
6480.0 3.8354e-15
6482.0 3.8695e-15
6484.0 3.9294e-15
6486.0 3.9004e-15
6488.0 3.8629e-15
6490.0 3.8579e-15
6492.0 3.9017e-15
6494.0 3.9384e-15
6496.0 3.7695e-15
6498.0 3.8397e-15
6500.0 3.7308e-15
6502.0 3.5412e-15
6504.0 3.6211e-15
6506.0 3.5566e-15
6508.0 3.7300e-15
6510.0 3.7637e-15
6512.0 3.4320e-15
6514.0 3.5714e-15
6516.0 3.7734e-15
6518.0 3.7135e-15
6520.0 3.8363e-15
6522.0 3.8289e-15
6524.0 4.0254e-15
6526.0 3.9144e-15
6528.0 3.8801e-15
6530.0 3.8344e-15
6532.0 3.8202e-15
6534.0 3.7611e-15
6536.0 3.7662e-15
6538.0 3.7080e-15
6540.0 3.8519e-15
6542.0 3.8446e-15
6544.0 3.8388e-15
6546.0 3.7646e-15
6548.0 3.8554e-15
6550.0 3.9019e-15
6552.0 3.7618e-15
6554.0 3.8637e-15
6556.0 4.0066e-15
6558.0 3.9238e-15
6560.0 3.8826e-15
6562.0 3.9955e-15
6564.0 3.9749e-15
6566.0 3.9315e-15
6568.0 3.7879e-15
6570.0 3.7732e-15
6572.0 3.9059e-15
6574.0 3.8019e-15
6576.0 3.7432e-15
6578.0 3.7463e-15
6580.0 3.6757e-15
6582.0 3.6401e-15
6584.0 3.7097e-15
6586.0 3.6700e-15
6588.0 3.6745e-15
6590.0 3.6911e-15
6592.0 3.6844e-15
6594.0 3.7903e-15
6596.0 3.7508e-15
6598.0 3.7316e-15
6600.0 3.7995e-15
6602.0 3.6633e-15
6604.0 3.7009e-15
6606.0 3.8055e-15
6608.0 3.7105e-15
6610.0 3.7414e-15
6612.0 4.0399e-15
6614.0 4.0037e-15
6616.0 4.0416e-15
6618.0 4.1185e-15
6620.0 4.0513e-15
6622.0 4.0911e-15
6624.0 4.1174e-15
6626.0 4.0775e-15
6628.0 4.0891e-15
6630.0 4.0860e-15
6632.0 4.2943e-15
6634.0 4.2565e-15
6636.0 4.1232e-15
6638.0 4.3048e-15
6640.0 4.2219e-15
6642.0 4.2486e-15
6644.0 4.2597e-15
6646.0 4.1921e-15
6648.0 4.1682e-15
6650.0 4.1700e-15
6652.0 4.1249e-15
6654.0 4.1548e-15
6656.0 4.1612e-15
6658.0 4.1825e-15
6660.0 4.1869e-15
6662.0 4.1407e-15
6664.0 4.1809e-15
6666.0 4.1583e-15
6668.0 4.2637e-15
6670.0 4.1696e-15
6672.0 4.1679e-15
6674.0 4.2360e-15
6676.0 4.4017e-15
6678.0 4.2429e-15
6680.0 4.3209e-15
6682.0 4.3039e-15
6684.0 4.3531e-15
6686.0 4.3238e-15
6688.0 4.3823e-15
6690.0 4.3161e-15
6692.0 4.4830e-15
6694.0 4.1833e-15
6696.0 4.2961e-15
6698.0 4.2624e-15
6700.0 4.2862e-15
6702.0 4.3392e-15
6704.0 4.2826e-15
6706.0 4.3043e-15
6708.0 4.3781e-15
6710.0 4.3428e-15
6712.0 4.2456e-15
6714.0 4.2106e-15
6716.0 4.2744e-15
6718.0 4.2598e-15
6720.0 4.1501e-15
6722.0 4.4167e-15
6724.0 4.3858e-15
6726.0 4.3940e-15
6728.0 4.2986e-15
6730.0 4.2867e-15
6732.0 4.5054e-15
6734.0 4.4581e-15
6736.0 4.2814e-15
6738.0 4.3840e-15
6740.0 4.4489e-15
6742.0 4.4127e-15
6744.0 4.4856e-15
6746.0 4.4412e-15
6748.0 4.4230e-15
6750.0 4.3328e-15
6752.0 4.2973e-15
6754.0 4.3271e-15
6756.0 4.5357e-15
6758.0 4.4599e-15
6760.0 4.3247e-15
6762.0 4.3514e-15
6764.0 4.3621e-15
6766.0 4.4833e-15
6768.0 4.4276e-15
6770.0 4.4231e-15
6772.0 4.4957e-15
6774.0 4.3532e-15
6776.0 4.3391e-15
6778.0 4.4143e-15
6780.0 4.3815e-15
6782.0 4.3827e-15
6784.0 4.3377e-15
6786.0 4.4158e-15
6788.0 4.4503e-15
6790.0 4.2930e-15
6792.0 4.3296e-15
6794.0 4.3973e-15
6796.0 4.5215e-15
6798.0 4.4034e-15
6800.0 4.4348e-15
6802.0 4.5195e-15
6804.0 4.4301e-15
6806.0 4.4098e-15
6808.0 4.2722e-15
6810.0 4.3172e-15
6812.0 4.3034e-15
6814.0 4.3798e-15
6816.0 4.3833e-15
6818.0 4.5149e-15
6820.0 4.3598e-15
6822.0 4.5007e-15
6824.0 4.4842e-15
6826.0 4.4686e-15
6828.0 4.4549e-15
6830.0 4.4330e-15
6832.0 4.5693e-15
6834.0 4.4029e-15
6836.0 4.4405e-15
6838.0 4.4243e-15
6840.0 4.5013e-15
6842.0 4.5415e-15
6844.0 4.3246e-15
6846.0 4.4945e-15
6848.0 4.4279e-15
6850.0 4.3324e-15
6852.0 4.4144e-15
6854.0 4.3966e-15
6856.0 4.3025e-15
6858.0 4.1936e-15
6860.0 4.2197e-15
6862.0 4.2858e-15
6864.0 4.3690e-15
6866.0 4.3737e-15
6868.0 4.1178e-15
6870.0 4.4631e-15
6872.0 4.5210e-15
6874.0 4.4248e-15
6876.0 4.3214e-15
6878.0 4.5791e-15
6880.0 4.5231e-15
6882.0 4.4230e-15
6884.0 4.3663e-15
6886.0 4.3020e-15
6888.0 4.5003e-15
6890.0 4.4774e-15
6892.0 4.4887e-15
6894.0 4.5123e-15
6896.0 4.4138e-15
6898.0 4.4254e-15
6900.0 4.4926e-15
6902.0 4.4809e-15
6904.0 4.3508e-15
6906.0 4.5967e-15
6908.0 4.3745e-15
6910.0 4.5051e-15
6912.0 4.5011e-15
6914.0 4.3714e-15
6916.0 4.4824e-15
6918.0 4.2687e-15
6920.0 4.3247e-15
6922.0 4.2606e-15
6924.0 4.2186e-15
6926.0 4.1230e-15
6928.0 4.2049e-15
6930.0 4.1220e-15
6932.0 4.0995e-15
6934.0 4.0603e-15
6936.0 4.1716e-15
6938.0 4.3220e-15
6940.0 4.2401e-15
6942.0 4.1393e-15
6944.0 4.1677e-15
6946.0 4.3103e-15
6948.0 4.5396e-15
6950.0 4.4241e-15
6952.0 4.4056e-15
6954.0 4.2661e-15
6956.0 4.1699e-15
6958.0 4.1644e-15
6960.0 4.2654e-15
6962.0 4.1007e-15
6964.0 4.2144e-15
6966.0 4.2037e-15
6968.0 4.2177e-15
6970.0 4.1298e-15
6972.0 4.2073e-15
6974.0 4.1385e-15
6976.0 4.1268e-15
6978.0 4.0988e-15
6980.0 4.1341e-15
6982.0 4.2943e-15
6984.0 4.1669e-15
6986.0 4.1744e-15
6988.0 4.1263e-15
6990.0 4.3016e-15
6992.0 4.1210e-15
6994.0 4.1191e-15
6996.0 4.0756e-15
6998.0 4.1235e-15
7000.0 4.0286e-15
7002.0 4.0017e-15
7004.0 4.0603e-15
7006.0 4.0535e-15
7008.0 4.1528e-15
7010.0 4.0362e-15
7012.0 4.0275e-15
7014.0 4.0123e-15
7016.0 3.9576e-15
7018.0 4.0630e-15
7020.0 4.1177e-15
7022.0 3.9495e-15
7024.0 3.9987e-15
7026.0 4.0486e-15
7028.0 4.0672e-15
7030.0 4.0096e-15
7032.0 4.0260e-15
7034.0 3.9750e-15
7036.0 3.9785e-15
7038.0 3.9893e-15
7040.0 3.9600e-15
7042.0 3.9620e-15
7044.0 3.8849e-15
7046.0 4.0590e-15
7048.0 3.8999e-15
7050.0 3.8617e-15
7052.0 3.9605e-15
7054.0 3.9208e-15
7056.0 3.9182e-15
7058.0 3.9236e-15
7060.0 4.0429e-15
7062.0 4.0576e-15
7064.0 3.8992e-15
7066.0 3.9052e-15
7068.0 3.9651e-15
7070.0 3.9116e-15
7072.0 3.8392e-15
7074.0 3.8431e-15
7076.0 3.9680e-15
7078.0 3.9458e-15
7080.0 3.7953e-15
7082.0 3.6996e-15
7084.0 3.9404e-15
7086.0 3.9067e-15
7088.0 3.9688e-15
7090.0 4.0063e-15
7092.0 3.8582e-15
7094.0 3.7945e-15
7096.0 3.6985e-15
7098.0 3.7423e-15
7100.0 3.7764e-15
7102.0 3.9845e-15
7104.0 3.9395e-15
7106.0 4.0244e-15
7108.0 3.9294e-15
7110.0 3.8082e-15
7112.0 3.8310e-15
7114.0 3.7917e-15
7116.0 3.6914e-15
7118.0 3.7040e-15
7120.0 3.7176e-15
7122.0 3.6779e-15
7124.0 3.7801e-15
7126.0 3.7237e-15
7128.0 3.7298e-15
7130.0 3.7131e-15
7132.0 3.7354e-15
7134.0 3.6629e-15
7136.0 3.8241e-15
7138.0 3.8523e-15
7140.0 3.7377e-15
7142.0 3.6978e-15
7144.0 3.7116e-15
7146.0 3.7786e-15
7148.0 3.8087e-15
7150.0 3.7371e-15
7152.0 3.9082e-15
7154.0 3.7520e-15
7156.0 3.8353e-15
7158.0 3.7445e-15
7160.0 3.7608e-15
7162.0 3.7337e-15
7164.0 3.6884e-15
7166.0 3.5794e-15
7168.0 3.6304e-15
7170.0 3.6974e-15
7172.0 3.5715e-15
7174.0 3.6994e-15
7176.0 3.6566e-15
7178.0 3.7077e-15
7180.0 3.6985e-15
7182.0 3.8047e-15
7184.0 3.6232e-15
7186.0 3.5086e-15
7188.0 3.7050e-15
7190.0 3.6895e-15
7192.0 3.7002e-15
7194.0 3.7601e-15
7196.0 3.8526e-15
7198.0 3.6881e-15
7200.0 3.5829e-15
7202.0 3.4494e-15
7204.0 3.5665e-15
7206.0 3.5708e-15
7208.0 3.7889e-15
7210.0 3.7080e-15
7212.0 3.7652e-15
7214.0 3.7009e-15
7216.0 3.7674e-15
7218.0 3.6921e-15
7220.0 3.7034e-15
7222.0 3.6401e-15
7224.0 3.6915e-15
7226.0 3.5716e-15
7228.0 3.6356e-15
7230.0 3.6297e-15
7232.0 3.6619e-15
7234.0 3.4339e-15
7236.0 3.6986e-15
7238.0 3.7050e-15
7240.0 3.6212e-15
7242.0 3.6490e-15
7244.0 3.7097e-15
7246.0 3.7230e-15
7248.0 3.7332e-15
7250.0 3.5939e-15
7252.0 3.6465e-15
7254.0 3.6708e-15
7256.0 3.6694e-15
7258.0 3.7562e-15
7260.0 3.7278e-15
7262.0 3.6866e-15
7264.0 3.7145e-15
7266.0 3.7341e-15
7268.0 3.7056e-15
7270.0 3.6864e-15
7272.0 3.6803e-15
7274.0 3.7650e-15
7276.0 3.7173e-15
7278.0 3.8254e-15
7280.0 3.7751e-15
7282.0 3.7755e-15
7284.0 3.9001e-15
7286.0 3.8463e-15
7288.0 3.7337e-15
7290.0 3.6576e-15
7292.0 3.7200e-15
7294.0 3.8511e-15
7296.0 3.7101e-15
7298.0 3.5405e-15
7300.0 3.6552e-15
7302.0 3.6596e-15
7304.0 3.6972e-15
7306.0 3.7500e-15
7308.0 3.7216e-15
7310.0 3.6900e-15
7312.0 3.7698e-15
7314.0 3.7554e-15
7316.0 3.8567e-15
7318.0 3.6040e-15
7320.0 3.5797e-15
7322.0 3.8188e-15
7324.0 3.8900e-15
7326.0 3.8175e-15
7328.0 3.8570e-15
7330.0 3.6640e-15
7332.0 3.6902e-15
7334.0 3.6388e-15
7336.0 3.7414e-15
7338.0 3.6663e-15
7340.0 3.7978e-15
7342.0 3.7322e-15
7344.0 3.8078e-15
7346.0 3.7720e-15
7348.0 3.8241e-15
7350.0 3.8334e-15
7352.0 3.8030e-15
7354.0 3.8089e-15
7356.0 3.8672e-15
7358.0 3.7730e-15
7360.0 3.8096e-15
7362.0 3.7730e-15
7364.0 3.8375e-15
7366.0 3.6637e-15
7368.0 3.7558e-15
7370.0 3.8436e-15
7372.0 3.8232e-15
7374.0 3.7046e-15
7376.0 3.9029e-15
7378.0 3.8419e-15
7380.0 3.9637e-15
7382.0 3.7507e-15
7384.0 3.7815e-15
7386.0 3.8829e-15
7388.0 3.8932e-15
7390.0 3.8031e-15
7392.0 3.6834e-15
7394.0 3.8884e-15
7396.0 3.7901e-15
7398.0 3.7778e-15
7400.0 3.8208e-15
7402.0 3.6913e-15
7404.0 3.7520e-15
7406.0 3.7060e-15
7408.0 3.7151e-15
7410.0 3.8743e-15
7412.0 3.8923e-15
7414.0 3.7773e-15
7416.0 3.8139e-15
7418.0 3.8582e-15
7420.0 3.8350e-15
7422.0 3.7312e-15
7424.0 3.8132e-15
7426.0 3.7659e-15
7428.0 3.8959e-15
7430.0 3.8323e-15
7432.0 3.6941e-15
7434.0 3.7978e-15
7436.0 3.8621e-15
7438.0 4.0196e-15
7440.0 4.0181e-15
7442.0 3.8238e-15
7444.0 3.7866e-15
7446.0 3.7678e-15
7448.0 3.8081e-15
7450.0 3.6790e-15
7452.0 3.6308e-15
7454.0 3.5993e-15
7456.0 3.5786e-15
7458.0 3.6597e-15
7460.0 3.6984e-15
7462.0 3.6141e-15
7464.0 3.6401e-15
7466.0 3.6286e-15
7468.0 3.6337e-15
7470.0 3.7304e-15
7472.0 3.6864e-15
7474.0 3.6995e-15
7476.0 3.6253e-15
7478.0 3.6233e-15
7480.0 3.5803e-15
7482.0 3.5918e-15
7484.0 3.4468e-15
7486.0 3.4990e-15
7488.0 3.4455e-15
7490.0 3.5953e-15
7492.0 3.5079e-15
7494.0 3.5910e-15
7496.0 3.5983e-15
7498.0 3.6525e-15
7500.0 3.5465e-15
7502.0 3.5429e-15
7504.0 3.5559e-15
7506.0 3.5607e-15
7508.0 3.5543e-15
7510.0 3.6327e-15
7512.0 3.4881e-15
7514.0 3.4514e-15
7516.0 3.5433e-15
7518.0 3.5027e-15
7520.0 3.4656e-15
7522.0 3.5734e-15
7524.0 3.4311e-15
7526.0 3.3931e-15
7528.0 3.4895e-15
7530.0 3.3765e-15
7532.0 3.5334e-15
7534.0 3.4436e-15
7536.0 3.4301e-15
7538.0 3.4141e-15
7540.0 3.4428e-15
7542.0 3.4132e-15
7544.0 3.4024e-15
7546.0 3.5207e-15
7548.0 3.4027e-15
7550.0 3.5346e-15
7552.0 3.5217e-15
7554.0 3.4833e-15
7556.0 3.6143e-15
7558.0 3.5948e-15
7560.0 3.3776e-15
7562.0 3.4380e-15
7564.0 3.5707e-15
7566.0 3.5485e-15
7568.0 3.4370e-15
7570.0 3.6002e-15
7572.0 3.5117e-15
7574.0 3.4189e-15
7576.0 3.4078e-15
7578.0 3.4573e-15
7580.0 3.4216e-15
7582.0 3.6313e-15
7584.0 3.5347e-15
7586.0 3.4904e-15
7588.0 3.5746e-15
7590.0 3.3762e-15
7592.0 3.3939e-15
7594.0 3.2425e-15
7596.0 3.2143e-15
7598.0 3.1403e-15
7600.0 3.2155e-15
7602.0 3.2979e-15
7604.0 3.4456e-15
7606.0 3.5695e-15
7608.0 3.7548e-15
7610.0 3.6822e-15
7612.0 3.7196e-15
7614.0 3.6062e-15
7616.0 3.8706e-15
7618.0 3.8541e-15
7620.0 3.4361e-15
7622.0 3.2699e-15
7624.0 3.5794e-15
7626.0 3.5257e-15
7628.0 3.7582e-15
7630.0 3.4368e-15
7632.0 3.8945e-15
7634.0 3.7604e-15
7636.0 3.8789e-15
7638.0 3.6008e-15
7640.0 3.6796e-15
7642.0 3.9270e-15
7644.0 3.3615e-15
7646.0 3.8838e-15
7648.0 3.5148e-15
7650.0 3.6423e-15
7652.0 3.8537e-15
7654.0 3.6273e-15
7656.0 3.6180e-15
7658.0 3.5732e-15
7660.0 3.6568e-15
7662.0 3.7220e-15
7664.0 3.4635e-15
7666.0 3.6331e-15
7668.0 3.6648e-15
7670.0 3.6468e-15
7672.0 3.7744e-15
7674.0 3.6885e-15
7676.0 3.4226e-15
7678.0 3.5588e-15
7680.0 3.6357e-15
7682.0 3.7307e-15
7684.0 3.7132e-15
7686.0 3.7225e-15
7688.0 3.5713e-15
7690.0 3.6178e-15
7692.0 3.7808e-15
7694.0 3.5291e-15
7696.0 3.4499e-15
7698.0 3.5554e-15
7700.0 3.6565e-15
7702.0 3.7952e-15
7704.0 3.6717e-15
7706.0 3.6541e-15
7708.0 3.6595e-15
7710.0 3.7104e-15
7712.0 3.8051e-15
7714.0 3.6506e-15
7716.0 3.5843e-15
7718.0 3.5786e-15
7720.0 3.7940e-15
7722.0 3.7422e-15
7724.0 3.7185e-15
7726.0 3.9337e-15
7728.0 3.6802e-15
7730.0 3.6503e-15
7732.0 3.6777e-15
7734.0 3.7400e-15
7736.0 3.6140e-15
7738.0 3.6470e-15
7740.0 3.7220e-15
7742.0 3.7000e-15
7744.0 3.9541e-15
7746.0 3.9910e-15
7748.0 3.8524e-15
7750.0 3.9067e-15
7752.0 3.8910e-15
7754.0 3.8689e-15
7756.0 3.6582e-15
7758.0 3.8233e-15
7760.0 3.8506e-15
7762.0 3.6769e-15
7764.0 3.7050e-15
7766.0 3.7773e-15
7768.0 3.6951e-15
7770.0 3.8388e-15
7772.0 3.7309e-15
7774.0 3.7127e-15
7776.0 3.7814e-15
7778.0 3.7734e-15
7780.0 3.7800e-15
7782.0 3.8575e-15
7784.0 3.8759e-15
7786.0 3.9602e-15
7788.0 3.9193e-15
7790.0 3.9713e-15
7792.0 3.9539e-15
7794.0 3.8979e-15
7796.0 3.9444e-15
7798.0 3.6644e-15
7800.0 3.6768e-15
7802.0 3.7148e-15
7804.0 3.7316e-15
7806.0 3.7278e-15
7808.0 3.7564e-15
7810.0 3.7896e-15
7812.0 3.7408e-15
7814.0 3.8951e-15
7816.0 3.8533e-15
7818.0 3.6964e-15
7820.0 3.8326e-15
7822.0 3.7653e-15
7824.0 3.6996e-15
7826.0 3.5921e-15
7828.0 3.7948e-15
7830.0 3.8551e-15
7832.0 3.7382e-15
7834.0 3.6573e-15
7836.0 3.7139e-15
7838.0 3.7177e-15
7840.0 3.8963e-15
7842.0 3.7164e-15
7844.0 3.7969e-15
7846.0 3.5940e-15
7848.0 3.8971e-15
7850.0 3.6140e-15
7852.0 3.8299e-15
7854.0 3.9019e-15
7856.0 3.9008e-15
7858.0 3.7151e-15
7860.0 3.8231e-15
7862.0 3.8528e-15
7864.0 3.6148e-15
7866.0 3.6836e-15
7868.0 3.8370e-15
7870.0 3.7899e-15
7872.0 3.8557e-15
7874.0 3.8310e-15
7876.0 3.6851e-15
7878.0 3.8389e-15
7880.0 3.7643e-15
7882.0 3.8046e-15
7884.0 3.8668e-15
7886.0 3.6923e-15
7888.0 3.9760e-15
7890.0 3.8164e-15
7892.0 3.8240e-15
7894.0 3.7910e-15
7896.0 3.7456e-15
7898.0 3.8801e-15
7900.0 3.8231e-15
7902.0 3.8804e-15
7904.0 3.9081e-15
7906.0 3.8434e-15
7908.0 3.8403e-15
7910.0 3.9290e-15
7912.0 3.9835e-15
7914.0 3.7511e-15
7916.0 3.6760e-15
7918.0 3.8551e-15
7920.0 3.9035e-15
7922.0 3.7275e-15
7924.0 3.7886e-15
7926.0 3.8135e-15
7928.0 3.7732e-15
7930.0 3.9780e-15
7932.0 3.9140e-15
7934.0 4.0433e-15
7936.0 3.8527e-15
7938.0 3.8719e-15
7940.0 3.9623e-15
7942.0 3.8844e-15
7944.0 3.9509e-15
7946.0 3.9081e-15
7948.0 3.7360e-15
7950.0 3.8376e-15
7952.0 3.8135e-15
7954.0 3.7129e-15
7956.0 3.9183e-15
7958.0 3.9257e-15
7960.0 3.9314e-15
7962.0 4.0575e-15
7964.0 4.2241e-15
7966.0 4.0527e-15
7968.0 3.8517e-15
7970.0 3.9057e-15
7972.0 4.0471e-15
7974.0 4.0369e-15
7976.0 3.9603e-15
7978.0 3.9703e-15
7980.0 3.8707e-15
7982.0 4.0099e-15
7984.0 3.7784e-15
7986.0 3.9319e-15
7988.0 4.0557e-15
7990.0 3.9624e-15
7992.0 4.1120e-15
7994.0 3.8842e-15
7996.0 4.0078e-15
7998.0 3.7904e-15
8000.0 3.7936e-15
8002.0 3.9255e-15
8004.0 3.9463e-15
8006.0 3.8695e-15
8008.0 3.8684e-15
8010.0 3.8099e-15
8012.0 3.7904e-15
8014.0 3.8040e-15
8016.0 3.8039e-15
8018.0 3.5700e-15
8020.0 3.8501e-15
8022.0 3.7986e-15
8024.0 3.7823e-15
8026.0 3.8581e-15
8028.0 3.7787e-15
8030.0 3.5461e-15
8032.0 3.7011e-15
8034.0 3.6926e-15
8036.0 3.7451e-15
8038.0 3.7491e-15
8040.0 3.6181e-15
8042.0 3.7247e-15
8044.0 3.7237e-15
8046.0 3.8137e-15
8048.0 3.7379e-15
8050.0 3.8105e-15
8052.0 3.7781e-15
8054.0 3.6559e-15
8056.0 3.6758e-15
8058.0 3.6470e-15
8060.0 3.7052e-15
8062.0 3.7519e-15
8064.0 3.5393e-15
8066.0 3.7017e-15
8068.0 3.8697e-15
8070.0 3.9084e-15
8072.0 3.6847e-15
8074.0 3.5816e-15
8076.0 3.6428e-15
8078.0 3.6309e-15
8080.0 3.6349e-15
8082.0 3.5981e-15
8084.0 3.5560e-15
8086.0 3.5236e-15
8088.0 3.5923e-15
8090.0 3.4473e-15
8092.0 3.6412e-15
8094.0 3.4616e-15
8096.0 3.5568e-15
8098.0 3.6465e-15
8100.0 3.6963e-15
8102.0 3.6444e-15
8104.0 3.6343e-15
8106.0 3.6641e-15
8108.0 3.7304e-15
8110.0 3.6636e-15
8112.0 3.6464e-15
8114.0 3.6297e-15
8116.0 3.6790e-15
8118.0 3.5722e-15
8120.0 3.4697e-15
8122.0 3.5499e-15
8124.0 3.6745e-15
8126.0 3.5588e-15
8128.0 3.5557e-15
8130.0 3.6077e-15
8132.0 3.4843e-15
8134.0 3.5812e-15
8136.0 3.5767e-15
8138.0 3.6030e-15
8140.0 3.4385e-15
8142.0 3.4288e-15
8144.0 3.5446e-15
8146.0 3.5803e-15
8148.0 3.4501e-15
8150.0 3.4904e-15
8152.0 3.4637e-15
8154.0 3.6743e-15
8156.0 3.4855e-15
8158.0 3.6209e-15
8160.0 3.6157e-15
8162.0 3.5600e-15
8164.0 3.6214e-15
8166.0 3.5957e-15
8168.0 3.6089e-15
8170.0 3.5204e-15
8172.0 3.4550e-15
8174.0 3.5995e-15
8176.0 3.4702e-15
8178.0 3.4118e-15
8180.0 3.4258e-15
8182.0 3.4744e-15
8184.0 3.4407e-15
8186.0 3.4847e-15
8188.0 3.3976e-15
8190.0 3.3604e-15
8192.0 3.5148e-15
8194.0 3.6674e-15
8196.0 3.4809e-15
8198.0 3.4623e-15
8200.0 3.4715e-15
8202.0 3.5567e-15
8204.0 3.4572e-15
8206.0 3.3948e-15
8208.0 3.7335e-15
8210.0 3.6486e-15
8212.0 3.6028e-15
8214.0 3.7670e-15
8216.0 3.4778e-15
8218.0 3.5228e-15
8220.0 3.5245e-15
8222.0 3.6250e-15
8224.0 3.6757e-15
8226.0 3.4038e-15
8228.0 3.3121e-15
8230.0 3.3453e-15
8232.0 3.3557e-15
8234.0 3.4124e-15
8236.0 3.5736e-15
8238.0 3.6033e-15
8240.0 3.5490e-15
8242.0 3.6348e-15
8244.0 3.5141e-15
8246.0 3.6525e-15
8248.0 3.5207e-15
8250.0 3.6784e-15
8252.0 3.6946e-15
8254.0 3.6384e-15
8256.0 3.6049e-15
8258.0 3.3898e-15
8260.0 3.5407e-15
8262.0 3.6043e-15
8264.0 3.6450e-15
8266.0 3.5472e-15
8268.0 3.4925e-15
8270.0 3.6260e-15
8272.0 3.5840e-15
8274.0 3.4772e-15
8276.0 3.4663e-15
8278.0 3.6166e-15
8280.0 3.3920e-15
8282.0 3.6347e-15
8284.0 3.5011e-15
8286.0 3.5192e-15
8288.0 3.6808e-15
8290.0 3.6077e-15
8292.0 3.5761e-15
8294.0 3.4304e-15
8296.0 3.5317e-15
8298.0 3.7709e-15
8300.0 3.4807e-15
8302.0 3.4776e-15
8304.0 3.4152e-15
8306.0 3.5191e-15
8308.0 3.6189e-15
8310.0 3.5067e-15
8312.0 3.5065e-15
8314.0 3.5057e-15
8316.0 3.5394e-15
8318.0 3.4248e-15
8320.0 3.5438e-15
8322.0 3.6056e-15
8324.0 3.7162e-15
8326.0 3.8084e-15
8328.0 3.5430e-15
8330.0 3.5303e-15
8332.0 3.7189e-15
8334.0 3.4894e-15
8336.0 3.4932e-15
8338.0 3.6300e-15
8340.0 3.7136e-15
8342.0 3.6204e-15
8344.0 3.8086e-15
8346.0 3.7741e-15
8348.0 3.8081e-15
8350.0 3.6289e-15
8352.0 3.7332e-15
8354.0 3.7903e-15
8356.0 3.4403e-15
8358.0 3.3951e-15
8360.0 3.5572e-15
8362.0 3.6801e-15
8364.0 3.6570e-15
8366.0 3.7695e-15
8368.0 3.4977e-15
8370.0 3.5650e-15
8372.0 3.3276e-15
8374.0 3.7568e-15
8376.0 3.7027e-15
8378.0 3.6207e-15
8380.0 3.7570e-15
8382.0 3.5728e-15
8384.0 3.7780e-15
8386.0 3.5287e-15
8388.0 3.5265e-15
8390.0 3.5895e-15
8392.0 3.7978e-15
8394.0 3.4496e-15
8396.0 3.5751e-15
8398.0 3.9348e-15
8400.0 3.5547e-15
