7000.0 0.0933513
7002.0 0.0936257
7004.0 0.0947445
7006.0 0.0943455
7008.0 0.0948345
7010.0 0.0940862
7012.0 0.0933987
7014.0 0.0943891
7016.0 0.0929347
7018.0 0.0932226
7020.0 0.0927568
7022.0 0.0922609
7024.0 0.0915426
7026.0 0.0930789
7028.0 0.0914882
7030.0 0.0922057
7032.0 0.0906093
7034.0 0.0917036
7036.0 0.0915855
7038.0 0.0907743
7040.0 0.0892074
7042.0 0.090421
7044.0 0.0915114
7046.0 0.0905238
7048.0 0.0904107
7050.0 0.0902849
7052.0 0.0903394
7054.0 0.0914527
7056.0 0.091536
7058.0 0.0910583
7060.0 0.0906757
7062.0 0.0913071
7064.0 0.0887795
7066.0 0.0882586
7068.0 0.0896299
7070.0 0.0896786
7072.0 0.0903752
7074.0 0.0912518
7076.0 0.0894576
7078.0 0.0913022
7080.0 0.0898382
7082.0 0.090353
7084.0 0.0904004
7086.0 0.0914141
7088.0 0.0906521
7090.0 0.0905816
7092.0 0.0901111
7094.0 0.0910063
7096.0 0.0902559
7098.0 0.0916251
7100.0 0.0920116
7102.0 0.089339
7104.0 0.0898475
7106.0 0.0895528
7108.0 0.0898525
7110.0 0.0893776
7112.0 0.0909097
7114.0 0.0888608
7116.0 0.0890851
7118.0 0.0875793
7120.0 0.0879724
7122.0 0.0877622
7124.0 0.0864153
7126.0 0.0882724
7128.0 0.0882978
7130.0 0.0872775
7132.0 0.0863314
7134.0 0.0850701
7136.0 0.0877097
7138.0 0.085128
7140.0 0.0851972
7142.0 0.0850167
7144.0 0.0845041
7146.0 0.0865861
7148.0 0.0848571
7150.0 0.0866687
7152.0 0.0858503
7154.0 0.0857885
7156.0 0.085973
7158.0 0.0846586
7160.0 0.0849907
7162.0 0.0869104
7164.0 0.0856174
7166.0 0.0849208
7168.0 0.0854195
7170.0 0.0846142
7172.0 0.0849138
7174.0 0.0862384
7176.0 0.0867979
7178.0 0.0856487
7180.0 0.086865
7182.0 0.086614
7184.0 0.0867069
7186.0 0.084565
7188.0 0.0861886
7190.0 0.0872324
7192.0 0.086826
7194.0 0.0868787
7196.0 0.085896
7198.0 0.0856004
7200.0 0.0856638
7202.0 0.0861933
7204.0 0.0860024
7206.0 0.0863392
7208.0 0.0867634
7210.0 0.084881
7212.0 0.0857647
7214.0 0.0852204
7216.0 0.0851644
7218.0 0.0859182
7220.0 0.0850709
7222.0 0.0867263
7224.0 0.0871625
7226.0 0.0857171
7228.0 0.0856036
7230.0 0.0848977
7232.0 0.0858096
7234.0 0.0862041
7236.0 0.0855383
7238.0 0.0855702
7240.0 0.0861267
7242.0 0.0861651
7244.0 0.0856052
7246.0 0.0849532
7248.0 0.0876468
7250.0 0.0855217
7252.0 0.0860842
7254.0 0.0857693
7256.0 0.0865881
7258.0 0.0860807
7260.0 0.0851473
7262.0 0.0864193
7264.0 0.0865818
7266.0 0.0862828
7268.0 0.0870857
7270.0 0.0869399
7272.0 0.0864945
7274.0 0.0860401
7276.0 0.0881082
7278.0 0.0860462
7280.0 0.0879939
7282.0 0.0876338
7284.0 0.0876983
7286.0 0.0868373
7288.0 0.0866672
7290.0 0.0878556
7292.0 0.087562
7294.0 0.0868001
7296.0 0.0878838
7298.0 0.0875235
7300.0 0.0883502
7302.0 0.0872005
7304.0 0.0872527
7306.0 0.0860226
7308.0 0.0861243
7310.0 0.0879731
7312.0 0.0869914
7314.0 0.0884677
7316.0 0.0876909
7318.0 0.0878642
7320.0 0.0870644
7322.0 0.0854482
7324.0 0.0862358
7326.0 0.0880119
7328.0 0.0875207
7330.0 0.0879647
7332.0 0.0857541
7334.0 0.0865623
7336.0 0.0874375
7338.0 0.0854155
7340.0 0.087824
7342.0 0.0874442
7344.0 0.0864124
7346.0 0.0856416
7348.0 0.0861456
7350.0 0.0869875
7352.0 0.0857259
7354.0 0.0872847
7356.0 0.0863634
7358.0 0.0850952
7360.0 0.0842898
7362.0 0.0857289
7364.0 0.0859941
7366.0 0.0857383
7368.0 0.0859042
7370.0 0.0852114
7372.0 0.0828128
7374.0 0.0845239
7376.0 0.0831545
7378.0 0.0830038
7380.0 0.082703
7382.0 0.0838348
7384.0 0.0841314
7386.0 0.0825894
7388.0 0.0830605
7390.0 0.0847164
7392.0 0.08062
7394.0 0.082099
7396.0 0.0804649
7398.0 0.0819437
7400.0 0.0813506
7402.0 0.0826622
7404.0 0.0837003
7406.0 0.082961
7408.0 0.0800333
7410.0 0.081687
7412.0 0.0833359
7414.0 0.0815361
7416.0 0.0817557
7418.0 0.081314
7420.0 0.0804614
7422.0 0.0822745
7424.0 0.0803274
7426.0 0.0818864
7428.0 0.0803081
7430.0 0.0811536
7432.0 0.0818909
7434.0 0.0816173
7436.0 0.0808811
7438.0 0.0807833
7440.0 0.0813804
7442.0 0.0815578
7444.0 0.0802589
7446.0 0.0813023
7448.0 0.0806077
7450.0 0.0805
7452.0 0.080935
7454.0 0.0801286
7456.0 0.0790356
7458.0 0.0794104
7460.0 0.078209
7462.0 0.0797848
7464.0 0.0794664
7466.0 0.078977
7468.0 0.0786823
7470.0 0.0795601
7472.0 0.0790043
7474.0 0.0805815
7476.0 0.0793745
7478.0 0.0789727
7480.0 0.0791557
7482.0 0.0779489
7484.0 0.0787641
7486.0 0.0765071
7488.0 0.0780691
7490.0 0.0789038
7492.0 0.078465
7494.0 0.0775489
7496.0 0.077309
7498.0 0.0761477
7500.0 0.0763225
7502.0 0.0761386
7504.0 0.0772555
7506.0 0.0766317
7508.0 0.0755876
7510.0 0.0745535
7512.0 0.0763024
7514.0 0.0761277
7516.0 0.0754082
7518.0 0.0763015
7520.0 0.0753456
7522.0 0.0756133
7524.0 0.07588
7526.0 0.0738026
7528.0 0.0752382
7530.0 0.0751268
7532.0 0.0740882
7534.0 0.0751549
7536.0 0.0740037
7538.0 0.0752131
7540.0 0.0747511
7542.0 0.0750636
7544.0 0.0749531
7546.0 0.0743097
7548.0 0.0749788
7550.0 0.0746578
7552.0 0.0746934
7554.0 0.0753867
7556.0 0.0741009
7558.0 0.0756879
7560.0 0.0763126
7562.0 0.0754929
7564.0 0.07545
7566.0 0.0766749
7568.0 0.0755369
7570.0 0.0748508
7572.0 0.0766476
7574.0 0.0763088
7576.0 0.0743435
7578.0 0.0747219
7580.0 0.0742676
7582.0 0.0749024
7584.0 0.0769679
7586.0 0.0745933
7588.0 0.075853
7590.0 0.0766042
7592.0 0.0756188
7594.0 0.0723585
7596.0 0.0712583
7598.0 0.0721583
7600.0 0.0729802
7602.0 0.0707366
7604.0 0.0701526
7606.0 0.0674172
7608.0 0.0709096
7610.0 0.0693557
7612.0 0.0716776
7614.0 0.0727297
7616.0 0.071215
7618.0 0.0747523
7620.0 0.0699959
7622.0 0.0690097
7624.0 0.0649987
7626.0 0.0741245
7628.0 0.0641093
7630.0 0.0741948
7632.0 0.0636775
7634.0 0.071696
7636.0 0.0612814
7638.0 0.0715273
7640.0 0.0618164
7642.0 0.0715277
7644.0 0.0655582
7646.0 0.0677718
7648.0 0.0666416
7650.0 0.0609496
7652.0 0.0685096
7654.0 0.062497
7656.0 0.0647971
7658.0 0.0644722
7660.0 0.0602197
7662.0 0.0632464
7664.0 0.0625595
7666.0 0.0615719
7668.0 0.0636076
7670.0 0.0615825
7672.0 0.061646
7674.0 0.0617495
7676.0 0.0600952
7678.0 0.0605558
7680.0 0.0637549
7682.0 0.0604152
7684.0 0.0609274
7686.0 0.0614326
7688.0 0.0616498
7690.0 0.0603152
7692.0 0.0610978
7694.0 0.0609788
7696.0 0.0624965
7698.0 0.0610891
7700.0 0.062373
7702.0 0.0611767
7704.0 0.0631381
7706.0 0.0617357
7708.0 0.0614734
7710.0 0.0621758
7712.0 0.0637236
7714.0 0.0632617
7716.0 0.063858
7718.0 0.0636593
7720.0 0.0638044
7722.0 0.0623091
7724.0 0.0623121
7726.0 0.06367
7728.0 0.0640406
7730.0 0.0626492
7732.0 0.0636455
7734.0 0.0640538
7736.0 0.0644222
7738.0 0.0630102
7740.0 0.0656713
7742.0 0.0648575
7744.0 0.0647938
7746.0 0.065496
7748.0 0.0647744
7750.0 0.0642431
7752.0 0.0652208
7754.0 0.065166
7756.0 0.0641506
7758.0 0.0645893
7760.0 0.0658962
7762.0 0.0659805
7764.0 0.0642139
7766.0 0.0654646
7768.0 0.0651933
7770.0 0.0657001
7772.0 0.0656051
7774.0 0.0658644
7776.0 0.0659698
7778.0 0.0657636
7780.0 0.0655819
7782.0 0.0657512
7784.0 0.0661283
7786.0 0.0661172
7788.0 0.066128
7790.0 0.0662446
7792.0 0.0661815
7794.0 0.0679739
7796.0 0.0675557
7798.0 0.065629
7800.0 0.0683203
7802.0 0.0681113
7804.0 0.0673891
7806.0 0.0676396
7808.0 0.0687481
7810.0 0.0680888
7812.0 0.070507
7814.0 0.0699106
7816.0 0.0682473
7818.0 0.0688234
7820.0 0.0678609
7822.0 0.0692168
7824.0 0.070486
7826.0 0.0691782
7828.0 0.069515
7830.0 0.0706001
7832.0 0.0704691
7834.0 0.0712316
7836.0 0.0694517
7838.0 0.069907
7840.0 0.0696476
7842.0 0.070021
7844.0 0.0703777
7846.0 0.070262
7848.0 0.0712182
7850.0 0.0701707
7852.0 0.0699327
7854.0 0.0711419
7856.0 0.0721516
7858.0 0.0712461
7860.0 0.0700054
7862.0 0.0705685
7864.0 0.0710448
7866.0 0.0724605
7868.0 0.0722688
7870.0 0.0720547
7872.0 0.0720296
7874.0 0.0728393
7876.0 0.0733776
7878.0 0.072387
7880.0 0.0736527
7882.0 0.0736804
7884.0 0.0725763
7886.0 0.0737321
7888.0 0.0736634
7890.0 0.0744592
7892.0 0.0728779
7894.0 0.073636
7896.0 0.0742882
7898.0 0.0746932
7900.0 0.0746032
7902.0 0.074856
7904.0 0.0755206
7906.0 0.0747027
7908.0 0.0750058
7910.0 0.0736244
7912.0 0.0727661
7914.0 0.0744393
7916.0 0.0765791
7918.0 0.0760226
7920.0 0.0755505
7922.0 0.0758015
7924.0 0.076795
7926.0 0.0769337
7928.0 0.0762879
7930.0 0.0760128
7932.0 0.0752463
7934.0 0.076445
7936.0 0.0753933
7938.0 0.0755427
7940.0 0.0762507
7942.0 0.0760898
7944.0 0.0762068
7946.0 0.0769472
7948.0 0.0754177
7950.0 0.0766003
7952.0 0.0761376
7954.0 0.0752354
7956.0 0.0761382
7958.0 0.076702
7960.0 0.0757801
7962.0 0.0767002
7964.0 0.075699
7966.0 0.0751191
7968.0 0.0752441
7970.0 0.0748663
7972.0 0.0755105
7974.0 0.0757401
7976.0 0.0758195
7978.0 0.0751371
7980.0 0.0746749
7982.0 0.074218
7984.0 0.0757457
7986.0 0.0733532
7988.0 0.0750814
7990.0 0.0737616
7992.0 0.0728409
7994.0 0.0719612
7996.0 0.0741078
7998.0 0.0721216
8000.0 0.0725291
8002.0 0.0719232
8004.0 0.0724872
8006.0 0.0705769
8008.0 0.0707605
8010.0 0.0695586
8012.0 0.0708986
8014.0 0.0724133
8016.0 0.0671603
8018.0 0.0702861
8020.0 0.0677262
8022.0 0.0678335
8024.0 0.068399
8026.0 0.068434
8028.0 0.0670976
8030.0 0.0671991
8032.0 0.0653979
8034.0 0.0656038
8036.0 0.0656393
8038.0 0.0642237
8040.0 0.0649198
8042.0 0.0648199
8044.0 0.0634528
8046.0 0.0637908
8048.0 0.0625728
8050.0 0.0622969
8052.0 0.0613715
8054.0 0.0610985
8056.0 0.0609899
8058.0 0.0605824
8060.0 0.0599757
8062.0 0.0593484
8064.0 0.057837
8066.0 0.0595564
8068.0 0.0568447
8070.0 0.0578041
8072.0 0.0567748
8074.0 0.0561821
8076.0 0.056862
8078.0 0.056184
8080.0 0.0564701
8082.0 0.054754
8084.0 0.0545389
8086.0 0.054905
8088.0 0.0536734
8090.0 0.0528294
8092.0 0.053556
8094.0 0.0512508
8096.0 0.0520684
8098.0 0.0519114
8100.0 0.0511317
8102.0 0.0499935
8104.0 0.051132
8106.0 0.049879
8108.0 0.0498549
8110.0 0.0495537
8112.0 0.048763
8114.0 0.0484131
8116.0 0.0487007
8118.0 0.0498613
8120.0 0.0484436
8122.0 0.0486166
8124.0 0.0476304
8126.0 0.0479813
8128.0 0.0481054
8130.0 0.047218
8132.0 0.0475042
8134.0 0.0487167
8136.0 0.0473702
8138.0 0.0474965
8140.0 0.0478135
8142.0 0.0472892
8144.0 0.0462813
8146.0 0.0468045
8148.0 0.0469898
8150.0 0.0467285
8152.0 0.0469029
8154.0 0.0462571
8156.0 0.0464432
8158.0 0.0453688
8160.0 0.0470334
8162.0 0.0463317
8164.0 0.0460158
8166.0 0.0458525
8168.0 0.0451087
8170.0 0.0457357
8172.0 0.0456983
8174.0 0.0457697
8176.0 0.0460606
8178.0 0.0459293
8180.0 0.0453717
8182.0 0.0456887
8184.0 0.0457967
8186.0 0.0448981
8188.0 0.0450018
8190.0 0.0451226
8192.0 0.0456509
8194.0 0.0452468
8196.0 0.0455221
8198.0 0.0450605
8200.0 0.0439531
8202.0 0.0445886
8204.0 0.0450319
8206.0 0.0451073
8208.0 0.0447845
8210.0 0.0447968
8212.0 0.0453027
8214.0 0.0453231
8216.0 0.0439141
8218.0 0.0444801
8220.0 0.0447516
8222.0 0.0446148
8224.0 0.0449296
8226.0 0.0459752
8228.0 0.0458225
8230.0 0.0460927
8232.0 0.0459951
8234.0 0.0452375
8236.0 0.0462961
8238.0 0.0467733
8240.0 0.0475549
8242.0 0.0460442
8244.0 0.0466062
8246.0 0.0472887
8248.0 0.0479478
8250.0 0.0481256
8252.0 0.0474097
8254.0 0.0481309
8256.0 0.0475929
8258.0 0.0485172
8260.0 0.0488482
8262.0 0.0493713
8264.0 0.0497812
8266.0 0.0503435
8268.0 0.0511639
8270.0 0.0513782
8272.0 0.049799
8274.0 0.0495312
8276.0 0.0508474
8278.0 0.0524138
8280.0 0.0522849
8282.0 0.0520963
8284.0 0.0516349
8286.0 0.0524363
8288.0 0.051747
8290.0 0.0512887
8292.0 0.0522045
8294.0 0.0521577
8296.0 0.052974
8298.0 0.0528365
8300.0 0.0526162
8302.0 0.0517024
8304.0 0.0524239
8306.0 0.0520419
8308.0 0.0520834
8310.0 0.0537264
8312.0 0.0520379
8314.0 0.0519794
8316.0 0.0519203
8318.0 0.0523496
8320.0 0.0525168
8322.0 0.0512971
8324.0 0.0522849
8326.0 0.0521822
8328.0 0.0531728
8330.0 0.0512549
8332.0 0.0525893
8334.0 0.0530106
8336.0 0.0512643
8338.0 0.0508371
8340.0 0.0501592
8342.0 0.0492812
8344.0 0.0465692
8346.0 0.048956
8348.0 0.0498054
8350.0 0.048436
8352.0 0.0479275
8354.0 0.0477226
8356.0 0.0488341
8358.0 0.0475686
8360.0 0.0472185
8362.0 0.0467573
8364.0 0.0474113
8366.0 0.0479899
8368.0 0.047151
8370.0 0.0469315
8372.0 0.0463696
8374.0 0.0464565
8376.0 0.0461053
8378.0 0.0462909
8380.0 0.0462519
8382.0 0.0474745
8384.0 0.0457696
8386.0 0.044937
8388.0 0.0471848
8390.0 0.0459631
8392.0 0.0462721
8394.0 0.0455715
8396.0 0.0463884
8398.0 0.0457343
8400.0 0.0459067
8402.0 0.0453878
8404.0 0.0451269
8406.0 0.0460313
8408.0 0.0460154
8410.0 0.0456338
8412.0 0.0438281
8414.0 0.0454403
8416.0 0.0451312
8418.0 0.0459465
8420.0 0.0451154
8422.0 0.0446161
8424.0 0.045083
8426.0 0.0457709
8428.0 0.0471881
8430.0 0.0481221
8432.0 0.0447798
8434.0 0.047111
8436.0 0.046146
8438.0 0.0462001
8440.0 0.0463008
8442.0 0.0466965
8444.0 0.047235
8446.0 0.0477271
8448.0 0.0484176
8450.0 0.0496019
8452.0 0.0496932
8454.0 0.0487179
8456.0 0.0478043
8458.0 0.0479367
8460.0 0.0474964
8462.0 0.0482547
8464.0 0.0475311
8466.0 0.0501083
8468.0 0.0469975
8470.0 0.0480246
8472.0 0.0472676
8474.0 0.0476381
8476.0 0.047272
8478.0 0.047676
8480.0 0.047763
8482.0 0.0482138
8484.0 0.048869
8486.0 0.0482937
8488.0 0.0495979
8490.0 0.0486764
8492.0 0.0475541
8494.0 0.0482715
8496.0 0.0487638
8498.0 0.0484138
8500.0 0.0486175
8502.0 0.0482685
8504.0 0.049384
8506.0 0.0477372
8508.0 0.0486449
8510.0 0.0470152
8512.0 0.0487388
8514.0 0.0487774
8516.0 0.0492002
8518.0 0.0486881
8520.0 0.0475873
8522.0 0.0481332
8524.0 0.0489213
8526.0 0.0481624
8528.0 0.048294
8530.0 0.0481766
8532.0 0.0478992
8534.0 0.048051
8536.0 0.049724
8538.0 0.0490589
8540.0 0.0491734
8542.0 0.0482639
8544.0 0.0485533
8546.0 0.0491576
8548.0 0.04992
8550.0 0.0499854
8552.0 0.050069
8554.0 0.0506982
8556.0 0.0500084
8558.0 0.051781
8560.0 0.0498808
8562.0 0.0507576
8564.0 0.0518795
8566.0 0.0513362
8568.0 0.051525
8570.0 0.0509212
8572.0 0.0516475
8574.0 0.0518242
8576.0 0.0523695
8578.0 0.0517932
8580.0 0.0511983
8582.0 0.0523019
8584.0 0.0528573
8586.0 0.0538703
8588.0 0.0528594
8590.0 0.0543067
8592.0 0.0536016
8594.0 0.0556584
8596.0 0.0550875
8598.0 0.0547364
8600.0 0.0538966
8602.0 0.0545918
8604.0 0.0565262
8606.0 0.0549693
8608.0 0.0555695
8610.0 0.0557758
8612.0 0.0562401
8614.0 0.0557202
8616.0 0.05794
8618.0 0.0568326
8620.0 0.0565086
8622.0 0.0564405
8624.0 0.0576032
8626.0 0.0562777
8628.0 0.0585629
8630.0 0.0568004
8632.0 0.0573218
8634.0 0.0599913
8636.0 0.0574074
8638.0 0.0572678
8640.0 0.0581624
8642.0 0.0573901
8644.0 0.0580701
8646.0 0.0591779
8648.0 0.0588413
8650.0 0.0590515
8652.0 0.0594491
8654.0 0.0595013
8656.0 0.0604016
8658.0 0.0607438
8660.0 0.0609903
8662.0 0.0612367
8664.0 0.0614831
8666.0 0.0617296
8668.0 0.061976
8670.0 0.0593124
8672.0 0.0610361
8674.0 0.05991
8676.0 0.060335
8678.0 0.0616752
8680.0 0.0616721
8682.0 0.0612206
8684.0 0.0605157
8686.0 0.0622239
8688.0 0.0622337
8690.0 0.0620516
8692.0 0.061854
8694.0 0.0617979
8696.0 0.0616903
8698.0 0.061558
8700.0 0.0628853
8702.0 0.0628076
8704.0 0.0627299
8706.0 0.0626522
8708.0 0.0625745
8710.0 0.0628825
8712.0 0.0621013
8714.0 0.0629651
8716.0 0.062632
8718.0 0.0626208
8720.0 0.0625975
8722.0 0.0625988
8724.0 0.0641741
8726.0 0.0637953
8728.0 0.0633627
8730.0 0.0641038
8732.0 0.0627101
8734.0 0.0627657
8736.0 0.0625197
8738.0 0.0621364
8740.0 0.0628913
8742.0 0.0633614
8744.0 0.0607323
8746.0 0.0631193
8748.0 0.0620894
8750.0 0.0621964
8752.0 0.0633484
8754.0 0.0621265
8756.0 0.0626245
8758.0 0.0616684
8760.0 0.0632176
8762.0 0.0610936
8764.0 0.0622467
8766.0 0.0620356
8768.0 0.061062
8770.0 0.0627312
8772.0 0.0613052
8774.0 0.0611132
8776.0 0.0612767
8778.0 0.0622651
8780.0 0.0624526
8782.0 0.0602005
8784.0 0.0607668
8786.0 0.0617576
8788.0 0.0599851
8790.0 0.0595811
8792.0 0.0608056
8794.0 0.0612982
8796.0 0.0607646
8798.0 0.0608789
8800.0 0.0602971
8802.0 0.0614891
8804.0 0.0603761
8806.0 0.0612419
8808.0 0.0599965
8810.0 0.0611266
8812.0 0.0596463
8814.0 0.06038
8816.0 0.0591365
8818.0 0.0588654
8820.0 0.0596233
8822.0 0.0606265
8824.0 0.0586677
8826.0 0.0594133
8828.0 0.0595579
8830.0 0.0586259
8832.0 0.0584785
8834.0 0.0578925
8836.0 0.0580964
8838.0 0.0582959
8840.0 0.0578264
8842.0 0.0578337
8844.0 0.0579603
8846.0 0.0577747
8848.0 0.0575565
8850.0 0.057428
8852.0 0.0585128
8854.0 0.0563146
8856.0 0.0576768
8858.0 0.0579804
8860.0 0.0579961
8862.0 0.0569288
8864.0 0.058098
8866.0 0.0574211
8868.0 0.0601313
8870.0 0.0558733
8872.0 0.0570063
8874.0 0.0571257
8876.0 0.0579628
8878.0 0.0580836
8880.0 0.05714
8882.0 0.0568598
8884.0 0.0552058
8886.0 0.0561722
8888.0 0.054719
8890.0 0.0564184
8892.0 0.0562932
8894.0 0.0561758
8896.0 0.0552855
8898.0 0.0543456
8900.0 0.0562222
8902.0 0.0554205
8904.0 0.0543908
8906.0 0.0550764
8908.0 0.0539845
8910.0 0.0543672
8912.0 0.0540941
8914.0 0.0543617
8916.0 0.0553446
8918.0 0.0528457
8920.0 0.05325
8922.0 0.0549826
8924.0 0.0539712
8926.0 0.0547477
8928.0 0.0534831
8930.0 0.0536971
8932.0 0.0539616
8934.0 0.0530829
8936.0 0.0524877
8938.0 0.0538918
8940.0 0.0529338
8942.0 0.0537076
8944.0 0.0546113
8946.0 0.0524519
8948.0 0.0520918
8950.0 0.0524449
8952.0 0.0534708
8954.0 0.0517199
8956.0 0.0525311
8958.0 0.0507292
8960.0 0.0527279
8962.0 0.0521956
8964.0 0.0523247
8966.0 0.0504508
8968.0 0.0520351
8970.0 0.0508097
8972.0 0.0517095
8974.0 0.0512646
8976.0 0.050376
8978.0 0.0513019
8980.0 0.0499243
8982.0 0.0500957
8984.0 0.0504998
8986.0 0.0496391
8988.0 0.0497331
8990.0 0.049862
8992.0 0.0492135
8994.0 0.0491704
8996.0 0.049338
8998.0 0.0489177
9000.0 0.0484664
