4020.  1.524737E-16
4029.19999977395  2.056939E-16
4038.39999954789  2.330416E-16
4047.59999932183  -2.606969E-17
4056.79999909578  -1.352467E-17
4065.99999886972  6.213660E-16
4075.19999864366  6.610748E-17
4084.39999841761  2.447538E-16
4093.59999819155  1.000919E-16
4102.7999979655  8.219902E-17
4111.99999773944  -1.200095E-17
4121.19999751338  -2.070843E-18
4130.39999728733  1.490580E-16
4139.59999706127  1.325932E-16
4148.79999683522  8.740358E-17
4157.99999660916  4.230088E-17
4167.1999963831  5.267134E-17
4176.39999615705  5.127912E-17
4185.59999593099  -8.330548E-18
4194.79999570494  -4.763187E-17
4203.99999547888  9.156268E-17
4213.19999525282  8.203631E-17
4222.39999502677  4.141366E-17
4231.59999480071  9.268163E-17
4240.79999457465  4.464006E-17
4249.9999943486  1.329264E-16
4259.19999412254  8.412123E-17
4268.39999389649  1.058190E-16
4277.59999367043  1.764254E-16
4286.79999344437  1.290206E-16
4295.99999321832  1.454153E-16
4305.19999299226  7.249186E-17
4314.39999276621  9.188451E-17
4323.59999254015  1.327422E-16
4332.79999231409  1.482997E-16
4341.99999208804  1.024544E-16
4351.19999186198  8.956022E-17
4360.39999163592  1.491372E-16
4369.59999140987  1.565644E-16
4378.79999118381  1.313377E-16
4387.99999095776  1.633653E-16
4397.1999907317  1.438091E-16
4406.39999050565  8.423489E-17
4415.59999027959  6.688668E-17
4424.79999005353  1.349860E-16
4433.99998982748  1.132340E-16
4443.19998960142  3.525313E-17
4452.39998937536  1.486753E-16
4461.59998914931  5.227588E-17
4470.79998892325  9.629139E-17
4479.9999886972  1.134821E-16
4489.19998847114  -5.175766E-18
4498.39998824509  7.613718E-17
4507.59998801903  8.003414E-17
4516.79998779297  1.025741E-16
4525.99998756692  8.893040E-17
4535.19998734086  5.794784E-17
4544.3999871148  7.967917E-17
4553.59998688875  5.798304E-17
4562.79998666269  4.827973E-17
4571.99998643664  4.110869E-17
4581.19998621058  9.592446E-17
4590.39998598452  5.469247E-17
4599.59998575847  2.722407E-17
4608.79998553241  -8.085080E-18
4617.99998530636  6.852137E-17
4627.1999850803  1.714383E-17
4636.39998485424  6.687975E-17
4645.59998462819  4.903901E-17
4654.79998440213  6.074311E-17
4663.99998417607  7.245794E-17
4673.19998395002  1.865981E-17
4682.39998372396  6.785532E-17
4691.59998349791  4.692656E-17
4700.79998327185  8.005417E-17
4709.9999830458  5.790977E-17
4719.19998281974  9.181904E-17
4728.39998259368  8.528206E-17
4737.59998236763  5.653326E-17
4746.79998214157  6.635316E-17
4755.99998191551  1.051021E-16
4765.19998168946  5.519811E-17
4774.3999814634  4.490232E-17
4783.59998123735  7.242803E-17
4792.79998101129  4.893358E-17
4801.99998078523  7.938908E-17
4811.19998055918  6.171767E-17
4820.39998033312  7.879768E-17
4829.59998010707  1.104792E-16
4838.79997988101  5.946826E-17
4847.99997965495  9.439727E-17
4857.1999794289  1.165613E-16
4866.39997920284  1.099793E-16
4875.59997897679  6.675509E-17
4884.79997875073  1.153745E-16
4893.99997852467  6.675532E-17
4903.19997829862  1.052680E-16
4912.39997807256  7.739157E-17
4921.59997784651  8.094668E-17
4930.79997762045  1.290367E-16
4939.99997739439  8.463815E-17
4949.19997716834  9.876928E-17
4958.39997694228  6.515828E-17
4967.59997671622  9.335488E-17
4976.79997649017  8.231796E-17
4985.99997626411  7.477275E-17
4995.19997603806  7.988534E-17
5004.399975812  8.969152E-17
5013.59997558594  6.856959E-17
5022.79997535989  7.106317E-17
5031.99997513383  7.411624E-17
5041.19997490778  7.860552E-17
5050.39997468172  6.914830E-17
5059.59997445566  7.584370E-17
5068.79997422961  7.285783E-17
5077.99997400355  7.446199E-17
5087.1999737775  6.367666E-17
5096.39997355144  5.221410E-17
5105.59997332538  5.691543E-17
5114.79997309933  4.623326E-17
5123.99997287327  3.905583E-17
5133.19997264721  4.693502E-17
5142.39997242116  7.092507E-17
5151.5999721951  5.960505E-17
5160.79997196905  5.775562E-17
5169.99997174299  4.721153E-17
5179.19997151694  7.605470E-17
5188.39997129088  7.752378E-17
5197.59997106482  4.651579E-17
5206.79997083877  4.253981E-17
5215.99997061271  5.147022E-17
5225.19997038665  9.150975E-17
5234.3999701606  5.505805E-17
5243.59996993454  6.971165E-17
5252.79996970849  4.249266E-17
5261.99996948243  3.707591E-17
5271.19996925637  7.988581E-17
5280.39996903032  4.574368E-17
5289.59996880426  6.035250E-17
5298.79996857821  4.951670E-17
5307.99996835215  5.595881E-17
5317.19996812609  5.514866E-17
5326.39996790004  4.065635E-17
5335.59996767398  5.836010E-17
5344.79996744792  3.938350E-17
5353.99996722187  2.575068E-17
5363.19996699581  4.741252E-17
5372.39996676976  5.967327E-17
5381.5999665437  5.340691E-17
5390.79996631765  6.876971E-17
5399.99996609159  8.235902E-17
5409.19996586553  3.531606E-17
5418.39996563948  8.342217E-17
5427.59996541342  5.989500E-17
5436.79996518736  5.488838E-17
5445.99996496131  7.281172E-17
5455.19996473525  5.012709E-17
5464.3999645092  4.731133E-17
5473.59996428314  6.391612E-17
5482.79996405708  4.478658E-17
5491.99996383103  7.465961E-17
5501.19996360497  6.230826E-17
5510.39996337892  6.265449E-17
5519.59996315286  6.059561E-17
5528.7999629268  2.303774E-17
5537.99996270075  4.337982E-17
5547.19996247469  7.065789E-17
5556.39996224864  5.168922E-17
5565.59996202258  1.077918E-16
5574.79996179652  7.263491E-17
5583.99996157047  1.000364E-16
5593.19996134441  5.777937E-17
5602.39996111836  4.114026E-17
5611.5999608923  4.950767E-17
5620.79996066624  5.892168E-17
5629.99996044019  6.046435E-17
5639.19996021413  4.291105E-17
5648.39995998807  6.321626E-17
5657.59995976202  6.185797E-17
5666.79995953596  4.296095E-17
5675.99995930991  3.764417E-17
5685.19995908385  7.731263E-17
5694.3999588578  5.182855E-17
5703.59995863174  8.170204E-17
5712.79995840568  6.008325E-17
5721.99995817963  3.346134E-17
5731.19995795357  9.016263E-17
5740.39995772751  2.912589E-17
5749.59995750146  8.334193E-17
5758.7999572754  6.543937E-17
5767.99995704935  7.606108E-17
5777.19995682329  6.756071E-17
5786.39995659723  5.444869E-17
5795.59995637118  4.349406E-17
5804.79995614512  2.418511E-17
5813.99995591907  4.016539E-17
5823.19995569301  6.103336E-17
5832.39995546695  2.215570E-17
5841.5999552409  3.662103E-17
5850.79995501484  4.170674E-17
5859.99995478878  6.268622E-17
5869.19995456273  7.036820E-17
5878.39995433667  3.302387E-17
5887.59995411062  5.292907E-17
5896.79995388456  7.798569E-17
5905.9999536585  7.529751E-17
5915.19995343245  1.144963E-16
5924.39995320639  4.8026E-17
5933.59995298034  4.359951E-17
5942.79995275428  3.302927E-17
5951.99995252822  7.578923E-17
5961.19995230217  5.550964E-17
5970.39995207611  5.571077E-17
5979.59995185006  4.745403E-17
5988.799951624  3.397938E-17
5997.99995139794  3.331846E-17
6007.19995117189  4.497474E-17
6016.39995094583  6.080677E-17
6025.59995071978  6.564974E-17
6034.79995049372  4.962729E-17
6043.99995026767  4.604175E-17
6053.19995004161  4.048431E-17
6062.39994981555  6.623458E-17
6071.5999495895  4.059650E-17
6080.79994936344  4.809112E-17
6089.99994913738  5.132153E-17
6099.19994891133  6.285765E-17
6108.39994868527  4.673754E-17
6117.59994845922  7.103152E-17
6126.79994823316  7.159498E-17
6135.9999480071  2.494717E-17
6145.19994778105  4.686150E-17
6154.39994755499  6.143187E-17
6163.59994732893  5.575440E-17
6172.79994710288  5.846354E-17
6181.99994687682  4.688445E-17
6191.19994665077  6.202193E-17
6200.39994642471  5.807399E-17
6209.59994619865  5.588191E-17
6218.7999459726  6.356560E-17
6227.99994574654  3.253027E-17
6237.19994552049  5.993770E-17
6246.39994529443  4.253702E-17
6255.59994506837  5.735441E-17
6264.79994484232  4.622124E-17
6273.99994461626  4.549284E-17
6283.19994439021  4.036692E-17
6292.39994416415  4.581169E-17
6301.59994393809  6.665790E-17
6310.79994371204  6.202367E-17
6319.99994348598  5.353837E-17
6329.19994325993  4.910894E-17
6338.39994303387  4.144420E-17
6347.59994280781  5.602851E-17
6356.79994258176  4.980272E-17
6365.9999423557  5.478442E-17
6375.19994212965  6.049021E-17
6384.39994190359  4.223003E-17
6393.59994167753  4.330029E-17
6402.79994145148  7.564152E-17
6411.99994122542  6.055485E-17
6421.19994099936  6.998345E-17
6430.39994077331  4.572322E-17
6439.59994054725  4.495205E-17
6448.7999403212  3.897796E-17
6457.99994009514  2.569362E-17
6467.19993986909  5.593155E-17
6476.39993964303  2.402491E-17
6485.59993941697  1.698785E-17
6494.79993919092  5.929115E-17
6503.99993896486  3.769930E-17
6513.1999387388  4.503460E-17
6522.39993851275  3.298002E-17
6531.59993828669  3.933337E-17
6540.79993806064  2.968400E-17
6549.99993783458  2.962930E-17
6559.19993760852  3.632057E-17
6568.39993738247  3.047675E-17
6577.59993715641  4.146693E-17
6586.79993693035  2.800493E-17
6595.9999367043  3.718052E-17
6605.19993647824  5.376480E-17
6614.39993625219  3.232265E-17
6623.59993602613  4.256658E-17
6632.79993580007  2.891411E-17
6641.99993557402  4.315168E-17
6651.19993534796  3.563161E-17
6660.39993512191  4.101247E-17
6669.59993489585  4.398570E-17
6678.79993466979  1.924431E-17
6687.99993444374  -5.570759E-18
6697.19993421768  1.316968E-17
6706.39993399163  5.738682E-17
6715.59993376557  1.899710E-17
6724.79993353951  4.050257E-17
6733.99993331346  3.746864E-17
6743.1999330874  2.063903E-17
6752.39993286135  5.137698E-17
6761.59993263529  6.672122E-17
6770.79993240923  6.676197E-17
6779.99993218318  3.847896E-17
6789.19993195712  5.216119E-17
6798.39993173107  3.818305E-17
6807.59993150501  2.168574E-17
6816.79993127895  3.076338E-17
6825.9999310529  3.082134E-17
6835.19993082684  4.765498E-17
6844.39993060078  8.638123E-18
6853.59993037473  6.714400E-17
6862.79993014867  4.106224E-17
6871.99992992262  3.168114E-17
6881.19992969656  2.151751E-17
6890.3999294705  4.511235E-17
6899.59992924445  7.907490E-17
6908.79992901839  2.894798E-17
6917.99992879234  5.793656E-17
6927.19992856628  8.972471E-17
6936.39992834023  1.927779E-17
6945.59992811417  6.384118E-17
6954.79992788811  3.764753E-17
6963.99992766206  6.583297E-17
6973.199927436  5.338081E-17
6982.39992720994  4.164936E-17
6991.59992698389  4.866413E-17
7000.79992675783  7.235365E-17
7009.99992653177  5.661977E-17
7019.19992630572  3.410689E-17
7028.39992607966  5.207690E-17
7037.59992585361  5.873790E-17
7046.79992562755  3.056002E-18
7055.9999254015  -4.943386E-18
7065.19992517544  7.723575E-17
7074.39992494938  4.874412E-17
7083.59992472333  6.689297E-17
7092.79992449727  1.672426E-17
7101.99992427121  4.895373E-17
7111.19992404516  4.481968E-17
7120.3999238191  4.445785E-17
7129.59992359305  5.054422E-17
7138.79992336699  2.015965E-17
7147.99992314094  7.481086E-17
7157.19992291488  4.741161E-17
7166.39992268882  4.096827E-17
7175.59992246277  8.034850E-17
7184.79992223671  5.146856E-17
7193.99992201065  2.042160E-17
7203.1999217846  6.006508E-17
7212.39992155854  5.505394E-17
7221.59992133249  -9.128012E-18
7230.79992110643  6.912363E-17
7239.99992088037  4.648161E-17
7249.19992065432  1.198439E-17
7258.39992042826  -2.616673E-18
7267.5999202022  9.823598E-17
7276.79991997615  6.326997E-17
7285.99991975009  6.129432E-17
7295.19991952404  4.053422E-17
7304.39991929798  6.428138E-17
7313.59991907193  1.328596E-17
7322.79991884587  4.729685E-17
7331.99991861981  8.950961E-17
7341.19991839376  2.997627E-17
7350.3999181677  6.370781E-17
7359.59991794164  -4.053886E-18
7368.79991771559  2.211846E-17
7377.99991748953  2.605459E-17
7387.19991726348  4.247062E-17
7396.39991703742  6.093686E-17
7405.59991681136  4.258030E-17
7414.79991658531  7.071537E-17
7423.99991635925  6.054071E-18
7433.1999161332  2.429608E-17
7442.39991590714  1.056074E-16
7451.59991568108  5.904021E-17
7460.79991545503  8.991993E-17
7469.99991522897  7.509705E-17
7479.19991500292  6.483083E-17
7488.39991477686  -2.752572E-17
7497.5999145508  8.846767E-17
7506.79991432475  3.701233E-17
7515.99991409869  5.291799E-17
7525.19991387264  2.557071E-18
7534.39991364658  1.236078E-17
7543.59991342052  -1.817424E-17
7552.79991319447  9.526609E-17
7561.99991296841  4.271056E-17
7571.19991274235  6.834533E-17
7580.3999125163  3.107598E-17
7589.59991229024  4.141206E-17
7598.79991206419  4.914579E-17
7607.99991183813  3.018016E-17
7617.19991161207  1.738566E-17
7626.39991138602  6.398329E-17
7635.59991115996  9.024378E-17
7644.79991093391  3.597655E-17
7653.99991070785  2.537583E-17
7663.19991048179  3.201453E-17
7672.39991025574  8.843524E-18
7681.59991002968  -2.517600E-17
7690.79990980363  -2.041851E-17
7699.99990957757  -2.597954E-17
7709.19990935151  8.673101E-18
7718.39990912546  -3.438926E-17
7727.5999088994  7.827132E-17
7736.79990867335  7.480957E-17
7745.99990844729  5.656072E-17
7755.19990822123  1.083908E-16
7764.39990799518  -4.522594E-17
7773.59990776912  7.828135E-18
7782.79990754307  2.035957E-17
7791.99990731701  2.490485E-18
7801.19990709095  1.263685E-16
7810.3999068649  1.673312E-16
7819.59990663884  2.012328E-16
7828.79990641279  -1.070061E-16
7837.99990618673  -1.080026E-16
7847.19990596067  2.521052E-17
7856.39990573462  1.096273E-16
7865.59990550856  8.999098E-17
7874.7999052825  1.263621E-16
7883.99990505645  3.187006E-17
7893.19990483039  2.571710E-16
7902.39990460434  -5.717942E-17
7911.59990437828  -3.232862E-17
7920.79990415222  1.106923E-17
7929.99990392617  2.625486E-16
7939.19990370011  3.290299E-18
7948.39990347406  4.310915E-17
7957.599903248  7.635101E-17
7966.79990302194  -1.187930E-16
7975.99990279589  -2.784526E-17
7985.19990256983  6.621548E-17
7994.39990234378  -1.586968E-17
