3.778000000000010004e+03 1.181216294054460984e-16
3.781383213996889936e+03 1.668168591468233296e-16
3.784766427993779871e+03 1.526623141869447328e-16
3.788149641990669807e+03 3.271325053213079478e-17
3.791532855987560197e+03 -1.900290568247399098e-17
3.794916069984440128e+03 3.139583057370857327e-17
3.798299283981330063e+03 6.906516713441427051e-18
3.801682497978219999e+03 1.850835332586589680e-16
3.805065711975099930e+03 2.464729918540158988e-16
3.808448925971989866e+03 2.498674996122441607e-16
3.811832139968879801e+03 2.445386035839092616e-16
3.815215353965770191e+03 1.736801631243941196e-16
3.818598567962650122e+03 1.318967659560304896e-16
3.821981781959540058e+03 1.308908973163402430e-16
3.825364995956429993e+03 1.595667679926896237e-16
3.828748209953309924e+03 1.117721849649449352e-16
3.832131423950199860e+03 6.617756631621327864e-17
3.835514637947089795e+03 1.492900530319628999e-16
3.838897851943980186e+03 1.153508977802904413e-16
3.842281065940860117e+03 2.016231405142159362e-16
3.845664279937750052e+03 3.078970011451911329e-16
3.849047493934639988e+03 9.381329077252887303e-17
3.852430707931519919e+03 5.529062305501500261e-17
3.855813921928409854e+03 2.892273759155002444e-16
3.859197135925299790e+03 3.118481402667458885e-16
3.862580349922190180e+03 2.715388937338682605e-16
3.865963563919070111e+03 2.966810425747399664e-16
3.869346777915960047e+03 2.010681074031436353e-16
3.872729991912849982e+03 2.525836003255588989e-16
3.876113205909739918e+03 2.121925874628155179e-16
3.879496419906619849e+03 2.362202539727917971e-16
3.882879633903509784e+03 3.908747479791021597e-16
3.886262847900400175e+03 2.941838811810203469e-16
3.889646061897290110e+03 2.616168786257621176e-16
3.893029275894170041e+03 2.142262999136867425e-16
3.896412489891059977e+03 2.601719813811897217e-16
3.899795703887949912e+03 3.110292251456511251e-16
3.903178917884829843e+03 2.382612293442146793e-16
3.906562131881719779e+03 1.698094141617234909e-16
3.909945345878610169e+03 1.567713496171159910e-16
3.913328559875490100e+03 2.749616947508078385e-16
3.916711773872380036e+03 2.934388511580764559e-16
3.920094987869269971e+03 1.758543182165265012e-16
3.923478201866159907e+03 1.988685382377878633e-16
3.926861415863039838e+03 2.618916358489173820e-16
3.930244629859929773e+03 1.377736223145022985e-16
3.933627843856820164e+03 1.652690163881642061e-16
3.937011057853710099e+03 2.378621030368596832e-16
3.940394271850590030e+03 2.429426932926144215e-16
3.943777485847479966e+03 1.686669835058039290e-16
3.947160699844369901e+03 1.568789936781872859e-16
3.950543913841249832e+03 1.420806561896753268e-16
3.953927127838140223e+03 1.270541031802745365e-16
3.957310341835030158e+03 1.482191875751661369e-16
3.960693555831920094e+03 1.662963350732549594e-16
3.964076769828800025e+03 1.695252047771863272e-16
3.967459983825689960e+03 1.502162161600911997e-16
3.970843197822579896e+03 1.410945387223464931e-16
3.974226411819469831e+03 1.669970336712526194e-16
3.977609625816350217e+03 1.926850605470127259e-16
3.980992839813240153e+03 1.613557350197807629e-16
3.984376053810130088e+03 8.314680821480208937e-17
3.987759267807010019e+03 1.062288664952918212e-16
3.991142481803899955e+03 8.615410928178589477e-17
3.994525695800789890e+03 1.584745001969212945e-16
3.997908909797669821e+03 2.171706197768931740e-16
4.001292123794560212e+03 1.184073144559824890e-16
4.004675337791450147e+03 1.388597243093515650e-16
4.008058551788340083e+03 1.813880432198476628e-16
4.011441765785220014e+03 1.729742836080019025e-16
4.014824979782109949e+03 1.495137064661968823e-16
4.018208193778999885e+03 1.143960057086054257e-16
4.021591407775879816e+03 1.648470587080898845e-16
4.024974621772770206e+03 1.627464810214909322e-16
4.028357835769660142e+03 7.070178047993705340e-17
4.031741049766550077e+03 1.016449520182250996e-16
4.035124263763430008e+03 2.441301197391585200e-16
4.038507477760319944e+03 2.642060392178500143e-16
4.041890691757209879e+03 2.310044787231050583e-16
4.045273905754099815e+03 2.336795857025799424e-16
4.048657119750980200e+03 2.667891833317812904e-16
4.052040333747870136e+03 1.718056055684375663e-16
4.055423547744760072e+03 1.824468254940742999e-16
4.058806761741650007e+03 2.330971969598065340e-16
4.062189975738529938e+03 1.587852862570682414e-16
4.065573189735419874e+03 2.344154668805732023e-16
4.068956403732309809e+03 1.908685338614188632e-16
4.072339617729190195e+03 2.301206039078253501e-16
4.075722831726079676e+03 2.439987188564677293e-16
4.079106045722969611e+03 1.710274170802879969e-16
4.082489259719859547e+03 2.022943952870500919e-16
4.085872473716740387e+03 2.409341774977235343e-16
4.089255687713630323e+03 2.649586840675461563e-16
4.092638901710520258e+03 1.993071308643713390e-16
4.096022115707410194e+03 2.137037712180836373e-16
4.099405329704290125e+03 2.393207255658304319e-16
4.102788543701180060e+03 2.997465854270009545e-16
4.106171757698069996e+03 3.205081630952283313e-16
4.109554971694949927e+03 2.405919221160791760e-16
4.112938185691839863e+03 2.277127329929100805e-16
4.116321399688729798e+03 2.990369304837359505e-16
4.119704613685619734e+03 2.609549973467312954e-16
4.123087827682499665e+03 3.260003111158681218e-16
4.126471041679389600e+03 3.171223438942423644e-16
4.129854255676280445e+03 3.241854585267799024e-16
4.133237469673160376e+03 3.477306545712802414e-16
4.136620683670050312e+03 2.868869449246225374e-16
4.140003897666940247e+03 3.387187714483358861e-16
4.143387111663830183e+03 3.390655780533868745e-16
4.146770325660710114e+03 3.352597672672967231e-16
4.150153539657600049e+03 3.974163089336897436e-16
4.153536753654489985e+03 3.796003907484835273e-16
4.156919967651369916e+03 3.251688094101767216e-16
4.160303181648259851e+03 2.274345541389135522e-16
4.163686395645149787e+03 2.527231701563349393e-16
4.167069609642039723e+03 3.652097609869668206e-16
4.170452823638919654e+03 3.214021182533320593e-16
4.173836037635809589e+03 2.763985159403805608e-16
4.177219251632700434e+03 3.185462336900663982e-16
4.180602465629590370e+03 3.490090410146964494e-16
4.183985679626470301e+03 2.702729879639255547e-16
4.187368893623360236e+03 2.482463787672187155e-16
4.190752107620250172e+03 2.854293464427733033e-16
4.194135321617130103e+03 2.685032045965037009e-16
4.197518535614020038e+03 2.204236885689649930e-16
4.200901749610909974e+03 2.733624701556251656e-16
4.204284963607789905e+03 3.433241166941502097e-16
4.207668177604679840e+03 3.214321539311055384e-16
4.211051391601569776e+03 2.591067471702124857e-16
4.214434605598459711e+03 2.688892902436475759e-16
4.217817819595339643e+03 2.886628556523042207e-16
4.221201033592229578e+03 2.446279894672307676e-16
4.224584247589120423e+03 2.437745140215853257e-16
4.227967461586010359e+03 3.194755574545477356e-16
4.231350675582890290e+03 3.277949453285445381e-16
4.234733889579780225e+03 2.885883028726936187e-16
4.238117103576670161e+03 2.927613229804204396e-16
4.241500317573550092e+03 3.413457414583643874e-16
4.244883531570440027e+03 2.837603823000691005e-16
4.248266745567329963e+03 2.480014002773223070e-16
4.251649959564219898e+03 2.436196913448383953e-16
4.255033173561099829e+03 2.399461862627592142e-16
4.258416387557989765e+03 2.337258435125890688e-16
4.261799601554879700e+03 2.154112009539782339e-16
4.265182815551769636e+03 1.870403459502192876e-16
4.268566029548649567e+03 1.529246798162601435e-16
4.271949243545540412e+03 1.756125741054257802e-16
4.275332457542430348e+03 2.408766608122462837e-16
4.278715671539310279e+03 2.150321431289586511e-16
4.282098885536200214e+03 1.713559811852313855e-16
4.285482099533090150e+03 1.921518266569842055e-16
4.288865313529980085e+03 2.521370973475043823e-16
4.292248527526860016e+03 2.425344366825978690e-16
4.295631741523749952e+03 2.025177408237003288e-16
4.299014955520639887e+03 2.345568792265920703e-16
4.302398169517519818e+03 2.389334713965501766e-16
4.305781383514409754e+03 2.430516865074006959e-16
4.309164597511299689e+03 1.994578040332905680e-16
4.312547811508189625e+03 1.828471017625310233e-16
4.315931025505069556e+03 3.141381839002695165e-16
4.319314239501960401e+03 2.694982445083932351e-16
4.322697453498850336e+03 2.629852418149226496e-16
4.326080667495730268e+03 2.832616396737008924e-16
4.329463881492620203e+03 2.301835174273700033e-16
4.332847095489510139e+03 1.846850680044209836e-16
4.336230309486400074e+03 2.097190764645043235e-16
4.339613523483280005e+03 2.316170503691323179e-16
4.342996737480169941e+03 2.052107346761622953e-16
4.346379951477059876e+03 2.529568388075285194e-16
4.349763165473949812e+03 3.107812289311997416e-16
4.353146379470829743e+03 2.375453343592845462e-16
4.356529593467719678e+03 1.941647296650231785e-16
4.359912807464609614e+03 2.302015796123865727e-16
4.363296021461490454e+03 1.982208760632937908e-16
4.366679235458380390e+03 2.546899205061972198e-16
4.370062449455270325e+03 2.780859101529767896e-16
4.373445663452160261e+03 2.637796327763560064e-16
4.376828877449040192e+03 2.363697177069361469e-16
4.380212091445930128e+03 2.416271009999257416e-16
4.383595305442820063e+03 2.377544451505270421e-16
4.386978519439699994e+03 2.661620513500542810e-16
4.390361733436589930e+03 2.695470999941001008e-16
4.393744947433479865e+03 2.446846626248686080e-16
4.397128161430369801e+03 2.366060257872981114e-16
4.400511375427249732e+03 2.185956489757899492e-16
4.403894589424139667e+03 2.521559057402598623e-16
4.407277803421029603e+03 3.070160160648662620e-16
4.410661017417920448e+03 2.709722702387164381e-16
4.414044231414800379e+03 2.314751160883508715e-16
4.417427445411690314e+03 2.380927924441605593e-16
4.420810659408580250e+03 2.649336672618231989e-16
4.424193873405460181e+03 2.484359940206619547e-16
4.427577087402350116e+03 2.424282149676036055e-16
4.430960301399240052e+03 2.024715789966269601e-16
4.434343515396129987e+03 2.132477840736359241e-16
4.437726729393009919e+03 2.554474775035823654e-16
4.441109943389899854e+03 2.019233299683164148e-16
4.444493157386789790e+03 1.907618372187836420e-16
4.447876371383679725e+03 2.099125682326413762e-16
4.451259585380559656e+03 2.168207626278047128e-16
4.454642799377449592e+03 2.412773183609553350e-16
4.458026013374340437e+03 2.155318165904187410e-16
4.461409227371220368e+03 2.161085419941502823e-16
4.464792441368110303e+03 2.568387772119989350e-16
4.468175655365000239e+03 2.515084743445989249e-16
4.471558869361890174e+03 2.543339720924441915e-16
4.474942083358770105e+03 2.614206691155187436e-16
4.478325297355660041e+03 3.073830499643233419e-16
4.481708511352549976e+03 3.140121740215893792e-16
4.485091725349439912e+03 2.669396456754164649e-16
4.488474939346319843e+03 2.909620924203926605e-16
4.491858153343209779e+03 2.714833709049753242e-16
4.495241367340099714e+03 2.413300688843421802e-16
4.498624581336979645e+03 2.906382930229388396e-16
4.502007795333869581e+03 2.903596176462667124e-16
4.505391009330760426e+03 1.999962900468771207e-16
4.508774223327650361e+03 2.195638722270082792e-16
4.512157437324530292e+03 2.355220906323995620e-16
4.515540651321420228e+03 2.331149991855319228e-16
4.518923865318310163e+03 2.157750779218480791e-16
4.522307079315190094e+03 2.211265304173539267e-16
4.525690293312080030e+03 2.308571838446864642e-16
4.529073507308969965e+03 2.332171485978718641e-16
4.532456721305859901e+03 3.018623874425550033e-16
4.535839935302739832e+03 2.714979377306882714e-16
4.539223149299629767e+03 1.929069761483355163e-16
4.542606363296519703e+03 2.547121840707900925e-16
4.545989577293409639e+03 2.368245984361401822e-16
4.549372791290289570e+03 2.126521620471199285e-16
4.552756005287180415e+03 2.452814322110824075e-16
4.556139219284070350e+03 2.064197202936869351e-16
4.559522433280950281e+03 1.863274274631052784e-16
4.562905647277840217e+03 1.966267840152891049e-16
4.566288861274730152e+03 2.453055286239824807e-16
4.569672075271610083e+03 2.354491283395046603e-16
4.573055289268500019e+03 1.478163150563710652e-16
4.576438503265389954e+03 1.513406613177325974e-16
4.579821717262279890e+03 1.766279702022244618e-16
4.583204931259159821e+03 1.852228992202395674e-16
4.586588145256049756e+03 1.866422502028440701e-16
4.589971359252939692e+03 1.616205007780593139e-16
4.593354573249819623e+03 2.086544082785259089e-16
4.596737787246709559e+03 1.991940492739100872e-16
4.600121001243600404e+03 1.482469776257323191e-16
4.603504215240490339e+03 1.596196615095540770e-16
4.606887429237370270e+03 1.674919911249816171e-16
4.610270643234260206e+03 1.728874535879567287e-16
4.613653857231150141e+03 2.122660840758089817e-16
4.617037071228040077e+03 1.956652918854203024e-16
4.620420285224920008e+03 1.784751413167793734e-16
4.623803499221809943e+03 1.550773461300952694e-16
4.627186713218699879e+03 1.632517942864442374e-16
4.630569927215589814e+03 1.856783650108002358e-16
4.633953141212469745e+03 1.667800670397984745e-16
4.637336355209359681e+03 1.868467912900081704e-16
4.640719569206249616e+03 2.126197231308269628e-16
4.644102783203129547e+03 1.856890269460873807e-16
4.647485997200020392e+03 2.188219727793929018e-16
4.650869211196910328e+03 2.201107826329799821e-16
4.654252425193800264e+03 1.633894019340960728e-16
4.657635639190680195e+03 1.822063173681087221e-16
4.661018853187570130e+03 1.849561061562847176e-16
4.664402067184460066e+03 1.670798317345575902e-16
4.667785281181339997e+03 1.666184577156308541e-16
4.671168495178229932e+03 1.872035220578784897e-16
4.674551709175119868e+03 2.179780764518852289e-16
4.677934923172009803e+03 1.777759971348357766e-16
4.681318137168889734e+03 1.507912946885174525e-16
4.684701351165779670e+03 2.049891757163927451e-16
4.688084565162669605e+03 1.817838015625727216e-16
4.691467779159550446e+03 1.743410971078550880e-16
4.694850993156440381e+03 2.126046767280138791e-16
4.698234207153330317e+03 2.130422300236811601e-16
4.701617421150220252e+03 2.096155977011079059e-16
4.705000635147100184e+03 1.995445868427543951e-16
4.708383849143990119e+03 1.916511048845748253e-16
4.711767063140880055e+03 1.761433043866629242e-16
4.715150277137769990e+03 1.715629118145940998e-16
4.718533491134649921e+03 1.838221603167832709e-16
4.721916705131539857e+03 2.036554862858698645e-16
4.725299919128429792e+03 2.238251414541379418e-16
4.728683133125309723e+03 1.768919377130382202e-16
4.732066347122199659e+03 2.048997295052531489e-16
4.735449561119089594e+03 2.332251968625770898e-16
4.738832775115970435e+03 2.088181911541139218e-16
4.742215989112860370e+03 2.289119880310018423e-16
4.745599203109750306e+03 2.561052040824618393e-16
4.748982417106640241e+03 2.355180848803236660e-16
4.752365631103520172e+03 2.228577696937681346e-16
4.755748845100410108e+03 2.417755551982662531e-16
4.759132059097300044e+03 2.593973854132751682e-16
4.762515273094189979e+03 2.764036441504166244e-16
4.765898487091069910e+03 2.722296107758227692e-16
4.769281701087959846e+03 2.468370716719675835e-16
4.772664915084849781e+03 2.375679522697522653e-16
4.776048129081729712e+03 2.661329666727055506e-16
4.779431343078619648e+03 2.894904854256987373e-16
4.782814557075509583e+03 2.843659921684536988e-16
4.786197771072400428e+03 2.634333224950864481e-16
4.789580985069280359e+03 2.892226299348094359e-16
4.792964199066170295e+03 3.112231263591262704e-16
4.796347413063060230e+03 3.134272387067919693e-16
4.799730627059940161e+03 3.374930881497585214e-16
4.803113841056830097e+03 2.907339457186997865e-16
4.806497055053720032e+03 2.695431969518249981e-16
4.809880269050609968e+03 3.160438496074663151e-16
4.813263483047489899e+03 3.199332041296317860e-16
4.816646697044379835e+03 3.179716818700801316e-16
4.820029911041269770e+03 3.168173832662499495e-16
4.823413125038159706e+03 3.404823008037672631e-16
4.826796339035039637e+03 3.504661708693837861e-16
4.830179553031929572e+03 3.266076774911289339e-16
4.833562767028820417e+03 3.077103598195701649e-16
4.836945981025700348e+03 3.462176971491378951e-16
4.840329195022590284e+03 3.623225348801290610e-16
4.843712409019480219e+03 3.437901978693525893e-16
4.847095623016370155e+03 3.370866591597540076e-16
4.850478837013250086e+03 3.375720014840699848e-16
4.853862051010140021e+03 3.327024336543961405e-16
4.857245265007029957e+03 3.268611260312802229e-16
4.860628479003919892e+03 3.071102621757859845e-16
4.864011693000799823e+03 2.774075454761248422e-16
4.867394906997689759e+03 2.777648401349389645e-16
4.870778120994579695e+03 2.608896140096624472e-16
4.874161334991459626e+03 2.768500373519721694e-16
4.877544548988349561e+03 2.567136759072402947e-16
4.880927762985240406e+03 2.333075704301718493e-16
4.884310976982130342e+03 2.616548416287213110e-16
4.887694190979010273e+03 2.448552695021969803e-16
4.891077404975900208e+03 2.450419495248927208e-16
4.894460618972790144e+03 2.717302939507102017e-16
4.897843832969670075e+03 2.374226832164855112e-16
4.901227046966560010e+03 2.212591182489944204e-16
4.904610260963449946e+03 2.334907535953873903e-16
4.907993474960339881e+03 2.174346939135841709e-16
4.911376688957219812e+03 2.053650317862090502e-16
4.914759902954109748e+03 1.672250254606208042e-16
4.918143116950999683e+03 1.768965939913973012e-16
4.921526330947889619e+03 2.022732241154822822e-16
4.924909544944769550e+03 2.060116297351120167e-16
4.928292758941660395e+03 1.873003500199368004e-16
4.931675972938550331e+03 2.049694781590138343e-16
4.935059186935430262e+03 1.946381652900965509e-16
4.938442400932320197e+03 1.621025124758467578e-16
4.941825614929210133e+03 1.949783973224747001e-16
4.945208828926100068e+03 1.894070421054647475e-16
4.948592042922979999e+03 1.936294540617348074e-16
4.951975256919869935e+03 2.055811266604200953e-16
4.955358470916759870e+03 1.913742898616314141e-16
4.958741684913639801e+03 2.024677914927017525e-16
4.962124898910529737e+03 1.774054377579984781e-16
4.965508112907419672e+03 1.381668166484575295e-16
4.968891326904309608e+03 1.907394317609308096e-16
4.972274540901190448e+03 2.004358913846116777e-16
4.975657754898080384e+03 1.764456704685238959e-16
4.979040968894970320e+03 1.488066192300352848e-16
4.982424182891860255e+03 1.572328084955087192e-16
4.985807396888740186e+03 1.746150127525578875e-16
4.989190610885630122e+03 1.563716585889279023e-16
4.992573824882520057e+03 1.725807206685123885e-16
4.995957038879399988e+03 1.793560600004428113e-16
4.999340252876289924e+03 1.458001736654973341e-16
5.002723466873179859e+03 1.437181161329829275e-16
5.006106680870069795e+03 1.764947599517590999e-16
5.009489894866949726e+03 1.828460855554992518e-16
5.012873108863839661e+03 1.748555055543667909e-16
5.016256322860729597e+03 1.655833215139924391e-16
5.019639536857610437e+03 2.016113080692795963e-16
5.023022750854500373e+03 2.035829170583077951e-16
5.026405964851390308e+03 1.692762092143037124e-16
5.029789178848280244e+03 1.659937144874855827e-16
5.033172392845160175e+03 1.992121171083126880e-16
5.036555606842050111e+03 1.899119657608319423e-16
5.039938820838940046e+03 1.901734146087532108e-16
5.043322034835829982e+03 1.705081515538531687e-16
5.046705248832709913e+03 1.445911727588133163e-16
5.050088462829599848e+03 1.610668252235630345e-16
5.053471676826489784e+03 1.972485395107682295e-16
5.056854890823379719e+03 2.182539488041683179e-16
5.060238104820259650e+03 1.812678338674577212e-16
5.063621318817149586e+03 1.410271055297184704e-16
5.067004532814040431e+03 1.637902789559405152e-16
5.070387746810920362e+03 1.862090193023868590e-16
5.073770960807810297e+03 1.711993483417996057e-16
5.077154174804700233e+03 1.817443376044410462e-16
5.080537388801580164e+03 1.486216324034692496e-16
5.083920602798470100e+03 1.511070979885614370e-16
5.087303816795360035e+03 1.578612080216027880e-16
5.090687030792249971e+03 1.748587472483260068e-16
5.094070244789129902e+03 1.600790870120197125e-16
5.097453458786019837e+03 1.503698661477488753e-16
5.100836672782909773e+03 1.528917990691919583e-16
5.104219886779799708e+03 1.715528670887738343e-16
5.107603100776679639e+03 1.714543704315456259e-16
5.110986314773569575e+03 1.845054613857759466e-16
5.114369528770460420e+03 1.775139233551952652e-16
5.117752742767340351e+03 1.777189219560346059e-16
5.121135956764230286e+03 1.896954227041314576e-16
5.124519170761120222e+03 1.796728412955750090e-16
5.127902384758000153e+03 1.699382306983567223e-16
5.131285598754890088e+03 1.952505202737098579e-16
5.134668812751780024e+03 2.056995071332939255e-16
5.138052026748669959e+03 1.916862421457366446e-16
5.141435240745559895e+03 1.893410346829008888e-16
5.144818454742439826e+03 2.077795846828716760e-16
5.148201668739329762e+03 2.243125352459283018e-16
5.151584882736219697e+03 2.071465816652326879e-16
5.154968096733099628e+03 1.970320394749023523e-16
5.158351310729989564e+03 2.253121643434861523e-16
5.161734524726880409e+03 2.291191851306781739e-16
5.165117738723760340e+03 2.092893028946738874e-16
5.168500952720650275e+03 2.164161524591793589e-16
5.171884166717540211e+03 2.250419139237254186e-16
5.175267380714430146e+03 2.056372897694709257e-16
5.178650594711310077e+03 2.263646976897011649e-16
5.182033808708200013e+03 2.284151421725053408e-16
5.185417022705089948e+03 1.929576089194650426e-16
5.188800236701969880e+03 2.003498522638838913e-16
5.192183450698859815e+03 1.986274649120565271e-16
5.195566664695749751e+03 2.107659163306191853e-16
5.198949878692639686e+03 2.314514176988491892e-16
5.202333092689519617e+03 2.170371428993900401e-16
5.205716306686409553e+03 2.045109347694905771e-16
5.209099520683300398e+03 1.890266359364817050e-16
5.212482734680190333e+03 1.789417875487689622e-16
5.215865948677070264e+03 1.848955231490427048e-16
5.219249162673960200e+03 1.876444193383536847e-16
5.222632376670850135e+03 1.746483981413962575e-16
5.226015590667740071e+03 1.683180982496114406e-16
5.229398804664620002e+03 1.852413023865330239e-16
5.232782018661509937e+03 1.705385519483753505e-16
5.236165232658399873e+03 1.576008876093319553e-16
5.239548446655279804e+03 1.832374447192384746e-16
5.242931660652169739e+03 1.861116360099123106e-16
5.246314874649059675e+03 1.798628714563722533e-16
5.249698088645949611e+03 1.868610204188761496e-16
5.253081302642830451e+03 1.821188812578338260e-16
5.256464516639720387e+03 1.464987062329444825e-16
5.259847730636610322e+03 1.294958437937640238e-16
5.263230944633490253e+03 1.595246271761439842e-16
5.266614158630380189e+03 1.379825290261637000e-16
5.269997372627270124e+03 9.865846437120638287e-17
5.273380586624160060e+03 1.040090124154428681e-16
5.276763800621039991e+03 1.097209850198258310e-16
5.280147014617929926e+03 1.370295057553016239e-16
5.283530228614819862e+03 1.603557113482165498e-16
5.286913442611709797e+03 1.350137933024023499e-16
5.290296656608589728e+03 1.529263621534376924e-16
5.293679870605479664e+03 1.701539722548586028e-16
5.297063084602369599e+03 1.505740311664784032e-16
5.300446298599250440e+03 1.565827561832979096e-16
5.303829512596140376e+03 1.722329053188062129e-16
5.307212726593030311e+03 1.625991869101769525e-16
5.310595940589920247e+03 1.522030457393568336e-16
5.313979154586800178e+03 1.668308381163966959e-16
5.317362368583690113e+03 1.745840289870624723e-16
5.320745582580580049e+03 1.527177492386254546e-16
5.324128796577459980e+03 1.397147358311456165e-16
5.327512010574349915e+03 1.721023482675041946e-16
5.330895224571239851e+03 1.573175477463712282e-16
5.334278438568129786e+03 1.446154620357774204e-16
5.337661652565009717e+03 1.740471119093404617e-16
5.341044866561899653e+03 1.696519818320207317e-16
5.344428080558789588e+03 1.425486782294831087e-16
5.347811294555670429e+03 1.214525449575643287e-16
5.351194508552560364e+03 1.288496030088429540e-16
5.354577722549450300e+03 1.314451025167181471e-16
5.357960936546340236e+03 1.480769539017027970e-16
5.361344150543220167e+03 1.601998364748811944e-16
5.364727364540110102e+03 1.598607382868395119e-16
5.368110578537000038e+03 1.567548066672041575e-16
5.371493792533889973e+03 1.356972769655466512e-16
5.374877006530769904e+03 1.334980632704062722e-16
5.378260220527659840e+03 1.470862344740250709e-16
5.381643434524549775e+03 1.470854661133668188e-16
5.385026648521429706e+03 1.434620968758892289e-16
5.388409862518319642e+03 1.574900976020478883e-16
5.391793076515209577e+03 1.645965391010943880e-16
5.395176290512100422e+03 1.571293672465176099e-16
5.398559504508980353e+03 1.526645843507159156e-16
5.401942718505870289e+03 1.541755344069630790e-16
5.405325932502760224e+03 1.668013192414058168e-16
5.408709146499640156e+03 1.659661521874511059e-16
5.412092360496530091e+03 1.683063720840374705e-16
5.415475574493420027e+03 1.640088816082042647e-16
5.418858788490309962e+03 1.483980381975088538e-16
5.422242002487189893e+03 1.391248381713820109e-16
5.425625216484079829e+03 1.451134312203612176e-16
5.429008430480969764e+03 1.564826789522302532e-16
5.432391644477849695e+03 1.654346057534111156e-16
5.435774858474739631e+03 1.606159216218575967e-16
5.439158072471629566e+03 1.502581134580500924e-16
5.442541286468520411e+03 1.650787676102444823e-16
5.445924500465400342e+03 1.765338959829563048e-16
5.449307714462290278e+03 1.815471460415810090e-16
5.452690928459180213e+03 1.854865907275028408e-16
5.456074142456060144e+03 1.873761969746411878e-16
5.459457356452950080e+03 2.031247102559191736e-16
5.462840570449840015e+03 2.276612198976003451e-16
5.466223784446729951e+03 1.877765826769703343e-16
5.469606998443609882e+03 1.582663007534238008e-16
5.472990212440499818e+03 1.676277026162610076e-16
5.476373426437389753e+03 2.122435823829922500e-16
5.479756640434279689e+03 2.321065708821437222e-16
5.483139854431159620e+03 2.321674648550125886e-16
5.486523068428049555e+03 2.181050759265973578e-16
5.489906282424940400e+03 2.019409636259995536e-16
5.493289496421820331e+03 2.131448598567610142e-16
5.496672710418710267e+03 1.978459791488231354e-16
5.500055924415600202e+03 1.894483845107551441e-16
5.503439138412490138e+03 2.133907388776634237e-16
5.506822352409370069e+03 2.349674812207639865e-16
5.510205566406260004e+03 2.548579148987101064e-16
5.513588780403149940e+03 2.351589426251123064e-16
5.516971994400039875e+03 2.233422516135496892e-16
5.520355208396919807e+03 2.450621184692449417e-16
5.523738422393809742e+03 2.407345041781250158e-16
5.527121636390699678e+03 2.401387643966644070e-16
5.530504850387579609e+03 2.549056998364190611e-16
5.533888064384470454e+03 2.420862199057553256e-16
5.537271278381360389e+03 2.364676757543551424e-16
5.540654492378250325e+03 2.302371551536505697e-16
5.544037706375130256e+03 2.061486421158112841e-16
5.547420920372020191e+03 2.100207150093433458e-16
5.550804134368910127e+03 2.198315642687506212e-16
5.554187348365790058e+03 2.122154136955882574e-16
5.557570562362679993e+03 2.298260601287753785e-16
5.560953776359569929e+03 2.700091755128904644e-16
5.564336990356459864e+03 2.604745583816300978e-16
5.567720204353339795e+03 2.340471180021777127e-16
5.571103418350229731e+03 2.451876978148293256e-16
5.574486632347119667e+03 2.097653085359540430e-16
5.577869846343999598e+03 1.926649209596277804e-16
5.581253060340890443e+03 2.312560572567779666e-16
5.584636274337780378e+03 2.267977497067500976e-16
5.588019488334670314e+03 2.210436264064171659e-16
5.591402702331550245e+03 2.156820221931850661e-16
5.594785916328440180e+03 2.065349736839862136e-16
5.598169130325330116e+03 1.887890782632048811e-16
5.601552344322220051e+03 2.049189259454390281e-16
5.604935558319099982e+03 2.155591372698744618e-16
5.608318772315989918e+03 1.807582794206856141e-16
5.611701986312879853e+03 2.009640085537599869e-16
5.615085200309759784e+03 2.010245011665495738e-16
5.618468414306649720e+03 1.991598007978167962e-16
5.621851628303539655e+03 1.991078138035178712e-16
5.625234842300429591e+03 2.043415829942149913e-16
5.628618056297310432e+03 2.029476238477207198e-16
5.632001270294200367e+03 2.067988591883012126e-16
5.635384484291090303e+03 2.168413188879480310e-16
5.638767698287980238e+03 2.153362533838693639e-16
5.642150912284860169e+03 2.126757224845008482e-16
5.645534126281750105e+03 2.251606814706176429e-16
5.648917340278640040e+03 2.244083099879945138e-16
5.652300554275529976e+03 2.096250682926599036e-16
5.655683768272409907e+03 1.943848536881072099e-16
5.659066982269299842e+03 1.893659743157042530e-16
5.662450196266189778e+03 2.010715459899068640e-16
5.665833410263069709e+03 2.097085904397274051e-16
5.669216624259959644e+03 2.118374128236835620e-16
5.672599838256849580e+03 2.051368986969442306e-16
5.675983052253730420e+03 1.951813441080931803e-16
5.679366266250620356e+03 2.029215062780982412e-16
5.682749480247510292e+03 1.951763003490740063e-16
5.686132694244400227e+03 1.999950527460121149e-16
5.689515908241280158e+03 2.181904399798808877e-16
5.692899122238170094e+03 2.341091384815048101e-16
5.696282336235060029e+03 2.354118024541432534e-16
5.699665550231949965e+03 1.801124577013157088e-16
5.703048764228829896e+03 2.075642614673140082e-16
5.706431978225719831e+03 2.292589767558111919e-16
5.709815192222609767e+03 2.253995554508929309e-16
5.713198406219489698e+03 1.937938844082423818e-16
5.716581620216379633e+03 1.822775858672457897e-16
5.719964834213269569e+03 1.924359296565370077e-16
5.723348048210160414e+03 1.845006134494344334e-16
5.726731262207040345e+03 1.977402905850039696e-16
5.730114476203930280e+03 2.020711384722420654e-16
5.733497690200820216e+03 1.727330743998827802e-16
5.736880904197710151e+03 1.852676806747330450e-16
5.740264118194590083e+03 2.002510473290813372e-16
5.743647332191480018e+03 1.878261042210414669e-16
5.747030546188369954e+03 1.643061957440303555e-16
5.750413760185249885e+03 1.648961914887639363e-16
5.753796974182139820e+03 1.844577240325337471e-16
5.757180188179029756e+03 1.810812122563910549e-16
5.760563402175909687e+03 1.632168641916527169e-16
5.763946616172799622e+03 1.505992844460285945e-16
5.767329830169689558e+03 1.685633979697353378e-16
5.770713044166580403e+03 1.720251757680011675e-16
5.774096258163460334e+03 1.556975992857561994e-16
5.777479472160350269e+03 1.668570626446743043e-16
5.780862686157240205e+03 1.808352744975468633e-16
5.784245900154120136e+03 1.795086079895993583e-16
5.787629114151010072e+03 1.685279779296320082e-16
5.791012328147900007e+03 1.574392673241589443e-16
5.794395542144789943e+03 1.629844916233959871e-16
5.797778756141669874e+03 1.545276396198853507e-16
5.801161970138559809e+03 1.207374010484239655e-16
5.804545184135449745e+03 1.255643775440238509e-16
5.807928398132339680e+03 1.490849037981361724e-16
5.811311612129219611e+03 1.744886632371890818e-16
5.814694826126109547e+03 1.889169153938250112e-16
5.818078040123000392e+03 1.644746114808674619e-16
5.821461254119880323e+03 1.569283887595164602e-16
5.824844468116770258e+03 1.479751831182117977e-16
5.828227682113660194e+03 1.361110574070984533e-16
5.831610896110550129e+03 1.393236409247062036e-16
5.834994110107430060e+03 1.483399107310886787e-16
5.838377324104319996e+03 1.532801581456923333e-16
5.841760538101209931e+03 1.380529032983136676e-16
5.845143752098089863e+03 1.436226364500009144e-16
5.848526966094979798e+03 1.367477580030402678e-16
5.851910180091869734e+03 1.239203785462103634e-16
5.855293394088759669e+03 1.482830850649171410e-16
5.858676608085639600e+03 1.458713458361018368e-16
5.862059822082530445e+03 1.188525309735414636e-16
5.865443036079420381e+03 1.287292487031665463e-16
5.868826250076300312e+03 1.552381224467443227e-16
5.872209464073190247e+03 1.237413268622958860e-16
5.875592678070080183e+03 1.393195639383057509e-16
5.878975892066970118e+03 1.387871345890864528e-16
5.882359106063860054e+03 1.469013296143764526e-16
5.885742320060739985e+03 1.455644269688605040e-16
5.889125534057629920e+03 1.134918026502008342e-16
5.892508748054519856e+03 1.269855043913427470e-16
5.895891962051399787e+03 1.348873268144814726e-16
5.899275176048289723e+03 1.093390220967370749e-16
5.902658390045179658e+03 1.131978792428455666e-16
5.906041604042059589e+03 1.379466670947002390e-16
5.909424818038950434e+03 1.324512760418369419e-16
5.912808032035840370e+03 1.035531005753512125e-16
5.916191246032730305e+03 1.018989097569878983e-16
5.919574460029610236e+03 1.139828277161584035e-16
5.922957674026500172e+03 1.079464113607116870e-16
5.926340888023390107e+03 1.158705850800764477e-16
5.929724102020280043e+03 1.213063671056105497e-16
5.933107316017159974e+03 1.040267009795105421e-16
5.936490530014049909e+03 1.027376603104081467e-16
5.939873744010939845e+03 9.841430590495559955e-17
5.943256958007819776e+03 8.493950265784263278e-17
5.946640172004709711e+03 1.033737616853504596e-16
5.950023386001599647e+03 1.246000891152731695e-16
5.953406599998479578e+03 1.183340604995364560e-16
5.956789813995370423e+03 9.210069630873182155e-17
5.960173027992260359e+03 8.851100882864813641e-17
5.963556241989150294e+03 1.109604759086100358e-16
5.966939455986040230e+03 1.057452964989809213e-16
5.970322669982920161e+03 1.199582077568562002e-16
5.973705883979810096e+03 1.082706573728921978e-16
5.977089097976700032e+03 1.107179830084764024e-16
5.980472311973579963e+03 1.180837309803462224e-16
5.983855525970469898e+03 1.033582735168063266e-16
5.987238739967359834e+03 1.001176684202714761e-16
5.990621953964239765e+03 1.106924107064311431e-16
5.994005167961129700e+03 1.171928533314293102e-16
5.997388381958019636e+03 1.022750558629384920e-16
6.000771595954909571e+03 9.089227834169490667e-17
6.004154809951790412e+03 8.711399090786145626e-17
6.007538023948680348e+03 8.993705996429165636e-17
6.010921237945570283e+03 9.945797076842032466e-17
6.014304451942450214e+03 9.373116826407948911e-17
6.017687665939340150e+03 1.014282625805395141e-16
6.021070879936230085e+03 1.068488235935045810e-16
6.024454093933120021e+03 1.058882526291278157e-16
6.027837307929999952e+03 1.233496162956043869e-16
6.031220521926889887e+03 1.028034284104236072e-16
6.034603735923779823e+03 9.934580549009629804e-17
6.037986949920669758e+03 1.241523690348428308e-16
6.041370163917549689e+03 1.267510790307520628e-16
6.044753377914439625e+03 1.291675319656621688e-16
6.048136591911329560e+03 1.189071911784502235e-16
6.051519805908220405e+03 1.085980683793628813e-16
6.054903019905100336e+03 1.295103966430350669e-16
6.058286233901990272e+03 1.224173660473566279e-16
6.061669447898880208e+03 1.120353223371460473e-16
6.065052661895770143e+03 1.462125124864125904e-16
6.068435875892650074e+03 1.624867697523711319e-16
6.071819089889540010e+03 1.425968708767840496e-16
6.075202303886429945e+03 1.399204217396339207e-16
6.078585517883309876e+03 1.486131685398897174e-16
6.081968731880199812e+03 1.554997143566205660e-16
6.085351945877089747e+03 1.656008443294849836e-16
6.088735159873969678e+03 1.479093206404107384e-16
6.092118373870859614e+03 1.508704695421514547e-16
6.095501587867749549e+03 1.726960808796000417e-16
6.098884801864640394e+03 1.795327061565690265e-16
6.102268015861520325e+03 1.744882880587656744e-16
6.105651229858410261e+03 1.876103919676131913e-16
6.109034443855300196e+03 1.800867099959215737e-16
6.112417657852190132e+03 1.692315919917056601e-16
6.115800871849070063e+03 1.748948145631530279e-16
6.119184085845959999e+03 1.741445287746028990e-16
6.122567299842849934e+03 1.752896396513803275e-16
6.125950513839729865e+03 1.791384011679519133e-16
6.129333727836619801e+03 1.824795620130647732e-16
6.132716941833509736e+03 1.853866695828721693e-16
6.136100155830399672e+03 1.809670753478357613e-16
6.139483369827279603e+03 1.863431548208587215e-16
6.142866583824170448e+03 1.978463253487588045e-16
6.146249797821060383e+03 1.998112629436100689e-16
6.149633011817940314e+03 1.754688067648622355e-16
6.153016225814830250e+03 1.694491703547330726e-16
6.156399439811720185e+03 1.712590282498639595e-16
6.159782653808610121e+03 1.812350946166325655e-16
6.163165867805490052e+03 2.028822713369964095e-16
6.166549081802379987e+03 1.973475824471730257e-16
6.169932295799269923e+03 1.843588745106704753e-16
6.173315509796149854e+03 1.753877623919635118e-16
6.176698723793039790e+03 1.827008559909642436e-16
6.180081937789929725e+03 1.869997740837470295e-16
6.183465151786819661e+03 1.863386924310660558e-16
6.186848365783699592e+03 1.822645162756523543e-16
6.190231579780590437e+03 1.893161807198387662e-16
6.193614793777480372e+03 1.844489146936733224e-16
6.196998007774370308e+03 1.608846462491874139e-16
6.200381221771250239e+03 1.537128231602076476e-16
6.203764435768140174e+03 1.454288579931237184e-16
6.207147649765030110e+03 1.458297226326047037e-16
6.210530863761910041e+03 1.774817251117788654e-16
6.213914077758799976e+03 1.809600173712874656e-16
6.217297291755689912e+03 1.609153940097736965e-16
6.220680505752579847e+03 1.625315345323885433e-16
6.224063719749459779e+03 1.406458095348757949e-16
6.227446933746349714e+03 1.170479075170465504e-16
6.230830147743239650e+03 1.450514217720325505e-16
6.234213361740129585e+03 1.546365626090763515e-16
6.237596575737010426e+03 1.173333210176080796e-16
6.240979789733900361e+03 1.310518944275163525e-16
6.244363003730790297e+03 1.197777627098525851e-16
6.247746217727670228e+03 1.019742149557252076e-16
6.251129431724560163e+03 1.129808548565727690e-16
6.254512645721450099e+03 1.142573294482435356e-16
6.257895859718330030e+03 1.243861321786531636e-16
6.261279073715219965e+03 1.250422217830045951e-16
6.264662287712109901e+03 1.103361158279039177e-16
6.268045501708999836e+03 1.154585641952995257e-16
6.271428715705879767e+03 1.221184749999709638e-16
6.274811929702769703e+03 1.256049858323203121e-16
6.278195143699659639e+03 8.711962075337046529e-17
6.281578357696539570e+03 2.923349824257266252e-16
6.284961571693430415e+03 4.932246683363266693e-16
6.288344785690320350e+03 1.898734037022679942e-16
6.291727999687210286e+03 2.523519384000690870e-16
6.295111213684100221e+03 3.468707104805540701e-16
6.298494427680980152e+03 1.583716168133023529e-16
6.301877641677870088e+03 9.021907523483965984e-17
6.305260855674760023e+03 1.128052113416483092e-16
6.308644069671639954e+03 1.139741391830976536e-16
6.312027283668529890e+03 1.231100273487158673e-16
6.315410497665419825e+03 1.289136929961933704e-16
6.318793711662309761e+03 1.071878828063200601e-16
6.322176925659189692e+03 9.982609701129902948e-17
6.325560139656079627e+03 1.210634983925641164e-16
6.328943353652969563e+03 1.270493743650173132e-16
6.332326567649850404e+03 1.110877671097468412e-16
6.335709781646740339e+03 1.049643215029322942e-16
6.339092995643630275e+03 1.038664540952619698e-16
6.342476209640520210e+03 9.695461084114203152e-17
6.345859423637400141e+03 1.248746677365699867e-16
6.349242637634290077e+03 1.192946357592733117e-16
6.352625851631180012e+03 9.710406340697705925e-17
6.356009065628059943e+03 1.205740612293326956e-16
6.359392279624949879e+03 1.456805980411863869e-16
6.362775493621839814e+03 1.235390262188454025e-16
6.366158707618719745e+03 1.126679935859119826e-16
6.369541921615609681e+03 1.012218775038644602e-16
6.372925135612499616e+03 9.427183611471654602e-17
6.376308349609389552e+03 1.050840516796390985e-16
6.379691563606280397e+03 1.112993754409289645e-16
6.383074777603160328e+03 1.089772461314078167e-16
6.386457991600050264e+03 1.036374432270935754e-16
6.389841205596940199e+03 1.092891895437315002e-16
6.393224419593820130e+03 1.174882969460921182e-16
6.396607633590710066e+03 1.031355953284229255e-16
6.399990847587600001e+03 1.045931926219295405e-16
6.403374061584489937e+03 1.223034506635904151e-16
6.406757275581369868e+03 1.191264909287829300e-16
6.410140489578259803e+03 9.252948868449359699e-17
6.413523703575149739e+03 8.494276739432736131e-17
6.416906917572029670e+03 7.768338321625952851e-17
6.420290131568919605e+03 7.773383944992650861e-17
6.423673345565810450e+03 8.057613385755778323e-17
6.427056559562700386e+03 7.680442356695419749e-17
6.430439773559580317e+03 8.751218282592039016e-17
6.433822987556470252e+03 9.397669054498018562e-17
6.437206201553360188e+03 8.564060054781220383e-17
6.440589415550240119e+03 9.652629898881785322e-17
6.443972629547130055e+03 9.841525002144658602e-17
6.447355843544019990e+03 8.230574864178774804e-17
6.450739057540909926e+03 9.245938000145739916e-17
6.454122271537789857e+03 9.831142354381537992e-17
6.457505485534679792e+03 8.103351485455769321e-17
6.460888699531569728e+03 7.325717717172655032e-17
6.464271913528459663e+03 8.190492023691296152e-17
6.467655127525339594e+03 7.071412624382989074e-17
6.471038341522230439e+03 6.992644309937934721e-17
6.474421555519120375e+03 6.331704633172419093e-17
6.477804769516010310e+03 7.200805916558975074e-17
6.481187983512890241e+03 7.872876604651102419e-17
6.484571197509780177e+03 8.309726766306759062e-17
6.487954411506670112e+03 9.333084983915794187e-17
6.491337625503550044e+03 7.228361140984404161e-17
6.494720839500439979e+03 6.878856767673617892e-17
6.498104053497329915e+03 9.823381864117387560e-17
6.501487267494209846e+03 1.000128707593159053e-16
6.504870481491099781e+03 9.021324100677264825e-17
6.508253695487989717e+03 8.324789468349237090e-17
6.511636909484879652e+03 8.819328512281985909e-17
6.515020123481769588e+03 9.940065140032119661e-17
6.518403337478650428e+03 1.000516079725120408e-16
6.521786551475540364e+03 8.591233768064124429e-17
6.525169765472420295e+03 7.935462577392223703e-17
6.528552979469310230e+03 9.167000143681754001e-17
6.531936193466200166e+03 9.742609813880091194e-17
6.535319407463090101e+03 1.059751721947453348e-16
6.538702621459970032e+03 1.039501456134412194e-16
6.542085835456859968e+03 1.135296867113269915e-16
6.545469049453749903e+03 1.116615010892368281e-16
6.548852263450639839e+03 9.631367009672386113e-17
6.552235477447519770e+03 1.015046769594080490e-16
6.555618691444409706e+03 1.010796037404914824e-16
6.559001905441299641e+03 9.715908461247216871e-17
6.562385119438189577e+03 1.073610029923395542e-16
6.565768333435070417e+03 1.197157608132299279e-16
6.569151547431960353e+03 1.096126258479089840e-16
6.572534761428850288e+03 1.019297624520293240e-16
6.575917975425730219e+03 9.904477625901895403e-17
6.579301189422620155e+03 9.875602286265156346e-17
6.582684403419510090e+03 9.920771533260464378e-17
6.586067617416390021e+03 1.095645192687062555e-16
6.589450831413279957e+03 9.837013750983701800e-17
6.592834045410169892e+03 9.341698348140226467e-17
6.596217259407059828e+03 1.063544889617109502e-16
6.599600473403939759e+03 1.122957452188413525e-16
6.602983687400829695e+03 1.072984034513103706e-16
6.606366901397719630e+03 1.077729294622384034e-16
6.609750115394599561e+03 1.127194065238001296e-16
6.613133329391490406e+03 1.187210890847739911e-16
6.616516543388380342e+03 1.284697157145019120e-16
6.619899757385270277e+03 1.341231230256908458e-16
6.623282971382150208e+03 1.213825431789088047e-16
6.626666185379040144e+03 9.763882969621446869e-17
6.630049399375930079e+03 1.183978540197876222e-16
6.633432613372820015e+03 1.242033996795620190e-16
6.636815827369699946e+03 1.184510846961173281e-16
6.640199041366589881e+03 1.226247953579350681e-16
6.643582255363479817e+03 1.231302095882171000e-16
6.646965469360359748e+03 1.254267908393701505e-16
6.650348683357249683e+03 1.248962439673117330e-16
6.653731897354139619e+03 1.417236911278317636e-16
6.657115111351029554e+03 1.483774309819355006e-16
6.660498325347910395e+03 1.281421399876142003e-16
6.663881539344800331e+03 1.129067793641776494e-16
6.667264753341690266e+03 1.240322267638176820e-16
6.670647967338570197e+03 1.343608622077998027e-16
6.674031181335460133e+03 1.024098382159614321e-16
6.677414395332350068e+03 1.115723081064108232e-16
6.680797609329240004e+03 1.301065250967627313e-16
6.684180823326119935e+03 1.203633488925712859e-16
6.687564037323009870e+03 1.121662464865930345e-16
6.690947251319899806e+03 1.184586400556402622e-16
6.694330465316779737e+03 1.322336038457853134e-16
6.697713679313669672e+03 1.281804539094740364e-16
6.701096893310559608e+03 9.749489224757392906e-17
6.704480107307450453e+03 1.057223112842308176e-16
6.707863321304340388e+03 1.322098088267053265e-16
6.711246535301220320e+03 1.319256116462062104e-16
6.714629749298110255e+03 1.150596134050633566e-16
6.718012963295000191e+03 9.828475545868389895e-17
6.721396177291880122e+03 1.186941599892272192e-16
6.724779391288770057e+03 1.287166328008701826e-16
6.728162605285659993e+03 1.070419561842401016e-16
6.731545819282549928e+03 1.083388743153340931e-16
6.734929033279429859e+03 9.463575184829171747e-17
6.738312247276319795e+03 1.025852619028758143e-16
6.741695461273209730e+03 1.332045109618480206e-16
6.745078675270089661e+03 1.264909694620561340e-16
6.748461889266979597e+03 1.059450545971184473e-16
6.751845103263870442e+03 1.039574112119665405e-16
6.755228317260760377e+03 1.130675321704355895e-16
6.758611531257640308e+03 1.199936051076442811e-16
6.761994745254530244e+03 1.159642580488956178e-16
6.765377959251420179e+03 1.057154629694903445e-16
6.768761173248300111e+03 1.064183131070303843e-16
6.772144387245190046e+03 1.165608026544484815e-16
6.775527601242079982e+03 1.276171830528032087e-16
6.778910815238959913e+03 1.357836574567985667e-16
6.782294029235849848e+03 1.193730650856707336e-16
6.785677243232739784e+03 1.033792388643091421e-16
6.789060457229629719e+03 1.169032394068729338e-16
6.792443671226519655e+03 1.026945764306853488e-16
6.795826885223399586e+03 9.691670864028758553e-17
6.799210099220290431e+03 1.091898238246225438e-16
6.802593313217180366e+03 9.260491727659459715e-17
6.805976527214060297e+03 1.002081807293183375e-16
6.809359741210950233e+03 1.208354405908154421e-16
6.812742955207840168e+03 1.148666661976948633e-16
6.816126169204730104e+03 1.122092989184667004e-16
6.819509383201610035e+03 1.163120507310722699e-16
6.822892597198499971e+03 1.065566097066422709e-16
6.826275811195389906e+03 9.465368415376528739e-17
6.829659025192269837e+03 1.020043260865127716e-16
6.833042239189159773e+03 1.118973292610368066e-16
6.836425453186049708e+03 1.094199102536138285e-16
6.839808667182939644e+03 1.118246490658955155e-16
6.843191881179819575e+03 1.165696396496490533e-16
6.846575095176710420e+03 1.181400448465232648e-16
6.849958309173600355e+03 1.172185916738061456e-16
6.853341523170490291e+03 1.182115557173018712e-16
6.856724737167370222e+03 9.386186967208159708e-17
6.860107951164260157e+03 6.606074460105856618e-17
6.863491165161150093e+03 8.301366491561568232e-17
6.866874379158030024e+03 9.720520335880074051e-17
6.870257593154919959e+03 8.782777065744428007e-17
6.873640807151809895e+03 9.574965077228741018e-17
6.877024021148699831e+03 1.100809176380415012e-16
6.880407235145579762e+03 1.174499848406558836e-16
6.883790449142469697e+03 1.063818826227064843e-16
6.887173663139359633e+03 1.074904336105954153e-16
6.890556877136249568e+03 1.060236785807612681e-16
6.893940091133130409e+03 9.483804370872413358e-17
6.897323305130020344e+03 8.947373008059178906e-17
6.900706519126910280e+03 8.463022371378702287e-17
6.904089733123790211e+03 9.337056247587134462e-17
6.907472947120680146e+03 9.607350112382061288e-17
6.910856161117570082e+03 7.341619402814253173e-17
6.914239375114450013e+03 7.542667553584683004e-17
6.917622589111339948e+03 1.095275302467610681e-16
6.921005803108229884e+03 1.099423857892391958e-16
6.924389017105119819e+03 9.056997024587908521e-17
6.927772231102009755e+03 8.760780267262387690e-17
6.931155445098889686e+03 8.179714064045028707e-17
6.934538659095779622e+03 7.879385201099342363e-17
6.937921873092669557e+03 9.204400577418849319e-17
6.941305087089550398e+03 1.005382256814851542e-16
6.944688301086440333e+03 9.197077314154864015e-17
6.948071515083330269e+03 8.001498947964060589e-17
6.951454729080210200e+03 8.530891777953892362e-17
6.954837943077100135e+03 9.636861626366526856e-17
6.958221157073990071e+03 9.905993713762727715e-17
6.961604371070880006e+03 7.482403188575180662e-17
6.964987585067759937e+03 5.864928663695631039e-17
6.968370799064649873e+03 7.827585632369073251e-17
6.971754013061539808e+03 7.494347127224110209e-17
6.975137227058419739e+03 7.602269795763681907e-17
6.978520441055309675e+03 8.809381091258192696e-17
6.981903655052199611e+03 6.398292058879506660e-17
6.985286869049089546e+03 6.042222181549970816e-17
6.988670083045970387e+03 6.805306438490453755e-17
6.992053297042860322e+03 6.749225935993588812e-17
6.995436511039750258e+03 8.944889281407915772e-17
6.998819725036630189e+03 7.894313042497652525e-17
7.002202939033520124e+03 5.497777918934813814e-17
7.005586153030410060e+03 6.382273426428313325e-17
7.008969367027299995e+03 7.291758148030873138e-17
7.012352581024189931e+03 6.369055082960014027e-17
7.015735795021069862e+03 6.405979892237294759e-17
7.019119009017959797e+03 7.409755316759147082e-17
7.022502223014849733e+03 7.672971207714274145e-17
7.025885437011729664e+03 7.837482791133525915e-17
7.029268651008619599e+03 7.898711907296034853e-17
7.032651865005510444e+03 7.649514097764716309e-17
7.036035079002390376e+03 6.531476223289466871e-17
7.039418292999280311e+03 8.250874298494053258e-17
7.042801506996170247e+03 1.036765110462367253e-16
7.046184720993060182e+03 8.537380086086630537e-17
7.049567934989940113e+03 6.326275694371218899e-17
7.052951148986830049e+03 7.833953276818340140e-17
7.056334362983719984e+03 7.514890190583143176e-17
7.059717576980599915e+03 7.033479500290536285e-17
7.063100790977489851e+03 8.331114934427598237e-17
7.066484004974379786e+03 8.109612318404693816e-17
7.069867218971269722e+03 8.476930438536105633e-17
7.073250432968149653e+03 6.818497261442662622e-17
7.076633646965039588e+03 6.208158665518260247e-17
7.080016860961930433e+03 6.290877282429909831e-17
7.083400074958810364e+03 7.385664011446190011e-17
7.086783288955700300e+03 6.905627186601297631e-17
7.090166502952590236e+03 5.831730858668132109e-17
7.093549716949480171e+03 5.766487966814958043e-17
7.096932930946360102e+03 6.533064852728645974e-17
7.100316144943250038e+03 8.007566166877581324e-17
7.103699358940139973e+03 6.872373890118217538e-17
7.107082572937029909e+03 6.482243976190606632e-17
7.110465786933909840e+03 6.567035250332899381e-17
7.113849000930799775e+03 5.155377350998824913e-17
7.117232214927689711e+03 5.993866966718647338e-17
7.120615428924579646e+03 5.542054655509164968e-17
7.123998642921459577e+03 5.921751787536566372e-17
7.127381856918350422e+03 7.461891940705767026e-17
7.130765070915240358e+03 6.999803635745649969e-17
7.134148284912120289e+03 5.801843739204378301e-17
7.137531498909010224e+03 5.743985105812091699e-17
7.140914712905900160e+03 6.368187027638395330e-17
7.144297926902780091e+03 6.792270709522609727e-17
7.147681140899670027e+03 6.798474594679245428e-17
7.151064354896559962e+03 6.739391966281612895e-17
7.154447568893449898e+03 6.695857329543706475e-17
7.157830782890329829e+03 5.917062166840789917e-17
7.161213996887219764e+03 5.424695801042455344e-17
7.164597210884109700e+03 5.799059891791340438e-17
7.167980424880999635e+03 5.578751161384947791e-17
7.171363638877879566e+03 5.491986592057219128e-17
7.174746852874770411e+03 5.697179167128929510e-17
7.178130066871660347e+03 5.525845123564910271e-17
7.181513280868540278e+03 5.508750368067758907e-17
7.184896494865430213e+03 5.675254439774274464e-17
7.188279708862320149e+03 5.930038045401875251e-17
7.191662922859210084e+03 5.738485548820453860e-17
7.195046136856090015e+03 5.760012226443786724e-17
7.198429350852979951e+03 5.608766234247288805e-17
7.201812564849869887e+03 4.978871228109901360e-17
7.205195778846749818e+03 5.052957886930845763e-17
7.208578992843639753e+03 5.864812319759612700e-17
7.211962206840529689e+03 6.689022558529588820e-17
7.215345420837419624e+03 6.220612613799366960e-17
7.218728634834299555e+03 5.997065268502859203e-17
7.222111848831190400e+03 6.112759200024222863e-17
7.225495062828080336e+03 5.669869172938679408e-17
7.228878276824970271e+03 7.157182813323386004e-17
7.232261490821850202e+03 7.045390526383051439e-17
7.235644704818740138e+03 7.370387203628812182e-17
7.239027918815630073e+03 6.554429026216159513e-17
7.242411132812520009e+03 4.664697014843705448e-17
7.245794346809399940e+03 5.484563881765832216e-17
7.249177560806289875e+03 6.075801592249566838e-17
7.252560774803179811e+03 6.045673683872447395e-17
7.255943988800059742e+03 5.955976992606319072e-17
7.259327202796949678e+03 6.103705497384174421e-17
7.262710416793839613e+03 8.034152361833906482e-17
7.266093630790720454e+03 7.343089792008880995e-17
7.269476844787610389e+03 6.633667299957391814e-17
7.272860058784500325e+03 6.962636773738350360e-17
7.276243272781390260e+03 6.683506236367637401e-17
7.279626486778270191e+03 6.399178034390359656e-17
7.283009700775160127e+03 4.924302764985354932e-17
7.286392914772050062e+03 5.540773104230738700e-17
7.289776128768939998e+03 6.491413585060981709e-17
7.293159342765819929e+03 5.510714385600915597e-17
7.296542556762709864e+03 6.458044999839609692e-17
7.299925770759599800e+03 6.285199605274352979e-17
7.303308984756489735e+03 5.897360459734824024e-17
7.306692198753369667e+03 6.474376605538109261e-17
7.310075412750259602e+03 6.247441312168014215e-17
7.313458626747150447e+03 6.362073956577859107e-17
7.316841840744030378e+03 5.681124552075813541e-17
7.320225054740920314e+03 4.131678064764394952e-17
7.323608268737810249e+03 5.226801557463723681e-17
7.326991482734700185e+03 6.218063065306307738e-17
7.330374696731580116e+03 5.264650289863991665e-17
7.333757910728470051e+03 5.788633732421817002e-17
7.337141124725359987e+03 6.164975214055706544e-17
7.340524338722239918e+03 4.979194467935316735e-17
7.343907552719129853e+03 7.015637510093373176e-17
7.347290766716019789e+03 7.300939253654242889e-17
7.350673980712909724e+03 4.865584159719481887e-17
7.354057194709789655e+03 5.251008815499015409e-17
7.357440408706679591e+03 5.761810329634418419e-17
7.360823622703570436e+03 4.479054267685249291e-17
7.364206836700450367e+03 4.675266159027479104e-17
7.367590050697340303e+03 5.704131428645493234e-17
7.370973264694230238e+03 7.146952812197397088e-17
7.374356478691120174e+03 7.155336381395401105e-17
7.377739692688000105e+03 6.723696610304710834e-17
7.381122906684890040e+03 6.430221219138875213e-17
7.384506120681779976e+03 7.085170793887674538e-17
7.387889334678669911e+03 6.953620398119887099e-17
7.391272548675549842e+03 6.646322601984488585e-17
7.394655762672439778e+03 5.926900982541654517e-17
7.398038976669329713e+03 4.798367998235773179e-17
7.401422190666209644e+03 5.606237219932482497e-17
7.404805404663099580e+03 5.310115026459014638e-17
7.408188618659990425e+03 5.676100461499257801e-17
7.411571832656880360e+03 6.307213083585304703e-17
7.414955046653760292e+03 6.053748383473326615e-17
7.418338260650650227e+03 5.588868167557000743e-17
7.421721474647540163e+03 4.760191971397780088e-17
7.425104688644420094e+03 6.571522124694102767e-17
7.428487902641310029e+03 8.583065566549503976e-17
7.431871116638199965e+03 6.363647414430240180e-17
7.435254330635089900e+03 4.923191106910169768e-17
7.438637544631969831e+03 4.150459781960448810e-17
7.442020758628859767e+03 4.878987828526610662e-17
7.445403972625749702e+03 6.797762822354545860e-17
7.448787186622629633e+03 7.300129147264810652e-17
7.452170400619519569e+03 7.234989949550975747e-17
7.455553614616410414e+03 5.849836607820268538e-17
7.458936828613300349e+03 5.626318003595533883e-17
7.462320042610180280e+03 6.186084517623445152e-17
7.465703256607070216e+03 5.617129691963421527e-17
7.469086470603960151e+03 6.456446797539573857e-17
7.472469684600840083e+03 6.604027232494733716e-17
7.475852898597730018e+03 4.983601894146898027e-17
7.479236112594619954e+03 6.061509621390757467e-17
7.482619326591509889e+03 5.125746740673168080e-17
7.486002540588389820e+03 4.323609648346983266e-17
7.489385754585279756e+03 5.546706380032300569e-17
7.492768968582169691e+03 5.553931437311136732e-17
7.496152182579059627e+03 5.774267947335413072e-17
7.499535396575939558e+03 5.931517020284985258e-17
7.502918610572830403e+03 5.903159918844948557e-17
7.506301824569720338e+03 6.442791677329125046e-17
7.509685038566600269e+03 6.291948552314654594e-17
7.513068252563490205e+03 5.392597389340890325e-17
7.516451466560380140e+03 6.134585412279654183e-17
7.519834680557270076e+03 7.091035111716469911e-17
7.523217894554150007e+03 5.664176683594231009e-17
7.526601108551039943e+03 6.486166980040323013e-17
7.529984322547929878e+03 6.126872036871022592e-17
7.533367536544819814e+03 5.312243271784621358e-17
7.536750750541699745e+03 6.103591542286293256e-17
7.540133964538589680e+03 5.196309973291456261e-17
7.543517178535479616e+03 5.682691195985988008e-17
7.546900392532359547e+03 6.239693978367583556e-17
7.550283606529250392e+03 5.458580871975075223e-17
7.553666820526140327e+03 6.070507527853634915e-17
7.557050034523020258e+03 7.440027486890976784e-17
7.560433248519910194e+03 7.635673730630791820e-17
7.563816462516800129e+03 6.508441172738043061e-17
7.567199676513690065e+03 5.061804233352292209e-17
7.570582890510569996e+03 6.090872633993155603e-17
7.573966104507459931e+03 6.066253996306780763e-17
7.577349318504349867e+03 5.308125658491188321e-17
7.580732532501239803e+03 5.117276211984652149e-17
7.584115746498119734e+03 5.012351353822517212e-17
7.587498960495009669e+03 2.932048772638558893e-17
7.590882174491899605e+03 1.237969628209487332e-17
7.594265388488780445e+03 2.110532253287472771e-17
7.597648602485670381e+03 2.789951889018300010e-17
7.601031816482560316e+03 1.820059105461699568e-17
7.604415030479450252e+03 2.270600011972822911e-17
7.607798244476330183e+03 4.157425608859928155e-17
7.611181458473220118e+03 4.060010400221278077e-17
7.614564672470110054e+03 4.454677136232833857e-17
7.617947886466999989e+03 3.578882071035231050e-17
7.621331100463879920e+03 2.436826711665316604e-17
7.624714314460769856e+03 3.122333998086314793e-17
7.628097528457659791e+03 3.568969876604882576e-17
7.631480742454539723e+03 3.992360468788218603e-17
7.634863956451429658e+03 4.808589888739070950e-17
7.638247170448319594e+03 5.021024212465193824e-17
7.641630384445200434e+03 4.824633561984037060e-17
7.645013598442090370e+03 4.684239229149616284e-17
7.648396812438980305e+03 4.064223769283181312e-17
7.651780026435870241e+03 3.723596368721673152e-17
7.655163240432760176e+03 4.884125237810823736e-17
7.658546454429640107e+03 4.645070111666248218e-17
7.661929668426530043e+03 4.479351880342664425e-17
7.665312882423419978e+03 5.716852086076528862e-17
7.668696096420299909e+03 6.410907315929448509e-17
7.672079310417189845e+03 6.006898393557074540e-17
7.675462524414079780e+03 6.159213630863951034e-17
7.678845738410959711e+03 6.255263047409935994e-17
7.682228952407849647e+03 5.372539849128225259e-17
7.685612166404739583e+03 6.064153288905829058e-17
7.688995380401630428e+03 6.652772217127853904e-17
7.692378594398510359e+03 6.146689995001171554e-17
7.695761808395400294e+03 7.264592733648334692e-17
7.699145022392290230e+03 5.985690613917827131e-17
7.702528236389180165e+03 6.312275690358745617e-17
7.705911450386060096e+03 7.332160873405992649e-17
7.709294664382950032e+03 7.167506261217885787e-17
7.712677878379839967e+03 6.916201258625774297e-17
7.716061092376729903e+03 7.562574620004067216e-17
7.719444306373609834e+03 7.011545016951902176e-17
7.722827520370499769e+03 5.414781464104376690e-17
7.726210734367389705e+03 4.701239663345803704e-17
7.729593948364269636e+03 5.778254079352320667e-17
7.732977162361159571e+03 6.680363212781910549e-17
7.736360376358050416e+03 4.988283713307046215e-17
7.739743590354940352e+03 5.851876673214639893e-17
7.743126804351820283e+03 5.320996839761572792e-17
7.746510018348710219e+03 5.580439914854746726e-17
7.749893232345600154e+03 5.787775665100319283e-17
7.753276446342480085e+03 4.981853515141226137e-17
7.756659660339370021e+03 6.115614752808246979e-17
7.760042874336259956e+03 6.751727358547569560e-17
7.763426088333149892e+03 6.153875923542898389e-17
7.766809302330029823e+03 5.355879304954213574e-17
7.770192516326919758e+03 3.682667563950612248e-17
7.773575730323809694e+03 3.873875545432301384e-17
7.776958944320689625e+03 4.123091744700326574e-17
7.780342158317579560e+03 5.001322093591197124e-17
7.783725372314470405e+03 5.393735599414478235e-17
7.787108586311360341e+03 5.695146931343526136e-17
7.790491800308240272e+03 4.274676493865239650e-17
7.793875014305130208e+03 4.406008632667335226e-17
7.797258228302020143e+03 4.376198410769037925e-17
7.800641442298910079e+03 5.049269905610603235e-17
7.804024656295790010e+03 7.478564028034499359e-17
7.807407870292679945e+03 6.200806359786736030e-17
7.810791084289569881e+03 3.838543460415038254e-17
7.814174298286449812e+03 4.305379959577509782e-17
7.817557512283339747e+03 3.970706749559135227e-17
7.820940726280229683e+03 4.504756099331634782e-17
7.824323940277119618e+03 6.606246285226299780e-17
7.827707154273999549e+03 4.942104772228477585e-17
7.831090368270890394e+03 4.067031406794931146e-17
7.834473582267780330e+03 5.108856425704898869e-17
7.837856796264660261e+03 4.742273313313558701e-17
7.841240010261550196e+03 4.367560683954942061e-17
7.844623224258440132e+03 5.427252737870254045e-17
7.848006438255330067e+03 6.652748427336676276e-17
7.851389652252209999e+03 6.890817427103924122e-17
7.854772866249099934e+03 6.629981395421594436e-17
7.858156080245989870e+03 6.693507158567205835e-17
7.861539294242869801e+03 6.022149303465424813e-17
7.864922508239759736e+03 5.051202266504189131e-17
7.868305722236649672e+03 4.454222160958362471e-17
7.871688936233539607e+03 5.100523349920512883e-17
7.875072150230420448e+03 4.670754802387511582e-17
7.878455364227310383e+03 5.620256187236739944e-17
7.881838578224200319e+03 6.747665406614086415e-17
7.885221792221090254e+03 6.211585097553144692e-17
7.888605006217970185e+03 5.149165994410325405e-17
7.891988220214860121e+03 3.922669370463177944e-17
7.895371434211750056e+03 5.402280426613472486e-17
7.898754648208629987e+03 6.331868003743818234e-17
7.902137862205519923e+03 6.737355515693685041e-17
7.905521076202409859e+03 6.222340709099331446e-17
7.908904290199299794e+03 7.375830109867249172e-17
7.912287504196179725e+03 7.518881688091147569e-17
7.915670718193069661e+03 5.841130496126973569e-17
7.919053932189959596e+03 3.955266735329897979e-17
7.922437146186840437e+03 4.196591609047902180e-17
7.925820360183730372e+03 5.330027226751218194e-17
7.929203574180620308e+03 6.184457523218175683e-17
7.932586788177510243e+03 6.267627655384715210e-17
7.935970002174390174e+03 5.225105890611658901e-17
7.939353216171280110e+03 4.673286429486148094e-17
7.942736430168170045e+03 4.583588794367600404e-17
7.946119644165059981e+03 6.417092887362702294e-17
7.949502858161939912e+03 6.472564530969813988e-17
7.952886072158829847e+03 4.752060349258935155e-17
7.956269286155719783e+03 5.155576380022676606e-17
7.959652500152599714e+03 6.596442599500340712e-17
7.963035714149489650e+03 5.880593054022785452e-17
7.966418928146379585e+03 5.930532908961418390e-17
7.969802142143270430e+03 6.594249520808321466e-17
7.973185356140150361e+03 6.181291625697352310e-17
7.976568570137040297e+03 6.616525764717176580e-17
7.979951784133930232e+03 5.216678447244409737e-17
7.983334998130810163e+03 6.087252811803356143e-17
7.986718212127700099e+03 5.849399618512368245e-17
7.990101426124590034e+03 4.998018521121806015e-17
7.993484640121479970e+03 4.056353791535023424e-17
7.996867854118359901e+03 3.444794645848596943e-17
8.000251068115249836e+03 4.520569954905835296e-17
8.003634282112139772e+03 4.833728374937628444e-17
8.007017496109019703e+03 5.661526638818058413e-17
8.010400710105909639e+03 9.201392135979707435e-17
8.013783924102799574e+03 9.168484475924837422e-17
8.017167138099690419e+03 6.102670708605265169e-17
8.020550352096570350e+03 6.250374068006529849e-17
8.023933566093460286e+03 6.173251689123094595e-17
8.027316780090350221e+03 4.840912513481917994e-17
8.030699994087230152e+03 4.892937969044213225e-17
8.034083208084120088e+03 5.619600951615521778e-17
8.037466422081010023e+03 5.526911211623793176e-17
8.040849636077899959e+03 5.438727497392298110e-17
8.044232850074779890e+03 5.639666413935445173e-17
8.047616064071669825e+03 4.553800748456876913e-17
8.050999278068559761e+03 3.556321729498600729e-17
8.054382492065449696e+03 5.079945319023550038e-17
8.057765706062329627e+03 7.052865292048565838e-17
8.061148920059219563e+03 4.117809445342936696e-17
8.064532134056110408e+03 4.626386125326232201e-17
8.067915348052990339e+03 5.196113564100532502e-17
8.071298562049880275e+03 5.752134448445297188e-17
8.074681776046770210e+03 5.305769566476289913e-17
8.078064990043660146e+03 5.030299690400824141e-17
8.081448204040540077e+03 6.782099476318748534e-17
8.084831418037430012e+03 6.904423748586796117e-17
8.088214632034319948e+03 5.245400253818022787e-17
8.091597846031199879e+03 4.727447298710614395e-17
8.094981060028089814e+03 4.500883716733170158e-17
8.098364274024979750e+03 3.117687739663009857e-17
8.101747488021869685e+03 4.325260123256923725e-17
8.105130702018759621e+03 6.022714808197856110e-17
8.108513916015639552e+03 6.302894214906379152e-17
8.111897130012530397e+03 6.218902509537410567e-17
8.115280344009420332e+03 4.663261552599835362e-17
8.118663558006300264e+03 3.962713518309938073e-17
8.122046772003190199e+03 5.931324143647978298e-17
8.125429986000080135e+03 5.990942646994243323e-17
8.128813199996960066e+03 4.321829123978129522e-17
8.132196413993850001e+03 4.073396118417331064e-17
8.135579627990739937e+03 4.146246343699546791e-17
8.138962841987629872e+03 5.726996394305604185e-17
8.142346055984509803e+03 5.084700181769332315e-17
8.145729269981399739e+03 4.556548862777915957e-17
8.149112483978289674e+03 4.512755873685948308e-17
8.152495697975179610e+03 5.147878730942150039e-17
8.155878911972060450e+03 5.422816584138199416e-17
8.159262125968950386e+03 4.868347202404713319e-17
8.162645339965840321e+03 5.440332254942412617e-17
8.166028553962720252e+03 6.205079628584759931e-17
8.169411767959610188e+03 5.262274082965169946e-17
8.172794981956500123e+03 4.269751734838320757e-17
8.176178195953389150e+03 5.099342574435274152e-17
8.179561409950270900e+03 4.936680215933444657e-17
8.182944623947159926e+03 4.396398302890542766e-17
8.186327837944050771e+03 4.026217289949809213e-17
8.189711051940930702e+03 5.290002103201825969e-17
8.193094265937819728e+03 5.844924197123828826e-17
8.196477479934710573e+03 4.199793958604869690e-17
8.199860693931599599e+03 3.608593170715830877e-17
8.203243907928479530e+03 5.297337663224180904e-17
8.206627121925370375e+03 5.050698125672213154e-17
8.210010335922259401e+03 1.990341281538412705e-17
8.213393549919150246e+03 2.997369773091001153e-17
8.216776763916030177e+03 5.757843270573080923e-17
8.220159977912919203e+03 5.433759551446614778e-17
8.223543191909810048e+03 4.880148307678095445e-17
8.226926405906689979e+03 5.814548147696896995e-17
8.230309619903580824e+03 6.483767579851443918e-17
8.233692833900469850e+03 5.044908161050161075e-17
8.237076047897360695e+03 3.989440780931925223e-17
8.240459261894240626e+03 5.096130334472476169e-17
8.243842475891129652e+03 5.196492373504240097e-17
8.247225689888020497e+03 4.245980514734656627e-17
8.250608903884900428e+03 5.487341206267934674e-17
8.253992117881789454e+03 6.363806515019353320e-17
8.257375331878680299e+03 5.303401132978952212e-17
8.260758545875560230e+03 4.626751799276162670e-17
8.264141759872449256e+03 5.644523114256968604e-17
8.267524973869340101e+03 5.206789721725337801e-17
8.270908187866229127e+03 4.489193571144318430e-17
8.274291401863119972e+03 4.487118641502093596e-17
8.277674615859999903e+03 3.552564528543961447e-17
8.281057829856890748e+03 4.590345650455043594e-17
8.284441043853779775e+03 5.592168556572917918e-17
8.287824257850659706e+03 5.585440057179232478e-17
8.291207471847550551e+03 6.928448751660782140e-17
8.294590685844439577e+03 5.676279132609694924e-17
8.297973899841330422e+03 4.559898351252149994e-17
8.301357113838210353e+03 4.448944016214425046e-17
8.304740327835099379e+03 3.931771608114564993e-17
8.308123541831990224e+03 4.319140592598479869e-17
8.311506755828870155e+03 5.232005939428819821e-17
8.314889969825759181e+03 5.126574758412538473e-17
8.318273183822650026e+03 5.417722661245618218e-17
8.321656397819540871e+03 5.180334590406398281e-17
8.325039611816420802e+03 4.205020568988472812e-17
8.328422825813309828e+03 5.424232944472112992e-17
8.331806039810200673e+03 6.650788415293333177e-17
8.335189253807080604e+03 4.528500369666153184e-17
8.338572467803969630e+03 4.000967035404216075e-17
8.341955681800860475e+03 5.072284793742428421e-17
8.345338895797749501e+03 4.911483153029255692e-17
8.348722109794629432e+03 4.738926124183036104e-17
8.352105323791520277e+03 4.118475214280680727e-17
8.355488537788409303e+03 3.332614341479343548e-17
8.358871751785300148e+03 3.484788764108954167e-17
8.362254965782180079e+03 6.062671404328986737e-17
8.365638179779069105e+03 5.633848565712782313e-17
8.369021393775959950e+03 5.268453969522892880e-17
8.372404607772839881e+03 6.187153698095470808e-17
8.375787821769730726e+03 5.630428367412100102e-17
8.379171035766619752e+03 3.748503295123546434e-17
8.382554249763510597e+03 2.709192987706735611e-17
8.385937463760390528e+03 4.103372078178270916e-17
8.389320677757279554e+03 5.203194943387003160e-17
8.392703891754170400e+03 3.600185507962612049e-17
8.396087105751050331e+03 3.179248339547749438e-17
8.399470319747939357e+03 2.942326631801680401e-17
8.402853533744830202e+03 4.094191499662655935e-17
8.406236747741719228e+03 6.080044361698761464e-17
8.409619961738599159e+03 7.100489702984625986e-17
8.413003175735490004e+03 5.180394404839206431e-17
8.416386389732380849e+03 5.602133794738454237e-17
8.419769603729260780e+03 6.913448453504455149e-17
8.423152817726149806e+03 5.378593750963622477e-17
8.426536031723040651e+03 4.009828013390992983e-17
8.429919245719920582e+03 4.201288612130061146e-17
8.433302459716809608e+03 4.833198165777037567e-17
8.436685673713700453e+03 5.095647891055275469e-17
8.440068887710589479e+03 5.085703227565189687e-17
8.443452101707480324e+03 5.106437891810229455e-17
8.446835315704360255e+03 3.609128597868069105e-17
8.450218529701249281e+03 2.709458955469324765e-17
8.453601743698140126e+03 4.482491792769477809e-17
8.456984957695020057e+03 5.854235010513618321e-17
8.460368171691910902e+03 4.270297469199927115e-17
8.463751385688799928e+03 4.379737420643748606e-17
8.467134599685690773e+03 4.644871698447172391e-17
8.470517813682570704e+03 3.881411628629030791e-17
8.473901027679459730e+03 4.750101036601492312e-17
8.477284241676350575e+03 5.344562742996697163e-17
8.480667455673230506e+03 5.320796721919051668e-17
8.484050669670119532e+03 4.865996935399783954e-17
8.487433883667010377e+03 5.796839886067955221e-17
8.490817097663899403e+03 5.499444511618380571e-17
8.494200311660779334e+03 4.867390892309987426e-17
8.497583525657670179e+03 4.448211937242775066e-17
8.500966739654559206e+03 3.474474429639773397e-17
8.504349953651439137e+03 5.750321266093578295e-17
8.507733167648329982e+03 4.773515450607905449e-17
8.511116381645220827e+03 4.353901688618560931e-17
8.514499595642109853e+03 4.989815341195987083e-17
8.517882809638989784e+03 6.172881033378477274e-17
8.521266023635880629e+03 5.906300694139505073e-17
8.524649237632769655e+03 3.981243081480295980e-17
8.528032451629660500e+03 4.064461505778147343e-17
8.531415665626540431e+03 6.152223754804059695e-17
8.534798879623429457e+03 5.505288362056594046e-17
8.538182093620320302e+03 5.100436288955605657e-17
8.541565307617200233e+03 5.534735726608341163e-17
8.544948521614089259e+03 4.972725471543925085e-17
8.548331735610980104e+03 3.984258410875795985e-17
8.551714949607869130e+03 3.504026808963342991e-17
8.555098163604750880e+03 5.220336544837022295e-17
8.558481377601639906e+03 5.269888921492479004e-17
8.561864591598530751e+03 4.554814339212787947e-17
8.565247805595410682e+03 3.672897148149300274e-17
8.568631019592299708e+03 2.784687252296242327e-17
8.572014233589190553e+03 4.270501293969937710e-17
8.575397447586079579e+03 5.163981920778880974e-17
8.578780661582959510e+03 3.992025071341874247e-17
8.582163875579850355e+03 2.584212742873538458e-17
8.585547089576739381e+03 3.227313897020901219e-17
8.588930303573619312e+03 5.401405982961412190e-17
8.592313517570510157e+03 5.373171095447956540e-17
8.595696731567399183e+03 3.821040653690213852e-17
8.599079945564290028e+03 3.724482655615230961e-17
8.602463159561169959e+03 3.897638352440513740e-17
8.605846373558060804e+03 3.359478878645309127e-17
8.609229587554949831e+03 3.450814312412834614e-17
8.612612801551840676e+03 3.894200944474692079e-17
8.615996015548720607e+03 3.701456956024094598e-17
8.619379229545609633e+03 3.864928313341623649e-17
8.622762443542500478e+03 3.066120068440610234e-17
8.626145657539380409e+03 3.255563212410408998e-17
8.629528871536269435e+03 3.477052177475182801e-17
8.632912085533160280e+03 3.914133973784321599e-17
8.636295299530049306e+03 4.141848671857183882e-17
8.639678513526929237e+03 4.399418877773146698e-17
8.643061727523820082e+03 5.157686914447120954e-17
8.646444941520709108e+03 2.787227153284998003e-17
8.649828155517590858e+03 2.030109782160103374e-17
8.653211369514479884e+03 4.326205460390473574e-17
8.656594583511370729e+03 6.133147912666918292e-17
8.659977797508259755e+03 5.189462008922526891e-17
8.663361011505139686e+03 3.927237167154087140e-17
8.666744225502030531e+03 3.040907369325388044e-17
8.670127439498919557e+03 2.672596396315867964e-17
8.673510653495810402e+03 3.668146242227676506e-17
8.676893867492690333e+03 4.057080254574191719e-17
8.680277081489579359e+03 3.210684388371874650e-17
8.683660295486470204e+03 2.264027723198600411e-17
8.687043509483359230e+03 4.428483438071174763e-17
8.690426723480239161e+03 4.682431750527647611e-17
8.693809937477130006e+03 2.887389709517896946e-17
8.697193151474020851e+03 4.073389883921714121e-17
8.700576365470900782e+03 5.195952320065634957e-17
8.703959579467789808e+03 3.584587780226910481e-17
8.707342793464680653e+03 3.072705966982591802e-17
8.710726007461569679e+03 3.239908855841906879e-17
8.714109221458449611e+03 3.491477458667984771e-17
8.717492435455340456e+03 3.730102474551592855e-17
8.720875649452229482e+03 4.243545573847747244e-17
8.724258863449109413e+03 4.482076675097615530e-17
8.727642077446000258e+03 3.184836395484274197e-17
8.731025291442889284e+03 1.529813048882874816e-17
8.734408505439780129e+03 2.734920352893870274e-17
8.737791719436669155e+03 3.226004528588159327e-17
8.741174933433550905e+03 2.441106450289394610e-17
8.744558147430439931e+03 2.939071310716109033e-17
8.747941361427330776e+03 3.506152557985030359e-17
8.751324575424210707e+03 2.685306086467447065e-17
8.754707789421099733e+03 3.080276277902758838e-17
8.758091003417990578e+03 5.295883634294362434e-17
8.761474217414870509e+03 7.022466246924569934e-17
8.764857431411759535e+03 7.445026748764926876e-17
8.768240645408650380e+03 5.732168093847504998e-17
8.771623859405539406e+03 3.916140511237240792e-17
8.775007073402419337e+03 2.993748771285681764e-17
8.778390287399310182e+03 3.314434059618216130e-17
8.781773501396199208e+03 4.522192845733735805e-17
8.785156715393079139e+03 4.903975697171448726e-17
8.788539929389969984e+03 5.190210182463164435e-17
8.791923143386860829e+03 3.806362977227229544e-17
8.795306357383749855e+03 2.319180908554601362e-18
8.798689571380629786e+03 1.986586363045700637e-17
8.802072785377520631e+03 4.504502785810178239e-17
8.805455999374409657e+03 6.992478201041495048e-17
8.808839213371300502e+03 6.329967177625186904e-17
8.812222427368180433e+03 5.124396732484276893e-17
8.815605641365069459e+03 6.378873698701186647e-17
8.818988855361960304e+03 3.786714535966277228e-17
8.822372069358840236e+03 4.997831665447384315e-17
8.825755283355729262e+03 4.373871543689397247e-17
8.829138497352620107e+03 4.272731050039078291e-17
8.832521711349509133e+03 4.160797594429510658e-17
8.835904925346390883e+03 4.742889463719014595e-17
8.839288139343279909e+03 5.258950229841973361e-17
8.842671353340170754e+03 5.072819256447507398e-17
8.846054567337050685e+03 4.600476795980559304e-17
8.849437781333939711e+03 4.694461996259278753e-17
8.852820995330830556e+03 5.375236497333175978e-17
8.856204209327719582e+03 4.736916180024856651e-17
8.859587423324599513e+03 4.254838239804688100e-17
8.862970637321490358e+03 3.640420041848537848e-17
8.866353851318379384e+03 3.270439642316712571e-17
8.869737065315270229e+03 3.419953876394578166e-17
8.873120279312150160e+03 5.913527093028552091e-17
8.876503493309039186e+03 5.579858482576246553e-17
8.879886707305930031e+03 4.593506131790906245e-17
8.883269921302809962e+03 5.332456539496160933e-17
8.886653135299700807e+03 3.842673906538053612e-17
8.890036349296589833e+03 4.873665213192139946e-17
8.893419563293469764e+03 4.307595729742229694e-17
8.896802777290360609e+03 4.437093355601126896e-17
8.900185991287249635e+03 5.405447708157357520e-17
8.903569205284140480e+03 5.945890042764003947e-17
8.906952419281029506e+03 4.660053930012070355e-17
8.910335633277909437e+03 2.434185354560309236e-17
8.913718847274800282e+03 3.050508944487005588e-17
8.917102061271689308e+03 6.018453702877307074e-17
8.920485275268569239e+03 6.701607590215623974e-17
8.923868489265460084e+03 6.177734346032859932e-17
8.927251703262349110e+03 6.426039762922596517e-17
8.930634917259239955e+03 4.492172929085077247e-17
8.934018131256119887e+03 5.081892359926755398e-17
8.937401345253010732e+03 6.699865951860156333e-17
8.940784559249899758e+03 4.155491712667794970e-17
8.944167773246779689e+03 3.395021556768211243e-17
8.947550987243670534e+03 4.501243693201891137e-17
8.950934201240559560e+03 4.002026587591465482e-17
8.954317415237439491e+03 4.993051426641058308e-17
8.957700629234330336e+03 3.979553927223774887e-17
8.961083843231219362e+03 3.744924179600148872e-17
8.964467057228110207e+03 4.690931410179170206e-17
8.967850271224990138e+03 5.061173046722673502e-17
8.971233485221879164e+03 4.531692567739160035e-17
8.974616699218770009e+03 4.014006783356401359e-17
8.977999913215660854e+03 3.481986399643244102e-17
