# TELESCOPE = UH88
# INSTRUMENT = SNIFS
# OBJECT = 2024fop
# CHANNEL = B+R
# EXPNUM = 24_101_037_003
# MJD-OBS = 60410.511244
# DATE-OBS = 2024-04-10T12:16:13
# EXPTIME = 1800.0s
# AIRMASS = 1.14
# FLUXCAL_RMS_B = 0.082 mag
# FLUXCAL_RMS_R = 0.069 mag
# RA = 17:13:31.45
# DEC = 21:36:18.29
# wl fl err
# [A] [erg/s/cm2/A]
3400.480000 nan nan
3403.480000 nan nan
3406.480000 nan nan
3409.480000 nan nan
3412.480000 nan nan
3415.480000 nan nan
3418.480000 nan nan
3421.480000 nan nan
3424.480000 nan nan
3427.480000 nan nan
3430.480000 nan nan
3433.480000 nan nan
3436.480000 nan nan
3439.480000 nan nan
3442.480000 nan nan
3445.480000 nan nan
3448.480000 nan nan
3451.480000 nan nan
3454.480000 nan nan
3457.480000 nan nan
3460.480000 nan nan
3463.480000 nan nan
3466.480000 nan nan
3469.480000 nan nan
3472.480000 nan nan
3475.480000 nan nan
3478.480000 nan nan
3481.480000 nan nan
3484.480000 nan nan
3487.480000 nan nan
3490.480000 3.756496e-17 4.014640e-17
3493.480000 7.047824e-17 4.508313e-17
3496.480000 1.028374e-16 4.620058e-17
3499.480000 7.717532e-17 4.045578e-17
3502.480000 1.668142e-17 3.999025e-17
3505.480000 9.795603e-18 4.513348e-17
3508.480000 6.661357e-17 4.558863e-17
3511.480000 8.651813e-17 3.908864e-17
3514.480000 3.069701e-17 3.886793e-17
3517.480000 5.861901e-17 4.297160e-17
3520.480000 7.051406e-17 4.193469e-17
3523.480000 8.525112e-17 3.731745e-17
3526.480000 4.286107e-17 3.895680e-17
3529.480000 2.482111e-17 4.195138e-17
3532.480000 6.108609e-17 4.003907e-17
3535.480000 1.080562e-16 3.722120e-17
3538.480000 1.064246e-16 3.976859e-17
3541.480000 1.048448e-16 4.182280e-17
3544.480000 6.654579e-17 3.914554e-17
3547.480000 1.091147e-16 3.751354e-17
3550.480000 9.441910e-17 4.119719e-17
3553.480000 3.494428e-17 4.194324e-17
3556.480000 1.870581e-17 3.783170e-17
3559.480000 7.526805e-17 3.814979e-17
3562.480000 7.846496e-17 4.171776e-17
3565.480000 2.226411e-18 4.126392e-17
3568.480000 4.700404e-17 3.638292e-17
3571.480000 6.737724e-17 3.623831e-17
3574.480000 9.376730e-17 4.053113e-17
3577.480000 7.700227e-19 3.966184e-17
3580.480000 9.209421e-17 3.537049e-17
3583.480000 2.693429e-17 3.543975e-17
3586.480000 5.044771e-17 3.994026e-17
3589.480000 1.113184e-16 3.901785e-17
3592.480000 8.673880e-17 3.438931e-17
3595.480000 9.226881e-17 3.620694e-17
3598.480000 4.579466e-17 3.919272e-17
3601.480000 8.520062e-17 3.734119e-17
3604.480000 6.475048e-17 3.336968e-17
3607.480000 4.215426e-17 3.507812e-17
3610.480000 9.510649e-17 3.699618e-17
3613.480000 8.135047e-17 3.440400e-17
3616.480000 7.531439e-17 3.197402e-17
3619.480000 7.120104e-17 3.553357e-17
3622.480000 1.353671e-16 3.712988e-17
3625.480000 1.368948e-16 3.387003e-17
3628.480000 1.396912e-16 3.250493e-17
3631.480000 1.108599e-16 3.583495e-17
3634.480000 7.791047e-17 3.628602e-17
3637.480000 1.008554e-16 3.256168e-17
3640.480000 7.561453e-17 3.215002e-17
3643.480000 2.939884e-17 3.634581e-17
3646.480000 5.623457e-17 3.647006e-17
3649.480000 1.168081e-16 3.236104e-17
3652.480000 1.345458e-16 3.289929e-17
3655.480000 8.795609e-17 3.623875e-17
3658.480000 9.125920e-17 3.604951e-17
3661.480000 1.094732e-16 3.221128e-17
3664.480000 1.229262e-16 3.379078e-17
3667.480000 1.388463e-16 3.528812e-17
3670.480000 6.569093e-17 3.313406e-17
3673.480000 9.399742e-17 3.099815e-17
3676.480000 1.140132e-16 3.237851e-17
3679.480000 8.757022e-17 3.418314e-17
3682.480000 1.837489e-16 3.176098e-17
3685.480000 1.727026e-16 2.930020e-17
3688.480000 9.990058e-17 3.123080e-17
3691.480000 8.605699e-17 3.237421e-17
3694.480000 1.197985e-16 2.991527e-17
3697.480000 1.097807e-16 2.867563e-17
3700.480000 1.404105e-16 3.221193e-17
3703.480000 1.787582e-16 3.284896e-17
3706.480000 1.575569e-16 2.922635e-17
3709.480000 1.409185e-16 2.871673e-17
3712.480000 2.068632e-16 3.283811e-17
3715.480000 1.623994e-16 3.252811e-17
3718.480000 9.971232e-17 2.813778e-17
3721.480000 8.783942e-17 2.830502e-17
3724.480000 1.497360e-16 3.160333e-17
3727.480000 1.064743e-16 3.077412e-17
3730.480000 1.008981e-16 2.740339e-17
3733.480000 1.107448e-16 2.829601e-17
3736.480000 5.043493e-17 3.087454e-17
3739.480000 3.757966e-17 2.966085e-17
3742.480000 6.752463e-17 2.682074e-17
3745.480000 8.177164e-17 2.835153e-17
3748.480000 7.686950e-17 2.996867e-17
3751.480000 6.559687e-17 2.793660e-17
3754.480000 8.931833e-17 2.575291e-17
3757.480000 9.369117e-17 2.776127e-17
3760.480000 7.768295e-17 2.894767e-17
3763.480000 1.179568e-16 2.641910e-17
3766.480000 1.573528e-16 2.536183e-17
3769.480000 1.162201e-16 2.789984e-17
3772.480000 1.145395e-16 2.848933e-17
3775.480000 9.391254e-17 2.554912e-17
3778.480000 9.925265e-17 2.509503e-17
3781.480000 1.630548e-16 2.873943e-17
3784.480000 1.528430e-16 2.868939e-17
3787.480000 1.565888e-16 2.519007e-17
3790.480000 1.066897e-16 2.489585e-17
3793.480000 1.376309e-16 2.819842e-17
3796.480000 1.646211e-16 2.790448e-17
3799.480000 1.351186e-16 2.463231e-17
3802.480000 1.268415e-16 2.524847e-17
3805.480000 1.325711e-16 2.793628e-17
3808.480000 1.913043e-16 2.716028e-17
3811.480000 1.923011e-16 2.452606e-17
3814.480000 2.065515e-16 2.631104e-17
3817.480000 1.256527e-16 2.810146e-17
3820.480000 1.471606e-16 2.675194e-17
3823.480000 2.021967e-16 2.479757e-17
3826.480000 2.177589e-16 2.686063e-17
3829.480000 2.186955e-16 2.835843e-17
3832.480000 1.588172e-16 2.618158e-17
3835.480000 1.995794e-16 2.495841e-17
3838.480000 2.062306e-16 2.749124e-17
3841.480000 1.999148e-16 2.826508e-17
3844.480000 1.928195e-16 2.539014e-17
3847.480000 2.226970e-16 2.443079e-17
3850.480000 1.893296e-16 2.733688e-17
3853.480000 1.774345e-16 2.749391e-17
3856.480000 1.746987e-16 2.444008e-17
3859.480000 1.813520e-16 2.419663e-17
3862.480000 2.052430e-16 2.735722e-17
3865.480000 1.499324e-16 2.662487e-17
3868.480000 1.251884e-16 2.286434e-17
3871.480000 1.284644e-16 2.348446e-17
3874.480000 1.611043e-16 2.610857e-17
3877.480000 1.556758e-16 2.510657e-17
3880.480000 1.593055e-16 2.256856e-17
3883.480000 1.516101e-16 2.358294e-17
3886.480000 1.087588e-16 2.479115e-17
3889.480000 5.729265e-17 2.320674e-17
3892.480000 9.531066e-17 2.146281e-17
3895.480000 7.638065e-17 2.292410e-17
3898.480000 8.874759e-17 2.401323e-17
3901.480000 1.530880e-16 2.252823e-17
3904.480000 1.420659e-16 2.124640e-17
3907.480000 9.320061e-17 2.323583e-17
3910.480000 7.371437e-17 2.409383e-17
3913.480000 9.454705e-17 2.192864e-17
3916.480000 6.446560e-17 2.074222e-17
3919.480000 7.016439e-17 2.311603e-17
3922.480000 5.221648e-17 2.326014e-17
3925.480000 5.054873e-17 2.036804e-17
3928.480000 6.924616e-17 2.013912e-17
3931.480000 6.814189e-17 2.277866e-17
3934.480000 3.055220e-17 2.221522e-17
3937.480000 2.805050e-17 1.963865e-17
3940.480000 6.458341e-17 2.041181e-17
3943.480000 5.846731e-17 2.273054e-17
3946.480000 8.738247e-17 2.230744e-17
3949.480000 1.195363e-16 2.033641e-17
3952.480000 1.200943e-16 2.134333e-17
3955.480000 1.160372e-16 2.383140e-17
3958.480000 1.055490e-16 2.199027e-17
3961.480000 8.376156e-17 2.000678e-17
3964.480000 1.079983e-16 2.152393e-17
3967.480000 1.011850e-16 2.288271e-17
3970.480000 1.252992e-16 2.160227e-17
3973.480000 6.564515e-17 1.987433e-17
3976.480000 6.436043e-17 2.167329e-17
3979.480000 6.397156e-17 2.249245e-17
3982.480000 7.385325e-17 2.029180e-17
3985.480000 6.509316e-17 1.933848e-17
3988.480000 2.238614e-17 2.152279e-17
3991.480000 3.184398e-17 2.176459e-17
3994.480000 6.886989e-17 1.928004e-17
3997.480000 8.021819e-17 1.896701e-17
4000.480000 9.053074e-17 2.142902e-17
4003.480000 1.043593e-16 2.160616e-17
4006.480000 1.514662e-16 1.916105e-17
4009.480000 1.675247e-16 1.965402e-17
4012.480000 1.463358e-16 2.180978e-17
4015.480000 1.556723e-16 2.116982e-17
4018.480000 1.708365e-16 1.891562e-17
4021.480000 1.979224e-16 1.983022e-17
4024.480000 1.905911e-16 2.164871e-17
4027.480000 1.837031e-16 2.075505e-17
4030.480000 1.712905e-16 1.888185e-17
4033.480000 1.678746e-16 2.023874e-17
4036.480000 1.977413e-16 2.180258e-17
4039.480000 2.082234e-16 2.055544e-17
4042.480000 2.144281e-16 1.939920e-17
4045.480000 1.870449e-16 2.131113e-17
4048.480000 1.902633e-16 2.211998e-17
4051.480000 2.246781e-16 2.022352e-17
4054.480000 2.679219e-16 1.949987e-17
4057.480000 2.546509e-16 2.153026e-17
4060.480000 2.687065e-16 2.219896e-17
4063.480000 2.629725e-16 2.006188e-17
4066.480000 2.487298e-16 1.966102e-17
4069.480000 2.875939e-16 2.302131e-17
4072.480000 3.414339e-16 2.353951e-17
4075.480000 3.547070e-16 2.100127e-17
4078.480000 3.762936e-16 2.159087e-17
4081.480000 3.723183e-16 2.467298e-17
4084.480000 3.615639e-16 2.431540e-17
4087.480000 3.674728e-16 2.116948e-17
4090.480000 4.010794e-16 2.222099e-17
4093.480000 3.865196e-16 2.401557e-17
4096.480000 3.854635e-16 2.284215e-17
4099.480000 3.402328e-16 2.012515e-17
4102.480000 3.507445e-16 2.108174e-17
4105.480000 3.900193e-16 2.239288e-17
4108.480000 3.946871e-16 2.058575e-17
4111.480000 3.737375e-16 1.868947e-17
4114.480000 3.547539e-16 1.998501e-17
4117.480000 3.499255e-16 2.060129e-17
4120.480000 3.493868e-16 1.868568e-17
4123.480000 4.030089e-16 1.800157e-17
4126.480000 4.270202e-16 1.986240e-17
4129.480000 3.635974e-16 2.015037e-17
4132.480000 3.593992e-16 1.810809e-17
4135.480000 3.235267e-16 1.761030e-17
4138.480000 3.281446e-16 2.002536e-17
4141.480000 3.370000e-16 2.010041e-17
4144.480000 3.281030e-16 1.752715e-17
4147.480000 3.191703e-16 1.753454e-17
4150.480000 3.159002e-16 1.965629e-17
4153.480000 3.151777e-16 1.924348e-17
4156.480000 3.062741e-16 1.696524e-17
4159.480000 3.190382e-16 1.755372e-17
4162.480000 3.041103e-16 1.919424e-17
4165.480000 2.851151e-16 1.840213e-17
4168.480000 2.811332e-16 1.665992e-17
4171.480000 2.913320e-16 1.796585e-17
4174.480000 2.885200e-16 1.954998e-17
4177.480000 2.592372e-16 1.845286e-17
4180.480000 2.486831e-16 1.721155e-17
4183.480000 2.355702e-16 1.869326e-17
4186.480000 2.459659e-16 1.972557e-17
4189.480000 2.405677e-16 1.829867e-17
4192.480000 2.337654e-16 1.751108e-17
4195.480000 2.229475e-16 1.949631e-17
4198.480000 2.875744e-16 2.053223e-17
4201.480000 2.604643e-16 1.828998e-17
4204.480000 2.838311e-16 1.781195e-17
4207.480000 2.940388e-16 2.009441e-17
4210.480000 2.818233e-16 2.021795e-17
4213.480000 2.510869e-16 1.747653e-17
4216.480000 2.824076e-16 1.745369e-17
4219.480000 2.712939e-16 1.953416e-17
4222.480000 2.509186e-16 1.907113e-17
4225.480000 2.616185e-16 1.680388e-17
4228.480000 2.420510e-16 1.692399e-17
4231.480000 2.481235e-16 1.850525e-17
4234.480000 2.466406e-16 1.790798e-17
4237.480000 2.689115e-16 1.629020e-17
4240.480000 2.898391e-16 1.720344e-17
4243.480000 2.618423e-16 1.851191e-17
4246.480000 2.518631e-16 1.738554e-17
4249.480000 2.457869e-16 1.590892e-17
4252.480000 2.831178e-16 1.747991e-17
4255.480000 2.597936e-16 1.824031e-17
4258.480000 2.721138e-16 1.701197e-17
4261.480000 2.902576e-16 1.608394e-17
4264.480000 2.739183e-16 1.753887e-17
4267.480000 2.733970e-16 1.821705e-17
4270.480000 2.862623e-16 1.665414e-17
4273.480000 2.764762e-16 1.600027e-17
4276.480000 2.560351e-16 1.793228e-17
4279.480000 2.937863e-16 1.837546e-17
4282.480000 2.892233e-16 1.630281e-17
4285.480000 2.740824e-16 1.609365e-17
4288.480000 2.833193e-16 1.841462e-17
4291.480000 2.695983e-16 1.811259e-17
4294.480000 2.749207e-16 1.593200e-17
4297.480000 2.781722e-16 1.632176e-17
4300.480000 2.669500e-16 1.805031e-17
4303.480000 2.905932e-16 1.763317e-17
4306.480000 2.945802e-16 1.582439e-17
4309.480000 2.838361e-16 1.655368e-17
4312.480000 2.569186e-16 1.790234e-17
4315.480000 2.383176e-16 1.701079e-17
4318.480000 2.723727e-16 1.575625e-17
4321.480000 2.916843e-16 1.704428e-17
4324.480000 2.916601e-16 1.803096e-17
4327.480000 2.775439e-16 1.675248e-17
4330.480000 2.634542e-16 1.566765e-17
4333.480000 2.771072e-16 1.725169e-17
4336.480000 2.958763e-16 1.807955e-17
4339.480000 2.912403e-16 1.641086e-17
4342.480000 2.920812e-16 1.584349e-17
4345.480000 2.800399e-16 1.755692e-17
4348.480000 2.694378e-16 1.779060e-17
4351.480000 2.614038e-16 1.577170e-17
4354.480000 2.810513e-16 1.580328e-17
4357.480000 2.737720e-16 1.873875e-17
4360.480000 2.767364e-16 1.840648e-17
4363.480000 2.749570e-16 1.578748e-17
4366.480000 2.903738e-16 1.608944e-17
4369.480000 2.772302e-16 1.774606e-17
4372.480000 2.524217e-16 1.703692e-17
4375.480000 2.686046e-16 1.537490e-17
4378.480000 2.777911e-16 1.613787e-17
4381.480000 2.781746e-16 1.773952e-17
4384.480000 2.782652e-16 1.680816e-17
4387.480000 2.773868e-16 1.527550e-17
4390.480000 2.812071e-16 1.644158e-17
4393.480000 2.710033e-16 1.747080e-17
4396.480000 2.626304e-16 1.654805e-17
4399.480000 2.668712e-16 1.527318e-17
4402.480000 2.853659e-16 1.667209e-17
4405.480000 2.706726e-16 1.733488e-17
4408.480000 2.403107e-16 1.592971e-17
4411.480000 2.637744e-16 1.556063e-17
4414.480000 2.617343e-16 1.739204e-17
4417.480000 2.655916e-16 1.762640e-17
4420.480000 2.435466e-16 1.558950e-17
4423.480000 2.581609e-16 1.543041e-17
4426.480000 2.748824e-16 1.758482e-17
4429.480000 2.637016e-16 1.747950e-17
4432.480000 2.596922e-16 1.522736e-17
4435.480000 2.699943e-16 1.547690e-17
4438.480000 2.474890e-16 1.729426e-17
4441.480000 2.202346e-16 1.680431e-17
4444.480000 2.085595e-16 1.486621e-17
4447.480000 2.560297e-16 1.579884e-17
4450.480000 2.901077e-16 1.743719e-17
4453.480000 2.553032e-16 1.656590e-17
4456.480000 2.111387e-16 1.479065e-17
4459.480000 2.387030e-16 1.622553e-17
4462.480000 2.618824e-16 1.779271e-17
4465.480000 2.585971e-16 1.627303e-17
4468.480000 2.280774e-16 1.469721e-17
4471.480000 2.280982e-16 1.599784e-17
4474.480000 2.353911e-16 1.690609e-17
4477.480000 2.388004e-16 1.548565e-17
4480.480000 2.618692e-16 1.476177e-17
4483.480000 2.481293e-16 1.633963e-17
4486.480000 2.349443e-16 1.670225e-17
4489.480000 2.404958e-16 1.505804e-17
4492.480000 2.433462e-16 1.472349e-17
4495.480000 2.503662e-16 1.671893e-17
4498.480000 2.254667e-16 1.673086e-17
4501.480000 2.010406e-16 1.454588e-17
4504.480000 2.008861e-16 1.458445e-17
4507.480000 2.193431e-16 1.649667e-17
4510.480000 1.930069e-16 1.603692e-17
4513.480000 1.919805e-16 1.405453e-17
4516.480000 1.710443e-16 1.436214e-17
4519.480000 1.576387e-16 1.573263e-17
4522.480000 1.493157e-16 1.530910e-17
4525.480000 1.629281e-16 1.409225e-17
4528.480000 1.863903e-16 1.499142e-17
4531.480000 1.704756e-16 1.612093e-17
4534.480000 1.766260e-16 1.525916e-17
4537.480000 1.806429e-16 1.411380e-17
4540.480000 1.644647e-16 1.521783e-17
4543.480000 1.530658e-16 1.603221e-17
4546.480000 1.870042e-16 1.500638e-17
4549.480000 2.000636e-16 1.421555e-17
4552.480000 2.110306e-16 1.582567e-17
4555.480000 1.908821e-16 1.619831e-17
4558.480000 2.218400e-16 1.476093e-17
4561.480000 2.176262e-16 1.444152e-17
4564.480000 1.966730e-16 1.616544e-17
4567.480000 1.835595e-16 1.627558e-17
4570.480000 2.052095e-16 1.450763e-17
4573.480000 2.108140e-16 1.445558e-17
4576.480000 2.146978e-16 1.628107e-17
4579.480000 2.246246e-16 1.628778e-17
4582.480000 2.499061e-16 1.451568e-17
4585.480000 2.398746e-16 1.475258e-17
4588.480000 2.263442e-16 1.609264e-17
4591.480000 2.543910e-16 1.581745e-17
4594.480000 2.560029e-16 1.427656e-17
4597.480000 2.438406e-16 1.487672e-17
4600.480000 2.328678e-16 1.601481e-17
4603.480000 2.598785e-16 1.536037e-17
4606.480000 2.715762e-16 1.427463e-17
4609.480000 2.734678e-16 1.542239e-17
4612.480000 2.707525e-16 1.634864e-17
4615.480000 2.643270e-16 1.509754e-17
4618.480000 2.628103e-16 1.425847e-17
4621.480000 2.684319e-16 1.577044e-17
4624.480000 2.388702e-16 1.613529e-17
4627.480000 2.420725e-16 1.472775e-17
4630.480000 2.527925e-16 1.413277e-17
4633.480000 2.725087e-16 1.622848e-17
4636.480000 3.149018e-16 1.671581e-17
4639.480000 2.730089e-16 1.470358e-17
4642.480000 2.849902e-16 1.454305e-17
4645.480000 2.930425e-16 1.651482e-17
4648.480000 2.944133e-16 1.639790e-17
4651.480000 2.938692e-16 1.445241e-17
4654.480000 2.894802e-16 1.472503e-17
4657.480000 3.018503e-16 1.646736e-17
4660.480000 3.253600e-16 1.625516e-17
4663.480000 3.112395e-16 1.442185e-17
4666.480000 3.225634e-16 1.517488e-17
4669.480000 2.999120e-16 1.631762e-17
4672.480000 3.095073e-16 1.558512e-17
4675.480000 3.355925e-16 1.437874e-17
4678.480000 3.334389e-16 1.548169e-17
4681.480000 3.175576e-16 1.643516e-17
4684.480000 3.628853e-16 1.557083e-17
4687.480000 3.513466e-16 1.462878e-17
4690.480000 3.472930e-16 1.602264e-17
4693.480000 3.697244e-16 1.675630e-17
4696.480000 3.968689e-16 1.549156e-17
4699.480000 3.476306e-16 1.459253e-17
4702.480000 3.517032e-16 1.643796e-17
4705.480000 3.425164e-16 1.664155e-17
4708.480000 3.316971e-16 1.482113e-17
4711.480000 3.660061e-16 1.480122e-17
4714.480000 3.510455e-16 1.676448e-17
4717.480000 3.458393e-16 1.660045e-17
4720.480000 3.828266e-16 1.478889e-17
4723.480000 3.659825e-16 1.499442e-17
4726.480000 3.794076e-16 1.684110e-17
4729.480000 4.156377e-16 1.670788e-17
4732.480000 3.822488e-16 1.481571e-17
4735.480000 3.902531e-16 1.544831e-17
4738.480000 3.856301e-16 1.676887e-17
4741.480000 3.790149e-16 1.609554e-17
4744.480000 3.738509e-16 1.469148e-17
4747.480000 3.820406e-16 1.588971e-17
4750.480000 3.801343e-16 1.657037e-17
4753.480000 3.715449e-16 1.540842e-17
4756.480000 3.624783e-16 1.431538e-17
4759.480000 3.779972e-16 1.598275e-17
4762.480000 3.813849e-16 1.669675e-17
4765.480000 3.727291e-16 1.539797e-17
4768.480000 3.701943e-16 1.475047e-17
4771.480000 3.996663e-16 1.645998e-17
4774.480000 3.777227e-16 1.668545e-17
4777.480000 3.594505e-16 1.484725e-17
4780.480000 3.808440e-16 1.482378e-17
4783.480000 3.735763e-16 1.681480e-17
4786.480000 3.796348e-16 1.683750e-17
4789.480000 3.665176e-16 1.473290e-17
4792.480000 3.626542e-16 1.481045e-17
4795.480000 3.631465e-16 1.650003e-17
4798.480000 3.526659e-16 1.629704e-17
4801.480000 3.720557e-16 1.457112e-17
4804.480000 3.751562e-16 1.517373e-17
4807.480000 3.651133e-16 1.667687e-17
4810.480000 3.661659e-16 1.615376e-17
4813.480000 3.943533e-16 1.480877e-17
4816.480000 3.917126e-16 1.571251e-17
4819.480000 3.853209e-16 1.670469e-17
4822.480000 3.926730e-16 1.575663e-17
4825.480000 3.996705e-16 1.479539e-17
4828.480000 3.874552e-16 1.603639e-17
4831.480000 3.623263e-16 1.674729e-17
4834.480000 3.851905e-16 1.558758e-17
4837.480000 3.815821e-16 1.495599e-17
4840.480000 3.778961e-16 1.656533e-17
4843.480000 3.957551e-16 1.700598e-17
4846.480000 3.882893e-16 1.525444e-17
4849.480000 3.778544e-16 1.492712e-17
4852.480000 3.572672e-16 1.687674e-17
4855.480000 4.062661e-16 1.760013e-17
4858.480000 3.957540e-16 1.527582e-17
4861.480000 3.593344e-16 1.503922e-17
4864.480000 3.752064e-16 1.695172e-17
4867.480000 3.919797e-16 1.679409e-17
4870.480000 3.598671e-16 1.470829e-17
4873.480000 3.442847e-16 1.505278e-17
4876.480000 3.272383e-16 1.657683e-17
4879.480000 3.207867e-16 1.599778e-17
4882.480000 3.415730e-16 1.462546e-17
4885.480000 3.518012e-16 1.566494e-17
4888.480000 3.304452e-16 1.673860e-17
4891.480000 3.573157e-16 1.593994e-17
4894.480000 3.537764e-16 1.471686e-17
4897.480000 3.032358e-16 1.576350e-17
5200.480000 3.385334e-16 2.652468e-17
5203.480000 3.296932e-16 2.676177e-17
5206.480000 2.920943e-16 2.671033e-17
5209.480000 3.060604e-16 2.718517e-17
5212.480000 3.341032e-16 2.769365e-17
5215.480000 3.094213e-16 2.677354e-17
5218.480000 3.240718e-16 2.606796e-17
5221.480000 3.013966e-16 2.552061e-17
5224.480000 2.460994e-16 2.469154e-17
5227.480000 2.680287e-16 2.394094e-17
5230.480000 3.101288e-16 2.350554e-17
5233.480000 3.480744e-16 2.327124e-17
5236.480000 3.498660e-16 2.290902e-17
5239.480000 3.575950e-16 2.243437e-17
5242.480000 3.176814e-16 2.206549e-17
5245.480000 3.351588e-16 2.119654e-17
5248.480000 3.122700e-16 2.043358e-17
5251.480000 2.796247e-16 1.990044e-17
5254.480000 2.664230e-16 1.958071e-17
5257.480000 2.975625e-16 1.947394e-17
5260.480000 3.194255e-16 1.889094e-17
5263.480000 3.281715e-16 1.862107e-17
5266.480000 3.057165e-16 1.828256e-17
5269.480000 2.706933e-16 1.959893e-17
5272.480000 2.690745e-16 1.999802e-17
5275.480000 2.931720e-16 1.800220e-17
5278.480000 2.947466e-16 1.755018e-17
5281.480000 2.926045e-16 1.735009e-17
5284.480000 3.038149e-16 1.724466e-17
5287.480000 3.080268e-16 1.724484e-17
5290.480000 3.055435e-16 1.729286e-17
5293.480000 3.155661e-16 1.748234e-17
5296.480000 3.107498e-16 1.749955e-17
5299.480000 2.777676e-16 1.742881e-17
5302.480000 3.031018e-16 1.782497e-17
5305.480000 2.938280e-16 1.793174e-17
5308.480000 2.987616e-16 1.819716e-17
5311.480000 2.960512e-16 1.827773e-17
5314.480000 2.774347e-16 1.843717e-17
5317.480000 3.110087e-16 1.864726e-17
5320.480000 2.973889e-16 1.856757e-17
5323.480000 3.035729e-16 1.901040e-17
5326.480000 2.825744e-16 1.925187e-17
5329.480000 2.931228e-16 1.950261e-17
5332.480000 3.194340e-16 1.985087e-17
5335.480000 3.534648e-16 2.050104e-17
5338.480000 3.287832e-16 2.035091e-17
5341.480000 3.255493e-16 1.970238e-17
5344.480000 3.132409e-16 1.913857e-17
5347.480000 3.072374e-16 1.874216e-17
5350.480000 3.014214e-16 1.817102e-17
5353.480000 3.143996e-16 1.763021e-17
5356.480000 3.093124e-16 1.723910e-17
5359.480000 3.226658e-16 1.687429e-17
5362.480000 3.119064e-16 1.619295e-17
5365.480000 3.290799e-16 1.592897e-17
5368.480000 3.310573e-16 1.566010e-17
5371.480000 3.105983e-16 1.508293e-17
5374.480000 3.019059e-16 1.462736e-17
5377.480000 3.018576e-16 1.424465e-17
5380.480000 3.179220e-16 1.409222e-17
5383.480000 3.210918e-16 1.408658e-17
5386.480000 3.092975e-16 1.368527e-17
5389.480000 3.149418e-16 1.346761e-17
5392.480000 3.159474e-16 1.314727e-17
5395.480000 3.239354e-16 1.302966e-17
5398.480000 3.310294e-16 1.296350e-17
5401.480000 3.196777e-16 1.280072e-17
5404.480000 3.087847e-16 1.275069e-17
5407.480000 3.343656e-16 1.284939e-17
5410.480000 3.351754e-16 1.275616e-17
5413.480000 3.185107e-16 1.276582e-17
5416.480000 3.049832e-16 1.276901e-17
5419.480000 2.951768e-16 1.291714e-17
5422.480000 2.811497e-16 1.456201e-17
5425.480000 2.932595e-16 1.334326e-17
5428.480000 2.998983e-16 1.314406e-17
5431.480000 2.973969e-16 1.334885e-17
5434.480000 2.937575e-16 1.358207e-17
5437.480000 2.902373e-16 1.371766e-17
5440.480000 3.149392e-16 1.420857e-17
5443.480000 3.272651e-16 1.477980e-17
5446.480000 3.253867e-16 1.480538e-17
5449.480000 3.059572e-16 1.515680e-17
5452.480000 3.269889e-16 1.562129e-17
5455.480000 3.263893e-16 1.583506e-17
5458.480000 3.264805e-16 1.615886e-17
5461.480000 3.136744e-16 1.625863e-17
5464.480000 3.183305e-16 1.625515e-17
5467.480000 3.492299e-16 1.604183e-17
5470.480000 3.347235e-16 1.550185e-17
5473.480000 3.348077e-16 1.534262e-17
5476.480000 3.309778e-16 1.523556e-17
5479.480000 3.119612e-16 1.432737e-17
5482.480000 2.941582e-16 1.386153e-17
5485.480000 3.105399e-16 1.367882e-17
5488.480000 3.152758e-16 1.345107e-17
5491.480000 3.145933e-16 1.327469e-17
5494.480000 3.120041e-16 1.319776e-17
5497.480000 3.253606e-16 1.297098e-17
5500.480000 3.217943e-16 1.238348e-17
5503.480000 3.075252e-16 1.237439e-17
5506.480000 3.220699e-16 1.258206e-17
5509.480000 3.124154e-16 1.215727e-17
5512.480000 3.054397e-16 1.171355e-17
5515.480000 2.960028e-16 1.135307e-17
5518.480000 2.829854e-16 1.097212e-17
5521.480000 2.743916e-16 1.077852e-17
5524.480000 2.630955e-16 1.072131e-17
5527.480000 2.618300e-16 1.077408e-17
5530.480000 2.592741e-16 1.100436e-17
5533.480000 2.620078e-16 1.097025e-17
5536.480000 2.626941e-16 1.093431e-17
5539.480000 2.447314e-16 1.105117e-17
5542.480000 2.423960e-16 1.121391e-17
5545.480000 2.798225e-16 1.135576e-17
5548.480000 2.879793e-16 1.141547e-17
5551.480000 2.810623e-16 1.159259e-17
5554.480000 2.702434e-16 1.165797e-17
5557.480000 2.482235e-16 1.185999e-17
5560.480000 2.703402e-16 1.225592e-17
5563.480000 2.742341e-16 1.262099e-17
5566.480000 2.508682e-16 1.316509e-17
5569.480000 1.934720e-16 1.490905e-17
5572.480000 1.908417e-16 1.920876e-17
5575.480000 3.194244e-16 2.461300e-17
5578.480000 3.249495e-16 2.633412e-17
5581.480000 2.628760e-16 2.312321e-17
5584.480000 2.214552e-16 1.835534e-17
5587.480000 2.572843e-16 1.611013e-17
5590.480000 2.682377e-16 1.641507e-17
5593.480000 2.531983e-16 1.517840e-17
5596.480000 2.520881e-16 1.368272e-17
5599.480000 2.404084e-16 1.324348e-17
5602.480000 2.570307e-16 1.276229e-17
5605.480000 2.576926e-16 1.242109e-17
5608.480000 2.586228e-16 1.207590e-17
5611.480000 2.578563e-16 1.182192e-17
5614.480000 2.562263e-16 1.163242e-17
5617.480000 2.569781e-16 1.143712e-17
5620.480000 2.755430e-16 1.136601e-17
5623.480000 2.754038e-16 1.105605e-17
5626.480000 2.758568e-16 1.099538e-17
5629.480000 2.718044e-16 1.054194e-17
5632.480000 2.647610e-16 1.080565e-17
5635.480000 2.725607e-16 1.151942e-17
5638.480000 2.705691e-16 1.034988e-17
5641.480000 2.687422e-16 1.000903e-17
5644.480000 2.594415e-16 9.873239e-18
5647.480000 2.492770e-16 9.776213e-18
5650.480000 2.484208e-16 9.637513e-18
5653.480000 2.696521e-16 9.662716e-18
5656.480000 2.682420e-16 9.579718e-18
5659.480000 2.447703e-16 9.466423e-18
5662.480000 2.518435e-16 9.521639e-18
5665.480000 2.616343e-16 9.570713e-18
5668.480000 2.507470e-16 9.671100e-18
5671.480000 2.418190e-16 9.767574e-18
5674.480000 2.549445e-16 9.955500e-18
5677.480000 2.583213e-16 1.021155e-17
5680.480000 2.610465e-16 1.036093e-17
5683.480000 2.569313e-16 1.049842e-17
5686.480000 2.411009e-16 1.059090e-17
5689.480000 2.422585e-16 1.063538e-17
5692.480000 2.413975e-16 1.071969e-17
5695.480000 2.498197e-16 1.100091e-17
5698.480000 2.527666e-16 1.119399e-17
5701.480000 2.158511e-16 1.129041e-17
5704.480000 2.173842e-16 1.157168e-17
5707.480000 2.225816e-16 1.184929e-17
5710.480000 2.176981e-16 1.202463e-17
5713.480000 2.211997e-16 1.214195e-17
5716.480000 2.214670e-16 1.215175e-17
5719.480000 2.292093e-16 1.185510e-17
5722.480000 2.292119e-16 1.156953e-17
5725.480000 2.364251e-16 1.121226e-17
5728.480000 2.183013e-16 1.083794e-17
5731.480000 2.118139e-16 1.053291e-17
5734.480000 2.195607e-16 1.031232e-17
5737.480000 2.169109e-16 1.009123e-17
5740.480000 2.196678e-16 9.894080e-18
5743.480000 1.947049e-16 9.543412e-18
5746.480000 2.045022e-16 9.294436e-18
5749.480000 2.208509e-16 9.168415e-18
5752.480000 2.240970e-16 9.136775e-18
5755.480000 2.116453e-16 8.971891e-18
5758.480000 2.024590e-16 8.827350e-18
5761.480000 2.044161e-16 8.668276e-18
5764.480000 2.050955e-16 8.521167e-18
5767.480000 2.167808e-16 8.448597e-18
5770.480000 2.275594e-16 8.372744e-18
5773.480000 2.281800e-16 8.329162e-18
5776.480000 2.411829e-16 8.413280e-18
5779.480000 2.453131e-16 8.462220e-18
5782.480000 2.379367e-16 8.441232e-18
5785.480000 2.378576e-16 8.469329e-18
5788.480000 2.442200e-16 8.534976e-18
5791.480000 2.558841e-16 8.583646e-18
5794.480000 2.492920e-16 8.660442e-18
5797.480000 2.496407e-16 8.755105e-18
5800.480000 2.526309e-16 8.888480e-18
5803.480000 2.551721e-16 9.018572e-18
5806.480000 2.569725e-16 9.218544e-18
5809.480000 2.519203e-16 9.477422e-18
5812.480000 2.600724e-16 9.612455e-18
5815.480000 2.633938e-16 9.821405e-18
5818.480000 2.635359e-16 1.008298e-17
5821.480000 2.795701e-16 1.024533e-17
5824.480000 2.717005e-16 1.048424e-17
5827.480000 2.672987e-16 1.071912e-17
5830.480000 2.567290e-16 1.089574e-17
5833.480000 2.736514e-16 1.119995e-17
5836.480000 2.871010e-16 1.150628e-17
5839.480000 2.773546e-16 1.162951e-17
5842.480000 2.725924e-16 1.141944e-17
5845.480000 2.773802e-16 1.107960e-17
5848.480000 2.653226e-16 1.082715e-17
5851.480000 2.651631e-16 1.061488e-17
5854.480000 2.627745e-16 1.031451e-17
5857.480000 2.599973e-16 1.003262e-17
5860.480000 2.652625e-16 9.869950e-18
5863.480000 2.639346e-16 9.690836e-18
5866.480000 2.742112e-16 9.544879e-18
5869.480000 2.728703e-16 9.366459e-18
5872.480000 2.749106e-16 9.196612e-18
5875.480000 2.869655e-16 9.092284e-18
5878.480000 3.003417e-16 9.025481e-18
5881.480000 2.857611e-16 8.985418e-18
5884.480000 2.736612e-16 9.169238e-18
5887.480000 2.778392e-16 9.714657e-18
5890.480000 2.839951e-16 1.015486e-17
5893.480000 2.756589e-16 1.003426e-17
5896.480000 2.664308e-16 9.547599e-18
5899.480000 2.691260e-16 9.026707e-18
5902.480000 2.655724e-16 8.532331e-18
5905.480000 2.637632e-16 8.289828e-18
5908.480000 2.716622e-16 8.280694e-18
5911.480000 2.688105e-16 8.339529e-18
5914.480000 2.562825e-16 8.351933e-18
5917.480000 2.604624e-16 8.397124e-18
5920.480000 2.742321e-16 8.472823e-18
5923.480000 2.828911e-16 8.569117e-18
5926.480000 2.763607e-16 8.689399e-18
5929.480000 2.808642e-16 8.843402e-18
5932.480000 2.846810e-16 9.012943e-18
5935.480000 2.844557e-16 9.109718e-18
5938.480000 2.804286e-16 9.175075e-18
5941.480000 2.691739e-16 9.339459e-18
5944.480000 2.721359e-16 9.578934e-18
5947.480000 2.789709e-16 9.930645e-18
5950.480000 2.776448e-16 1.024022e-17
5953.480000 2.678447e-16 1.048439e-17
5956.480000 2.868522e-16 1.069555e-17
5959.480000 3.078304e-16 1.085807e-17
5962.480000 2.705670e-16 1.088117e-17
5965.480000 2.765322e-16 1.106162e-17
5968.480000 2.558432e-16 1.089856e-17
5971.480000 2.462779e-16 1.062364e-17
5974.480000 2.666033e-16 1.043175e-17
5977.480000 2.487462e-16 1.004758e-17
5980.480000 2.520578e-16 9.660940e-18
5983.480000 2.502888e-16 9.367886e-18
5986.480000 2.567368e-16 9.248578e-18
5989.480000 2.536398e-16 9.008915e-18
5992.480000 2.485802e-16 8.775363e-18
5995.480000 2.624437e-16 8.707535e-18
5998.480000 2.700735e-16 8.590458e-18
6001.480000 2.612496e-16 8.359279e-18
6004.480000 2.543819e-16 8.131935e-18
6007.480000 2.502926e-16 7.928794e-18
6010.480000 2.358014e-16 7.779621e-18
6013.480000 2.335423e-16 7.672674e-18
6016.480000 2.454433e-16 7.619546e-18
6019.480000 2.330514e-16 7.623362e-18
6022.480000 2.226666e-16 7.510668e-18
6025.480000 2.266022e-16 7.434353e-18
6028.480000 2.327641e-16 7.437911e-18
6031.480000 2.207861e-16 7.411183e-18
6034.480000 2.141866e-16 7.448725e-18
6037.480000 2.200992e-16 7.539654e-18
6040.480000 2.296018e-16 7.457462e-18
6043.480000 2.230130e-16 7.327708e-18
6046.480000 2.113404e-16 7.363131e-18
6049.480000 2.069427e-16 7.457783e-18
6052.480000 2.081544e-16 7.546130e-18
6055.480000 2.091262e-16 7.655813e-18
6058.480000 2.054398e-16 7.761119e-18
6061.480000 2.007888e-16 7.848215e-18
6064.480000 1.956031e-16 7.943669e-18
6067.480000 1.971603e-16 8.300281e-18
6070.480000 2.121819e-16 8.746212e-18
6073.480000 2.232569e-16 9.027830e-18
6076.480000 2.564987e-16 9.187878e-18
6079.480000 2.276593e-16 9.040229e-18
6082.480000 2.258398e-16 9.225824e-18
6085.480000 2.274825e-16 9.489135e-18
6088.480000 2.308412e-16 9.679756e-18
6091.480000 2.127374e-16 9.833406e-18
6094.480000 2.111326e-16 9.714938e-18
6097.480000 2.351764e-16 9.928348e-18
6100.480000 2.299876e-16 9.372783e-18
6103.480000 2.347478e-16 9.148230e-18
6106.480000 2.579834e-16 8.920044e-18
6109.480000 2.418146e-16 8.557953e-18
6112.480000 2.493629e-16 8.368893e-18
6115.480000 2.461363e-16 8.217881e-18
6118.480000 2.493033e-16 8.039537e-18
6121.480000 2.480385e-16 7.863895e-18
6124.480000 2.489245e-16 7.732998e-18
6127.480000 2.350656e-16 7.562968e-18
6130.480000 2.435613e-16 7.429302e-18
6133.480000 2.559154e-16 7.394030e-18
6136.480000 2.585109e-16 7.316587e-18
6139.480000 2.500509e-16 7.225343e-18
6142.480000 2.472475e-16 7.153430e-18
6145.480000 2.519611e-16 7.084462e-18
6148.480000 2.567103e-16 7.053601e-18
6151.480000 2.556902e-16 7.005994e-18
6154.480000 2.511445e-16 6.948426e-18
6157.480000 2.500558e-16 6.927902e-18
6160.480000 2.433049e-16 6.937282e-18
6163.480000 2.413981e-16 6.968638e-18
6166.480000 2.486431e-16 7.001505e-18
6169.480000 2.539725e-16 7.053890e-18
6172.480000 2.496868e-16 7.064990e-18
6175.480000 2.385004e-16 7.036875e-18
6178.480000 2.430957e-16 7.129128e-18
6181.480000 2.548348e-16 7.326236e-18
6184.480000 2.545667e-16 7.493545e-18
6187.480000 2.477263e-16 7.644434e-18
6190.480000 2.575489e-16 7.907809e-18
6193.480000 2.749836e-16 8.161888e-18
6196.480000 2.819045e-16 8.315974e-18
6199.480000 2.771007e-16 8.442025e-18
6202.480000 2.742975e-16 8.656744e-18
6205.480000 2.749458e-16 8.844706e-18
6208.480000 2.752327e-16 9.045639e-18
6211.480000 2.763785e-16 9.320001e-18
6214.480000 2.868006e-16 9.537856e-18
6217.480000 2.711053e-16 9.583917e-18
6220.480000 2.833351e-16 9.432571e-18
6223.480000 2.884220e-16 9.217681e-18
6226.480000 2.743355e-16 8.955472e-18
6229.480000 2.771737e-16 8.858323e-18
6232.480000 2.832048e-16 8.787658e-18
6235.480000 2.849322e-16 8.670178e-18
6238.480000 2.752195e-16 8.486560e-18
6241.480000 2.687332e-16 8.159271e-18
6244.480000 2.587834e-16 7.854059e-18
6247.480000 2.663610e-16 7.641497e-18
6250.480000 2.598682e-16 7.477615e-18
6253.480000 2.596787e-16 7.408747e-18
6256.480000 2.605091e-16 7.367232e-18
6259.480000 2.630076e-16 7.299243e-18
6262.480000 2.686595e-16 7.160843e-18
6265.480000 2.787331e-16 7.049576e-18
6268.480000 2.817503e-16 6.933399e-18
6271.480000 2.733680e-16 6.810142e-18
6274.480000 2.641424e-16 6.732467e-18
6277.480000 2.617929e-16 6.672756e-18
6280.480000 2.636364e-16 6.687825e-18
6283.480000 2.645647e-16 6.795319e-18
6286.480000 2.595919e-16 6.920658e-18
6289.480000 2.501288e-16 7.046703e-18
6292.480000 2.368368e-16 7.432040e-18
6295.480000 2.466798e-16 8.493382e-18
6298.480000 2.616230e-16 9.723094e-18
6301.480000 2.560000e-16 9.988060e-18
6304.480000 2.363236e-16 9.114401e-18
6307.480000 2.436030e-16 8.109556e-18
6310.480000 2.600688e-16 7.657845e-18
6313.480000 2.715647e-16 7.546293e-18
6316.480000 2.656088e-16 7.694832e-18
6319.480000 2.511555e-16 7.884214e-18
6322.480000 2.450548e-16 8.106845e-18
6325.480000 2.436740e-16 8.326504e-18
6328.480000 2.447499e-16 8.590897e-18
6331.480000 2.498848e-16 8.571832e-18
6334.480000 2.518865e-16 8.611917e-18
6337.480000 2.451599e-16 8.741905e-18
6340.480000 2.298155e-16 8.869077e-18
6343.480000 2.186092e-16 8.977764e-18
6346.480000 2.197416e-16 8.780007e-18
6349.480000 2.231058e-16 8.397903e-18
6352.480000 2.104878e-16 8.363090e-18
6355.480000 2.028417e-16 8.271082e-18
6358.480000 1.907155e-16 8.380966e-18
6361.480000 1.932457e-16 8.669873e-18
6364.480000 1.955172e-16 8.749854e-18
6367.480000 1.868246e-16 8.093531e-18
6370.480000 1.678833e-16 7.282305e-18
6373.480000 1.791464e-16 6.825935e-18
6376.480000 1.743133e-16 6.563500e-18
6379.480000 1.696451e-16 6.433320e-18
6382.480000 1.717724e-16 6.411030e-18
6385.480000 1.745798e-16 6.345466e-18
6388.480000 1.715844e-16 6.518683e-18
6391.480000 1.603632e-16 6.637536e-18
6394.480000 1.665249e-16 6.200567e-18
6397.480000 1.658493e-16 5.895792e-18
6400.480000 1.471416e-16 5.854609e-18
6403.480000 1.437834e-16 5.901458e-18
6406.480000 1.507360e-16 5.899732e-18
6409.480000 1.547723e-16 5.900019e-18
6412.480000 1.508693e-16 5.909260e-18
6415.480000 1.529677e-16 5.844168e-18
6418.480000 1.483199e-16 5.844667e-18
6421.480000 1.479789e-16 5.909511e-18
6424.480000 1.450234e-16 5.940164e-18
6427.480000 1.368416e-16 5.984183e-18
6430.480000 1.361625e-16 6.048332e-18
6433.480000 1.385226e-16 6.108954e-18
6436.480000 1.401603e-16 6.248404e-18
6439.480000 1.409980e-16 6.399601e-18
6442.480000 1.399392e-16 6.512240e-18
6445.480000 1.465502e-16 6.652861e-18
6448.480000 1.582954e-16 6.876908e-18
6451.480000 1.396606e-16 6.944231e-18
6454.480000 1.450689e-16 7.102590e-18
6457.480000 1.335508e-16 7.235761e-18
6460.480000 1.503187e-16 7.453619e-18
6463.480000 1.385598e-16 7.716040e-18
6466.480000 1.326119e-16 7.991290e-18
6469.480000 1.490754e-16 8.067343e-18
6472.480000 1.538325e-16 7.820828e-18
6475.480000 1.675107e-16 7.568184e-18
6478.480000 1.636336e-16 7.384935e-18
6481.480000 1.643512e-16 7.145960e-18
6484.480000 1.704457e-16 6.996057e-18
6487.480000 1.747002e-16 6.839906e-18
6490.480000 1.666273e-16 6.659442e-18
6493.480000 1.692121e-16 6.601219e-18
6496.480000 1.766953e-16 6.637463e-18
6499.480000 1.803278e-16 6.652752e-18
6502.480000 1.697963e-16 6.487475e-18
6505.480000 1.799325e-16 6.291058e-18
6508.480000 1.812879e-16 6.118912e-18
6511.480000 1.798004e-16 5.952502e-18
6514.480000 1.790910e-16 5.854459e-18
6517.480000 1.805586e-16 5.802553e-18
6520.480000 1.907172e-16 5.810519e-18
6523.480000 1.989766e-16 5.821866e-18
6526.480000 1.986143e-16 5.818352e-18
6529.480000 1.991860e-16 5.903076e-18
6532.480000 2.006375e-16 6.036276e-18
6535.480000 1.952680e-16 6.062492e-18
6538.480000 1.932468e-16 6.002814e-18
6541.480000 2.067862e-16 5.983954e-18
6544.480000 2.106961e-16 5.995184e-18
6547.480000 2.166613e-16 6.184326e-18
6550.480000 2.221156e-16 6.365206e-18
6553.480000 2.191657e-16 6.562229e-18
6556.480000 2.148006e-16 7.001552e-18
6559.480000 2.275161e-16 6.867681e-18
6562.480000 2.215911e-16 6.782302e-18
6565.480000 2.214159e-16 6.859181e-18
6568.480000 2.213041e-16 6.971904e-18
6571.480000 2.204937e-16 7.152242e-18
6574.480000 2.295869e-16 7.429920e-18
6577.480000 2.409938e-16 7.483251e-18
6580.480000 2.409273e-16 7.587351e-18
6583.480000 2.473936e-16 7.671737e-18
6586.480000 2.467445e-16 7.799088e-18
6589.480000 2.252284e-16 7.884414e-18
6592.480000 2.377011e-16 8.069607e-18
6595.480000 2.360184e-16 8.054665e-18
6598.480000 2.428581e-16 7.917680e-18
6601.480000 2.431207e-16 7.721627e-18
6604.480000 2.450308e-16 7.531091e-18
6607.480000 2.377615e-16 7.383774e-18
6610.480000 2.421256e-16 7.161163e-18
6613.480000 2.528457e-16 6.971778e-18
6616.480000 2.474911e-16 6.783558e-18
6619.480000 2.491543e-16 6.658866e-18
6622.480000 2.495803e-16 6.529285e-18
6625.480000 2.463188e-16 6.369763e-18
6628.480000 2.525945e-16 6.316743e-18
6631.480000 2.473461e-16 6.213773e-18
6634.480000 2.471869e-16 6.126059e-18
6637.480000 2.514017e-16 6.066928e-18
6640.480000 2.585513e-16 5.989735e-18
6643.480000 2.697936e-16 5.945824e-18
6646.480000 2.624899e-16 5.861060e-18
6649.480000 2.450283e-16 5.761861e-18
6652.480000 2.461400e-16 5.751938e-18
6655.480000 2.442046e-16 5.734633e-18
6658.480000 2.496829e-16 5.896652e-18
6661.480000 2.605145e-16 5.955354e-18
6664.480000 2.756658e-16 5.938162e-18
6667.480000 2.780350e-16 6.025836e-18
6670.480000 2.637626e-16 6.047550e-18
6673.480000 2.493538e-16 6.088442e-18
6676.480000 2.706963e-16 6.160351e-18
6679.480000 2.608794e-16 6.133928e-18
6682.480000 2.508758e-16 6.207068e-18
6685.480000 2.609222e-16 6.298798e-18
6688.480000 2.601868e-16 6.619481e-18
6691.480000 2.410149e-16 6.698001e-18
6694.480000 2.526070e-16 6.825182e-18
6697.480000 2.491939e-16 6.928788e-18
6700.480000 2.716048e-16 7.022831e-18
6703.480000 2.399287e-16 7.035514e-18
6706.480000 2.354939e-16 7.223281e-18
6709.480000 2.506969e-16 7.384215e-18
6712.480000 2.498813e-16 7.554643e-18
6715.480000 2.596515e-16 7.810151e-18
6718.480000 2.634081e-16 7.903077e-18
6721.480000 2.584977e-16 7.864946e-18
6724.480000 2.723113e-16 7.683280e-18
6727.480000 2.639236e-16 7.535822e-18
6730.480000 2.543988e-16 7.281537e-18
6733.480000 2.484581e-16 7.078670e-18
6736.480000 2.521781e-16 6.880337e-18
6739.480000 2.282728e-16 6.624550e-18
6742.480000 2.249623e-16 6.503240e-18
6745.480000 2.460834e-16 6.443493e-18
6748.480000 2.315221e-16 6.237373e-18
6751.480000 2.234046e-16 6.098613e-18
6754.480000 2.367871e-16 6.016534e-18
6757.480000 2.396524e-16 5.904871e-18
6760.480000 2.351999e-16 5.788529e-18
6763.480000 2.418038e-16 5.722495e-18
6766.480000 2.407710e-16 5.663510e-18
6769.480000 2.342050e-16 5.635410e-18
6772.480000 2.340085e-16 5.613454e-18
6775.480000 2.427288e-16 5.645645e-18
6778.480000 2.326203e-16 5.574498e-18
6781.480000 2.237541e-16 5.610210e-18
6784.480000 2.373495e-16 5.616555e-18
6787.480000 2.374245e-16 5.525032e-18
6790.480000 2.271219e-16 5.529401e-18
6793.480000 2.278554e-16 5.548506e-18
6796.480000 2.237622e-16 5.570741e-18
6799.480000 2.318116e-16 5.628694e-18
6802.480000 2.323103e-16 5.675807e-18
6805.480000 2.241281e-16 5.733109e-18
6808.480000 2.189581e-16 5.799490e-18
6811.480000 2.304571e-16 5.980587e-18
6814.480000 2.312593e-16 6.245424e-18
6817.480000 2.228448e-16 6.401593e-18
6820.480000 2.220565e-16 6.913226e-18
6823.480000 2.066837e-16 6.833391e-18
6826.480000 2.205947e-16 7.116034e-18
6829.480000 2.417746e-16 7.517728e-18
6832.480000 2.416022e-16 7.738498e-18
6835.480000 2.278796e-16 7.681421e-18
6838.480000 2.177936e-16 7.612399e-18
6841.480000 2.174576e-16 7.626321e-18
6844.480000 2.134480e-16 7.614868e-18
6847.480000 2.040275e-16 7.450124e-18
6850.480000 2.157566e-16 7.294719e-18
6853.480000 2.217604e-16 7.133746e-18
6856.480000 2.174114e-16 7.009927e-18
6859.480000 2.228133e-16 7.158847e-18
6862.480000 2.415157e-16 7.534182e-18
6865.480000 2.490819e-16 7.888939e-18
6868.480000 2.102040e-16 7.506162e-18
6871.480000 2.071540e-16 7.168748e-18
6874.480000 2.077744e-16 6.866747e-18
6877.480000 2.110526e-16 6.465491e-18
6880.480000 2.154440e-16 6.253826e-18
6883.480000 2.170006e-16 6.101587e-18
6886.480000 2.094087e-16 6.019845e-18
6889.480000 2.115963e-16 5.977865e-18
6892.480000 2.088180e-16 5.906320e-18
6895.480000 2.071930e-16 5.808090e-18
6898.480000 2.113539e-16 5.827579e-18
6901.480000 2.098792e-16 5.817626e-18
6904.480000 2.052933e-16 5.704568e-18
6907.480000 2.107821e-16 5.624359e-18
6910.480000 2.160968e-16 5.699162e-18
6913.480000 2.076660e-16 5.712994e-18
6916.480000 2.002156e-16 5.693456e-18
6919.480000 2.004047e-16 5.794256e-18
6922.480000 2.082024e-16 5.966347e-18
6925.480000 2.085592e-16 6.086972e-18
6928.480000 1.964173e-16 5.876994e-18
6931.480000 2.066238e-16 5.863899e-18
6934.480000 2.118299e-16 5.851375e-18
6937.480000 2.004972e-16 5.982332e-18
6940.480000 1.917119e-16 6.097464e-18
6943.480000 1.965623e-16 6.252511e-18
6946.480000 2.178020e-16 6.606241e-18
6949.480000 2.086849e-16 6.801257e-18
6952.480000 1.981267e-16 6.746561e-18
6955.480000 1.824091e-16 6.572012e-18
6958.480000 1.801283e-16 6.625474e-18
6961.480000 1.837562e-16 6.817964e-18
6964.480000 1.755966e-16 7.014736e-18
6967.480000 1.827129e-16 7.365444e-18
6970.480000 2.098903e-16 7.401684e-18
6973.480000 1.899318e-16 7.197226e-18
6976.480000 2.036355e-16 7.185903e-18
6979.480000 1.968109e-16 7.027376e-18
6982.480000 1.987093e-16 6.737949e-18
6985.480000 1.850210e-16 6.366797e-18
6988.480000 1.944357e-16 6.229409e-18
6991.480000 1.916286e-16 6.152549e-18
6994.480000 1.829399e-16 6.001968e-18
6997.480000 1.790746e-16 6.011265e-18
7000.480000 1.867676e-16 5.936955e-18
7003.480000 1.965418e-16 5.821658e-18
7006.480000 1.812810e-16 5.624958e-18
7009.480000 1.845633e-16 5.477674e-18
7012.480000 1.826950e-16 5.410741e-18
7015.480000 1.865589e-16 5.267415e-18
7018.480000 1.871270e-16 5.140840e-18
7021.480000 1.747221e-16 5.054259e-18
7024.480000 1.745858e-16 5.015287e-18
7027.480000 1.776949e-16 4.981083e-18
7030.480000 1.847436e-16 4.988111e-18
7033.480000 1.870698e-16 5.007072e-18
7036.480000 1.890510e-16 5.036082e-18
7039.480000 1.923915e-16 5.100782e-18
7042.480000 1.908558e-16 5.158906e-18
7045.480000 1.881312e-16 5.231844e-18
7048.480000 1.950199e-16 5.302139e-18
7051.480000 1.921771e-16 5.348729e-18
7054.480000 1.833198e-16 5.331680e-18
7057.480000 1.848502e-16 5.370937e-18
7060.480000 1.868746e-16 5.459260e-18
7063.480000 1.846998e-16 5.547209e-18
7066.480000 1.850066e-16 5.618360e-18
7069.480000 1.886772e-16 5.755209e-18
7072.480000 1.942430e-16 5.989420e-18
7075.480000 1.925126e-16 6.163144e-18
7078.480000 1.941408e-16 6.245239e-18
7081.480000 1.790490e-16 6.331185e-18
7084.480000 1.925619e-16 6.497342e-18
7087.480000 1.747076e-16 6.496692e-18
7090.480000 1.713863e-16 6.632585e-18
7093.480000 1.649664e-16 6.713649e-18
7096.480000 1.774531e-16 6.754070e-18
7099.480000 1.736446e-16 6.638685e-18
7102.480000 1.900372e-16 6.662232e-18
7105.480000 1.803264e-16 6.490685e-18
7108.480000 1.538715e-16 6.254982e-18
7111.480000 1.660023e-16 6.093862e-18
7114.480000 1.675719e-16 5.883316e-18
7117.480000 1.728165e-16 5.773668e-18
7120.480000 1.746672e-16 5.673126e-18
7123.480000 1.633178e-16 5.535054e-18
7126.480000 1.572066e-16 5.392504e-18
7129.480000 1.601051e-16 5.296326e-18
7132.480000 1.571468e-16 5.198296e-18
7135.480000 1.621717e-16 5.153397e-18
7138.480000 1.726055e-16 5.081564e-18
7141.480000 1.778941e-16 5.068510e-18
7144.480000 1.752217e-16 5.034471e-18
7147.480000 1.747031e-16 5.024713e-18
7150.480000 1.680085e-16 4.948195e-18
7153.480000 1.679132e-16 4.864094e-18
7156.480000 1.681382e-16 4.849676e-18
7159.480000 1.662515e-16 4.867288e-18
7162.480000 1.669758e-16 4.958419e-18
7165.480000 1.653475e-16 5.020024e-18
7168.480000 1.608452e-16 5.047319e-18
7171.480000 1.685651e-16 5.118272e-18
7174.480000 1.787241e-16 5.173995e-18
7177.480000 1.706211e-16 5.194535e-18
7180.480000 1.589539e-16 5.216617e-18
7183.480000 1.595445e-16 5.256311e-18
7186.480000 1.566066e-16 5.315787e-18
7189.480000 1.604479e-16 5.409571e-18
7192.480000 1.658094e-16 5.492537e-18
7195.480000 1.605294e-16 5.486221e-18
7198.480000 1.556802e-16 5.569063e-18
7201.480000 1.645130e-16 5.720119e-18
7204.480000 1.661518e-16 5.823982e-18
7207.480000 1.614456e-16 5.939487e-18
7210.480000 1.620477e-16 6.112768e-18
7213.480000 1.543351e-16 6.273353e-18
7216.480000 1.511323e-16 6.344009e-18
7219.480000 1.568871e-16 6.522841e-18
7222.480000 1.585680e-16 6.632470e-18
7225.480000 1.624125e-16 6.519037e-18
7228.480000 1.623006e-16 6.346561e-18
7231.480000 1.573302e-16 6.273333e-18
7234.480000 1.579690e-16 6.438092e-18
7237.480000 1.557622e-16 6.878843e-18
7240.480000 1.547763e-16 7.342423e-18
7243.480000 1.593858e-16 7.385508e-18
7246.480000 1.627014e-16 6.990175e-18
7249.480000 1.699955e-16 6.345181e-18
7252.480000 1.624897e-16 5.819549e-18
7255.480000 1.496287e-16 5.524789e-18
7258.480000 1.480169e-16 5.282636e-18
7261.480000 1.488056e-16 5.116251e-18
7264.480000 1.491261e-16 5.057417e-18
7267.480000 1.505525e-16 5.086116e-18
7270.480000 1.469957e-16 5.257668e-18
7273.480000 1.559117e-16 5.715685e-18
7276.480000 1.644560e-16 6.100797e-18
7279.480000 1.521241e-16 6.021493e-18
7282.480000 1.554272e-16 5.740409e-18
7285.480000 1.653675e-16 5.519402e-18
7288.480000 1.639020e-16 5.239571e-18
7291.480000 1.640922e-16 5.066764e-18
7294.480000 1.658417e-16 5.059810e-18
7297.480000 1.618743e-16 5.092913e-18
7300.480000 1.575456e-16 5.189452e-18
7303.480000 1.464264e-16 5.304606e-18
7306.480000 1.427261e-16 5.342469e-18
7309.480000 1.414588e-16 5.452445e-18
7312.480000 1.597779e-16 5.939386e-18
7315.480000 1.623891e-16 6.384560e-18
7318.480000 1.545576e-16 6.329744e-18
7321.480000 1.507058e-16 6.034755e-18
7324.480000 1.620696e-16 6.023759e-18
7327.480000 1.662957e-16 6.285119e-18
7330.480000 1.683525e-16 6.489624e-18
7333.480000 1.605299e-16 6.540702e-18
7336.480000 1.546265e-16 6.933153e-18
7339.480000 1.649022e-16 7.724415e-18
7342.480000 1.584250e-16 7.946753e-18
7345.480000 1.443960e-16 7.478037e-18
7348.480000 1.471070e-16 6.881899e-18
7351.480000 1.555107e-16 6.555013e-18
7354.480000 1.616980e-16 6.537269e-18
7357.480000 1.708290e-16 6.666778e-18
7360.480000 1.640405e-16 6.605936e-18
7363.480000 1.543371e-16 6.398867e-18
7366.480000 1.664606e-16 6.523447e-18
7369.480000 1.630424e-16 6.714311e-18
7372.480000 1.475514e-16 6.397048e-18
7375.480000 1.578287e-16 5.860732e-18
7378.480000 1.624207e-16 5.419191e-18
7381.480000 1.532961e-16 5.170665e-18
7384.480000 1.554018e-16 5.106803e-18
7387.480000 1.669870e-16 5.149997e-18
7390.480000 1.577671e-16 5.228993e-18
7393.480000 1.406356e-16 5.197437e-18
7396.480000 1.405771e-16 5.135510e-18
7399.480000 1.465392e-16 5.258545e-18
7402.480000 1.422345e-16 5.352302e-18
7405.480000 1.424072e-16 5.144706e-18
7408.480000 1.604060e-16 4.902284e-18
7411.480000 1.597878e-16 4.742016e-18
7414.480000 1.434026e-16 4.683815e-18
7417.480000 1.371155e-16 4.696238e-18
7420.480000 1.432539e-16 4.741731e-18
7423.480000 1.527089e-16 4.769321e-18
7426.480000 1.531235e-16 4.864872e-18
7429.480000 1.508779e-16 5.000644e-18
7432.480000 1.517590e-16 5.110391e-18
7435.480000 1.467475e-16 5.233880e-18
7438.480000 1.386380e-16 5.365018e-18
7441.480000 1.378884e-16 5.369776e-18
7444.480000 1.355593e-16 5.364141e-18
7447.480000 1.441270e-16 5.392417e-18
7450.480000 1.435781e-16 5.458835e-18
7453.480000 1.502481e-16 5.560312e-18
7456.480000 1.424980e-16 5.658547e-18
7459.480000 1.470007e-16 5.857619e-18
7462.480000 1.531527e-16 6.100999e-18
7465.480000 1.456103e-16 6.320097e-18
7468.480000 1.393049e-16 6.573875e-18
7471.480000 1.271372e-16 6.765350e-18
7474.480000 1.345851e-16 6.796973e-18
7477.480000 1.401674e-16 6.647613e-18
7480.480000 1.397844e-16 6.518611e-18
7483.480000 1.298616e-16 6.316590e-18
7486.480000 1.252072e-16 5.987702e-18
7489.480000 1.339500e-16 5.696383e-18
7492.480000 1.387259e-16 5.542455e-18
7495.480000 1.411025e-16 5.433176e-18
7498.480000 1.344213e-16 5.264612e-18
7501.480000 1.328416e-16 5.102823e-18
7504.480000 1.397459e-16 5.010887e-18
7507.480000 1.404088e-16 4.911503e-18
7510.480000 1.371864e-16 4.817749e-18
7513.480000 1.340719e-16 4.796306e-18
7516.480000 1.251457e-16 4.841671e-18
7519.480000 1.353077e-16 5.126917e-18
7522.480000 1.375530e-16 5.474038e-18
7525.480000 1.396652e-16 5.501518e-18
7528.480000 1.428764e-16 5.246746e-18
7531.480000 1.371046e-16 4.932166e-18
7534.480000 1.326291e-16 4.741837e-18
7537.480000 1.378901e-16 4.642934e-18
7540.480000 1.421212e-16 4.627249e-18
7543.480000 1.328495e-16 4.601532e-18
7546.480000 1.329686e-16 4.594825e-18
7549.480000 1.447271e-16 4.687538e-18
7552.480000 1.503051e-16 4.826865e-18
7555.480000 1.407879e-16 4.956525e-18
7558.480000 1.287289e-16 5.018846e-18
7561.480000 1.371240e-16 5.018578e-18
7564.480000 1.387876e-16 5.134549e-18
7567.480000 1.458612e-16 5.473178e-18
7570.480000 1.544289e-16 5.865627e-18
7573.480000 1.436830e-16 5.963935e-18
7576.480000 1.395818e-16 5.829120e-18
7579.480000 1.406459e-16 5.710204e-18
7582.480000 1.402878e-16 5.879460e-18
7585.480000 1.496077e-16 6.200804e-18
7588.480000 1.523997e-16 6.612883e-18
7591.480000 1.597818e-16 7.078895e-18
7594.480000 1.690247e-16 8.226424e-18
7597.480000 1.640503e-16 9.681890e-18
7600.480000 1.456027e-16 1.120346e-17
7603.480000 1.314235e-16 1.121639e-17
7606.480000 1.374520e-16 1.091213e-17
7609.480000 1.317290e-16 9.621104e-18
7612.480000 1.357745e-16 8.449387e-18
7615.480000 1.387987e-16 7.576828e-18
7618.480000 1.496558e-16 7.358880e-18
7621.480000 1.501592e-16 7.027776e-18
7624.480000 1.364155e-16 7.177894e-18
7627.480000 1.338472e-16 7.416808e-18
7630.480000 1.285039e-16 7.403732e-18
7633.480000 1.218872e-16 7.010009e-18
7636.480000 1.119176e-16 6.504096e-18
7639.480000 1.160645e-16 6.161743e-18
7642.480000 1.302683e-16 5.936071e-18
7645.480000 1.275721e-16 5.695251e-18
7648.480000 1.320904e-16 5.528373e-18
7651.480000 1.368308e-16 5.401341e-18
7654.480000 1.362616e-16 5.291237e-18
7657.480000 1.291326e-16 5.185164e-18
7660.480000 1.297336e-16 5.146856e-18
7663.480000 1.320128e-16 5.076809e-18
7666.480000 1.275031e-16 4.950966e-18
7669.480000 1.377565e-16 4.885464e-18
7672.480000 1.345215e-16 4.995505e-18
7675.480000 1.315187e-16 5.112978e-18
7678.480000 1.327582e-16 5.241243e-18
7681.480000 1.285485e-16 5.359816e-18
7684.480000 1.356385e-16 5.482863e-18
7687.480000 1.438480e-16 5.485021e-18
7690.480000 1.485261e-16 5.461292e-18
7693.480000 1.388312e-16 5.370859e-18
7696.480000 1.335791e-16 5.446736e-18
7699.480000 1.352487e-16 5.581393e-18
7702.480000 1.224945e-16 5.667386e-18
7705.480000 1.049788e-16 5.890144e-18
7708.480000 1.138245e-16 6.701308e-18
7711.480000 1.205029e-16 7.769970e-18
7714.480000 1.352574e-16 8.621801e-18
7717.480000 1.342597e-16 8.633629e-18
7720.480000 1.322797e-16 8.010752e-18
7723.480000 1.353258e-16 7.413508e-18
7726.480000 1.408762e-16 7.039763e-18
7729.480000 1.433534e-16 6.677553e-18
7732.480000 1.351816e-16 6.341327e-18
7735.480000 1.220915e-16 6.144100e-18
7738.480000 1.287629e-16 5.976651e-18
7741.480000 1.193504e-16 5.804499e-18
7744.480000 1.131602e-16 5.958509e-18
7747.480000 1.213820e-16 6.591795e-18
7750.480000 1.225409e-16 7.165432e-18
7753.480000 1.152469e-16 6.935700e-18
7756.480000 1.270969e-16 6.267703e-18
7759.480000 1.252825e-16 5.871015e-18
7762.480000 1.230987e-16 5.613922e-18
7765.480000 1.273738e-16 5.287367e-18
7768.480000 1.235113e-16 5.109160e-18
7771.480000 1.193290e-16 5.140986e-18
7774.480000 1.097400e-16 5.207884e-18
7777.480000 1.085227e-16 5.278118e-18
7780.480000 1.089343e-16 5.237280e-18
7783.480000 1.054162e-16 5.194383e-18
7786.480000 1.159623e-16 5.147260e-18
7789.480000 1.206810e-16 5.342306e-18
7792.480000 1.102598e-16 5.766786e-18
7795.480000 1.058927e-16 5.838845e-18
7798.480000 1.027698e-16 5.434503e-18
7801.480000 1.059455e-16 5.194776e-18
7804.480000 1.035623e-16 5.347807e-18
7807.480000 1.113478e-16 5.600058e-18
7810.480000 1.049245e-16 5.662517e-18
7813.480000 1.006137e-16 5.786649e-18
7816.480000 1.325188e-16 6.287402e-18
7819.480000 1.199873e-16 6.896031e-18
7822.480000 9.289055e-17 7.104248e-18
7825.480000 9.922703e-17 6.598466e-18
7828.480000 1.183149e-16 6.159217e-18
7831.480000 1.133467e-16 5.818022e-18
7834.480000 9.450090e-17 5.876685e-18
7837.480000 8.756282e-17 6.200946e-18
7840.480000 1.016567e-16 6.782228e-18
7843.480000 8.830999e-17 6.988459e-18
7846.480000 8.667120e-17 7.199578e-18
7849.480000 1.002827e-16 7.965167e-18
7852.480000 1.144501e-16 8.869172e-18
7855.480000 9.998469e-17 8.791158e-18
7858.480000 1.023886e-16 8.138741e-18
7861.480000 1.066238e-16 7.467769e-18
7864.480000 1.155434e-16 6.861057e-18
7867.480000 1.012778e-16 6.756185e-18
7870.480000 9.267980e-17 6.802017e-18
7873.480000 8.903444e-17 6.717971e-18
7876.480000 1.174389e-16 6.205137e-18
7879.480000 1.151905e-16 6.286482e-18
7882.480000 1.038495e-16 6.095022e-18
7885.480000 1.003584e-16 5.917427e-18
7888.480000 1.273973e-16 6.002951e-18
7891.480000 1.419808e-16 5.972586e-18
7894.480000 1.104729e-16 5.576429e-18
7897.480000 1.159409e-16 5.237561e-18
7900.480000 1.172136e-16 4.981851e-18
7903.480000 1.052848e-16 4.826875e-18
7906.480000 9.949396e-17 5.080877e-18
7909.480000 1.052982e-16 5.767490e-18
7912.480000 1.012458e-16 6.523049e-18
7915.480000 9.711170e-17 6.711937e-18
7918.480000 1.012744e-16 6.365063e-18
7921.480000 1.115253e-16 5.987424e-18
7924.480000 1.140341e-16 5.653745e-18
7927.480000 1.109777e-16 5.527861e-18
7930.480000 1.182052e-16 5.654103e-18
7933.480000 1.126860e-16 5.743880e-18
7936.480000 1.153860e-16 5.470419e-18
7939.480000 1.120889e-16 5.401843e-18
7942.480000 1.134284e-16 5.543366e-18
7945.480000 1.144808e-16 5.706428e-18
7948.480000 1.081545e-16 5.937243e-18
7951.480000 1.037921e-16 5.962501e-18
7954.480000 9.774804e-17 5.847674e-18
7957.480000 1.008101e-16 6.003821e-18
7960.480000 1.100250e-16 6.805354e-18
7963.480000 1.057919e-16 7.856010e-18
7966.480000 1.029750e-16 8.094450e-18
7969.480000 1.016660e-16 7.427613e-18
7972.480000 1.026247e-16 6.907671e-18
7975.480000 1.077008e-16 7.103728e-18
7978.480000 1.006690e-16 7.377921e-18
7981.480000 1.077899e-16 7.174904e-18
7984.480000 1.002295e-16 6.621963e-18
7987.480000 9.675774e-17 6.546259e-18
7990.480000 1.123719e-16 7.176340e-18
7993.480000 1.172789e-16 7.738422e-18
7996.480000 1.090649e-16 7.309182e-18
7999.480000 1.200699e-16 6.287220e-18
8002.480000 1.123248e-16 5.587443e-18
8005.480000 1.158344e-16 5.327499e-18
8008.480000 1.190775e-16 5.293439e-18
8011.480000 1.096579e-16 5.408766e-18
8014.480000 1.045950e-16 5.555727e-18
8017.480000 1.159849e-16 5.535269e-18
8020.480000 1.331032e-16 5.556079e-18
8023.480000 1.441971e-16 5.900735e-18
8026.480000 1.444166e-16 6.143837e-18
8029.480000 1.307858e-16 5.801015e-18
8032.480000 1.165387e-16 5.182984e-18
8035.480000 1.154560e-16 4.811734e-18
8038.480000 1.140683e-16 4.700944e-18
8041.480000 1.118737e-16 4.687098e-18
8044.480000 1.145340e-16 4.750191e-18
8047.480000 1.247399e-16 4.952657e-18
8050.480000 1.367743e-16 5.219165e-18
8053.480000 1.375126e-16 5.284025e-18
8056.480000 1.350209e-16 5.360029e-18
8059.480000 1.380798e-16 5.610509e-18
8062.480000 1.382324e-16 5.798226e-18
8065.480000 1.245684e-16 5.643453e-18
8068.480000 1.208834e-16 5.417112e-18
8071.480000 1.230658e-16 5.347443e-18
8074.480000 1.282560e-16 5.487241e-18
8077.480000 1.169321e-16 5.596928e-18
8080.480000 1.199417e-16 5.728991e-18
8083.480000 1.259005e-16 5.836453e-18
8086.480000 1.287890e-16 5.996556e-18
8089.480000 1.211101e-16 6.183905e-18
8092.480000 1.353525e-16 6.420272e-18
8095.480000 1.235060e-16 6.656147e-18
8098.480000 1.266460e-16 7.072278e-18
8101.480000 1.305432e-16 7.214777e-18
8104.480000 1.322548e-16 7.018327e-18
8107.480000 1.213687e-16 6.726412e-18
8110.480000 1.345484e-16 6.439876e-18
8113.480000 1.574445e-16 6.195551e-18
8116.480000 1.340145e-16 5.924147e-18
8119.480000 1.273162e-16 5.753863e-18
8122.480000 1.259263e-16 5.619664e-18
8125.480000 1.318625e-16 5.547056e-18
8128.480000 1.335719e-16 5.463722e-18
8131.480000 1.347167e-16 5.391303e-18
8134.480000 1.198688e-16 5.234745e-18
8137.480000 1.248422e-16 5.222038e-18
8140.480000 1.220924e-16 5.190883e-18
8143.480000 1.266606e-16 5.134278e-18
8146.480000 1.319780e-16 5.106726e-18
8149.480000 1.297637e-16 5.175506e-18
8152.480000 1.234560e-16 5.159006e-18
8155.480000 1.303886e-16 5.001570e-18
8158.480000 1.330763e-16 4.825456e-18
8161.480000 1.231706e-16 4.771409e-18
8164.480000 1.281733e-16 4.756234e-18
8167.480000 1.365091e-16 4.765610e-18
8170.480000 1.289427e-16 4.795105e-18
8173.480000 1.214164e-16 4.823795e-18
8176.480000 1.194526e-16 4.824181e-18
8179.480000 1.324423e-16 4.905142e-18
8182.480000 1.326559e-16 5.103289e-18
8185.480000 1.229745e-16 5.231504e-18
8188.480000 1.252399e-16 5.528320e-18
8191.480000 1.336150e-16 5.739410e-18
8194.480000 1.274666e-16 5.850958e-18
8197.480000 1.464053e-16 5.626361e-18
8200.480000 1.363900e-16 5.637836e-18
8203.480000 1.255429e-16 5.719717e-18
8206.480000 1.293019e-16 5.866538e-18
8209.480000 1.358914e-16 6.008898e-18
8212.480000 1.261980e-16 6.105267e-18
8215.480000 1.106779e-16 6.195616e-18
8218.480000 1.260634e-16 6.323096e-18
8221.480000 1.312663e-16 6.519680e-18
8224.480000 1.284872e-16 6.670039e-18
8227.480000 1.338099e-16 6.589437e-18
8230.480000 1.195098e-16 6.381280e-18
8233.480000 1.230402e-16 6.378165e-18
8236.480000 1.283448e-16 6.288933e-18
8239.480000 1.267132e-16 6.155662e-18
8242.480000 1.210383e-16 6.032221e-18
8245.480000 1.187011e-16 5.928215e-18
8248.480000 1.242566e-16 5.803152e-18
8251.480000 1.256331e-16 5.659711e-18
8254.480000 1.226824e-16 5.517044e-18
8257.480000 1.164803e-16 5.394860e-18
8260.480000 1.098440e-16 5.244083e-18
8263.480000 1.159807e-16 5.132973e-18
8266.480000 1.182695e-16 5.094294e-18
8269.480000 1.131807e-16 5.099148e-18
8272.480000 1.119904e-16 5.181929e-18
8275.480000 1.186734e-16 5.521256e-18
8278.480000 1.172234e-16 6.045531e-18
8281.480000 1.023944e-16 6.443051e-18
8284.480000 1.036154e-16 6.620065e-18
8287.480000 1.084797e-16 6.699647e-18
8290.480000 1.115848e-16 6.567225e-18
8293.480000 1.284529e-16 6.449651e-18
8296.480000 1.433485e-16 6.750404e-18
8299.480000 1.463825e-16 6.837561e-18
8302.480000 1.217931e-16 6.295117e-18
8305.480000 1.194376e-16 5.810281e-18
8308.480000 1.251723e-16 5.808370e-18
8311.480000 1.346827e-16 5.883642e-18
8314.480000 1.316356e-16 5.791734e-18
8317.480000 1.146030e-16 5.603465e-18
8320.480000 1.208981e-16 5.605577e-18
8323.480000 1.237257e-16 5.645784e-18
8326.480000 1.177131e-16 5.705764e-18
8329.480000 9.986729e-17 5.798029e-18
8332.480000 9.820274e-17 6.039970e-18
8335.480000 9.411789e-17 6.576970e-18
8338.480000 9.497562e-17 8.410355e-18
8341.480000 1.133468e-16 1.176970e-17
8344.480000 1.318022e-16 1.305007e-17
8347.480000 1.427650e-16 1.131150e-17
8350.480000 1.161486e-16 9.763463e-18
8353.480000 1.229179e-16 9.075290e-18
8356.480000 1.150656e-16 8.112317e-18
8359.480000 1.145023e-16 7.214326e-18
8362.480000 1.167188e-16 7.042416e-18
8365.480000 1.093276e-16 7.006318e-18
8368.480000 1.002214e-16 6.607957e-18
8371.480000 8.683980e-17 6.068211e-18
8374.480000 9.674417e-17 5.896543e-18
8377.480000 9.516652e-17 6.020536e-18
8380.480000 1.027627e-16 6.404243e-18
8383.480000 1.036791e-16 6.581840e-18
8386.480000 9.353362e-17 6.218003e-18
8389.480000 8.492232e-17 5.715467e-18
8392.480000 8.349376e-17 5.797216e-18
8395.480000 1.090994e-16 6.637993e-18
8398.480000 1.300874e-16 7.631855e-18
8401.480000 1.198211e-16 7.587092e-18
8404.480000 9.738037e-17 6.444579e-18
8407.480000 1.055519e-16 5.554584e-18
8410.480000 1.236574e-16 5.557257e-18
8413.480000 1.288766e-16 5.962764e-18
8416.480000 1.163718e-16 6.078655e-18
8419.480000 8.370565e-17 5.723138e-18
8422.480000 6.872968e-17 5.629597e-18
8425.480000 8.338079e-17 6.522952e-18
8428.480000 1.102173e-16 7.846548e-18
8431.480000 1.123130e-16 8.070968e-18
8434.480000 9.262880e-17 6.966218e-18
8437.480000 1.056841e-16 5.870588e-18
8440.480000 1.035379e-16 5.456291e-18
8443.480000 9.849886e-17 5.495855e-18
8446.480000 9.505132e-17 5.849883e-18
8449.480000 9.438079e-17 6.515272e-18
8452.480000 9.554947e-17 6.975733e-18
8455.480000 8.833790e-17 6.765031e-18
8458.480000 7.685343e-17 6.710002e-18
8461.480000 9.744318e-17 7.796225e-18
8464.480000 1.186764e-16 9.153126e-18
8467.480000 8.845478e-17 9.053739e-18
8470.480000 7.257153e-17 7.758683e-18
8473.480000 9.940974e-17 6.974983e-18
8476.480000 9.673571e-17 6.835174e-18
8479.480000 9.135685e-17 6.628935e-18
8482.480000 8.109524e-17 6.353113e-18
8485.480000 8.631371e-17 6.311681e-18
8488.480000 9.139417e-17 6.543595e-18
8491.480000 9.782662e-17 6.847669e-18
8494.480000 8.907178e-17 6.996264e-18
8497.480000 8.089164e-17 6.718482e-18
8500.480000 8.671536e-17 6.764540e-18
8503.480000 1.018125e-16 7.201708e-18
8506.480000 9.714916e-17 7.178903e-18
8509.480000 7.392289e-17 6.342765e-18
8512.480000 7.211254e-17 5.605165e-18
8515.480000 8.517027e-17 5.337658e-18
8518.480000 9.407574e-17 5.179898e-18
8521.480000 7.837991e-17 5.167082e-18
8524.480000 8.046419e-17 5.078657e-18
8527.480000 8.352891e-17 5.057283e-18
8530.480000 7.915452e-17 5.062409e-18
8533.480000 8.483763e-17 5.072983e-18
8536.480000 8.580541e-17 5.151806e-18
8539.480000 7.776170e-17 5.245118e-18
8542.480000 7.734833e-17 5.220569e-18
8545.480000 7.955548e-17 5.345098e-18
8548.480000 8.774776e-17 5.543171e-18
8551.480000 8.351052e-17 5.418913e-18
8554.480000 7.189260e-17 5.101728e-18
8557.480000 7.625125e-17 4.997001e-18
8560.480000 8.557627e-17 5.043676e-18
8563.480000 8.436012e-17 5.108421e-18
8566.480000 7.999522e-17 5.179379e-18
8569.480000 7.894471e-17 5.277670e-18
8572.480000 7.516138e-17 5.357375e-18
8575.480000 8.248151e-17 5.479933e-18
8578.480000 8.621329e-17 5.600647e-18
8581.480000 7.225492e-17 5.607670e-18
8584.480000 6.080927e-17 5.822186e-18
8587.480000 6.625940e-17 6.144381e-18
8590.480000 6.331762e-17 6.386170e-18
8593.480000 6.459914e-17 6.568758e-18
8596.480000 6.087871e-17 6.838124e-18
8599.480000 6.628997e-17 6.948113e-18
8602.480000 6.473540e-17 6.707429e-18
8605.480000 6.224227e-17 6.580990e-18
8608.480000 6.534976e-17 6.550228e-18
8611.480000 6.806176e-17 6.634231e-18
8614.480000 7.906313e-17 6.928980e-18
8617.480000 8.967666e-17 7.211091e-18
8620.480000 5.679166e-17 7.469245e-18
8623.480000 6.171924e-17 7.706053e-18
8626.480000 7.496566e-17 7.902402e-18
8629.480000 6.919671e-17 7.900778e-18
8632.480000 7.014567e-17 7.635710e-18
8635.480000 7.908490e-17 7.216241e-18
8638.480000 7.225363e-17 6.691943e-18
8641.480000 7.004039e-17 6.151948e-18
8644.480000 6.523278e-17 5.850658e-18
8647.480000 6.384302e-17 5.973601e-18
8650.480000 7.451292e-17 6.418266e-18
8653.480000 7.558763e-17 6.724134e-18
8656.480000 6.919327e-17 6.834170e-18
8659.480000 7.940844e-17 6.831056e-18
8662.480000 8.592354e-17 6.771397e-18
8665.480000 7.793961e-17 6.638951e-18
8668.480000 7.900987e-17 6.498407e-18
8671.480000 7.919881e-17 6.344400e-18
8674.480000 8.823531e-17 6.196799e-18
8677.480000 9.630970e-17 6.025952e-18
8680.480000 9.695677e-17 5.860662e-18
8683.480000 8.597458e-17 5.690526e-18
8686.480000 7.658240e-17 5.566817e-18
8689.480000 7.594654e-17 5.539972e-18
8692.480000 6.753453e-17 5.571708e-18
8695.480000 6.096141e-17 5.575135e-18
8698.480000 7.820636e-17 5.658958e-18
8701.480000 7.346906e-17 5.683681e-18
8704.480000 7.287804e-17 5.756778e-18
8707.480000 6.659548e-17 5.848055e-18
8710.480000 6.908187e-17 6.143259e-18
8713.480000 6.520367e-17 6.217690e-18
8716.480000 6.423244e-17 6.335321e-18
8719.480000 6.139381e-17 6.847155e-18
8722.480000 6.804924e-17 6.658398e-18
8725.480000 7.924724e-17 6.813952e-18
8728.480000 7.867768e-17 6.869762e-18
8731.480000 7.952197e-17 6.780311e-18
8734.480000 7.287164e-17 6.624044e-18
8737.480000 7.901822e-17 6.492455e-18
8740.480000 7.496357e-17 6.360985e-18
8743.480000 6.901799e-17 6.203693e-18
8746.480000 6.005499e-17 6.022783e-18
8749.480000 6.753963e-17 5.950036e-18
8752.480000 6.355873e-17 5.913468e-18
8755.480000 5.772441e-17 6.471396e-18
8758.480000 6.333945e-17 7.614426e-18
8761.480000 5.345857e-17 8.536386e-18
8764.480000 5.631864e-17 8.857377e-18
8767.480000 7.457317e-17 8.843919e-18
8770.480000 6.591897e-17 8.284272e-18
8773.480000 8.758153e-17 7.757095e-18
8776.480000 1.407455e-16 8.191829e-18
8779.480000 1.139261e-16 8.160153e-18
8782.480000 6.201337e-17 6.976621e-18
8785.480000 6.437720e-17 5.931789e-18
8788.480000 8.134493e-17 5.880240e-18
8791.480000 7.801722e-17 6.037261e-18
8794.480000 7.842013e-17 5.783070e-18
8797.480000 8.370593e-17 5.330670e-18
8800.480000 7.808436e-17 5.079623e-18
8803.480000 7.774264e-17 5.090434e-18
8806.480000 7.916011e-17 5.200872e-18
8809.480000 6.762695e-17 5.276491e-18
8812.480000 5.847192e-17 5.332316e-18
8815.480000 5.707313e-17 5.478815e-18
8818.480000 3.629748e-17 6.089287e-18
8821.480000 5.895078e-17 8.059569e-18
8824.480000 1.284366e-16 1.091088e-17
8827.480000 1.801581e-16 1.225070e-17
8830.480000 9.168867e-17 1.104584e-17
8833.480000 8.695963e-17 9.799544e-18
8836.480000 1.084768e-16 9.649146e-18
8839.480000 8.179979e-17 8.777892e-18
8842.480000 6.517604e-17 7.648451e-18
8845.480000 8.884496e-17 7.617389e-18
8848.480000 1.095246e-16 8.097185e-18
8851.480000 9.477518e-17 8.161459e-18
8854.480000 7.352801e-17 7.582356e-18
8857.480000 5.963241e-17 7.042374e-18
8860.480000 7.162384e-17 7.078349e-18
8863.480000 9.427242e-17 7.672621e-18
8866.480000 1.126030e-16 8.527352e-18
8869.480000 9.353180e-17 8.405757e-18
8872.480000 6.855249e-17 7.284378e-18
8875.480000 5.094471e-17 6.366882e-18
8878.480000 5.309730e-17 6.463788e-18
8881.480000 1.040105e-16 7.734134e-18
8884.480000 1.535451e-16 9.697080e-18
8887.480000 1.007058e-16 1.006270e-17
8890.480000 4.394107e-17 8.368140e-18
8893.480000 6.898196e-17 6.539407e-18
8896.480000 9.792157e-17 6.047291e-18
8899.480000 1.139557e-16 6.504710e-18
8902.480000 1.198255e-16 7.202337e-18
8905.480000 9.008975e-17 7.118207e-18
8908.480000 6.515937e-17 6.312618e-18
8911.480000 7.128863e-17 5.986368e-18
8914.480000 1.137464e-16 7.080461e-18
8917.480000 1.498465e-16 8.973367e-18
8920.480000 1.289584e-16 9.679397e-18
8923.480000 7.221637e-17 8.429361e-18
8926.480000 7.500742e-17 6.705869e-18
8929.480000 1.062656e-16 5.999650e-18
8932.480000 1.104510e-16 5.885247e-18
8935.480000 1.104127e-16 5.915395e-18
8938.480000 1.029348e-16 6.392556e-18
8941.480000 1.265645e-16 7.380582e-18
8944.480000 1.193543e-16 7.618359e-18
8947.480000 7.089537e-17 6.930504e-18
8950.480000 5.363626e-17 6.693895e-18
8953.480000 9.261059e-17 8.112092e-18
8956.480000 1.362053e-16 1.027647e-17
8959.480000 1.220907e-16 1.065804e-17
8962.480000 6.987602e-17 8.914903e-18
8965.480000 7.682476e-17 7.398818e-18
8968.480000 9.963157e-17 7.138330e-18
8971.480000 9.879545e-17 7.290947e-18
8974.480000 9.196383e-17 7.424472e-18
8977.480000 9.691937e-17 7.579331e-18
8980.480000 1.038171e-16 7.767744e-18
8983.480000 1.010269e-16 8.017815e-18
8986.480000 1.161515e-16 8.612314e-18
8989.480000 8.846779e-17 8.591258e-18
8992.480000 5.932070e-17 7.928066e-18
8995.480000 7.443203e-17 7.545296e-18
8998.480000 1.139204e-16 8.382122e-18
9001.480000 1.304323e-16 9.170869e-18
9004.480000 1.127046e-16 8.604327e-18
9007.480000 1.027282e-16 7.162183e-18
9010.480000 9.548183e-17 6.219346e-18
9013.480000 9.884201e-17 5.966560e-18
9016.480000 9.154253e-17 5.841286e-18
9019.480000 1.002846e-16 5.725595e-18
9022.480000 9.548972e-17 5.671931e-18
9025.480000 8.781853e-17 5.635680e-18
9028.480000 9.490276e-17 5.759354e-18
9031.480000 9.759559e-17 5.846149e-18
9034.480000 9.806163e-17 6.038132e-18
9037.480000 1.014223e-16 6.313992e-18
9040.480000 8.574488e-17 6.338183e-18
9043.480000 8.263223e-17 6.333536e-18
9046.480000 1.094891e-16 6.702325e-18
9049.480000 1.375276e-16 6.989947e-18
9052.480000 1.225965e-16 6.619509e-18
9055.480000 1.037011e-16 6.101339e-18
9058.480000 1.045009e-16 5.905371e-18
9061.480000 9.677381e-17 5.918085e-18
9064.480000 9.314693e-17 6.048309e-18
9067.480000 8.747345e-17 6.550093e-18
9070.480000 8.540837e-17 6.805209e-18
9073.480000 9.001927e-17 6.785947e-18
9076.480000 9.353949e-17 6.315902e-18
9079.480000 9.187915e-17 6.510620e-18
9082.480000 9.305725e-17 6.807402e-18
9085.480000 9.276065e-17 7.292271e-18
9088.480000 8.043524e-17 7.619687e-18
9091.480000 9.571196e-17 7.583246e-18
9094.480000 9.074427e-17 7.789656e-18
9097.480000 9.242267e-17 7.954147e-18
