# TELESCOPE = UH88
# INSTRUMENT = SNIFS
# OBJECT = 24slf
# CHANNEL = B+R
# EXPNUM = 24_235_048_002
# MJD-OBS = 60544.491684
# DATE-OBS = 2024-08-22T11:48:03
# EXPTIME = 1800.0s
# AIRMASS = 2.31
# FLUXCAL_RMS_B = 0.082 mag
# FLUXCAL_RMS_R = 0.069 mag
# RA = 04:21:30.99
# DEC = 41:20:17.99
# wl fl err
# [A] [erg/s/cm2/A]
3400.480000 nan nan
3403.480000 nan nan
3406.480000 nan nan
3409.480000 nan nan
3412.480000 nan nan
3415.480000 nan nan
3418.480000 nan nan
3421.480000 nan nan
3424.480000 nan nan
3427.480000 nan nan
3430.480000 nan nan
3433.480000 nan nan
3436.480000 nan nan
3439.480000 nan nan
3442.480000 nan nan
3445.480000 nan nan
3448.480000 nan nan
3451.480000 nan nan
3454.480000 nan nan
3457.480000 nan nan
3460.480000 nan nan
3463.480000 nan nan
3466.480000 nan nan
3469.480000 nan nan
3472.480000 nan nan
3475.480000 nan nan
3478.480000 nan nan
3481.480000 nan nan
3484.480000 nan nan
3487.480000 nan nan
3490.480000 nan nan
3493.480000 nan nan
3496.480000 nan nan
3499.480000 nan nan
3502.480000 nan nan
3505.480000 nan nan
3508.480000 nan nan
3511.480000 nan nan
3514.480000 nan nan
3517.480000 nan nan
3520.480000 nan nan
3523.480000 nan nan
3526.480000 nan nan
3529.480000 nan nan
3532.480000 nan nan
3535.480000 nan nan
3538.480000 nan nan
3541.480000 nan nan
3544.480000 nan nan
3547.480000 nan nan
3550.480000 nan nan
3553.480000 nan nan
3556.480000 nan nan
3559.480000 nan nan
3562.480000 nan nan
3565.480000 nan nan
3568.480000 nan nan
3571.480000 nan nan
3574.480000 nan nan
3577.480000 nan nan
3580.480000 nan nan
3583.480000 nan nan
3586.480000 nan nan
3589.480000 nan nan
3592.480000 nan nan
3595.480000 nan nan
3598.480000 nan nan
3601.480000 nan nan
3604.480000 nan nan
3607.480000 -1.932552e-17 3.098728e-17
3610.480000 2.512075e-17 3.243587e-17
3613.480000 4.169608e-17 3.016699e-17
3616.480000 1.067156e-17 2.830371e-17
3619.480000 3.817112e-17 3.063414e-17
3622.480000 6.049084e-17 3.141040e-17
3625.480000 3.547608e-17 2.906844e-17
3628.480000 -1.591972e-18 2.850088e-17
3631.480000 -2.559581e-17 3.184356e-17
3634.480000 1.864550e-17 3.169941e-17
3637.480000 -9.645840e-18 2.785724e-17
3640.480000 1.772536e-17 2.830520e-17
3643.480000 3.845874e-17 3.288874e-17
3646.480000 3.644338e-17 3.231364e-17
3649.480000 2.558522e-17 2.769736e-17
3652.480000 3.771145e-17 2.809772e-17
3655.480000 -1.892261e-18 3.177020e-17
3658.480000 3.037874e-17 3.185631e-17
3661.480000 6.636273e-19 2.866346e-17
3664.480000 -1.812696e-17 2.953315e-17
3667.480000 4.479142e-17 3.186703e-17
3670.480000 4.887429e-17 3.043307e-17
3673.480000 1.826819e-17 2.743065e-17
3676.480000 2.947963e-17 2.899023e-17
3679.480000 4.795600e-17 3.048715e-17
3682.480000 6.284400e-18 2.783554e-17
3685.480000 8.560512e-18 2.584553e-17
3688.480000 2.454904e-17 2.806578e-17
3691.480000 1.088381e-17 2.923226e-17
3694.480000 -1.688093e-17 2.699510e-17
3697.480000 -9.362071e-18 2.599001e-17
3700.480000 -2.511691e-17 2.907503e-17
3703.480000 -6.420683e-17 2.960620e-17
3706.480000 -1.018537e-17 2.631655e-17
3709.480000 -1.721313e-17 2.502897e-17
3712.480000 -2.503086e-17 2.875272e-17
3715.480000 -4.748183e-18 2.956697e-17
3718.480000 -2.053334e-17 2.579323e-17
3721.480000 3.276512e-17 2.530627e-17
3724.480000 1.854082e-17 2.732946e-17
3727.480000 -6.520673e-18 2.723861e-17
3730.480000 -3.018353e-17 2.453020e-17
3733.480000 -5.426062e-17 2.503752e-17
3736.480000 -2.604691e-17 2.663347e-17
3739.480000 3.680723e-17 2.543534e-17
3742.480000 4.429644e-17 2.388257e-17
3745.480000 1.487036e-17 2.562456e-17
3748.480000 2.293744e-17 2.671139e-17
3751.480000 9.793734e-18 2.474978e-17
3754.480000 2.434203e-17 2.382159e-17
3757.480000 5.255667e-17 2.715856e-17
3760.480000 3.486266e-17 2.805103e-17
3763.480000 -3.943277e-18 2.511809e-17
3766.480000 2.831706e-18 2.397084e-17
3769.480000 2.689537e-17 2.691857e-17
3772.480000 7.410715e-17 2.803807e-17
3775.480000 7.661001e-17 2.574789e-17
3778.480000 1.662594e-17 2.544383e-17
3781.480000 2.921696e-18 2.896993e-17
3784.480000 6.187282e-18 2.931426e-17
3787.480000 1.385391e-17 2.557844e-17
3790.480000 3.970437e-19 2.483728e-17
3793.480000 1.633555e-17 2.742471e-17
3796.480000 9.917103e-18 2.681980e-17
3799.480000 8.136318e-18 2.325998e-17
3802.480000 -1.631315e-18 2.382668e-17
3805.480000 -6.050766e-18 2.686157e-17
3808.480000 -2.853982e-17 2.616999e-17
3811.480000 -2.854975e-17 2.373937e-17
3814.480000 5.551698e-17 2.497500e-17
3817.480000 4.989326e-17 2.582098e-17
3820.480000 1.257081e-17 2.352948e-17
3823.480000 5.107273e-17 2.156912e-17
3826.480000 1.377233e-17 2.254360e-17
3829.480000 -5.978451e-18 2.302855e-17
3832.480000 -2.530691e-17 2.099378e-17
3835.480000 -3.392010e-17 1.970147e-17
3838.480000 -3.141605e-17 2.166986e-17
3841.480000 -3.561223e-18 2.254644e-17
3844.480000 -2.186271e-17 2.092302e-17
3847.480000 -2.759484e-17 2.109453e-17
3850.480000 -1.828851e-17 2.427101e-17
3853.480000 -2.106504e-17 2.429249e-17
3856.480000 -4.763861e-17 2.106832e-17
3859.480000 -6.644059e-17 2.048057e-17
3862.480000 -4.334153e-17 2.285204e-17
3865.480000 -4.951340e-17 2.302798e-17
3868.480000 -4.351172e-17 2.066635e-17
3871.480000 -3.652846e-17 2.113077e-17
3874.480000 -3.145069e-17 2.317029e-17
3877.480000 -3.151791e-17 2.264447e-17
3880.480000 -1.557526e-17 2.063068e-17
3883.480000 4.079388e-18 2.153487e-17
3886.480000 -8.029557e-18 2.321909e-17
3889.480000 3.461779e-17 2.208320e-17
3892.480000 6.447439e-17 2.087868e-17
3895.480000 6.817401e-17 2.331666e-17
3898.480000 8.442669e-17 2.509791e-17
3901.480000 1.143425e-16 2.338366e-17
3904.480000 1.052603e-16 2.185826e-17
3907.480000 8.876708e-17 2.399187e-17
3910.480000 6.370946e-17 2.500574e-17
3913.480000 5.972644e-17 2.317710e-17
3916.480000 6.872344e-17 2.255188e-17
3919.480000 9.358655e-17 2.520224e-17
3922.480000 7.451432e-17 2.475709e-17
3925.480000 -1.400307e-18 2.097506e-17
3928.480000 -3.677350e-17 2.007218e-17
3931.480000 4.048160e-18 2.155138e-17
3934.480000 1.540050e-17 2.024816e-17
3937.480000 1.595259e-18 1.733109e-17
3940.480000 -5.363837e-17 1.823863e-17
3943.480000 -4.216087e-17 2.151571e-17
3946.480000 -2.916733e-17 2.192768e-17
4054.480000 -9.495949e-18 2.163652e-17
4057.480000 -6.950282e-17 2.362703e-17
4060.480000 -4.035886e-17 2.392586e-17
4063.480000 -2.013897e-17 2.133663e-17
4066.480000 -1.147809e-17 2.071335e-17
4069.480000 -2.684111e-17 2.357338e-17
4072.480000 -1.813383e-17 2.378312e-17
4075.480000 -1.446713e-18 2.077255e-17
4078.480000 1.813220e-17 2.090233e-17
4081.480000 -2.311699e-19 2.326879e-17
4084.480000 7.427893e-18 2.314038e-17
4087.480000 2.884827e-17 2.084797e-17
4090.480000 3.598957e-17 2.172590e-17
4093.480000 3.217032e-17 2.390010e-17
4096.480000 3.043853e-17 2.278802e-17
4099.480000 4.219735e-17 2.026800e-17
4102.480000 3.177296e-17 2.101070e-17
4105.480000 1.271698e-17 2.218849e-17
4108.480000 7.052897e-18 2.128226e-17
4111.480000 4.730517e-17 2.058389e-17
4114.480000 9.764751e-17 2.329383e-17
4117.480000 1.134487e-16 2.499286e-17
4120.480000 1.128120e-16 2.311355e-17
4123.480000 1.749597e-16 2.202077e-17
4126.480000 1.595302e-16 2.440478e-17
4129.480000 1.533402e-16 2.489961e-17
4132.480000 1.196314e-16 2.201965e-17
4135.480000 1.117206e-16 2.131887e-17
4138.480000 4.026504e-17 2.401995e-17
4141.480000 -4.132985e-18 2.402271e-17
4144.480000 2.601532e-17 2.092321e-17
4147.480000 4.069684e-17 2.076007e-17
4150.480000 4.764398e-18 2.329187e-17
4153.480000 -2.935898e-17 2.269174e-17
4156.480000 1.018123e-17 1.993812e-17
4159.480000 4.646542e-17 2.059156e-17
4162.480000 5.917067e-17 2.279417e-17
4165.480000 4.299971e-17 2.213641e-17
4168.480000 2.675126e-17 1.993846e-17
4171.480000 4.104410e-17 2.085667e-17
4174.480000 4.502620e-17 2.212324e-17
4177.480000 4.772335e-17 2.054710e-17
4180.480000 4.024858e-17 1.899367e-17
4183.480000 7.180969e-17 2.086071e-17
4186.480000 8.604930e-17 2.196389e-17
4189.480000 8.563330e-17 2.022976e-17
4192.480000 8.816373e-17 1.925483e-17
4195.480000 4.876444e-17 2.124091e-17
4198.480000 6.181136e-17 2.174078e-17
4201.480000 7.512109e-17 1.945198e-17
4204.480000 8.172009e-17 1.896286e-17
4207.480000 9.334701e-17 2.176690e-17
4210.480000 3.544956e-17 2.196655e-17
4213.480000 5.863599e-17 1.970175e-17
4216.480000 2.892296e-17 1.961445e-17
4219.480000 5.608273e-17 2.215095e-17
4222.480000 9.011930e-17 2.200172e-17
4225.480000 1.211639e-16 1.923422e-17
4228.480000 8.099181e-17 1.899978e-17
4231.480000 7.480162e-17 2.091061e-17
4234.480000 6.419275e-17 2.072839e-17
4237.480000 1.032589e-16 1.894337e-17
4240.480000 7.721560e-17 1.970120e-17
4243.480000 4.209382e-17 2.132104e-17
4246.480000 5.247254e-17 2.044245e-17
4249.480000 6.139933e-17 1.885192e-17
4252.480000 5.986772e-17 2.007070e-17
4255.480000 8.362150e-17 2.142337e-17
4258.480000 8.238292e-17 1.992702e-17
4261.480000 9.017171e-17 1.868948e-17
4264.480000 6.933794e-17 2.055517e-17
4267.480000 7.705045e-17 2.159733e-17
4270.480000 9.520120e-17 1.956728e-17
4273.480000 8.729248e-17 1.847420e-17
4276.480000 4.316173e-17 2.036517e-17
4279.480000 4.898173e-17 2.098289e-17
4282.480000 5.608898e-17 1.899920e-17
4285.480000 3.919149e-17 1.885186e-17
4288.480000 3.874253e-17 2.111818e-17
4291.480000 3.562588e-17 2.066741e-17
4294.480000 6.107507e-17 1.817663e-17
4297.480000 5.662676e-17 1.846709e-17
4300.480000 6.005410e-17 2.004158e-17
4303.480000 6.868143e-17 1.896476e-17
4306.480000 6.867883e-17 1.681467e-17
4309.480000 4.498601e-17 1.749932e-17
4312.480000 5.869267e-17 1.930196e-17
4315.480000 2.475072e-17 1.886871e-17
4318.480000 3.764413e-17 1.842377e-17
4321.480000 7.595696e-17 2.068756e-17
4324.480000 1.257842e-16 2.184180e-17
4327.480000 5.469531e-17 1.941167e-17
4330.480000 2.982063e-17 1.813158e-17
4333.480000 3.355609e-17 2.062280e-17
4336.480000 8.555516e-17 2.167269e-17
4339.480000 8.356054e-17 1.943991e-17
4342.480000 8.243089e-17 1.804985e-17
4345.480000 5.821313e-17 2.001378e-17
4348.480000 3.979581e-17 2.100351e-17
4351.480000 5.025995e-17 1.910106e-17
4354.480000 5.211764e-17 1.882678e-17
4357.480000 4.729049e-17 2.142032e-17
4360.480000 5.846411e-17 2.167733e-17
4363.480000 3.609175e-17 1.907956e-17
4366.480000 4.256811e-17 1.956255e-17
4369.480000 5.186924e-17 2.178582e-17
4372.480000 5.612696e-17 2.115778e-17
4375.480000 5.792216e-17 1.869047e-17
4378.480000 5.423197e-17 1.939436e-17
4381.480000 3.629032e-17 2.110649e-17
4384.480000 7.937461e-17 2.005029e-17
4387.480000 5.789615e-17 1.794240e-17
4390.480000 2.643752e-17 1.927476e-17
4393.480000 4.257832e-17 2.096855e-17
4396.480000 4.033137e-17 1.975455e-17
4399.480000 8.573443e-17 1.869985e-17
4402.480000 1.077139e-16 2.047681e-17
4405.480000 8.492550e-17 2.109733e-17
4408.480000 6.179502e-17 1.923200e-17
4411.480000 4.938055e-17 1.870387e-17
4414.480000 5.098880e-17 2.123110e-17
4417.480000 8.692273e-17 2.180724e-17
4420.480000 6.744647e-17 1.949944e-17
4423.480000 4.251274e-17 1.923631e-17
4426.480000 3.658183e-17 2.203239e-17
4429.480000 2.275410e-17 2.231370e-17
4432.480000 5.508020e-17 1.994693e-17
4435.480000 6.641605e-17 1.964211e-17
4438.480000 4.524169e-17 2.149766e-17
4441.480000 3.462045e-17 2.118441e-17
4444.480000 3.132446e-17 1.888974e-17
4447.480000 3.808652e-17 1.966652e-17
4450.480000 3.315714e-17 2.163655e-17
4453.480000 5.850953e-17 2.084736e-17
4456.480000 7.106019e-17 1.871072e-17
4459.480000 6.503818e-17 1.954130e-17
4462.480000 2.688419e-17 2.079597e-17
4465.480000 2.582712e-17 1.973255e-17
4468.480000 5.211427e-17 1.857254e-17
4471.480000 4.252921e-17 2.033822e-17
4474.480000 3.136476e-17 2.140914e-17
4477.480000 5.154949e-17 1.987306e-17
4480.480000 5.711890e-17 1.903407e-17
4483.480000 8.330793e-17 2.102810e-17
4486.480000 8.728703e-17 2.168043e-17
4489.480000 5.487259e-17 1.957152e-17
4492.480000 6.405641e-17 1.913708e-17
4495.480000 1.146558e-16 2.192496e-17
4498.480000 5.646307e-17 2.169661e-17
4501.480000 4.016674e-17 1.911624e-17
4504.480000 4.574381e-17 1.942359e-17
4507.480000 5.812529e-17 2.202988e-17
4510.480000 8.983854e-17 2.194044e-17
4513.480000 8.560832e-17 1.937485e-17
4516.480000 7.853420e-17 1.975512e-17
4519.480000 7.507304e-17 2.171073e-17
4522.480000 4.648840e-17 2.086733e-17
4525.480000 7.743091e-17 1.888050e-17
4528.480000 8.957721e-17 1.974568e-17
4531.480000 7.888423e-17 2.097235e-17
4534.480000 7.612854e-17 1.978966e-17
4537.480000 6.675956e-17 1.830306e-17
4540.480000 7.654525e-17 2.003430e-17
4543.480000 8.074610e-17 2.136663e-17
4546.480000 8.241932e-17 1.977856e-17
4549.480000 7.592368e-17 1.859262e-17
4552.480000 7.284026e-17 2.039281e-17
4555.480000 7.881324e-17 2.102599e-17
4558.480000 7.412374e-17 1.903427e-17
4561.480000 7.911614e-17 1.879108e-17
4564.480000 6.853502e-17 2.136355e-17
4567.480000 4.077464e-17 2.129918e-17
4570.480000 4.694762e-17 1.882047e-17
4573.480000 5.822885e-17 1.885743e-17
4576.480000 7.915732e-17 2.146435e-17
4579.480000 5.087719e-17 2.108598e-17
4582.480000 5.715597e-17 1.847231e-17
4585.480000 4.834001e-17 1.868047e-17
4588.480000 6.312130e-17 2.075880e-17
4591.480000 6.574834e-17 2.036283e-17
4594.480000 6.197545e-17 1.829037e-17
4597.480000 8.668767e-17 1.924057e-17
4600.480000 5.376841e-17 2.062481e-17
4603.480000 4.698736e-17 1.958490e-17
4606.480000 6.217440e-17 1.817964e-17
4609.480000 6.888472e-17 1.968719e-17
4612.480000 7.417363e-17 2.082898e-17
4615.480000 1.100011e-16 1.949369e-17
4618.480000 1.046379e-16 1.843821e-17
4621.480000 6.493271e-17 2.011049e-17
4624.480000 6.793650e-17 2.082380e-17
4627.480000 6.383858e-17 1.897207e-17
4630.480000 5.474203e-17 1.826299e-17
4633.480000 6.280081e-17 2.066453e-17
4636.480000 8.236405e-17 2.099401e-17
4639.480000 9.111458e-17 1.850232e-17
4642.480000 7.364080e-17 1.829574e-17
4645.480000 7.234483e-17 2.064904e-17
4648.480000 9.787539e-17 2.050961e-17
4651.480000 6.534334e-17 1.783410e-17
4654.480000 8.201162e-17 1.836684e-17
4657.480000 1.005249e-16 2.054421e-17
4660.480000 8.833189e-17 2.007741e-17
4663.480000 1.005017e-16 1.807491e-17
4666.480000 8.878455e-17 1.872533e-17
4669.480000 9.293687e-17 2.016536e-17
4672.480000 9.806102e-17 1.917143e-17
4675.480000 1.085795e-16 1.781047e-17
4678.480000 9.213649e-17 1.916637e-17
4681.480000 6.664148e-17 2.012408e-17
4684.480000 5.526600e-17 1.867300e-17
4687.480000 8.084133e-17 1.781579e-17
4690.480000 8.676989e-17 1.958572e-17
4693.480000 7.074308e-17 2.026346e-17
4696.480000 9.738801e-17 1.853056e-17
4699.480000 8.261965e-17 1.777560e-17
4702.480000 9.577168e-17 1.987040e-17
4705.480000 4.077431e-17 1.979478e-17
4708.480000 3.701469e-17 1.760597e-17
4711.480000 5.589387e-17 1.759746e-17
4714.480000 5.806597e-17 2.015449e-17
4717.480000 6.476983e-17 2.027798e-17
4720.480000 5.547385e-17 1.784927e-17
4723.480000 5.262412e-17 1.821902e-17
4726.480000 8.057292e-17 2.043756e-17
4729.480000 1.003243e-16 1.986208e-17
4732.480000 8.134772e-17 1.752251e-17
4735.480000 7.908855e-17 1.814629e-17
4738.480000 9.681318e-17 1.993571e-17
4741.480000 9.313261e-17 1.913706e-17
4744.480000 1.080905e-16 1.763338e-17
4747.480000 7.528250e-17 1.876700e-17
4750.480000 8.278484e-17 2.014036e-17
4753.480000 8.607788e-17 1.884835e-17
4756.480000 7.343313e-17 1.744194e-17
4759.480000 5.778693e-17 1.895329e-17
4762.480000 9.011445e-17 1.985609e-17
4765.480000 1.113269e-16 1.826974e-17
4768.480000 1.075486e-16 1.740767e-17
4771.480000 7.629289e-17 1.938766e-17
4774.480000 5.353263e-17 1.988133e-17
4777.480000 5.828941e-17 1.793993e-17
4780.480000 9.072449e-17 1.784400e-17
4783.480000 5.839418e-17 2.023778e-17
4786.480000 4.091664e-17 2.011413e-17
4789.480000 6.702117e-17 1.767100e-17
4792.480000 8.141809e-17 1.793229e-17
4795.480000 7.895788e-17 2.019266e-17
4798.480000 6.197397e-17 1.983196e-17
4801.480000 9.228860e-17 1.769252e-17
4804.480000 7.637721e-17 1.825364e-17
4807.480000 5.632405e-17 1.990507e-17
4810.480000 6.037229e-17 1.919086e-17
4813.480000 4.483084e-17 1.755005e-17
4816.480000 6.221042e-17 1.887428e-17
4819.480000 5.101980e-17 2.026660e-17
4822.480000 8.552764e-17 1.909504e-17
4825.480000 6.063961e-17 1.754547e-17
4828.480000 4.481546e-17 1.901894e-17
4831.480000 3.000944e-17 1.996399e-17
4834.480000 6.381054e-17 1.849033e-17
4837.480000 7.383995e-17 1.766129e-17
4840.480000 7.313887e-17 1.966781e-17
4843.480000 6.748473e-17 2.018589e-17
4846.480000 5.744630e-17 1.813450e-17
4849.480000 7.222275e-17 1.777263e-17
4852.480000 8.306910e-17 2.017622e-17
4855.480000 7.743584e-17 2.028189e-17
4858.480000 6.177630e-17 1.747847e-17
4861.480000 7.533775e-17 1.718219e-17
4864.480000 4.394178e-17 1.884417e-17
4867.480000 1.920973e-17 1.875571e-17
4870.480000 3.301837e-17 1.708005e-17
4873.480000 5.962466e-17 1.792187e-17
4876.480000 5.861256e-17 1.980918e-17
4879.480000 3.829127e-17 1.926716e-17
4882.480000 4.604688e-17 1.762547e-17
4885.480000 7.494545e-17 1.885176e-17
4888.480000 1.106927e-16 2.033565e-17
4891.480000 5.509131e-17 1.907151e-17
4894.480000 2.360000e-17 1.763828e-17
4897.480000 5.025989e-17 1.952004e-17
4900.480000 5.109978e-17 2.076643e-17
4903.480000 7.303687e-17 1.945635e-17
4906.480000 8.913806e-17 1.849640e-17
4909.480000 9.951707e-17 2.062302e-17
4912.480000 9.543467e-17 2.130168e-17
4915.480000 8.002438e-17 1.925152e-17
4918.480000 1.049765e-16 1.889658e-17
4921.480000 1.051065e-16 2.134029e-17
4924.480000 7.122270e-17 2.129900e-17
4927.480000 3.645145e-17 1.902978e-17
4930.480000 3.871593e-17 1.946920e-17
4933.480000 7.165540e-17 2.257218e-17
4936.480000 9.475965e-17 2.245520e-17
4939.480000 8.196713e-17 2.007983e-17
4942.480000 6.723102e-17 2.095063e-17
4945.480000 2.363655e-17 2.356503e-17
4948.480000 7.023197e-17 2.352705e-17
4951.480000 9.558012e-17 2.122130e-17
4954.480000 9.551394e-17 2.260438e-17
4957.480000 8.488809e-17 2.442096e-17
4960.480000 7.377949e-17 2.327308e-17
4963.480000 6.790329e-17 2.189727e-17
4966.480000 5.873459e-17 2.409887e-17
4969.480000 3.501023e-17 2.566387e-17
4972.480000 2.663663e-17 2.423297e-17
4975.480000 3.639444e-17 2.328808e-17
4978.480000 1.070935e-16 2.628541e-17
4981.480000 1.477904e-16 2.768366e-17
4984.480000 8.031925e-17 2.649046e-17
4987.480000 5.826817e-17 2.491775e-17
4990.480000 1.304693e-17 2.830011e-17
4993.480000 1.943060e-17 2.979883e-17
4996.480000 5.192875e-17 2.725149e-17
4999.480000 9.074004e-17 2.789957e-17
5002.480000 8.068343e-17 3.210994e-17
5005.480000 8.570252e-17 3.190809e-17
5008.480000 6.479923e-17 2.841531e-17
5011.480000 1.207659e-16 3.017111e-17
5014.480000 1.132460e-16 3.423218e-17
5017.480000 1.236118e-16 3.371515e-17
5020.480000 1.194623e-16 3.095722e-17
5023.480000 1.154060e-16 3.357117e-17
5026.480000 9.818566e-17 3.716461e-17
5029.480000 1.111241e-16 3.634621e-17
5032.480000 8.256034e-17 3.404076e-17
5035.480000 6.198159e-17 3.742850e-17
5038.480000 1.538269e-16 4.087130e-17
5041.480000 1.047306e-16 3.852803e-17
5044.480000 3.181294e-17 3.666803e-17
5047.480000 4.678464e-17 4.162502e-17
5050.480000 1.019393e-16 4.423297e-17
5053.480000 1.991292e-16 4.062027e-17
5056.480000 1.302858e-16 3.937347e-17
5059.480000 8.343676e-17 4.466040e-17
5062.480000 1.260108e-16 4.575195e-17
5065.480000 1.914847e-16 4.156099e-17
5068.480000 1.807868e-16 4.136000e-17
5071.480000 2.508428e-16 nan
5074.480000 2.316217e-16 nan
5077.480000 2.188765e-16 nan
5080.480000 2.000411e-16 nan
5083.480000 1.809079e-16 nan
5086.480000 1.568217e-16 nan
5089.480000 1.546428e-16 nan
5092.480000 1.768771e-16 nan
5203.480000 1.739603e-16 4.030355e-17
5206.480000 1.734685e-16 3.537502e-17
5209.480000 1.430724e-16 3.412874e-17
5212.480000 7.312415e-17 3.354693e-17
5215.480000 2.465627e-18 3.241271e-17
5218.480000 3.527807e-17 3.089491e-17
5221.480000 8.643345e-17 3.017244e-17
5224.480000 4.006055e-17 2.870400e-17
5227.480000 4.523270e-17 2.779321e-17
5230.480000 5.095891e-17 2.724761e-17
5233.480000 6.591080e-17 2.672828e-17
5236.480000 4.420607e-17 2.581554e-17
5239.480000 5.449863e-17 2.536541e-17
5242.480000 6.806923e-17 2.485959e-17
5245.480000 7.945955e-17 2.462340e-17
5248.480000 7.623657e-17 2.508502e-17
5251.480000 7.938588e-17 2.413962e-17
5254.480000 8.884786e-17 2.306813e-17
5257.480000 9.893877e-17 2.286376e-17
5260.480000 7.445648e-17 2.229566e-17
5263.480000 1.112599e-16 2.187907e-17
5266.480000 1.433955e-16 2.170975e-17
5269.480000 1.411513e-16 2.146827e-17
5272.480000 1.596696e-16 2.146403e-17
5275.480000 1.855305e-16 2.212869e-17
5278.480000 1.811395e-16 2.421059e-17
5281.480000 1.484280e-16 2.565894e-17
5284.480000 1.278619e-16 2.426979e-17
5287.480000 1.439983e-16 2.240645e-17
5290.480000 1.549258e-16 2.221898e-17
5293.480000 1.710110e-16 2.256447e-17
5296.480000 1.408728e-16 2.255163e-17
5299.480000 9.496388e-17 2.214261e-17
5302.480000 1.220189e-16 2.229941e-17
5305.480000 1.073845e-16 2.515000e-17
5308.480000 1.167340e-16 2.514661e-17
5311.480000 1.145477e-16 2.311637e-17
5314.480000 1.458563e-16 2.338961e-17
5317.480000 1.483887e-16 2.368041e-17
5320.480000 1.514981e-16 2.402164e-17
5323.480000 1.298362e-16 2.412210e-17
5326.480000 1.311803e-16 2.436497e-17
5329.480000 1.179850e-16 2.446790e-17
5332.480000 2.012455e-16 2.521531e-17
5335.480000 2.077783e-16 2.578730e-17
5338.480000 2.264602e-16 2.610721e-17
5341.480000 1.547373e-16 2.476824e-17
5344.480000 1.265649e-16 2.380011e-17
5347.480000 1.528415e-16 2.334480e-17
5350.480000 7.214509e-17 2.228807e-17
5353.480000 1.103534e-16 2.173177e-17
5356.480000 1.454009e-16 2.141433e-17
5359.480000 1.120925e-16 2.059910e-17
5362.480000 1.158596e-16 2.001181e-17
5365.480000 9.387663e-17 1.917018e-17
5368.480000 7.683517e-17 1.852239e-17
5371.480000 1.136979e-16 1.821994e-17
5374.480000 1.330465e-16 1.803860e-17
5377.480000 1.210954e-16 1.764178e-17
5380.480000 1.321469e-16 1.731264e-17
5383.480000 1.335796e-16 1.696699e-17
5386.480000 1.324731e-16 1.668329e-17
5389.480000 1.164175e-16 1.635412e-17
5392.480000 1.092999e-16 1.610947e-17
5395.480000 1.111434e-16 1.588806e-17
5398.480000 7.493672e-17 1.548041e-17
5401.480000 7.553530e-17 1.541644e-17
5404.480000 1.047041e-16 1.553275e-17
5407.480000 1.055050e-16 1.635486e-17
5410.480000 7.883407e-17 1.631340e-17
5413.480000 7.436418e-17 1.564870e-17
5416.480000 9.732592e-17 1.571042e-17
5419.480000 9.213866e-17 1.576957e-17
5422.480000 7.739369e-17 1.581081e-17
5425.480000 8.533856e-17 1.600312e-17
5428.480000 1.230212e-16 1.631366e-17
5431.480000 1.439362e-16 1.658497e-17
5434.480000 1.217429e-16 1.670215e-17
5437.480000 8.183614e-17 1.691293e-17
5440.480000 1.128754e-16 1.744897e-17
5443.480000 1.062545e-16 1.761560e-17
5446.480000 6.760034e-17 1.765815e-17
5449.480000 7.814524e-17 1.803431e-17
5452.480000 1.003397e-16 1.844212e-17
5455.480000 9.569120e-17 1.871915e-17
5458.480000 7.616707e-17 1.903981e-17
5461.480000 7.388799e-17 1.949763e-17
5464.480000 8.215846e-17 1.937745e-17
5467.480000 1.026416e-16 1.911208e-17
5470.480000 1.048851e-16 1.862237e-17
5473.480000 9.235601e-17 1.802670e-17
5476.480000 7.009424e-17 1.741407e-17
5479.480000 9.268892e-17 1.716056e-17
5482.480000 8.299725e-17 1.650257e-17
5485.480000 7.923545e-17 1.608160e-17
5488.480000 7.864055e-17 1.575232e-17
5491.480000 5.507696e-17 1.523078e-17
5494.480000 6.442700e-17 1.492511e-17
5497.480000 7.539940e-17 1.463723e-17
5500.480000 6.383508e-17 1.431471e-17
5503.480000 6.224614e-17 1.412367e-17
5506.480000 6.685700e-17 1.426645e-17
5509.480000 7.682145e-17 1.527130e-17
5512.480000 8.000589e-17 1.436868e-17
5515.480000 7.511537e-17 1.347196e-17
5518.480000 7.613025e-17 1.326664e-17
5521.480000 9.385449e-17 1.322049e-17
5524.480000 9.249231e-17 1.314043e-17
5527.480000 8.395438e-17 1.308765e-17
5530.480000 8.177829e-17 1.308158e-17
5533.480000 8.194065e-17 1.328605e-17
5536.480000 1.034306e-16 1.375066e-17
5539.480000 1.010426e-16 1.436011e-17
5542.480000 1.103043e-16 1.413732e-17
5545.480000 1.103330e-16 1.661751e-17
5548.480000 9.299507e-17 1.457258e-17
5551.480000 8.663203e-17 1.369706e-17
5554.480000 8.171451e-17 1.384402e-17
5557.480000 7.390985e-17 1.404551e-17
5560.480000 9.552329e-17 1.443402e-17
5563.480000 9.105223e-17 1.475207e-17
5566.480000 6.760539e-17 1.534393e-17
5569.480000 9.390060e-17 1.743413e-17
5572.480000 1.609166e-16 2.130325e-17
5575.480000 2.347520e-16 2.539324e-17
5578.480000 1.937724e-16 2.605757e-17
5581.480000 6.644284e-17 2.381552e-17
5584.480000 2.217136e-17 2.040400e-17
5587.480000 6.538282e-17 1.815232e-17
5590.480000 8.548143e-17 1.698441e-17
5593.480000 6.865523e-17 1.628351e-17
5596.480000 7.787869e-17 1.574914e-17
5599.480000 8.185835e-17 1.538871e-17
5602.480000 6.670470e-17 1.500529e-17
5605.480000 7.783389e-17 1.470177e-17
5608.480000 8.394165e-17 1.444597e-17
5611.480000 7.922346e-17 1.407151e-17
5614.480000 8.706016e-17 1.361112e-17
5617.480000 8.155957e-17 1.337003e-17
5620.480000 6.533199e-17 1.309227e-17
5623.480000 6.342471e-17 1.332268e-17
5626.480000 7.507679e-17 1.410883e-17
5629.480000 9.419631e-17 1.301491e-17
5632.480000 1.024408e-16 1.273323e-17
5635.480000 9.165272e-17 1.214800e-17
5638.480000 9.674316e-17 1.187809e-17
5641.480000 1.036246e-16 1.208066e-17
5644.480000 1.120783e-16 1.296406e-17
5647.480000 1.203927e-16 1.328029e-17
5650.480000 1.094222e-16 1.308986e-17
5653.480000 8.126059e-17 1.312686e-17
5656.480000 7.582889e-17 1.230720e-17
5659.480000 9.784601e-17 1.151109e-17
5662.480000 1.013594e-16 1.178231e-17
5665.480000 8.676831e-17 1.167876e-17
5668.480000 7.746923e-17 1.166340e-17
5671.480000 8.759287e-17 1.184145e-17
5674.480000 7.290106e-17 1.187115e-17
5677.480000 8.437872e-17 1.209011e-17
5680.480000 1.114101e-16 1.231356e-17
5683.480000 1.033939e-16 1.241065e-17
5686.480000 1.148456e-16 1.269121e-17
5689.480000 1.127129e-16 1.293964e-17
5692.480000 9.770827e-17 1.316475e-17
5695.480000 1.119417e-16 1.351791e-17
5698.480000 1.134643e-16 1.436044e-17
5701.480000 1.154926e-16 1.435423e-17
5704.480000 1.187446e-16 1.556048e-17
5707.480000 1.147892e-16 1.436948e-17
5710.480000 7.590340e-17 1.476896e-17
5713.480000 8.162731e-17 1.568393e-17
5716.480000 8.968773e-17 1.574781e-17
5719.480000 1.113640e-16 1.465485e-17
5722.480000 1.170733e-16 1.422847e-17
5725.480000 1.136953e-16 1.466288e-17
5728.480000 9.529125e-17 1.349798e-17
5731.480000 9.010387e-17 1.296185e-17
5734.480000 1.038378e-16 1.267997e-17
5737.480000 1.069780e-16 1.243077e-17
5740.480000 1.042907e-16 1.211336e-17
5743.480000 1.032269e-16 1.186176e-17
5746.480000 1.013506e-16 1.154469e-17
5749.480000 1.016190e-16 1.124223e-17
5752.480000 1.018831e-16 1.102129e-17
5755.480000 1.121158e-16 1.093231e-17
5758.480000 1.055329e-16 1.076415e-17
5761.480000 7.483581e-17 1.050218e-17
5764.480000 8.632644e-17 1.035333e-17
5767.480000 1.084577e-16 1.032546e-17
5770.480000 1.001376e-16 1.016732e-17
5773.480000 7.242999e-17 9.977192e-18
5776.480000 8.277324e-17 9.966095e-18
5779.480000 9.189259e-17 9.978477e-18
5782.480000 7.565402e-17 9.888756e-18
5785.480000 7.840690e-17 9.923108e-18
5788.480000 1.013918e-16 1.010634e-17
5791.480000 1.290522e-16 1.027905e-17
5794.480000 1.240874e-16 1.030023e-17
5797.480000 1.004196e-16 1.036229e-17
5800.480000 9.001009e-17 1.047387e-17
5803.480000 1.009705e-16 1.068024e-17
5806.480000 9.192296e-17 1.080886e-17
5809.480000 8.122513e-17 1.098007e-17
5812.480000 9.213994e-17 1.118762e-17
5815.480000 1.105113e-16 1.147753e-17
5818.480000 1.070580e-16 1.169383e-17
5821.480000 9.495421e-17 1.189077e-17
5824.480000 9.214742e-17 1.212088e-17
5827.480000 8.773644e-17 1.238397e-17
5830.480000 1.021442e-16 1.265580e-17
5833.480000 9.084415e-17 1.288951e-17
5836.480000 8.716957e-17 1.314850e-17
5839.480000 8.444361e-17 1.334825e-17
5842.480000 1.013508e-16 1.330822e-17
5845.480000 9.089725e-17 1.290337e-17
5848.480000 1.117379e-16 1.262921e-17
5851.480000 1.129483e-16 1.222387e-17
5854.480000 1.258643e-16 1.195130e-17
5857.480000 9.293692e-17 1.159078e-17
5860.480000 8.118159e-17 1.135462e-17
5863.480000 1.040135e-16 1.159120e-17
5866.480000 1.156931e-16 1.196272e-17
5869.480000 1.198706e-16 1.114551e-17
5872.480000 1.042246e-16 1.092140e-17
5875.480000 9.958519e-17 1.070162e-17
5878.480000 1.016003e-16 1.045476e-17
5881.480000 9.315916e-17 1.012454e-17
5884.480000 1.229230e-16 1.031631e-17
5887.480000 1.521801e-16 1.065872e-17
5890.480000 1.018309e-16 1.065642e-17
5893.480000 8.600100e-17 1.042150e-17
5896.480000 8.327506e-17 1.002187e-17
5899.480000 7.509466e-17 9.631319e-18
5902.480000 8.147805e-17 9.398316e-18
5905.480000 8.369168e-17 9.295212e-18
5908.480000 8.780094e-17 9.351522e-18
5911.480000 1.022668e-16 9.499829e-18
5914.480000 1.070317e-16 9.590386e-18
5917.480000 1.214710e-16 9.654133e-18
5920.480000 1.016165e-16 9.614656e-18
5923.480000 9.999300e-17 9.747084e-18
5926.480000 1.017703e-16 1.000246e-17
5929.480000 9.490924e-17 1.062302e-17
5932.480000 1.074710e-16 1.068841e-17
5935.480000 9.299292e-17 1.109601e-17
5938.480000 7.810427e-17 1.041267e-17
5941.480000 7.432753e-17 1.043955e-17
5944.480000 9.246836e-17 1.073757e-17
5947.480000 1.097076e-16 1.107807e-17
5950.480000 1.250125e-16 1.145152e-17
5953.480000 1.099024e-16 1.170008e-17
5956.480000 9.339945e-17 1.181555e-17
5959.480000 1.036056e-16 1.211770e-17
5962.480000 9.007239e-17 1.231037e-17
5965.480000 6.411655e-17 1.223661e-17
5968.480000 8.157303e-17 1.240918e-17
5971.480000 7.943224e-17 1.208648e-17
5974.480000 9.253285e-17 1.164714e-17
5977.480000 6.875727e-17 1.116770e-17
5980.480000 7.084378e-17 1.089810e-17
5983.480000 9.124973e-17 1.065868e-17
5986.480000 1.082782e-16 1.045092e-17
5989.480000 9.809973e-17 1.015736e-17
5992.480000 9.371741e-17 1.005661e-17
5995.480000 8.286516e-17 9.790430e-18
5998.480000 7.827399e-17 9.539423e-18
6001.480000 9.152992e-17 9.449222e-18
6004.480000 9.637531e-17 9.262390e-18
6007.480000 9.262882e-17 9.107316e-18
6010.480000 8.042998e-17 8.810532e-18
6013.480000 8.501857e-17 8.704542e-18
6016.480000 9.678258e-17 8.616171e-18
6019.480000 1.060755e-16 8.599074e-18
6022.480000 1.047336e-16 8.674738e-18
6025.480000 9.630461e-17 8.834692e-18
6028.480000 9.531807e-17 8.738016e-18
6031.480000 8.341785e-17 8.481133e-18
6034.480000 8.150899e-17 8.480855e-18
6037.480000 9.086798e-17 8.574462e-18
6040.480000 9.782666e-17 8.635558e-18
6043.480000 1.126021e-16 8.697140e-18
6046.480000 1.004214e-16 8.638370e-18
6049.480000 8.922433e-17 8.706052e-18
6052.480000 9.518138e-17 8.844894e-18
6055.480000 1.017252e-16 8.985980e-18
6058.480000 8.945840e-17 9.432128e-18
6061.480000 8.907652e-17 9.597777e-18
6064.480000 8.162704e-17 1.030421e-17
6067.480000 8.955287e-17 9.738068e-18
6070.480000 9.283379e-17 9.783526e-18
6073.480000 9.527531e-17 9.974003e-18
6076.480000 1.029645e-16 1.014459e-17
6079.480000 1.044272e-16 1.030115e-17
6082.480000 1.054438e-16 1.056349e-17
6085.480000 1.038304e-16 1.082606e-17
6088.480000 1.061966e-16 1.106395e-17
6091.480000 1.016609e-16 1.110296e-17
6094.480000 9.170867e-17 1.089960e-17
6097.480000 9.784808e-17 1.062898e-17
6100.480000 1.057849e-16 1.035525e-17
6103.480000 8.980901e-17 1.004100e-17
6106.480000 9.327327e-17 9.821519e-18
6109.480000 9.779117e-17 9.662253e-18
6112.480000 9.165160e-17 9.391360e-18
6115.480000 9.263722e-17 9.101098e-18
6118.480000 1.091014e-16 8.989393e-18
6121.480000 1.053386e-16 8.801621e-18
6124.480000 9.795950e-17 8.590466e-18
6127.480000 9.756465e-17 8.447362e-18
6130.480000 1.065182e-16 8.323316e-18
6133.480000 1.111357e-16 8.287462e-18
6136.480000 1.040479e-16 8.132753e-18
6139.480000 1.156795e-16 8.069371e-18
6142.480000 1.074934e-16 8.008664e-18
6145.480000 9.363735e-17 7.906662e-18
6148.480000 8.793580e-17 7.790775e-18
6151.480000 9.560567e-17 7.735788e-18
6154.480000 1.069387e-16 7.719194e-18
6157.480000 1.027575e-16 7.685716e-18
6160.480000 8.891893e-17 7.646822e-18
6163.480000 8.324254e-17 7.649278e-18
6166.480000 8.785085e-17 7.830211e-18
6169.480000 9.213383e-17 8.021006e-18
6172.480000 9.823644e-17 8.128676e-18
6175.480000 9.261981e-17 8.148701e-18
6178.480000 9.642645e-17 8.245504e-18
6181.480000 9.849247e-17 8.483207e-18
6184.480000 8.197831e-17 8.740082e-18
6187.480000 6.640996e-17 8.757656e-18
6190.480000 8.428035e-17 8.932407e-18
6193.480000 8.692235e-17 9.005502e-18
6196.480000 9.037533e-17 9.170260e-18
6199.480000 8.250847e-17 9.377637e-18
6202.480000 8.543343e-17 9.589099e-18
6205.480000 1.167338e-16 9.816471e-18
6208.480000 9.319313e-17 9.924463e-18
6211.480000 8.045835e-17 1.006877e-17
6214.480000 9.041522e-17 1.027959e-17
6217.480000 8.469109e-17 1.034011e-17
6220.480000 7.799501e-17 1.015613e-17
6223.480000 7.173267e-17 9.854228e-18
6226.480000 7.859483e-17 9.597334e-18
6229.480000 8.403132e-17 9.497647e-18
6232.480000 7.721938e-17 9.500988e-18
6235.480000 6.198851e-17 9.433413e-18
6238.480000 5.889655e-17 9.219085e-18
6241.480000 5.486958e-17 8.848093e-18
6244.480000 5.823928e-17 8.456766e-18
6247.480000 4.948193e-17 8.148896e-18
6250.480000 5.460182e-17 7.993323e-18
6253.480000 7.151071e-17 7.923975e-18
6256.480000 8.239952e-17 7.980178e-18
6259.480000 5.573347e-17 7.848598e-18
6262.480000 5.805290e-17 7.665782e-18
6265.480000 6.264888e-17 7.488043e-18
6268.480000 4.227734e-17 7.302615e-18
6271.480000 3.926887e-17 7.146029e-18
6274.480000 3.185190e-17 7.038366e-18
6277.480000 2.130136e-17 6.977082e-18
6280.480000 3.323093e-17 7.080757e-18
6283.480000 4.658622e-17 7.255665e-18
6286.480000 3.772766e-17 7.452341e-18
6289.480000 2.332340e-17 7.642320e-18
6292.480000 2.664067e-17 8.239460e-18
6295.480000 5.631178e-17 9.616227e-18
6298.480000 8.386102e-17 1.083445e-17
6301.480000 7.049596e-17 1.083776e-17
6304.480000 5.299710e-17 9.725510e-18
6307.480000 4.390437e-17 8.596812e-18
6310.480000 3.639208e-17 7.986742e-18
6313.480000 3.303277e-17 7.801964e-18
6316.480000 3.434957e-17 7.832477e-18
6319.480000 3.686446e-17 8.037307e-18
6322.480000 3.528166e-17 8.315783e-18
6325.480000 4.234894e-17 8.709094e-18
6328.480000 3.626604e-17 8.867582e-18
6331.480000 4.348499e-17 9.000117e-18
6334.480000 4.396779e-17 8.998129e-18
6337.480000 3.124337e-17 9.073869e-18
6340.480000 3.449420e-17 9.354437e-18
6343.480000 3.925385e-17 9.400248e-18
6346.480000 5.036688e-17 9.232542e-18
6349.480000 5.207158e-17 9.085075e-18
6352.480000 4.515709e-17 8.928653e-18
6355.480000 6.213455e-17 8.882676e-18
6358.480000 6.489906e-17 9.083620e-18
6361.480000 6.485475e-17 9.549582e-18
6364.480000 7.940494e-17 9.722086e-18
6367.480000 5.963952e-17 8.866363e-18
6370.480000 4.729918e-17 8.014864e-18
6373.480000 4.165755e-17 7.483048e-18
6376.480000 4.904517e-17 7.319464e-18
6379.480000 6.238388e-17 7.218621e-18
6382.480000 6.878189e-17 7.169603e-18
6385.480000 5.730623e-17 7.090523e-18
6388.480000 6.728217e-17 7.058960e-18
6391.480000 8.898867e-17 7.007006e-18
6394.480000 8.311228e-17 6.845897e-18
6397.480000 7.307273e-17 6.726176e-18
6400.480000 6.640543e-17 6.756411e-18
6403.480000 7.391116e-17 6.917507e-18
6406.480000 8.105324e-17 6.889134e-18
6409.480000 7.465965e-17 6.673284e-18
6412.480000 6.771404e-17 6.600637e-18
6415.480000 6.988640e-17 6.688311e-18
6418.480000 8.007541e-17 6.917670e-18
6421.480000 8.933913e-17 7.173977e-18
6424.480000 8.511068e-17 7.102299e-18
6427.480000 7.937615e-17 7.011945e-18
6430.480000 8.963964e-17 7.063495e-18
6433.480000 9.225653e-17 7.177343e-18
6436.480000 9.174823e-17 7.349335e-18
6439.480000 8.686719e-17 7.473210e-18
6442.480000 1.027909e-16 7.676441e-18
6445.480000 1.193604e-16 7.871168e-18
6448.480000 1.011330e-16 8.050959e-18
6451.480000 1.190284e-16 8.335328e-18
6454.480000 1.047918e-16 8.411588e-18
6457.480000 1.077649e-16 8.720590e-18
6460.480000 9.182864e-17 8.862227e-18
6463.480000 8.802293e-17 9.211227e-18
6466.480000 8.987518e-17 9.526190e-18
6469.480000 9.004634e-17 9.742594e-18
6472.480000 9.348744e-17 9.649614e-18
6475.480000 8.507090e-17 9.345964e-18
6478.480000 9.363398e-17 8.650190e-18
6481.480000 9.225791e-17 8.297177e-18
6484.480000 8.655527e-17 8.053090e-18
6487.480000 7.948842e-17 7.918429e-18
6490.480000 9.581556e-17 8.267960e-18
6493.480000 1.167739e-16 8.024491e-18
6496.480000 1.189022e-16 7.765933e-18
6499.480000 1.165086e-16 7.780337e-18
6502.480000 9.660687e-17 7.514379e-18
6505.480000 9.298420e-17 7.214377e-18
6508.480000 1.029341e-16 7.013048e-18
6511.480000 1.033965e-16 6.849691e-18
6514.480000 1.045507e-16 6.699623e-18
6517.480000 9.848132e-17 6.636695e-18
6520.480000 9.617728e-17 6.574341e-18
6523.480000 1.050652e-16 6.561249e-18
6526.480000 1.090582e-16 6.587403e-18
6529.480000 1.081330e-16 6.657236e-18
6532.480000 1.040441e-16 6.719898e-18
6535.480000 9.885531e-17 6.690492e-18
6538.480000 1.039490e-16 6.652361e-18
6541.480000 1.031340e-16 6.651239e-18
6544.480000 1.050449e-16 6.703857e-18
6547.480000 1.142135e-16 6.868182e-18
6550.480000 1.043793e-16 7.103033e-18
6553.480000 9.222308e-17 7.063231e-18
6556.480000 1.017793e-16 7.054644e-18
6559.480000 1.044336e-16 7.039868e-18
6562.480000 9.946539e-17 7.217202e-18
6565.480000 1.021883e-16 7.690624e-18
6568.480000 9.556147e-17 8.114772e-18
6571.480000 9.535112e-17 8.345301e-18
6574.480000 9.490265e-17 8.505000e-18
6577.480000 1.031860e-16 8.365815e-18
6580.480000 1.231061e-16 8.317170e-18
6583.480000 1.090231e-16 8.254996e-18
6586.480000 1.140388e-16 8.353966e-18
6589.480000 1.121719e-16 8.557354e-18
6592.480000 1.131172e-16 8.645678e-18
6595.480000 9.409689e-17 8.544993e-18
6598.480000 1.001979e-16 8.459717e-18
6601.480000 1.091797e-16 8.361196e-18
6604.480000 1.116127e-16 8.207951e-18
6607.480000 1.034289e-16 7.911338e-18
6610.480000 1.023731e-16 7.613179e-18
6613.480000 1.053898e-16 7.428676e-18
6616.480000 1.018064e-16 7.252826e-18
6619.480000 9.420813e-17 7.055426e-18
6622.480000 8.859405e-17 6.909558e-18
6625.480000 8.891504e-17 6.799097e-18
6628.480000 9.108711e-17 6.712815e-18
6631.480000 8.783397e-17 6.618849e-18
6634.480000 8.779924e-17 6.524392e-18
6637.480000 8.932160e-17 6.401639e-18
6640.480000 9.800426e-17 6.288500e-18
6643.480000 9.423221e-17 6.141199e-18
6646.480000 8.501117e-17 6.039988e-18
6649.480000 9.385543e-17 6.044948e-18
6652.480000 1.042340e-16 6.072263e-18
6655.480000 1.044827e-16 6.056331e-18
6658.480000 9.813054e-17 6.043105e-18
6661.480000 9.525907e-17 6.051022e-18
6664.480000 1.006440e-16 6.086092e-18
6667.480000 9.672461e-17 6.099721e-18
6670.480000 9.402074e-17 6.120528e-18
6673.480000 9.104674e-17 6.146662e-18
6676.480000 8.916026e-17 6.192153e-18
6679.480000 9.800955e-17 6.290874e-18
6682.480000 9.998978e-17 6.386609e-18
6685.480000 9.457180e-17 6.486949e-18
6688.480000 8.969741e-17 6.578838e-18
6691.480000 9.372955e-17 6.756267e-18
6694.480000 9.255081e-17 6.860643e-18
6697.480000 8.114851e-17 6.946615e-18
6700.480000 8.859360e-17 7.146789e-18
6703.480000 8.794528e-17 7.280678e-18
6706.480000 8.855476e-17 7.431582e-18
6709.480000 8.578655e-17 7.599362e-18
6712.480000 8.242760e-17 7.700303e-18
6715.480000 9.278515e-17 7.864335e-18
6718.480000 7.962131e-17 7.977940e-18
6721.480000 8.971310e-17 7.911519e-18
6724.480000 9.194834e-17 7.729572e-18
6727.480000 8.841081e-17 7.576558e-18
6730.480000 8.313923e-17 7.355743e-18
6733.480000 9.463423e-17 7.199557e-18
6736.480000 8.421217e-17 7.033670e-18
6739.480000 7.528080e-17 6.823028e-18
6742.480000 7.923227e-17 6.704534e-18
6745.480000 8.616875e-17 6.617939e-18
6748.480000 8.889249e-17 6.512197e-18
6751.480000 8.519673e-17 6.421252e-18
6754.480000 7.934283e-17 6.227083e-18
6757.480000 7.350985e-17 6.107961e-18
6760.480000 6.959808e-17 6.089881e-18
6763.480000 7.241226e-17 6.091675e-18
6766.480000 8.444639e-17 6.283970e-18
6769.480000 8.429194e-17 6.020949e-18
6772.480000 8.128024e-17 5.798611e-18
6775.480000 8.400095e-17 5.775979e-18
6778.480000 8.427001e-17 5.821925e-18
6781.480000 8.949863e-17 5.806069e-18
6784.480000 9.526584e-17 5.820549e-18
6787.480000 9.095040e-17 5.775177e-18
6790.480000 7.203135e-17 5.689979e-18
6793.480000 6.771940e-17 5.648893e-18
6796.480000 7.627122e-17 5.676496e-18
6799.480000 7.660998e-17 5.763396e-18
6802.480000 7.431604e-17 5.830052e-18
6805.480000 7.402091e-17 5.900915e-18
6808.480000 8.374064e-17 6.007748e-18
6811.480000 7.988085e-17 6.075122e-18
6814.480000 7.034653e-17 6.165398e-18
6817.480000 6.928725e-17 6.352515e-18
6820.480000 7.733981e-17 6.621966e-18
6823.480000 7.914183e-17 7.050446e-18
6826.480000 8.094656e-17 7.661182e-18
6829.480000 8.573703e-17 8.173393e-18
6832.480000 8.412044e-17 8.348099e-18
6835.480000 7.911009e-17 8.255518e-18
6838.480000 7.026035e-17 7.978271e-18
6841.480000 5.888408e-17 7.800717e-18
6844.480000 6.668961e-17 7.733435e-18
6847.480000 6.608678e-17 7.547951e-18
6850.480000 7.343326e-17 7.351199e-18
6853.480000 7.234618e-17 7.192087e-18
6856.480000 8.343112e-17 7.212553e-18
6859.480000 1.002853e-16 7.626843e-18
6862.480000 9.965135e-17 8.138790e-18
6865.480000 9.026884e-17 8.543071e-18
6868.480000 7.169945e-17 8.664779e-18
6871.480000 7.209505e-17 8.213623e-18
6874.480000 7.015845e-17 7.339252e-18
6877.480000 8.357991e-17 6.928141e-18
6880.480000 8.117668e-17 6.698542e-18
6883.480000 7.848347e-17 6.525712e-18
6886.480000 6.930156e-17 6.433096e-18
6889.480000 6.751267e-17 6.398009e-18
6892.480000 7.331610e-17 6.313755e-18
6895.480000 8.121001e-17 6.163129e-18
6898.480000 8.753932e-17 6.065280e-18
6901.480000 7.391192e-17 5.969798e-18
6904.480000 6.248082e-17 5.846232e-18
6907.480000 7.048891e-17 5.835908e-18
6910.480000 7.782813e-17 5.929636e-18
6913.480000 8.152060e-17 5.977928e-18
6916.480000 7.662098e-17 5.963716e-18
6919.480000 7.517534e-17 6.056172e-18
6922.480000 7.264908e-17 6.190396e-18
6925.480000 6.756804e-17 6.122967e-18
6928.480000 6.213415e-17 5.908812e-18
6931.480000 5.519343e-17 5.825933e-18
6934.480000 5.747255e-17 5.977559e-18
6937.480000 6.958994e-17 6.259983e-18
6940.480000 7.851996e-17 6.476436e-18
6943.480000 7.584144e-17 6.675665e-18
6946.480000 7.439716e-17 7.001750e-18
6949.480000 6.715387e-17 7.175820e-18
6952.480000 6.061022e-17 7.043476e-18
6955.480000 6.485235e-17 6.853237e-18
6958.480000 7.029525e-17 6.821367e-18
6961.480000 6.148897e-17 6.933656e-18
6964.480000 6.587995e-17 7.169445e-18
6967.480000 7.706888e-17 7.520070e-18
6970.480000 7.510458e-17 7.687798e-18
6973.480000 6.431719e-17 7.585215e-18
6976.480000 6.536827e-17 7.556165e-18
6979.480000 6.334165e-17 7.371564e-18
6982.480000 6.125182e-17 6.997174e-18
6985.480000 5.737613e-17 6.625929e-18
6988.480000 7.033786e-17 6.400302e-18
6991.480000 8.972230e-17 6.286598e-18
6994.480000 6.773708e-17 6.048951e-18
6997.480000 6.031872e-17 5.928488e-18
7000.480000 6.271936e-17 5.877078e-18
7003.480000 6.030718e-17 5.830874e-18
7006.480000 6.447526e-17 5.841696e-18
7009.480000 6.448154e-17 6.067743e-18
7012.480000 6.556284e-17 6.185776e-18
7015.480000 7.389196e-17 5.814959e-18
7018.480000 6.355922e-17 5.702903e-18
7021.480000 6.052475e-17 5.313775e-18
7024.480000 6.025255e-17 5.365203e-18
7027.480000 6.073176e-17 5.314158e-18
7030.480000 6.555163e-17 5.209717e-18
7033.480000 6.973919e-17 5.302941e-18
7036.480000 7.001757e-17 5.361031e-18
7039.480000 6.573854e-17 5.369806e-18
7042.480000 6.194817e-17 5.465398e-18
7045.480000 5.927273e-17 5.515789e-18
7048.480000 6.246785e-17 5.523392e-18
7051.480000 6.474758e-17 5.554086e-18
7054.480000 5.980528e-17 5.477191e-18
7057.480000 6.302098e-17 5.483766e-18
7060.480000 7.217293e-17 5.637703e-18
7063.480000 6.905259e-17 5.724766e-18
7066.480000 6.143120e-17 5.797227e-18
7069.480000 6.152271e-17 5.901964e-18
7072.480000 6.164411e-17 6.009851e-18
7075.480000 7.106960e-17 6.164569e-18
7078.480000 6.847945e-17 6.313384e-18
7081.480000 6.026081e-17 6.429566e-18
7084.480000 5.748762e-17 6.538930e-18
7087.480000 6.336682e-17 6.688914e-18
7090.480000 7.203914e-17 6.828755e-18
7093.480000 6.937014e-17 6.952240e-18
7096.480000 6.569264e-17 6.929292e-18
7099.480000 5.516638e-17 6.754849e-18
7102.480000 5.646053e-17 6.584160e-18
7105.480000 5.856488e-17 6.443738e-18
7108.480000 5.134984e-17 6.237253e-18
7111.480000 4.671464e-17 6.067671e-18
7114.480000 4.922699e-17 5.952180e-18
7117.480000 5.357987e-17 5.820122e-18
7120.480000 5.928931e-17 5.705437e-18
7123.480000 6.086526e-17 5.604175e-18
7126.480000 6.350460e-17 5.550005e-18
7129.480000 6.806705e-17 5.522386e-18
7132.480000 7.118636e-17 5.435154e-18
7135.480000 6.993068e-17 5.350592e-18
7138.480000 6.338474e-17 5.258193e-18
7141.480000 6.828576e-17 5.205847e-18
7144.480000 7.176990e-17 5.186423e-18
7147.480000 6.778000e-17 5.101837e-18
7150.480000 6.449962e-17 5.014117e-18
7153.480000 6.436860e-17 4.976136e-18
7156.480000 5.974935e-17 4.941754e-18
7159.480000 5.514918e-17 4.919441e-18
7162.480000 5.312827e-17 4.911926e-18
7165.480000 5.073137e-17 4.900103e-18
7168.480000 5.439767e-17 4.924875e-18
7171.480000 5.743490e-17 4.948167e-18
7174.480000 5.537813e-17 4.995495e-18
7177.480000 5.440461e-17 5.036485e-18
7180.480000 4.776471e-17 5.044903e-18
7183.480000 4.599021e-17 5.070173e-18
7186.480000 5.105536e-17 5.122415e-18
7189.480000 5.741195e-17 5.211628e-18
7192.480000 5.595482e-17 5.301570e-18
7195.480000 5.283652e-17 5.432136e-18
7198.480000 5.724437e-17 5.571699e-18
7201.480000 6.109454e-17 5.669367e-18
7204.480000 5.503004e-17 5.770351e-18
7207.480000 5.054308e-17 5.914939e-18
7210.480000 5.691197e-17 6.088953e-18
7213.480000 5.492892e-17 6.269192e-18
7216.480000 5.495819e-17 6.431733e-18
7219.480000 5.867874e-17 6.622804e-18
7222.480000 6.073484e-17 6.681377e-18
7225.480000 6.326252e-17 6.584265e-18
7228.480000 5.083234e-17 6.459215e-18
7231.480000 6.275219e-17 6.525332e-18
7234.480000 7.250550e-17 6.978805e-18
7237.480000 7.741555e-17 7.827058e-18
7240.480000 6.980852e-17 8.483469e-18
7243.480000 8.018522e-17 8.518916e-18
7246.480000 5.374148e-17 7.902489e-18
7249.480000 3.622797e-17 6.958447e-18
7252.480000 3.110862e-17 6.312951e-18
7255.480000 3.401417e-17 5.865963e-18
7258.480000 3.287456e-17 5.506200e-18
7261.480000 3.985375e-17 5.215511e-18
7264.480000 4.756335e-17 5.148153e-18
7267.480000 6.029423e-17 5.303645e-18
7270.480000 7.599769e-17 5.842726e-18
7273.480000 8.754936e-17 6.626856e-18
7276.480000 8.748456e-17 7.051922e-18
7279.480000 6.056646e-17 6.752141e-18
7282.480000 4.670458e-17 6.206695e-18
7285.480000 4.824999e-17 5.813876e-18
7288.480000 5.193711e-17 5.451785e-18
7291.480000 6.114991e-17 5.242127e-18
7294.480000 7.258014e-17 5.266478e-18
7297.480000 8.134625e-17 5.408227e-18
7300.480000 7.237124e-17 5.504499e-18
7303.480000 6.627695e-17 5.602138e-18
7306.480000 5.882436e-17 5.631367e-18
7309.480000 6.611651e-17 5.888696e-18
7312.480000 7.491052e-17 6.605576e-18
7315.480000 8.417807e-17 7.179900e-18
7318.480000 6.679967e-17 6.921655e-18
7321.480000 5.426698e-17 6.338487e-18
7324.480000 6.384049e-17 6.343288e-18
7327.480000 7.305998e-17 6.740348e-18
7330.480000 6.897181e-17 7.080736e-18
7333.480000 6.601351e-17 7.474439e-18
7336.480000 7.320716e-17 8.359630e-18
7339.480000 8.555581e-17 9.750279e-18
7342.480000 6.660013e-17 9.072150e-18
7345.480000 4.167442e-17 8.533291e-18
7348.480000 5.021853e-17 7.557292e-18
7351.480000 4.750957e-17 7.165739e-18
7354.480000 6.856457e-17 7.059834e-18
7357.480000 9.803890e-17 7.217958e-18
7360.480000 6.986988e-17 7.032331e-18
7363.480000 6.639901e-17 6.919950e-18
7366.480000 6.949404e-17 7.250434e-18
7369.480000 7.311841e-17 7.507202e-18
7372.480000 5.595857e-17 6.962030e-18
7375.480000 4.746904e-17 6.017584e-18
7378.480000 4.812085e-17 5.422004e-18
7381.480000 6.194423e-17 5.233600e-18
7384.480000 6.345184e-17 5.172888e-18
7387.480000 6.159427e-17 5.237045e-18
7390.480000 6.110270e-17 5.431327e-18
7393.480000 5.660896e-17 5.500767e-18
7396.480000 6.071726e-17 5.511395e-18
7399.480000 7.012626e-17 5.690960e-18
7402.480000 7.153178e-17 5.773301e-18
7405.480000 5.939473e-17 5.447027e-18
7408.480000 4.869368e-17 4.989917e-18
7411.480000 5.165679e-17 4.768989e-18
7414.480000 5.635454e-17 4.736807e-18
7417.480000 6.758755e-17 4.789803e-18
7420.480000 6.555959e-17 4.784562e-18
7423.480000 6.051745e-17 4.877383e-18
7426.480000 6.948173e-17 5.098758e-18
7429.480000 7.347836e-17 5.300153e-18
7432.480000 6.867467e-17 5.459963e-18
7435.480000 6.459443e-17 5.655325e-18
7438.480000 5.747046e-17 5.738206e-18
7441.480000 5.190133e-17 5.608102e-18
7444.480000 4.604197e-17 5.414449e-18
7447.480000 5.469109e-17 5.414465e-18
7450.480000 6.080516e-17 5.517995e-18
7453.480000 5.362955e-17 5.633154e-18
7456.480000 5.193868e-17 5.827776e-18
7459.480000 6.312422e-17 6.123123e-18
7462.480000 5.627135e-17 6.390913e-18
7465.480000 5.990678e-17 6.773620e-18
7468.480000 6.391827e-17 7.131821e-18
7471.480000 7.676819e-17 7.433143e-18
7474.480000 5.978884e-17 7.450027e-18
7477.480000 6.334844e-17 7.303788e-18
7480.480000 6.198586e-17 7.144918e-18
7483.480000 6.030823e-17 6.923924e-18
7486.480000 5.348261e-17 6.461972e-18
7489.480000 5.175378e-17 6.001904e-18
7492.480000 4.700151e-17 5.759128e-18
7495.480000 5.137036e-17 5.585855e-18
7498.480000 5.429744e-17 5.418441e-18
7501.480000 5.239365e-17 5.234567e-18
7504.480000 5.346411e-17 5.145196e-18
7507.480000 5.590133e-17 5.141960e-18
7510.480000 5.422318e-17 5.110105e-18
7513.480000 5.894090e-17 5.002248e-18
7516.480000 6.369110e-17 5.154966e-18
7519.480000 6.536427e-17 5.583551e-18
7522.480000 6.124973e-17 6.042213e-18
7525.480000 6.091790e-17 6.096396e-18
7528.480000 5.804418e-17 5.720627e-18
7531.480000 5.918526e-17 5.284420e-18
7534.480000 4.914821e-17 4.954936e-18
7537.480000 4.235033e-17 4.783882e-18
7540.480000 5.191998e-17 4.764254e-18
7543.480000 5.575543e-17 4.716218e-18
7546.480000 4.786032e-17 4.668023e-18
7549.480000 4.670226e-17 4.724733e-18
7552.480000 5.154783e-17 4.881333e-18
7555.480000 6.019404e-17 5.090875e-18
7558.480000 5.927817e-17 5.177278e-18
7561.480000 5.808415e-17 5.196989e-18
7564.480000 5.339140e-17 5.345044e-18
7567.480000 5.475729e-17 5.815768e-18
7570.480000 6.385081e-17 6.341407e-18
7573.480000 5.005955e-17 6.346532e-18
7576.480000 3.811443e-17 5.964107e-18
7579.480000 4.242090e-17 5.804668e-18
7582.480000 4.816266e-17 6.042037e-18
7585.480000 4.948762e-17 6.391570e-18
7588.480000 6.685229e-17 6.871935e-18
7591.480000 6.193765e-17 7.329769e-18
7594.480000 3.535718e-17 8.790969e-18
7597.480000 3.643878e-17 1.112855e-17
7600.480000 2.990967e-17 1.395165e-17
7603.480000 1.343241e-17 1.426302e-17
7606.480000 4.175416e-17 1.429412e-17
7609.480000 6.102773e-17 1.214223e-17
7612.480000 6.746602e-17 1.039067e-17
7615.480000 6.032354e-17 8.824459e-18
7618.480000 5.715164e-17 8.383301e-18
7621.480000 3.687143e-17 7.829525e-18
7624.480000 5.253685e-17 8.221548e-18
7627.480000 5.928339e-17 8.657127e-18
7630.480000 4.446291e-17 8.593706e-18
7633.480000 4.090335e-17 7.956919e-18
7636.480000 3.344446e-17 7.238008e-18
7639.480000 3.188490e-17 6.703829e-18
7642.480000 4.137815e-17 6.392407e-18
7645.480000 3.874414e-17 6.035036e-18
7648.480000 4.078445e-17 5.781907e-18
7651.480000 4.514556e-17 5.662205e-18
7654.480000 4.167860e-17 5.516891e-18
7657.480000 3.508217e-17 5.364223e-18
7660.480000 3.544811e-17 5.317470e-18
7663.480000 3.739423e-17 5.199500e-18
7666.480000 3.574000e-17 4.963502e-18
7669.480000 3.516174e-17 4.775848e-18
7672.480000 3.488568e-17 4.700169e-18
7675.480000 3.478553e-17 4.688478e-18
7678.480000 3.414868e-17 4.743289e-18
7681.480000 4.129364e-17 4.874289e-18
7684.480000 4.521548e-17 5.021461e-18
7687.480000 4.250612e-17 5.093874e-18
7690.480000 4.290001e-17 5.151501e-18
7693.480000 3.930320e-17 5.214609e-18
7696.480000 3.890838e-17 5.348894e-18
7699.480000 3.150748e-17 5.473813e-18
7702.480000 3.199134e-17 5.705432e-18
7705.480000 4.083772e-17 6.160048e-18
7708.480000 4.580825e-17 7.462803e-18
7711.480000 6.067104e-17 9.211259e-18
7714.480000 9.204827e-17 1.034941e-17
7717.480000 4.244680e-17 1.009090e-17
7720.480000 2.400022e-17 8.921615e-18
7723.480000 1.112830e-17 7.888827e-18
7726.480000 1.929199e-17 7.292108e-18
7729.480000 1.818412e-17 6.673265e-18
7732.480000 3.042098e-17 6.277520e-18
7735.480000 4.145551e-17 6.076319e-18
7738.480000 3.814573e-17 5.870971e-18
7741.480000 3.808070e-17 5.852825e-18
7744.480000 4.536457e-17 6.438027e-18
7747.480000 5.866212e-17 7.676896e-18
7750.480000 7.253407e-17 8.497792e-18
7753.480000 4.428372e-17 7.953599e-18
7756.480000 1.893805e-17 6.811452e-18
7759.480000 2.978023e-17 6.341602e-18
7762.480000 4.113047e-17 6.007637e-18
7765.480000 2.706629e-17 5.471444e-18
7768.480000 2.984343e-17 5.487512e-18
7771.480000 4.846350e-17 5.711638e-18
7774.480000 4.699302e-17 5.743162e-18
7777.480000 4.301759e-17 5.639327e-18
7780.480000 4.548146e-17 5.511258e-18
7783.480000 3.396209e-17 5.271302e-18
7786.480000 3.640002e-17 5.356186e-18
7789.480000 5.103995e-17 5.998835e-18
7792.480000 6.783798e-17 6.696775e-18
7795.480000 5.552264e-17 6.660766e-18
7798.480000 3.368364e-17 5.895628e-18
7801.480000 2.518507e-17 5.266999e-18
7804.480000 4.136782e-17 5.497765e-18
7807.480000 6.518441e-17 5.957333e-18
7810.480000 5.033001e-17 5.923454e-18
7813.480000 3.052270e-17 5.893265e-18
7816.480000 3.314264e-17 6.731154e-18
7819.480000 7.063819e-17 7.944454e-18
7822.480000 8.003248e-17 8.097662e-18
7825.480000 4.899569e-17 7.021830e-18
7828.480000 3.534739e-17 6.067802e-18
7831.480000 3.870490e-17 5.878413e-18
7834.480000 5.313642e-17 6.254934e-18
7837.480000 5.347809e-17 6.889417e-18
7840.480000 6.588928e-17 7.412942e-18
7843.480000 5.517723e-17 7.518740e-18
7846.480000 3.023305e-17 7.867169e-18
7849.480000 6.022376e-17 9.346248e-18
7852.480000 8.317872e-17 1.055098e-17
7855.480000 7.076200e-17 1.017830e-17
7858.480000 3.994997e-17 9.016726e-18
7861.480000 4.641620e-17 8.109461e-18
7864.480000 3.443256e-17 7.494259e-18
7867.480000 6.376166e-17 7.500066e-18
7870.480000 7.252455e-17 7.609265e-18
7873.480000 4.339068e-17 7.091957e-18
7876.480000 4.776694e-17 6.678828e-18
7879.480000 7.051867e-17 6.692970e-18
7882.480000 6.905322e-17 6.605285e-18
7885.480000 5.300552e-17 6.438435e-18
7888.480000 6.374685e-17 6.631137e-18
7891.480000 7.341064e-17 6.548260e-18
7894.480000 5.246887e-17 5.793374e-18
7897.480000 4.495983e-17 5.113779e-18
7900.480000 4.322230e-17 4.836742e-18
7903.480000 4.121385e-17 4.897978e-18
7906.480000 4.371695e-17 5.483307e-18
7909.480000 6.846476e-17 6.741785e-18
7912.480000 1.098011e-16 7.911606e-18
7915.480000 8.941750e-17 8.016099e-18
7918.480000 4.505785e-17 7.411439e-18
7921.480000 4.674979e-17 6.809257e-18
7924.480000 4.698231e-17 6.357345e-18
7927.480000 4.483147e-17 6.165840e-18
7930.480000 6.037879e-17 6.154415e-18
7933.480000 5.463575e-17 5.850319e-18
7936.480000 3.818422e-17 5.327617e-18
7939.480000 4.220614e-17 5.189361e-18
7942.480000 5.664070e-17 5.422032e-18
7945.480000 5.610744e-17 5.924667e-18
7948.480000 6.525007e-17 6.339792e-18
7951.480000 5.735296e-17 6.203025e-18
7954.480000 4.195352e-17 5.905808e-18
7957.480000 5.814054e-17 6.349453e-18
7960.480000 5.908437e-17 7.914209e-18
7963.480000 1.090990e-16 9.552946e-18
7966.480000 1.116626e-16 9.826136e-18
7969.480000 4.710055e-17 9.265802e-18
7972.480000 3.188320e-17 8.081082e-18
7975.480000 5.680288e-17 8.295726e-18
7978.480000 7.691186e-17 8.393572e-18
7981.480000 6.007061e-17 7.713657e-18
7984.480000 3.486840e-17 6.944377e-18
7987.480000 4.550480e-17 7.116596e-18
7990.480000 8.402996e-17 8.445733e-18
7993.480000 1.055558e-16 9.120141e-18
7996.480000 6.079225e-17 8.151732e-18
7999.480000 2.917714e-17 6.454525e-18
8002.480000 4.348715e-17 5.543705e-18
8005.480000 4.962761e-17 5.285572e-18
8008.480000 6.258341e-17 5.390454e-18
8011.480000 7.451848e-17 5.745227e-18
8014.480000 6.467451e-17 5.957792e-18
8017.480000 3.950349e-17 5.839591e-18
8020.480000 5.361474e-17 5.973438e-18
8023.480000 8.306018e-17 6.632795e-18
8026.480000 7.657395e-17 6.909410e-18
8029.480000 4.449315e-17 6.234175e-18
8032.480000 3.276513e-17 5.249011e-18
8035.480000 3.350713e-17 4.773793e-18
8038.480000 4.177950e-17 4.685548e-18
8041.480000 5.179836e-17 4.628157e-18
8044.480000 5.925281e-17 4.676811e-18
8047.480000 6.860001e-17 4.976925e-18
8050.480000 7.644045e-17 5.314015e-18
8053.480000 6.625915e-17 5.387729e-18
8056.480000 5.230585e-17 5.523725e-18
8059.480000 6.035910e-17 6.033531e-18
8062.480000 6.751855e-17 6.401857e-18
8065.480000 5.450119e-17 5.979271e-18
8068.480000 4.856664e-17 5.395659e-18
8071.480000 5.237648e-17 5.459674e-18
8074.480000 5.722940e-17 5.748151e-18
8077.480000 6.216071e-17 5.801347e-18
8080.480000 5.170046e-17 5.984082e-18
8083.480000 4.953093e-17 5.777354e-18
8086.480000 6.215514e-17 5.875719e-18
8089.480000 6.608196e-17 6.103497e-18
8092.480000 6.682223e-17 6.360244e-18
8095.480000 5.755851e-17 6.516215e-18
8098.480000 5.697139e-17 6.830136e-18
8101.480000 6.186242e-17 7.104759e-18
8104.480000 6.507547e-17 6.907337e-18
8107.480000 5.595424e-17 6.385063e-18
8110.480000 5.056201e-17 5.944366e-18
8113.480000 4.511292e-17 5.624443e-18
8116.480000 4.123581e-17 5.442394e-18
8119.480000 5.109805e-17 5.345045e-18
8122.480000 5.053309e-17 5.248457e-18
8125.480000 5.539725e-17 5.200964e-18
8128.480000 5.664809e-17 5.149147e-18
8131.480000 5.644764e-17 5.055264e-18
8134.480000 5.510974e-17 5.009579e-18
8137.480000 5.572958e-17 5.003430e-18
8140.480000 6.206430e-17 5.017497e-18
8143.480000 6.492304e-17 5.001552e-18
8146.480000 6.302507e-17 4.981821e-18
8149.480000 5.845882e-17 4.809439e-18
8152.480000 5.199966e-17 4.555255e-18
8155.480000 4.727021e-17 4.410820e-18
8158.480000 4.877981e-17 4.358494e-18
8161.480000 5.227230e-17 4.366426e-18
8164.480000 4.938374e-17 4.334174e-18
8167.480000 4.293955e-17 4.295930e-18
8170.480000 4.229072e-17 4.349196e-18
8173.480000 4.370783e-17 4.391514e-18
8176.480000 4.754977e-17 4.435440e-18
8179.480000 5.276854e-17 4.507467e-18
8182.480000 4.995799e-17 4.583894e-18
8185.480000 5.484890e-17 4.730040e-18
8188.480000 5.344362e-17 4.799050e-18
8191.480000 4.720872e-17 4.876876e-18
8194.480000 4.237244e-17 4.931145e-18
8197.480000 4.295481e-17 5.023184e-18
8200.480000 4.791406e-17 5.130230e-18
8203.480000 5.398098e-17 5.280949e-18
8206.480000 5.646447e-17 5.444936e-18
8209.480000 5.216879e-17 5.547047e-18
8212.480000 4.395650e-17 5.618714e-18
8215.480000 4.598327e-17 5.753340e-18
8218.480000 5.484652e-17 5.880496e-18
8221.480000 5.574096e-17 5.983185e-18
8224.480000 5.184515e-17 6.022617e-18
8227.480000 4.463991e-17 5.942514e-18
8230.480000 3.639701e-17 5.766146e-18
8233.480000 4.370808e-17 5.745815e-18
8236.480000 5.611603e-17 5.716706e-18
8239.480000 6.516807e-17 5.747797e-18
8242.480000 6.249287e-17 5.671988e-18
8245.480000 6.520547e-17 5.634394e-18
8248.480000 6.044402e-17 5.481497e-18
8251.480000 4.981011e-17 5.304189e-18
8254.480000 4.921532e-17 5.143453e-18
8257.480000 4.271604e-17 4.998924e-18
8260.480000 4.337809e-17 4.874698e-18
8263.480000 5.020966e-17 4.850639e-18
8266.480000 4.239645e-17 4.775100e-18
8269.480000 4.398795e-17 4.820327e-18
8272.480000 4.475965e-17 5.130260e-18
8275.480000 4.763257e-17 5.910692e-18
8278.480000 6.704359e-17 7.034963e-18
8281.480000 7.071148e-17 7.934781e-18
8284.480000 5.281641e-17 8.019348e-18
8287.480000 6.014615e-17 7.818468e-18
8290.480000 5.085895e-17 7.492326e-18
8293.480000 4.387269e-17 7.375128e-18
8296.480000 9.724989e-17 7.959705e-18
8299.480000 1.014349e-16 7.889242e-18
8302.480000 7.468919e-17 6.875413e-18
8305.480000 4.999966e-17 5.986990e-18
8308.480000 4.875881e-17 5.955436e-18
8311.480000 5.749479e-17 5.993587e-18
8314.480000 4.919743e-17 5.590865e-18
8317.480000 4.239509e-17 5.269832e-18
8320.480000 4.509307e-17 5.207869e-18
8323.480000 4.915152e-17 5.203511e-18
8326.480000 5.036078e-17 5.249287e-18
8329.480000 4.895986e-17 5.427047e-18
8332.480000 4.624264e-17 6.064242e-18
8335.480000 6.112647e-17 6.680439e-18
8338.480000 2.918722e-17 8.713433e-18
8341.480000 1.183940e-16 1.218498e-17
8344.480000 1.938043e-16 1.404405e-17
8347.480000 3.424915e-17 1.278982e-17
8350.480000 1.998942e-17 1.107851e-17
8353.480000 5.366162e-17 1.008631e-17
8356.480000 2.599549e-17 8.499691e-18
8359.480000 2.960922e-17 7.333674e-18
8362.480000 6.239677e-17 7.316759e-18
8365.480000 5.830544e-17 7.181166e-18
8368.480000 4.726685e-17 6.512113e-18
8371.480000 4.477493e-17 5.843856e-18
8374.480000 4.500097e-17 5.734630e-18
8377.480000 4.794653e-17 6.207088e-18
8380.480000 6.926372e-17 6.994412e-18
8383.480000 7.139535e-17 7.119160e-18
8386.480000 3.523743e-17 6.243559e-18
8389.480000 2.389402e-17 5.573480e-18
8392.480000 3.039920e-17 6.099980e-18
8395.480000 6.756073e-17 7.752721e-18
8398.480000 1.132861e-16 9.141449e-18
8401.480000 6.205374e-17 8.616763e-18
8404.480000 3.971567e-18 6.662084e-18
8407.480000 1.702219e-17 5.414995e-18
8410.480000 5.019786e-17 5.762327e-18
8413.480000 7.916872e-17 6.529903e-18
8416.480000 5.861780e-17 6.570661e-18
8419.480000 2.057226e-17 5.942805e-18
8422.480000 3.186953e-17 6.086348e-18
8425.480000 7.453631e-17 7.858323e-18
8428.480000 1.278640e-16 9.651710e-18
8431.480000 7.417738e-17 9.472862e-18
8434.480000 5.277616e-18 7.487132e-18
8437.480000 1.097170e-17 5.754122e-18
8440.480000 1.955956e-17 5.167431e-18
8443.480000 3.534544e-17 5.400942e-18
8446.480000 5.270014e-17 6.165092e-18
8449.480000 7.169460e-17 7.209473e-18
8452.480000 5.789697e-17 7.587620e-18
8455.480000 2.262034e-17 7.144939e-18
8458.480000 2.167399e-17 7.328165e-18
8461.480000 6.535547e-17 9.310162e-18
8464.480000 9.998845e-17 1.113311e-17
8467.480000 4.322011e-17 1.045608e-17
8470.480000 3.471297e-18 8.014473e-18
8473.480000 1.058163e-17 6.746018e-18
8476.480000 2.111746e-17 6.533385e-18
8479.480000 2.064228e-17 6.340099e-18
8482.480000 2.181779e-17 6.283232e-18
8485.480000 2.177491e-17 6.357668e-18
8488.480000 4.691031e-17 6.542748e-18
8491.480000 6.288608e-17 7.139039e-18
8494.480000 5.238600e-17 7.254808e-18
8497.480000 2.550189e-17 6.807707e-18
8500.480000 3.768058e-17 7.034559e-18
8503.480000 7.918315e-17 8.002118e-18
8506.480000 5.459269e-17 7.832152e-18
8509.480000 1.345618e-17 6.459255e-18
8512.480000 1.516649e-17 5.188911e-18
8515.480000 2.955830e-17 4.796098e-18
8518.480000 2.703943e-17 4.659254e-18
8521.480000 3.165105e-17 4.642345e-18
8524.480000 3.120907e-17 4.591553e-18
8527.480000 3.007991e-17 4.501523e-18
8530.480000 3.057312e-17 4.499840e-18
8533.480000 3.710899e-17 4.648166e-18
8536.480000 4.581540e-17 4.928328e-18
8539.480000 3.840297e-17 5.041054e-18
8542.480000 3.088311e-17 5.065681e-18
8545.480000 3.914948e-17 5.417032e-18
8548.480000 4.500274e-17 5.718319e-18
8551.480000 3.856872e-17 5.440062e-18
8554.480000 2.935796e-17 4.922264e-18
8557.480000 2.719880e-17 4.646231e-18
8560.480000 3.409903e-17 4.647835e-18
8563.480000 3.421917e-17 4.724694e-18
8566.480000 4.093656e-17 4.862895e-18
8569.480000 4.253135e-17 4.996728e-18
8572.480000 4.031773e-17 5.108541e-18
8575.480000 3.908806e-17 5.206870e-18
8578.480000 3.072991e-17 5.263052e-18
8581.480000 4.101041e-17 5.475777e-18
8584.480000 5.002578e-17 5.811443e-18
8587.480000 5.372101e-17 6.208886e-18
8590.480000 4.098342e-17 6.336071e-18
8593.480000 4.739403e-17 6.547968e-18
8596.480000 5.628596e-17 6.874793e-18
8599.480000 4.587420e-17 6.893084e-18
8602.480000 2.782838e-17 6.522185e-18
8605.480000 3.696078e-17 6.336576e-18
8608.480000 5.107645e-17 6.367937e-18
8611.480000 5.474700e-17 6.620632e-18
8614.480000 6.542399e-17 6.989050e-18
8617.480000 4.694905e-17 7.378146e-18
8620.480000 5.550345e-17 7.917824e-18
8623.480000 6.048429e-17 8.415531e-18
8626.480000 6.850560e-17 8.573509e-18
8629.480000 6.762337e-17 8.553484e-18
8632.480000 5.272601e-17 8.254709e-18
8635.480000 3.741328e-17 7.686149e-18
8638.480000 4.358489e-17 7.081706e-18
8641.480000 4.165246e-17 6.476674e-18
8644.480000 5.574588e-17 6.248309e-18
8647.480000 8.348894e-17 6.631779e-18
8650.480000 8.178896e-17 7.100126e-18
8653.480000 8.562418e-17 7.445539e-18
8656.480000 7.934020e-17 7.518707e-18
8659.480000 6.986782e-17 7.416278e-18
8662.480000 6.497314e-17 7.210193e-18
8665.480000 6.263603e-17 7.009836e-18
8668.480000 5.208789e-17 6.785773e-18
8671.480000 4.586433e-17 6.528582e-18
8674.480000 4.464574e-17 6.277187e-18
8677.480000 4.307802e-17 6.006132e-18
8680.480000 5.220712e-17 5.813235e-18
8683.480000 5.913163e-17 5.651663e-18
8686.480000 6.106803e-17 5.476453e-18
8689.480000 5.772959e-17 5.387767e-18
8692.480000 5.794978e-17 5.411098e-18
8695.480000 6.352660e-17 5.520384e-18
8698.480000 6.257430e-17 5.653978e-18
8701.480000 6.292066e-17 5.709114e-18
8704.480000 5.974854e-17 5.779028e-18
8707.480000 5.216628e-17 5.834698e-18
8710.480000 5.481562e-17 5.839145e-18
8713.480000 5.767663e-17 5.842062e-18
8716.480000 6.413545e-17 5.949204e-18
8719.480000 6.902718e-17 6.144988e-18
8722.480000 6.981928e-17 6.323692e-18
8725.480000 6.370801e-17 6.449767e-18
8728.480000 5.998719e-17 6.517601e-18
8731.480000 6.564986e-17 6.362915e-18
8734.480000 5.775769e-17 6.251501e-18
8737.480000 5.751943e-17 6.213228e-18
8740.480000 7.149956e-17 6.180412e-18
8743.480000 7.172361e-17 5.989560e-18
8746.480000 7.275451e-17 5.864387e-18
8749.480000 7.098745e-17 5.883496e-18
8752.480000 6.425877e-17 6.187054e-18
8755.480000 6.982561e-17 7.449087e-18
8758.480000 1.380874e-16 9.541918e-18
8761.480000 1.178205e-16 1.071445e-17
8764.480000 1.013449e-16 1.105437e-17
8767.480000 9.588503e-17 1.087867e-17
8770.480000 5.236227e-17 9.911332e-18
8773.480000 5.278492e-17 9.281446e-18
8776.480000 1.104265e-16 9.908192e-18
8779.480000 1.009021e-16 9.700042e-18
8782.480000 6.199930e-17 7.969488e-18
8785.480000 6.647755e-17 6.555911e-18
8788.480000 1.037595e-16 6.607527e-18
8791.480000 1.078588e-16 6.743629e-18
8794.480000 6.955938e-17 6.084898e-18
8797.480000 5.534683e-17 5.265415e-18
8800.480000 5.082810e-17 4.905665e-18
8803.480000 5.658949e-17 4.923034e-18
8806.480000 6.231525e-17 5.071045e-18
8809.480000 6.023933e-17 5.221043e-18
8812.480000 5.864406e-17 5.307095e-18
8815.480000 6.659008e-17 5.594572e-18
8818.480000 5.817960e-17 6.768384e-18
8821.480000 7.219945e-17 9.922690e-18
8824.480000 1.109496e-16 1.375590e-17
8827.480000 1.426444e-16 1.501684e-17
8830.480000 4.716255e-17 1.317297e-17
8833.480000 4.831422e-17 1.160713e-17
8836.480000 7.597346e-17 1.120163e-17
8839.480000 6.135221e-17 9.670320e-18
8842.480000 4.232376e-17 7.916310e-18
8845.480000 3.863182e-17 7.820191e-18
8848.480000 7.484718e-17 8.617724e-18
8851.480000 5.353249e-17 8.575082e-18
8854.480000 5.690252e-17 7.735968e-18
8857.480000 5.544051e-17 7.117193e-18
8860.480000 5.688517e-17 7.330529e-18
8863.480000 8.632185e-17 8.582699e-18
8866.480000 1.061943e-16 9.771339e-18
8869.480000 8.205769e-17 9.408671e-18
8872.480000 5.509767e-17 7.701679e-18
8875.480000 5.538296e-17 6.544751e-18
8878.480000 7.981001e-17 7.098595e-18
8881.480000 1.112554e-16 9.391634e-18
8884.480000 1.509593e-16 1.196488e-17
8887.480000 1.534600e-16 1.212058e-17
8890.480000 6.161670e-17 9.643877e-18
8893.480000 3.396072e-17 6.932268e-18
8896.480000 5.254668e-17 6.418610e-18
8899.480000 8.156771e-17 7.416348e-18
8902.480000 1.046170e-16 8.457129e-18
8905.480000 7.996829e-17 8.096790e-18
8908.480000 4.365735e-17 6.818617e-18
8911.480000 4.545621e-17 6.612430e-18
8914.480000 7.364750e-17 8.592625e-18
8917.480000 1.263952e-16 1.112148e-17
8920.480000 1.047251e-16 1.168675e-17
8923.480000 5.728340e-17 9.665195e-18
8926.480000 4.929322e-17 7.004390e-18
8929.480000 4.237078e-17 5.746040e-18
8932.480000 5.171512e-17 5.591864e-18
8935.480000 6.306958e-17 5.953842e-18
8938.480000 9.111151e-17 7.097109e-18
8941.480000 1.204516e-16 8.425206e-18
8944.480000 1.028989e-16 8.553400e-18
8947.480000 7.598529e-17 7.641184e-18
8950.480000 4.671660e-17 7.668699e-18
8953.480000 1.021358e-16 1.013530e-17
8956.480000 1.688514e-16 1.282126e-17
8959.480000 9.879631e-17 1.268455e-17
8962.480000 4.875379e-17 9.902605e-18
8965.480000 3.516773e-17 7.402373e-18
8968.480000 4.321416e-17 6.919037e-18
8971.480000 5.596301e-17 7.502406e-18
8974.480000 4.776720e-17 7.074335e-18
8977.480000 5.252788e-17 7.201632e-18
8980.480000 7.643082e-17 7.587756e-18
8983.480000 8.523385e-17 8.235972e-18
8986.480000 8.844088e-17 9.163867e-18
8989.480000 7.750685e-17 9.221152e-18
8992.480000 5.395369e-17 8.318082e-18
8995.480000 5.912855e-17 8.140765e-18
8998.480000 1.318077e-16 9.726743e-18
9001.480000 1.216042e-16 1.067992e-17
9004.480000 4.316684e-17 9.376023e-18
9007.480000 4.224636e-17 7.005975e-18
9010.480000 4.345704e-17 5.642848e-18
9013.480000 5.480721e-17 5.285561e-18
9016.480000 6.314110e-17 5.241950e-18
9019.480000 6.858603e-17 5.288811e-18
9022.480000 6.571887e-17 5.257285e-18
9025.480000 5.637034e-17 5.222847e-18
9028.480000 5.667248e-17 5.259267e-18
9031.480000 5.974724e-17 5.549578e-18
9034.480000 7.404277e-17 6.436254e-18
9037.480000 6.934626e-17 6.810557e-18
9040.480000 5.342208e-17 6.751097e-18
9043.480000 7.835724e-17 6.881954e-18
9046.480000 1.077686e-16 7.149054e-18
9049.480000 8.988193e-17 7.403326e-18
9052.480000 6.073690e-17 6.790604e-18
9055.480000 4.902667e-17 5.860036e-18
9058.480000 4.749763e-17 5.426417e-18
9061.480000 5.293373e-17 5.440671e-18
9064.480000 6.504442e-17 5.606348e-18
9067.480000 6.469519e-17 5.727590e-18
9070.480000 5.732303e-17 5.690050e-18
9073.480000 4.462982e-17 5.601808e-18
9076.480000 4.795551e-17 5.643306e-18
9079.480000 5.087997e-17 5.772247e-18
9082.480000 5.007577e-17 5.923398e-18
9085.480000 5.259377e-17 6.258192e-18
9088.480000 5.963208e-17 6.719566e-18
9091.480000 7.331597e-17 7.341801e-18
9094.480000 7.806142e-17 7.568157e-18
9097.480000 6.939843e-17 7.625902e-18
