# 2024-10-11T20:36:50.366 60594.858916
4020.0 0.11099779621311687
4029.219457013575 0.46358994090725886
4038.438914027149 0.854510746930601
4047.658371040724 -0.12131789020684834
4056.877828054299 0.12302607918134505
4066.097285067873 0.3589964138616689
4075.316742081448 0.41527850146882517
4084.5361990950228 0.8389681637749453
4093.755656108597 0.3579146346322986
4102.975113122172 0.4272034453524459
4112.194570135746 0.6164448072409915
4121.414027149322 1.0
4130.633484162896 0.7041767766628709
4139.85294117647 0.8478754826387995
4149.0723981900455 0.7340893132061832
4158.29185520362 0.8457856397665307
4167.511312217194 0.5930560045296519
4176.7307692307695 0.47138514800532416
4185.950226244344 0.6518885762396415
4195.169683257918 0.2848505231082412
4204.3891402714935 0.8287290768188713
4213.608597285068 0.534273365226148
4222.828054298642 0.5491979373743587
4232.0475113122175 0.37420937941085564
4241.266968325792 0.7638377083212254
4250.486425339366 0.46234287698011794
4259.705882352941 0.434113587308042
4268.925339366516 0.4361119112177684
4278.14479638009 0.7630192781569104
4287.364253393665 0.37407228691321165
4296.58371040724 0.5119412612685451
4305.803167420814 0.4392569340359869
4315.022624434389 0.5792965492914549
4324.242081447964 0.5250584910829421
4333.461538461538 0.5358215939999998
4342.680995475113 0.6660914780503826
4351.900452488688 0.23196430347415092
4361.119909502262 0.40437317766623676
4370.339366515837 0.636884847117282
4379.558823529412 0.3591267021792621
4388.778280542986 0.42333302537968137
4397.997737556561 0.46812834394128783
4407.217194570136 0.3692972342122627
4416.43665158371 0.4517453177015978
4425.656108597285 0.46606754191016947
4434.87556561086 0.38361995260401227
4444.095022624434 0.40280890036475847
4453.314479638009 0.4167280027461966
4462.533936651584 0.35707530462141684
4471.753393665158 0.2593831987417695
4480.972850678733 0.21845169839060746
4490.192307692308 0.30441044690819186
4499.411764705882 0.3380733518302352
4508.631221719457 0.38279184333274807
4517.850678733032 0.11889677254574886
4527.070135746606 0.3596808804871525
4536.289592760181 0.23150717243953528
4545.509049773756 0.23799262176341196
4554.72850678733 0.29690749102335245
4563.947963800905 0.25577642802804407
4573.16742081448 0.25030985231092856
4582.386877828054 0.24570532347220037
4591.606334841629 0.22942497273627724
4600.8257918552035 0.2623804968066797
4610.045248868778 0.27469454447185726
4619.264705882353 0.27174539873437126
4628.4841628959275 0.3498658212732624
4637.703619909502 0.3682766101647317
4646.923076923077 0.40319594852977586
4656.1425339366515 0.25919858228071957
4665.361990950226 0.3618148008797446
4674.581447963801 0.3104581022151454
4683.8009049773755 0.35523685904115904
4693.02036199095 0.35176827751322004
4702.239819004525 0.2547945916043376
4711.459276018099 0.3452961848737129
4720.678733031674 0.26633796225082335
4729.898190045249 0.29167238476183444
4739.117647058823 0.4091834006670983
4748.337104072398 0.39179573544837903
4757.556561085973 0.33015869213821586
4766.776018099547 0.35102055651044467
4775.995475113122 0.5005669106712575
4785.214932126697 0.336256957862092
4794.434389140271 0.40525919412913336
4803.653846153846 0.4421449647763679
4812.873303167421 0.3874910464625
4822.092760180995 0.37097995359841585
4831.31221719457 0.379002365905932
4840.531674208145 0.3512919754869981
4849.751131221719 0.3821023477848984
4858.970588235294 0.473987567498929
4868.190045248869 0.4519205907830295
4877.409502262443 0.3455696198371693
4886.628959276018 0.4374021642618834
4895.848416289593 0.40277938431735316
4905.067873303167 0.342893690315531
4914.287330316742 0.34154590732472634
4923.506787330317 0.3620140544825971
4932.726244343891 0.3254512520052636
4941.945701357466 0.28132263203934654
4951.165158371041 0.28729485387787873
4960.384615384615 0.2719856517452697
4969.60407239819 0.2659928666908651
4978.823529411765 0.32907793501883953
4988.042986425339 0.2985552060878471
4997.262443438914 0.26153822262086807
5006.481900452489 0.2921882497949077
5015.701357466063 0.27857706342881017
5024.920814479638 0.246393552614341
5034.140271493213 0.2977550197264638
5043.359728506787 0.22720064088971803
5052.579185520362 0.2777555266939063
5061.798642533937 0.2647244805634451
5071.018099547511 0.27985664704239255
5080.2375565610855 0.28473762618198795
5089.457013574661 0.2580588109288118
5098.676470588235 0.2537420001137272
5107.89592760181 0.249180074118394
5117.115384615385 0.2344625192508393
5126.334841628959 0.21849544425117018
5135.5542986425335 0.14984517351649398
5144.773755656109 0.2238409838570747
5153.993212669683 0.22167176231408034
5163.212669683258 0.17497723893172404
5172.432126696833 0.22582392467445397
5181.651583710407 0.20810693067486158
5190.871040723981 0.1901310978759593
5200.090497737557 0.1668040103904849
5209.309954751131 0.2494122148825136
5218.529411764706 0.2643906220386013
5227.748868778281 0.2631350388182843
5236.968325791855 0.24013400860713977
5246.187782805429 0.2179330731823913
5255.407239819005 0.19609950211828783
5264.626696832579 0.20579731980632526
5273.846153846154 0.2147282639992878
5283.065610859729 0.22126313598592684
5292.285067873303 0.20608012551391441
5301.504524886877 0.21038421045926822
5310.723981900453 0.2381351785105234
5319.943438914027 0.22694506806022385
5329.162895927602 0.2577481551115694
5338.382352941177 0.2559860155435293
5347.601809954751 0.22572789856698686
5356.821266968325 0.286984351637297
5366.040723981901 0.2417813680866338
5375.260180995475 0.24288184543348515
5384.47963800905 0.26786826171528333
5393.6990950226245 0.29642830856893954
5402.918552036199 0.26923152288501884
5412.138009049773 0.2867484322117383
5421.3574660633485 0.31480531381581833
5430.576923076923 0.2869364922751095
5439.796380090498 0.2934907777301136
5449.0158371040725 0.3022136348452215
5458.235294117647 0.26945272067075693
5467.454751131221 0.25835341549186075
5476.6742081447965 0.2600892186879764
5485.893665158371 0.28318327886221445
5495.113122171946 0.27298315759684705
5504.33257918552 0.2718382896971325
5513.552036199095 0.30208556762998523
5522.771493212669 0.27315471009249886
5531.990950226244 0.26244561245871584
5541.210407239819 0.27927240589421437
5550.429864253394 0.19727519459270026
5559.649321266968 0.20923776862429902
5568.868778280543 0.19878562750822676
5578.088235294117 0.12459878011751994
5587.307692307692 0.17658551655821525
5596.527149321267 0.16120377383909004
5605.746606334842 0.1826699356498727
5614.966063348416 0.14417337022541457
5624.185520361991 0.14700617811845892
5633.404977375565 0.19450086612337184
5642.62443438914 0.1774835354584113
5651.843891402715 0.21644375463181217
5661.06334841629 0.16228426321529008
5670.282805429864 0.21119891379461794
5679.502262443439 0.19314404418714587
5688.721719457013 0.18150997004490965
5697.941176470588 0.19587023642704549
5707.160633484163 0.1876537489246447
5716.380090497738 0.17492166986611254
5725.599547511312 0.19204033533835763
5734.819004524887 0.15532342417249967
5744.038461538461 0.19005902168298114
5753.257918552036 0.1551512537488544
5762.477375565611 0.15454522366415874
5771.696832579186 0.15365144788567783
5780.91628959276 0.12714967438991032
5790.135746606335 0.15579676516752397
5799.355203619909 0.14939611766896502
5808.574660633484 0.15953020263372414
5817.794117647059 0.17767652524547992
5827.013574660634 0.18841180571712038
5836.233031674208 0.15428679910983897
5845.4524886877825 0.17395678252452082
5854.671945701357 0.20772456144423235
5863.891402714932 0.19842735655532082
5873.1108597285065 0.19474064615536651
5882.330316742082 0.17330126803250792
5891.549773755656 0.20436083554432724
5900.7692307692305 0.24372584044822823
5909.988687782805 0.22183460238393468
5919.20814479638 0.22802421920827703
5928.4276018099545 0.21453035951914368
5937.64705882353 0.19839905453860746
5946.866515837104 0.20454780677208118
5956.085972850678 0.21585058682912045
5965.305429864253 0.23888339318670015
5974.524886877828 0.21117425381428034
5983.744343891402 0.21389567606276466
5992.963800904978 0.22012233453996125
6002.183257918552 0.21723427542372278
6011.402714932126 0.21473039347664508
6020.622171945701 0.2300259361703457
6029.841628959276 0.21312803804276548
6039.06108597285 0.22217708853905
6048.280542986426 0.19668298187357877
6057.5 0.22444981165126765
6066.719457013574 0.20036144097215147
6075.938914027149 0.19817982897327582
6085.158371040724 0.20085216688177393
6094.377828054298 0.1857860340813753
6103.597285067874 0.18150103692840489
6112.816742081448 0.1877541930681917
6122.036199095022 0.19808069451822186
6131.255656108597 0.18088558336143193
6140.475113122172 0.1748682426978966
6149.694570135746 0.19029232352517586
6158.914027149322 0.19807408700850773
6168.133484162896 0.17664016418216377
6177.35294117647 0.19773189368391655
6186.572398190045 0.21907251902224628
6195.79185520362 0.19172417944918618
6205.011312217194 0.21811900392755165
6214.2307692307695 0.19530337830688402
6223.450226244344 0.20539995981494275
6232.669683257918 0.21582575101817286
6241.889140271493 0.18371402016413907
6251.108597285068 0.20369534212210538
6260.328054298642 0.21330037376846567
6269.5475113122175 0.20105920425442222
6278.766968325792 0.20674103069500732
6287.986425339366 0.20845000464724403
6297.2058823529405 0.22821383067066658
6306.425339366516 0.20131346340085776
6315.64479638009 0.18105406842400548
6324.864253393665 0.19403534238068787
6334.08371040724 0.2016092781756465
6343.303167420814 0.19735514831137557
6352.5226244343885 0.21208494802800712
6361.742081447964 0.16721169581027473
6370.961538461538 0.20293411089742114
6380.180995475113 0.22017495217676653
6389.400452488688 0.17571989462368384
6398.619909502262 0.17205171110849532
6407.839366515836 0.14136493504936745
6417.058823529412 0.15470959765328174
6426.278280542986 0.10932744949567588
6435.497737556561 0.11407329277392693
6444.717194570136 0.10144602130053187
6453.93665158371 0.09031320605335486
6463.156108597284 0.06775169850865134
6472.37556561086 0.07006435107308547
6481.595022624434 0.05780656640703853
6490.814479638009 0.056985653507147085
6500.033936651584 0.06815062624382759
6509.253393665158 0.07909313884574384
6518.472850678732 0.08251606819949105
6527.692307692308 0.08020540225373556
6536.911764705882 0.09118562236976725
6546.131221719457 0.06875293349720756
6555.350678733032 0.09423973325408459
6564.570135746606 0.06956135643472133
6573.78959276018 0.10277126829481151
6583.009049773756 0.11480270341023177
6592.22850678733 0.11921144582127288
6601.447963800905 0.16688942737134455
6610.66742081448 0.13448703465029277
6619.886877828054 0.15348293459301207
6629.106334841628 0.1417659895976838
6638.3257918552035 0.1659161631919235
6647.545248868778 0.14993025344647876
6656.764705882353 0.1486379060002627
6665.9841628959275 0.1628867414031671
6675.203619909502 0.18283682995721978
6684.423076923076 0.1622256061028727
6693.6425339366515 0.18212191049570692
6702.861990950226 0.15798950224048494
6712.081447963801 0.18191925468083803
6721.3009049773755 0.1591024127755746
6730.52036199095 0.17390175855354165
6739.739819004524 0.1602886449646874
6748.959276018099 0.16313083405623605
6758.178733031674 0.19515342799214894
6767.398190045249 0.17759705647264928
6776.617647058823 0.1533561333419139
6785.837104072398 0.16936845241021845
6795.056561085972 0.15299850641326299
6804.276018099547 0.15680443922295315
6813.495475113122 0.16015385764500292
6822.714932126697 0.17628194262945912
6831.934389140271 0.14828255134733562
6841.153846153846 0.15843650688874092
6850.37330316742 0.11297515438748947
6859.592760180995 0.13031889688122283
6868.81221719457 0.13778375120877048
6878.031674208145 0.13999619422192405
6887.251131221719 0.12931824809685633
6896.470588235294 0.13695064568256393
6905.690045248868 0.1354918604941264
6914.909502262443 0.11901916493821832
6924.128959276018 0.13513386329811344
6933.348416289593 0.13139864523126815
6942.567873303167 0.14384230246522242
6951.787330316742 0.11540856189497826
6961.006787330316 0.1292407267563532
6970.226244343891 0.13536191082697396
6979.445701357466 0.11356975870312538
6988.665158371041 0.126838106085414
6997.884615384615 0.1228637332972966
7007.10407239819 0.13216485889655455
7016.323529411764 0.10105514998538438
7025.542986425339 0.13018306747465938
7034.762443438914 0.11407731835282425
7043.981900452489 0.13776450835795118
7053.201357466063 0.10235255351602565
7062.420814479638 0.10456624006677298
7071.640271493212 0.13018988962514386
7080.859728506787 0.10990234408897606
7090.0791855203615 0.09389873097486917
7099.298642533937 0.0920270581449861
7108.518099547511 0.11036016112263192
7117.7375565610855 0.1371994087172098
7126.95701357466 0.09323735396403544
7136.176470588235 0.09121955185034707
7145.3959276018095 0.10646157362322729
7154.615384615385 0.09328811761480166
7163.834841628959 0.07818268139338465
7173.0542986425335 0.08136067692795954
7182.273755656108 0.10166355923156224
7191.493212669683 0.08990930644258799
7200.712669683257 0.07003755408088988
7209.932126696833 0.09252062238960654
7219.151583710407 0.07300169474282844
7228.371040723981 0.08651049837505444
7237.590497737556 0.08033121647136254
7246.809954751131 0.050443900807541533
7256.029411764705 0.08070633191544255
7265.248868778281 0.0626749943058933
7274.468325791855 0.08463517300516404
7283.687782805429 0.09295555060692921
7292.907239819004 0.05879005612727377
7302.126696832579 0.05471024831689454
7311.346153846153 0.07426433158240736
7320.565610859729 0.07648277352259397
7329.785067873303 0.10111042275836683
7339.004524886877 0.060217386851700194
7348.223981900452 0.07717251959993997
7357.443438914027 0.06950190201896322
7366.662895927601 0.07571291764532072
7375.882352941177 0.03544666905863302
7385.101809954751 0.06103381339669789
7394.321266968325 0.07124555043893184
7403.5407239819 0.07936389024472448
7412.760180995475 0.07046814159389382
7421.979638009049 0.06367447403051893
7431.1990950226245 0.0829668286845741
7440.418552036199 0.04545136094559413
7449.638009049773 0.0878446964960594
7458.857466063348 0.07253693929458566
7468.076923076923 0.0902631467300059
7477.296380090497 0.04692080152075346
7486.5158371040725 0.07126901454400675
7495.735294117647 0.06033009294331473
7504.954751131221 0.08181223939134179
7514.174208144796 0.0730815588179389
7523.393665158371 0.07483272299727223
7532.613122171945 0.054427437067472106
7541.83257918552 0.06735166430840123
7551.052036199095 0.03837880371945344
7560.271493212669 0.07158999294395174
7569.4909502262435 0.07614276915293287
7578.710407239819 0.06707460252527601
7587.929864253394 0.07912230266703027
7597.149321266968 0.0740360786700413
7606.368778280543 0.0720634661192687
7615.588235294117 0.03713184308969634
7624.8076923076915 0.09128051042847413
7634.027149321267 0.036545715332505495
7643.246606334842 0.02590932375288167
7652.466063348416 0.0764880292415724
7661.685520361991 0.07332801941085178
7670.904977375565 0.04845781721758631
7680.124434389139 0.06764922866869132
7689.343891402715 0.06410374904599536
7698.56334841629 0.057853618323957676
7707.782805429864 0.08925327793937306
7717.002262443439 0.05205463413536549
7726.221719457013 0.08781239760464857
7735.441176470587 0.06604332392135703
7744.660633484163 0.09636289922783327
7753.880090497738 0.08809302940589615
7763.099547511312 0.03722103985649384
7772.319004524887 0.09783248560380545
7781.538461538461 0.08676474493893371
7790.757918552035 0.033920429677892765
7799.977375565611 0.06927898138236147
7809.196832579186 0.061745528783801754
7818.41628959276 0.013363798828889457
7827.635746606335 -0.000740375347082918
7836.855203619909 0.05312355642650737
7846.074660633483 0.06902163436583096
7855.294117647059 0.06703163081959249
7864.513574660634 0.03686383791209618
7873.733031674208 0.03803603352963264
7882.9524886877825 0.041140241530603486
7892.171945701357 -0.028091251786908116
7901.391402714931 0.030916802346196127
7910.6108597285065 -0.006562861158536531
7919.830316742082 -0.03425220483582439
7929.049773755656 0.01790491690285589
7938.2692307692305 0.04784222250678206
7947.488687782805 0.013016951122625919
7956.708144796379 0.006359613740826286
7965.9276018099545 0.03324142208270544
7975.14705882353 0.01968710195317596
7984.366515837104 0.023862090577122786
7993.585972850678 0.0288615330272692
8002.805429864253 0.03491241488917172
8012.024886877827 0.04511074410422412
8021.244343891402 0.09810962475865956
8030.463800904978 0.0061768770614494175
8039.683257918552 0.048682647738032
8048.902714932126 0.06847143705932898
8058.122171945701 0.10825930533504514
8067.341628959275 0.07227777093457559
8076.56108597285 0.04809965608542344
8085.780542986426 -0.0012355865218565737
8095.0 0.05454458725890611
