3800.00000000001  1.249818E-15
3803.38321399689  1.105735E-15
3806.76642799378  1.065976E-15
3810.14964199067  1.669108E-15
3813.53285598756  1.696687E-15
3816.91606998444  1.183063E-15
3820.29928398133  1.582014E-15
3823.68249797822  1.532179E-15
3827.0657119751  1.596004E-15
3830.44892597199  2.315919E-15
3833.83213996888  1.804976E-15
3837.21535396577  5.941661E-16
3840.59856796265  1.075410E-15
3843.98178195954  1.174884E-15
3847.36499595643  1.130263E-15
3850.74820995331  1.276378E-15
3854.1314239502  1.016048E-15
3857.51463794709  1.193743E-15
3860.89785194398  1.261009E-15
3864.28106594086  1.237742E-15
3867.66427993775  1.318084E-15
3871.04749393464  1.376907E-15
3874.43070793152  1.506563E-15
3877.81392192841  1.565339E-15
3881.1971359253  1.311140E-15
3884.58034992219  1.414622E-15
3887.96356391907  1.624942E-15
3891.34677791596  1.590782E-15
3894.72999191285  1.467518E-15
3898.11320590974  1.143720E-15
3901.49641990662  1.357268E-15
3904.87963390351  1.543569E-15
3908.2628479004  1.569039E-15
3911.64606189729  1.648309E-15
3915.02927589417  1.510655E-15
3918.41248989106  1.219760E-15
3921.79570388795  1.208414E-15
3925.17891788483  1.348869E-15
3928.56213188172  1.249308E-15
3931.94534587861  1.631385E-15
3935.32855987549  1.716479E-15
3938.71177387238  1.486736E-15
3942.09498786927  1.342547E-15
3945.47820186616  1.492778E-15
3948.86141586304  1.508106E-15
3952.24462985993  1.089403E-15
3955.62784385682  1.238224E-15
3959.01105785371  1.346896E-15
3962.39427185059  1.332920E-15
3965.77748584748  1.308447E-15
3969.16069984437  1.110765E-15
3972.54391384125  1.185788E-15
3975.92712783814  9.994541E-16
3979.31034183503  7.672272E-16
3982.69355583192  9.067468E-16
3986.0767698288  1.015179E-15
3989.45998382569  1.017585E-15
3992.84319782258  1.047973E-15
3996.22641181947  1.043098E-15
3999.60962581635  1.011542E-15
4002.99283981324  1.098471E-15
4006.37605381013  1.053710E-15
4009.75926780701  1.017477E-15
4013.1424818039  1.199811E-15
4016.52569580079  1.402335E-15
4019.90890979767  1.211838E-15
4023.29212379456  9.803187E-16
4026.67533779145  7.235188E-16
4030.05855178834  8.474499E-16
4033.44176578522  6.795032E-16
4036.82497978211  6.250987E-16
4040.208193779  1.083924E-15
4043.59140777588  9.506499E-16
4046.97462177277  9.972741E-16
4050.35783576966  1.224364E-15
4053.74104976655  9.326439E-16
4057.12426376343  1.046266E-15
4060.50747776032  1.209992E-15
4063.89069175721  7.658658E-16
4067.2739057541  8.013624E-16
4070.65711975098  1.106872E-15
4074.04033374787  9.997372E-16
4077.42354774476  1.002754E-15
4080.80676174165  9.339676E-16
4084.18997573853  1.013552E-15
4087.57318973542  9.098878E-16
4090.95640373231  9.109959E-16
4094.33961772919  1.040832E-15
4097.72283172608  9.197822E-16
4101.10604572297  1.116407E-15
4104.48925971986  1.150988E-15
4107.87247371674  1.036043E-15
4111.25568771363  1.082914E-15
4114.63890171052  1.009188E-15
4118.02211570741  1.035137E-15
4121.40532970429  1.146139E-15
4124.78854370118  1.124470E-15
4128.17175769807  9.816094E-16
4131.55497169495  9.644367E-16
4134.93818569184  1.070317E-15
4138.32139968873  1.079783E-15
4141.70461368562  1.032425E-15
4145.0878276825  9.279210E-16
4148.47104167939  1.059170E-15
4151.85425567628  1.259633E-15
4155.23746967316  1.220392E-15
4158.62068367005  1.222377E-15
4162.00389766694  1.407998E-15
4165.38711166383  1.248111E-15
4168.77032566071  1.170330E-15
4172.1535396576  1.161858E-15
4175.53675365449  1.182671E-15
4178.91996765137  1.416313E-15
4182.30318164826  1.376797E-15
4185.68639564515  1.369962E-15
4189.06960964204  1.459696E-15
4192.45282363892  1.503009E-15
4195.83603763581  1.330037E-15
4199.2192516327  1.473436E-15
4202.60246562959  1.549134E-15
4205.98567962647  1.628770E-15
4209.36889362336  1.683099E-15
4212.75210762025  1.576678E-15
4216.13532161713  1.526448E-15
4219.51853561402  1.798789E-15
4222.90174961091  1.811764E-15
4226.28496360779  1.559626E-15
4229.66817760468  1.507349E-15
4233.05139160157  1.479201E-15
4236.43460559846  1.344606E-15
4239.81781959534  1.340406E-15
4243.20103359223  1.246632E-15
4246.58424758912  1.121972E-15
4249.96746158601  1.093194E-15
4253.35067558289  1.048086E-15
4256.73388957978  1.194804E-15
4260.11710357667  1.353058E-15
4263.50031757355  1.337843E-15
4266.88353157044  1.360867E-15
4270.26674556733  1.401987E-15
4273.64995956422  1.379977E-15
4277.0331735611  1.133070E-15
4280.41638755799  1.032498E-15
4283.79960155488  1.123255E-15
4287.18281555177  1.233512E-15
4290.56602954865  1.345049E-15
4293.94924354554  1.340933E-15
4297.33245754243  1.496013E-15
4300.71567153931  1.531795E-15
4304.0988855362  1.560033E-15
4307.48209953309  1.620980E-15
4310.86531352998  1.619620E-15
4314.24852752686  1.628544E-15
4317.63174152375  1.640734E-15
4321.01495552064  1.678768E-15
4324.39816951752  1.722633E-15
4327.78138351441  1.720040E-15
4331.1645975113  1.858770E-15
4334.54781150819  1.929680E-15
4337.93102550507  1.889020E-15
4341.31423950196  1.845522E-15
4344.69745349885  1.827527E-15
4348.08066749573  1.705892E-15
4351.46388149262  1.556312E-15
4354.84709548951  1.694562E-15
4358.2303094864  1.888509E-15
4361.61352348328  1.825257E-15
4364.99673748017  1.803214E-15
4368.37995147706  1.812487E-15
4371.76316547395  1.939683E-15
4375.14637947083  2.023740E-15
4378.52959346772  1.764769E-15
4381.91280746461  1.695742E-15
4385.29602146149  1.859891E-15
4388.67923545838  1.960740E-15
4392.06244945527  1.913188E-15
4395.44566345216  1.763638E-15
4398.82887744904  1.900657E-15
4402.21209144593  2.056207E-15
4405.59530544282  2.043512E-15
4408.9785194397  2.036670E-15
4412.36173343659  2.078661E-15
4415.74494743348  2.091949E-15
4419.12816143037  1.990516E-15
4422.51137542725  1.842918E-15
4425.89458942414  1.829560E-15
4429.27780342103  1.873422E-15
4432.66101741792  1.913036E-15
4436.0442314148  1.879281E-15
4439.42744541169  1.926575E-15
4442.81065940858  1.868003E-15
4446.19387340546  1.657244E-15
4449.57708740235  1.830809E-15
4452.96030139924  1.928579E-15
4456.34351539613  1.910212E-15
4459.72672939301  1.740898E-15
4463.1099433899  1.699852E-15
4466.49315738679  1.772861E-15
4469.87637138368  1.692901E-15
4473.25958538056  1.767254E-15
4476.64279937745  1.844911E-15
4480.02601337434  1.840149E-15
4483.40922737122  1.769192E-15
4486.79244136811  1.742682E-15
4490.175655365  1.790629E-15
4493.55886936189  1.721678E-15
4496.94208335877  1.784751E-15
4500.32529735566  1.787676E-15
4503.70851135255  1.653190E-15
4507.09172534944  1.813033E-15
4510.47493934632  1.789434E-15
4513.85815334321  1.622070E-15
4517.2413673401  1.604306E-15
4520.62458133698  1.671904E-15
4524.00779533387  1.813477E-15
4527.39100933076  1.893742E-15
4530.77422332765  1.734437E-15
4534.15743732453  1.629756E-15
4537.54065132142  1.511489E-15
4540.92386531831  1.669082E-15
4544.30707931519  1.717248E-15
4547.69029331208  1.609213E-15
4551.07350730897  1.596539E-15
4554.45672130586  1.677977E-15
4557.83993530274  1.618406E-15
4561.22314929963  1.595947E-15
4564.60636329652  1.616001E-15
4567.98957729341  1.577449E-15
4571.37279129029  1.551358E-15
4574.75600528718  1.665675E-15
4578.13921928407  1.531554E-15
4581.52243328095  1.470227E-15
4584.90564727784  1.650179E-15
4588.28886127473  1.585078E-15
4591.67207527161  1.546443E-15
4595.0552892685  1.568211E-15
4598.43850326539  1.485385E-15
4601.82171726228  1.424481E-15
4605.20493125916  1.445550E-15
4608.58814525605  1.342959E-15
4611.97135925294  1.488603E-15
4615.35457324982  1.521217E-15
4618.73778724671  1.346715E-15
4622.1210012436  1.317944E-15
4625.50421524049  1.549909E-15
4628.88742923737  1.511607E-15
4632.27064323426  1.252247E-15
4635.65385723115  1.244522E-15
4639.03707122804  1.183283E-15
4642.42028522492  1.099351E-15
4645.80349922181  1.204402E-15
4649.1867132187  1.351968E-15
4652.56992721559  1.332087E-15
4655.95314121247  1.355786E-15
4659.33635520936  1.457975E-15
4662.71956920625  1.471502E-15
4666.10278320313  1.455870E-15
4669.48599720002  1.542376E-15
4672.86921119691  1.609298E-15
4676.2524251938  1.626523E-15
4679.63563919068  1.519680E-15
4683.01885318757  1.436687E-15
4686.40206718446  1.528455E-15
4689.78528118134  1.497406E-15
4693.16849517823  1.435954E-15
4696.55170917512  1.570969E-15
4699.93492317201  1.498187E-15
4703.31813716889  1.604054E-15
4706.70135116578  1.723761E-15
4710.08456516267  1.695301E-15
4713.46777915955  1.598837E-15
4716.85099315644  1.564170E-15
4720.23420715333  1.644662E-15
4723.61742115022  1.544392E-15
4727.0006351471  1.492928E-15
4730.38384914399  1.564869E-15
4733.76706314088  1.520582E-15
4737.15027713777  1.490985E-15
4740.53349113465  1.493405E-15
4743.91670513154  1.528572E-15
4747.29991912843  1.619516E-15
4750.68313312531  1.621179E-15
4754.0663471222  1.640919E-15
4757.44956111909  1.638665E-15
4760.83277511597  1.608577E-15
4764.21598911286  1.683898E-15
4767.59920310975  1.695006E-15
4770.98241710664  1.630227E-15
4774.36563110352  1.630830E-15
4777.74884510041  1.622608E-15
4781.1320590973  1.627832E-15
4784.51527309419  1.728105E-15
4787.89848709107  1.812661E-15
4791.28170108796  1.806282E-15
4794.66491508485  1.846620E-15
4798.04812908174  1.981945E-15
4801.43134307862  1.947923E-15
4804.81455707551  1.825697E-15
4808.1977710724  1.784790E-15
4811.58098506928  1.872353E-15
4814.96419906617  1.816223E-15
4818.34741306306  1.797101E-15
4821.73062705994  2.011149E-15
4825.11384105683  2.024295E-15
4828.49705505372  1.943978E-15
4831.88026905061  1.966934E-15
4835.26348304749  2.036929E-15
4838.64669704438  2.029443E-15
4842.02991104127  2.037139E-15
4845.41312503816  2.115903E-15
4848.79633903504  2.081079E-15
4852.17955303193  2.041427E-15
4855.56276702882  2.122667E-15
4858.9459810257  2.129786E-15
4862.32919502259  2.105066E-15
4865.71240901948  2.142571E-15
4869.09562301637  2.041323E-15
4872.47883701325  1.972532E-15
4875.86205101014  2.025518E-15
4879.24526500703  1.989673E-15
4882.62847900392  1.991266E-15
4886.0116930008  2.002246E-15
4889.39490699769  1.941106E-15
4892.77812099458  1.961846E-15
4896.16133499146  2.020849E-15
4899.54454898835  1.963852E-15
4902.92776298524  1.986195E-15
4906.31097698213  1.994996E-15
4909.69419097901  1.993216E-15
4913.0774049759  1.958317E-15
4916.46061897279  1.975492E-15
4919.84383296967  2.043276E-15
4923.22704696656  2.054936E-15
4926.61026096345  2.045998E-15
4929.99347496034  2.063255E-15
4933.37668895722  2.126062E-15
4936.75990295411  1.988927E-15
4940.143116951  2.043800E-15
4943.52633094789  2.059713E-15
4946.90954494477  1.933277E-15
4950.29275894166  1.962145E-15
4953.67597293855  1.998120E-15
4957.05918693543  1.962221E-15
4960.44240093232  1.973625E-15
4963.82561492921  2.089410E-15
4967.2088289261  1.940515E-15
4970.59204292298  1.930610E-15
4973.97525691987  2.083423E-15
4977.35847091676  2.048428E-15
4980.74168491364  2.050847E-15
4984.12489891053  1.986011E-15
4987.50811290742  1.858489E-15
4990.89132690431  1.967921E-15
4994.27454090119  1.965502E-15
4997.65775489808  1.982446E-15
5001.04096889497  1.922656E-15
5004.42418289186  1.938858E-15
5007.80739688874  1.839511E-15
5011.19061088563  1.705718E-15
5014.57382488252  1.810625E-15
5017.9570388794  1.806321E-15
5021.34025287629  1.793568E-15
5024.72346687318  1.835786E-15
5028.10668087007  1.783682E-15
5031.48989486695  1.767846E-15
5034.87310886384  1.741612E-15
5038.25632286073  1.664401E-15
5041.63953685761  1.672098E-15
5045.0227508545  1.692281E-15
5048.40596485139  1.728291E-15
5051.78917884828  1.693336E-15
5055.17239284516  1.655419E-15
5058.55560684205  1.614978E-15
5061.93882083894  1.672729E-15
5065.32203483583  1.667628E-15
5068.70524883271  1.576641E-15
5072.0884628296  1.621583E-15
5075.47167682649  1.698004E-15
5078.85489082338  1.736689E-15
5082.23810482026  1.701363E-15
5085.62131881715  1.672255E-15
5089.00453281404  1.719340E-15
5092.38774681092  1.809984E-15
5095.77096080781  1.841587E-15
5099.1541748047  1.766296E-15
5102.53738880158  1.732993E-15
5105.92060279847  1.747510E-15
5109.30381679536  1.711894E-15
5112.68703079225  1.677538E-15
5116.07024478913  1.756089E-15
5119.45345878602  1.784493E-15
5122.83667278291  1.714921E-15
5126.2198867798  1.821993E-15
5129.60310077668  1.757410E-15
5132.98631477357  1.686068E-15
5136.36952877046  1.743904E-15
5139.75274276734  1.644308E-15
5143.13595676423  1.679371E-15
5146.51917076112  1.727545E-15
5149.902384758  1.702878E-15
5153.28559875489  1.664013E-15
5156.66881275178  1.667426E-15
5160.05202674867  1.688630E-15
5163.43524074556  1.752652E-15
5166.81845474244  1.741291E-15
5170.20166873933  1.682654E-15
5173.58488273622  1.708473E-15
5176.9680967331  1.704677E-15
5180.35131072999  1.723645E-15
5183.73452472688  1.691055E-15
5187.11773872376  1.704057E-15
5190.50095272065  1.705415E-15
5193.88416671754  1.735361E-15
5197.26738071443  1.770847E-15
5200.65059471131  1.693097E-15
5204.0338087082  1.675547E-15
5207.41702270509  1.643150E-15
5210.80023670197  1.623975E-15
5214.18345069886  1.652000E-15
5217.56666469575  1.640045E-15
5220.94987869264  1.681254E-15
5224.33309268952  1.687510E-15
5227.71630668641  1.578049E-15
5231.0995206833  1.504757E-15
5234.48273468018  1.458328E-15
5237.86594867707  1.463900E-15
5241.24916267396  1.513566E-15
5244.63237667085  1.491048E-15
5248.01559066773  1.478255E-15
5251.39880466462  1.505772E-15
5254.78201866151  1.583600E-15
5258.1652326584  1.635622E-15
5261.54844665528  1.653330E-15
5264.93166065217  1.644326E-15
5268.31487464906  1.578866E-15
5271.69808864594  1.568848E-15
5275.08130264283  1.627328E-15
5278.46451663972  1.639683E-15
5281.84773063661  1.701760E-15
5285.23094463349  1.716793E-15
5288.61415863038  1.731369E-15
5291.99737262727  1.739449E-15
5295.38058662416  1.676861E-15
5298.76380062104  1.671680E-15
5302.14701461793  1.708485E-15
5305.53022861482  1.707906E-15
5308.91344261171  1.592621E-15
5312.29665660859  1.658511E-15
5315.67987060548  1.679719E-15
5319.06308460237  1.582925E-15
5322.44629859925  1.619234E-15
5325.82951259614  1.646027E-15
5329.21272659303  1.642201E-15
5332.59594058992  1.673025E-15
5335.9791545868  1.778988E-15
5339.36236858369  1.805694E-15
5342.74558258058  1.750120E-15
5346.12879657746  1.673977E-15
5349.51201057435  1.567199E-15
5352.89522457124  1.627518E-15
5356.27843856813  1.596921E-15
5359.66165256501  1.589701E-15
5363.0448665619  1.608618E-15
5366.42808055879  1.612230E-15
5369.81129455567  1.591629E-15
5373.19450855256  1.508847E-15
5376.57772254945  1.499496E-15
5379.96093654634  1.613557E-15
5383.34415054322  1.595469E-15
5386.72736454011  1.552182E-15
5390.110578537  1.588189E-15
5393.49379253389  1.624332E-15
5396.87700653077  1.533515E-15
5400.26022052766  1.554509E-15
5403.64343452455  1.587798E-15
5407.02664852143  1.589553E-15
5410.40986251832  1.575692E-15
5413.79307651521  1.569035E-15
5417.1762905121  1.542511E-15
5420.55950450898  1.520859E-15
5423.94271850587  1.560761E-15
5427.32593250276  1.607340E-15
5430.70914649964  1.658759E-15
5434.09236049653  1.647081E-15
5437.47557449342  1.650679E-15
5440.85878849031  1.660064E-15
5444.24200248719  1.579340E-15
5447.62521648408  1.597771E-15
5451.00843048097  1.671553E-15
5454.39164447785  1.688459E-15
5457.77485847474  1.744449E-15
5461.15807247163  1.702564E-15
5464.54128646852  1.633947E-15
5467.9245004654  1.669697E-15
5471.30771446229  1.646111E-15
5474.69092845918  1.592883E-15
5478.07414245606  1.662285E-15
5481.45735645295  1.750623E-15
5484.84057044984  1.755416E-15
5488.22378444673  1.768311E-15
5491.60699844361  1.734414E-15
5494.9902124405  1.646489E-15
5498.37342643739  1.696579E-15
5501.75664043428  1.728855E-15
5505.13985443116  1.708698E-15
5508.52306842805  1.723733E-15
5511.90628242494  1.773161E-15
5515.28949642182  1.800056E-15
5518.67271041871  1.702335E-15
5522.0559244156  1.701039E-15
5525.43913841249  1.698820E-15
5528.82235240937  1.727053E-15
5532.20556640626  1.785596E-15
5535.58878040315  1.743545E-15
5538.97199440004  1.660955E-15
5542.35520839692  1.692562E-15
5545.73842239381  1.713288E-15
5549.1216363907  1.697971E-15
5552.50485038758  1.702247E-15
5555.88806438447  1.663011E-15
5559.27127838136  1.654333E-15
5562.65449237825  1.684332E-15
5566.03770637513  1.668300E-15
5569.42092037202  1.656471E-15
5572.80413436891  1.699660E-15
5576.18734836579  1.663757E-15
5579.57056236268  1.545704E-15
5582.95377635957  1.530717E-15
5586.33699035646  1.632063E-15
5589.72020435334  1.685008E-15
5593.10341835023  1.584985E-15
5596.48663234712  1.565051E-15
5599.869846344  1.692129E-15
5603.25306034089  1.806607E-15
5606.63627433778  1.837835E-15
5610.01948833467  1.686955E-15
5613.40270233155  1.643086E-15
5616.78591632844  1.607617E-15
5620.16913032533  1.568947E-15
5623.55234432222  1.643302E-15
5626.9355583191  1.671576E-15
5630.31877231599  1.765783E-15
5633.70198631288  1.820305E-15
5637.08520030976  1.749703E-15
5640.46841430665  1.683635E-15
5643.85162830354  1.637141E-15
5647.23484230043  1.723759E-15
5650.61805629731  1.824248E-15
5654.0012702942  1.724748E-15
5657.38448429109  1.683449E-15
5660.76769828798  1.768133E-15
5664.15091228486  1.717022E-15
5667.53412628175  1.668680E-15
5670.91734027864  1.706490E-15
5674.30055427553  1.662472E-15
5677.68376827241  1.621222E-15
5681.0669822693  1.573728E-15
5684.45019626619  1.561909E-15
5687.83341026307  1.609248E-15
5691.21662425996  1.642048E-15
5694.59983825685  1.712643E-15
5697.98305225373  1.789506E-15
5701.36626625062  1.724756E-15
5704.74948024751  1.680901E-15
5708.1326942444  1.755623E-15
5711.51590824128  1.768818E-15
5714.89912223817  1.697551E-15
5718.28233623506  1.712433E-15
5721.66555023195  1.744853E-15
5725.04876422883  1.840533E-15
5728.43197822572  1.892638E-15
5731.81519222261  1.787121E-15
5735.19840621949  1.732670E-15
5738.58162021638  1.764482E-15
5741.96483421327  1.726243E-15
5745.34804821016  1.651147E-15
5748.73126220704  1.697160E-15
5752.11447620393  1.671609E-15
5755.49769020082  1.687582E-15
5758.88090419771  1.756963E-15
5762.26411819459  1.805886E-15
5765.64733219148  1.811239E-15
5769.03054618837  1.755838E-15
5772.41376018525  1.853615E-15
5775.79697418214  1.889887E-15
5779.18018817903  1.779259E-15
5782.56340217591  1.801353E-15
5785.9466161728  1.839095E-15
5789.32983016969  1.800635E-15
5792.71304416658  1.765628E-15
5796.09625816346  1.826061E-15
5799.47947216035  1.874200E-15
5802.86268615724  1.816549E-15
5806.24590015412  1.769717E-15
5809.62911415101  1.748285E-15
5813.0123281479  1.719797E-15
5816.39554214479  1.769124E-15
5819.77875614167  1.763504E-15
5823.16197013856  1.705872E-15
5826.54518413545  1.666534E-15
5829.92839813234  1.666873E-15
5833.31161212922  1.690882E-15
5836.69482612611  1.727082E-15
5840.078040123  1.706935E-15
5843.46125411988  1.718125E-15
5846.84446811677  1.818846E-15
5850.22768211366  1.779752E-15
5853.61089611055  1.713354E-15
5856.99411010743  1.716709E-15
5860.37732410432  1.723139E-15
5863.76053810121  1.721347E-15
5867.14375209809  1.736060E-15
5870.52696609498  1.781147E-15
5873.91018009187  1.684834E-15
5877.29339408876  1.699696E-15
5880.67660808564  1.691689E-15
5884.05982208253  1.586094E-15
5887.44303607942  1.704255E-15
5890.8262500763  1.689000E-15
5894.20946407319  1.578175E-15
5897.59267807008  1.581247E-15
5900.97589206697  1.624189E-15
5904.35910606386  1.621101E-15
5907.74232006074  1.628073E-15
5911.12553405763  1.661246E-15
5914.50874805452  1.630215E-15
5917.8919620514  1.658860E-15
5921.27517604829  1.667034E-15
5924.65839004518  1.693847E-15
5928.04160404206  1.795802E-15
5931.42481803895  1.825033E-15
5934.80803203584  1.755070E-15
5938.19124603273  1.721490E-15
5941.57446002961  1.730514E-15
5944.9576740265  1.775910E-15
5948.34088802339  1.773205E-15
5951.72410202028  1.755679E-15
5955.10731601716  1.831281E-15
5958.49053001405  1.726028E-15
5961.87374401094  1.763503E-15
5965.25695800782  1.800485E-15
5968.64017200471  1.821890E-15
5972.0233860016  1.901657E-15
5975.40659999848  1.736428E-15
5978.78981399537  1.706032E-15
5982.17302799226  1.847774E-15
5985.55624198915  1.858029E-15
5988.93945598604  1.834603E-15
5992.32266998292  1.869567E-15
5995.70588397981  1.885839E-15
5999.0890979767  1.872493E-15
6002.47231197358  1.837519E-15
6005.85552597047  1.804765E-15
6009.23873996736  1.762027E-15
6012.62195396424  1.755562E-15
6016.00516796113  1.838829E-15
6019.38838195802  1.815728E-15
6022.77159595491  1.782090E-15
6026.15480995179  1.745048E-15
6029.53802394868  1.718793E-15
6032.92123794557  1.792578E-15
6036.30445194245  1.803350E-15
6039.68766593934  1.788092E-15
6043.07087993623  1.842962E-15
6046.45409393312  1.866611E-15
6049.83730793  1.827318E-15
6053.22052192689  1.854163E-15
6056.60373592378  1.815780E-15
6059.98694992067  1.772221E-15
6063.37016391755  1.833518E-15
6066.75337791444  1.919482E-15
6070.13659191133  1.878946E-15
6073.51980590821  1.858562E-15
6076.9030199051  1.911266E-15
6080.28623390199  1.948176E-15
6083.66944789888  1.905729E-15
6087.05266189576  1.846835E-15
6090.43587589265  1.884719E-15
6093.81908988954  1.922966E-15
6097.20230388643  1.896577E-15
6100.58551788331  1.864772E-15
6103.9687318802  1.814183E-15
6107.35194587709  1.799984E-15
6110.73515987397  1.819557E-15
6114.11837387086  1.891806E-15
6117.50158786775  1.880409E-15
6120.88480186464  1.856975E-15
6124.26801586152  1.837425E-15
6127.65122985841  1.869979E-15
6131.0344438553  1.862712E-15
6134.41765785219  1.843242E-15
6137.80087184907  1.805315E-15
6141.18408584596  1.821992E-15
6144.56729984285  1.884538E-15
6147.95051383973  1.849897E-15
6151.33372783662  1.842928E-15
6154.71694183351  1.849030E-15
6158.1001558304  1.723403E-15
6161.48336982728  1.661653E-15
6164.86658382417  1.820996E-15
6168.24979782106  1.911527E-15
6171.63301181794  1.878663E-15
6175.01622581483  1.871008E-15
6178.39943981172  1.850815E-15
6181.78265380861  1.845708E-15
6185.16586780549  1.845063E-15
6188.54908180238  1.851209E-15
6191.93229579927  1.810646E-15
6195.31550979615  1.803363E-15
6198.69872379304  1.847807E-15
6202.08193778993  1.835811E-15
6205.46515178682  1.795285E-15
6208.8483657837  1.819901E-15
6212.23157978059  1.900079E-15
6215.61479377748  1.843134E-15
6218.99800777437  1.749393E-15
6222.38122177125  1.768196E-15
6225.76443576814  1.760168E-15
6229.14764976503  1.758798E-15
6232.53086376191  1.751480E-15
6235.9140777588  1.779998E-15
6239.29729175569  1.819957E-15
6242.68050575258  1.807633E-15
6246.06371974946  1.822469E-15
6249.44693374635  1.788143E-15
6252.83014774324  1.810741E-15
6256.21336174013  1.856403E-15
6259.59657573701  1.806899E-15
6262.9797897339  1.923656E-15
6266.36300373079  1.865834E-15
6269.74621772767  1.711925E-15
6273.12943172456  1.836919E-15
6276.51264572145  1.882425E-15
6279.89585971833  1.799835E-15
6283.27907371522  1.794889E-15
6286.66228771211  1.751978E-15
6290.045501709  1.780074E-15
6293.42871570588  1.875556E-15
6296.81192970277  1.854097E-15
6300.19514369966  1.824455E-15
6303.57835769654  1.880966E-15
6306.96157169343  1.849517E-15
6310.34478569032  1.781585E-15
6313.72799968721  1.826164E-15
6317.1112136841  1.742659E-15
6320.49442768098  1.752009E-15
6323.87764167787  1.704547E-15
6327.26085567476  1.713336E-15
6330.64406967164  1.759936E-15
6334.02728366853  1.818440E-15
6337.41049766542  1.791827E-15
6340.79371166231  1.709428E-15
6344.17692565919  1.713735E-15
6347.56013965608  1.619624E-15
6350.94335365297  1.480820E-15
6354.32656764985  1.506699E-15
6357.70978164674  1.496923E-15
6361.09299564363  1.497168E-15
6364.47620964052  1.558924E-15
6367.8594236374  1.644111E-15
6371.24263763429  1.776220E-15
6374.62585163118  1.810440E-15
6378.00906562806  1.784025E-15
6381.39227962495  1.768337E-15
6384.77549362184  1.726888E-15
6388.15870761873  1.758347E-15
6391.54192161561  1.751296E-15
6394.9251356125  1.721750E-15
6398.30834960939  1.772362E-15
6401.69156360628  1.759077E-15
6405.07477760316  1.753821E-15
6408.45799160005  1.805224E-15
6411.84120559694  1.761356E-15
6415.22441959382  1.697410E-15
6418.60763359071  1.754128E-15
6421.9908475876  1.741634E-15
6425.37406158449  1.717124E-15
6428.75727558137  1.799971E-15
6432.14048957826  1.806774E-15
6435.52370357515  1.754271E-15
6438.90691757203  1.789203E-15
6442.29013156892  1.757035E-15
6445.67334556581  1.717448E-15
6449.0565595627  1.728073E-15
6452.43977355958  1.684026E-15
6455.82298755647  1.639957E-15
6459.20620155336  1.698213E-15
6462.58941555024  1.699845E-15
6465.97262954713  1.669155E-15
6469.35584354402  1.686748E-15
6472.73905754091  1.633961E-15
6476.12227153779  1.652047E-15
6479.50548553468  1.599036E-15
6482.88869953157  1.595499E-15
6486.27191352846  1.594757E-15
6489.65512752534  1.579554E-15
6493.03834152223  1.596658E-15
6496.42155551912  1.609845E-15
6499.80476951601  1.606716E-15
6503.18798351289  1.608768E-15
6506.57119750978  1.562914E-15
6509.95441150667  1.548095E-15
6513.33762550355  1.564670E-15
6516.72083950044  1.556647E-15
6520.10405349733  1.567641E-15
6523.48726749421  1.614328E-15
6526.8704814911  1.642332E-15
6530.25369548799  1.588594E-15
6533.63690948488  1.528674E-15
6537.02012348177  1.514930E-15
6540.40333747865  1.510028E-15
6543.78655147554  1.494160E-15
6547.16976547242  1.515768E-15
6550.55297946931  1.523121E-15
6553.9361934662  1.520298E-15
6557.31940746309  1.526423E-15
6560.70262145997  1.539188E-15
6564.08583545686  1.522258E-15
6567.46904945375  1.535671E-15
6570.85226345064  1.514044E-15
6574.23547744752  1.484712E-15
6577.61869144441  1.459285E-15
6581.0019054413  1.446379E-15
6584.38511943819  1.528315E-15
6587.76833343507  1.511745E-15
6591.15154743196  1.521747E-15
6594.53476142885  1.554932E-15
6597.91797542573  1.509384E-15
6601.30118942262  1.491251E-15
6604.68440341951  1.489325E-15
6608.06761741639  1.448147E-15
6611.45083141328  1.424151E-15
6614.83404541017  1.439724E-15
6618.21725940706  1.437693E-15
6621.60047340394  1.509952E-15
6624.98368740083  1.586952E-15
6628.36690139772  1.480804E-15
6631.7501153946  1.437629E-15
6635.13332939149  1.549568E-15
6638.51654338838  1.554515E-15
6641.89975738527  1.517194E-15
6645.28297138215  1.490139E-15
6648.66618537904  1.427220E-15
6652.04939937593  1.469940E-15
6655.43261337282  1.534310E-15
6658.8158273697  1.550930E-15
6662.19904136659  1.553584E-15
6665.58225536348  1.532874E-15
6668.96546936036  1.496167E-15
6672.34868335725  1.438501E-15
6675.73189735414  1.454284E-15
6679.11511135103  1.529003E-15
6682.49832534791  1.517984E-15
6685.8815393448  1.466546E-15
6689.26475334169  1.502874E-15
6692.64796733857  1.510138E-15
6696.03118133546  1.545677E-15
6699.41439533235  1.548332E-15
6702.79760932924  1.496189E-15
6706.18082332612  1.494414E-15
6709.56403732301  1.578076E-15
6712.9472513199  1.540124E-15
6716.33046531678  1.486141E-15
6719.71367931367  1.523348E-15
6723.09689331056  1.574475E-15
6726.48010730745  1.511862E-15
6729.86332130434  1.478120E-15
6733.24653530122  1.511062E-15
6736.62974929811  1.496997E-15
6740.012963295  1.456050E-15
6743.39617729188  1.476216E-15
6746.77939128877  1.558281E-15
6750.16260528566  1.524307E-15
6753.54581928255  1.547407E-15
6756.92903327943  1.616362E-15
6760.31224727632  1.566274E-15
6763.69546127321  1.562042E-15
6767.07867527009  1.613957E-15
6770.46188926698  1.593145E-15
6773.84510326387  1.578432E-15
6777.22831726076  1.587038E-15
6780.61153125764  1.585519E-15
6783.99474525453  1.597329E-15
6787.37795925142  1.611175E-15
6790.7611732483  1.582932E-15
6794.14438724519  1.568251E-15
6797.52760124208  1.579197E-15
6800.91081523896  1.566358E-15
6804.29402923585  1.587579E-15
6807.67724323274  1.596039E-15
6811.06045722963  1.578365E-15
6814.44367122652  1.659611E-15
6817.8268852234  1.638692E-15
6821.21009922029  1.593492E-15
6824.59331321718  1.573764E-15
6827.97652721406  1.556399E-15
6831.35974121095  1.587449E-15
6834.74295520784  1.582001E-15
6838.12616920473  1.582127E-15
6841.50938320161  1.592101E-15
6844.8925971985  1.600353E-15
6848.27581119539  1.657473E-15
6851.65902519227  1.642010E-15
6855.04223918916  1.589442E-15
6858.42545318605  1.521640E-15
6861.80866718293  1.518294E-15
6865.19188117982  1.586388E-15
6868.57509517671  1.546003E-15
6871.9583091736  1.462809E-15
6875.34152317049  1.381812E-15
6878.72473716737  1.292429E-15
6882.10795116426  1.262592E-15
6885.49116516114  1.354304E-15
6888.87437915803  1.417479E-15
6892.25759315492  1.386578E-15
6895.64080715181  1.353412E-15
6899.0240211487  1.437178E-15
6902.40723514558  1.473873E-15
6905.79044914247  1.393197E-15
6909.17366313936  1.415565E-15
6912.55687713624  1.483947E-15
6915.94009113313  1.463535E-15
6919.32330513002  1.459406E-15
6922.70651912691  1.465887E-15
6926.08973312379  1.463583E-15
6929.47294712068  1.505010E-15
6932.85616111757  1.585171E-15
6936.23937511445  1.588513E-15
6939.62258911134  1.506902E-15
6943.00580310823  1.467614E-15
6946.38901710511  1.527901E-15
6949.772231102  1.558338E-15
6953.15544509889  1.528146E-15
6956.53865909578  1.490250E-15
6959.92187309267  1.505381E-15
6963.30508708955  1.515577E-15
6966.68830108644  1.538581E-15
6970.07151508333  1.543686E-15
6973.45472908021  1.564486E-15
6976.8379430771  1.572668E-15
6980.22115707399  1.558661E-15
6983.60437107088  1.557847E-15
6986.98758506776  1.555020E-15
6990.37079906465  1.513633E-15
6993.75401306154  1.482974E-15
6997.13722705842  1.502336E-15
7000.52044105531  1.477756E-15
7003.9036550522  1.461339E-15
7007.28686904909  1.399681E-15
7010.67008304597  1.461214E-15
7014.05329704286  1.476800E-15
7017.43651103975  1.443819E-15
7020.81972503663  1.451537E-15
7024.20293903352  1.531151E-15
7027.58615303041  1.540136E-15
7030.9693670273  1.474666E-15
7034.35258102419  1.497999E-15
7037.73579502107  1.546067E-15
7041.11900901796  1.521393E-15
7044.50222301485  1.581758E-15
7047.88543701173  1.549217E-15
7051.26865100862  1.500659E-15
7054.65186500551  1.501491E-15
7058.03507900239  1.533239E-15
7061.41829299928  1.514722E-15
7064.80150699617  1.452666E-15
7068.18472099306  1.449788E-15
7071.56793498994  1.452932E-15
7074.95114898683  1.431985E-15
7078.33436298372  1.411209E-15
7081.7175769806  1.398798E-15
7085.10079097749  1.420056E-15
7088.48400497438  1.444148E-15
7091.86721897127  1.465892E-15
7095.25043296815  1.492553E-15
7098.63364696504  1.511863E-15
7102.01686096193  1.519160E-15
7105.40007495881  1.524162E-15
7108.7832889557  1.502361E-15
7112.16650295259  1.482616E-15
7115.54971694948  1.499527E-15
7118.93293094636  1.499904E-15
7122.31614494325  1.510423E-15
7125.69935894014  1.498565E-15
7129.08257293703  1.462440E-15
7132.46578693391  1.493793E-15
7135.8490009308  1.506622E-15
7139.23221492769  1.498951E-15
7142.61542892458  1.507033E-15
7145.99864292146  1.432234E-15
7149.38185691835  1.467055E-15
7152.76507091524  1.452618E-15
7156.14828491212  1.395135E-15
7159.53149890901  1.447414E-15
7162.9147129059  1.457117E-15
7166.29792690279  1.416774E-15
7169.68114089967  1.429340E-15
7173.06435489656  1.417675E-15
7176.44756889345  1.396310E-15
7179.83078289034  1.406830E-15
7183.21399688722  1.358621E-15
7186.59721088411  1.275298E-15
7189.980424881  1.230494E-15
7193.36363887788  1.267717E-15
7196.74685287477  1.248351E-15
7200.13006687166  1.209900E-15
7203.51328086854  1.303152E-15
7206.89649486543  1.324797E-15
7210.27970886232  1.290567E-15
7213.66292285921  1.258851E-15
7217.04613685609  1.318912E-15
7220.42935085298  1.346851E-15
7223.81256484987  1.340985E-15
7227.19577884676  1.363141E-15
7230.57899284364  1.377667E-15
7233.96220684053  1.391810E-15
7237.34542083742  1.300762E-15
7240.7286348343  1.297402E-15
7244.11184883119  1.310538E-15
7247.49506282808  1.283810E-15
7250.87827682497  1.394446E-15
7254.26149082185  1.411520E-15
7257.64470481874  1.336643E-15
7261.02791881563  1.306341E-15
7264.41113281252  1.337038E-15
7267.7943468094  1.353134E-15
7271.17756080629  1.338320E-15
7274.56077480318  1.341506E-15
7277.94398880006  1.403073E-15
7281.32720279695  1.390121E-15
7284.71041679384  1.327724E-15
7288.09363079072  1.338487E-15
7291.47684478761  1.293415E-15
7294.8600587845  1.302781E-15
7298.24327278139  1.329488E-15
7301.62648677827  1.341101E-15
7305.00970077516  1.358481E-15
7308.39291477205  1.342834E-15
7311.77612876894  1.369948E-15
7315.15934276582  1.350389E-15
7318.54255676271  1.302388E-15
7321.9257707596  1.356903E-15
7325.30898475649  1.366012E-15
7328.69219875337  1.354190E-15
7332.07541275026  1.326425E-15
7335.45862674715  1.323252E-15
7338.84184074403  1.364140E-15
7342.22505474092  1.359414E-15
7345.60826873781  1.337640E-15
7348.9914827347  1.415956E-15
7352.37469673158  1.426981E-15
7355.75791072847  1.353332E-15
7359.14112472536  1.384008E-15
7362.52433872224  1.494584E-15
7365.90755271913  1.487131E-15
7369.29076671602  1.418796E-15
7372.67398071291  1.367886E-15
7376.05719470979  1.354158E-15
7379.44040870668  1.390100E-15
7382.82362270357  1.395487E-15
7386.20683670045  1.334227E-15
7389.59005069734  1.357483E-15
7392.97326469423  1.380186E-15
7396.35647869112  1.361334E-15
7399.739692688  1.431319E-15
7403.12290668489  1.478956E-15
7406.50612068178  1.390140E-15
7409.88933467867  1.369654E-15
7413.27254867555  1.404217E-15
7416.65576267244  1.329073E-15
7420.03897666933  1.335883E-15
7423.42219066621  1.371135E-15
7426.8054046631  1.413680E-15
7430.18861865999  1.428622E-15
7433.57183265688  1.366614E-15
7436.95504665376  1.336080E-15
7440.33826065065  1.351008E-15
7443.72147464754  1.361389E-15
7447.10468864442  1.356044E-15
7450.48790264131  1.403318E-15
7453.8711166382  1.464787E-15
7457.25433063509  1.439265E-15
7460.63754463197  1.380305E-15
7464.02075862886  1.463543E-15
7467.40397262575  1.426233E-15
7470.78718662263  1.325903E-15
7474.17040061952  1.390748E-15
7477.55361461641  1.421940E-15
7480.9368286133  1.391913E-15
7484.32004261018  1.359519E-15
7487.70325660707  1.381542E-15
7491.08647060396  1.470916E-15
7494.46968460084  1.475124E-15
7497.85289859773  1.394987E-15
7501.23611259462  1.360171E-15
7504.61932659151  1.404706E-15
7508.00254058839  1.451405E-15
7511.38575458528  1.428233E-15
7514.76896858217  1.384454E-15
7518.15218257906  1.446025E-15
7521.53539657594  1.461788E-15
7524.91861057283  1.461811E-15
7528.30182456972  1.502832E-15
7531.6850385666  1.454533E-15
7535.06825256349  1.363537E-15
7538.45146656038  1.358290E-15
7541.83468055727  1.420476E-15
7545.21789455415  1.440317E-15
7548.60110855104  1.401884E-15
7551.98432254793  1.422107E-15
7555.36753654482  1.437222E-15
7558.7507505417  1.433591E-15
7562.13396453859  1.423361E-15
7565.51717853548  1.431575E-15
7568.90039253236  1.382476E-15
7572.28360652925  1.338717E-15
7575.66682052614  1.379945E-15
7579.05003452302  1.403158E-15
7582.43324851991  1.445415E-15
7585.8164625168  1.425275E-15
7589.19967651369  1.403889E-15
7592.58289051057  1.388485E-15
7595.96610450746  1.363229E-15
7599.34931850435  1.148253E-15
7602.73253250124  9.500740E-16
7606.11574649812  7.316198E-16
7609.49896049501  5.680029E-16
7612.8821744919  4.988174E-16
7616.26538848878  5.218173E-16
7619.64860248567  6.379489E-16
7623.03181648256  7.837166E-16
7626.41503047945  8.538411E-16
7629.79824447633  8.698581E-16
7633.18145847322  8.102756E-16
7636.56467247011  7.541119E-16
7639.947886467  7.903892E-16
7643.33110046388  8.273167E-16
7646.71431446077  8.391905E-16
7650.09752845766  8.271542E-16
7653.48074245454  8.528297E-16
7656.86395645143  9.583967E-16
7660.24717044832  1.065557E-15
7663.6303844452  1.096839E-15
7667.01359844209  1.070723E-15
7670.39681243898  1.054868E-15
7673.78002643587  1.150847E-15
7677.16324043275  1.229316E-15
7680.54645442964  1.159501E-15
7683.92966842653  1.173913E-15
7687.31288242342  1.176835E-15
7690.6960964203  1.206821E-15
7694.07931041719  1.253895E-15
7697.46252441408  1.217903E-15
7700.84573841096  1.228370E-15
7704.22895240785  1.252071E-15
7707.61216640474  1.205721E-15
7710.99538040163  1.195572E-15
7714.37859439851  1.285627E-15
7717.7618083954  1.328372E-15
7721.14502239229  1.253766E-15
7724.52823638917  1.294807E-15
7727.91145038606  1.353847E-15
7731.29466438295  1.328302E-15
7734.67787837984  1.308666E-15
7738.06109237672  1.269071E-15
7741.44430637361  1.252643E-15
7744.8275203705  1.310064E-15
7748.21073436739  1.311530E-15
7751.59394836427  1.294513E-15
7754.97716236116  1.287023E-15
7758.36037635805  1.360498E-15
7761.74359035493  1.370438E-15
7765.12680435182  1.369720E-15
7768.51001834871  1.296785E-15
7771.8932323456  1.274124E-15
7775.27644634248  1.270778E-15
7778.65966033937  1.306426E-15
7782.04287433626  1.307269E-15
7785.42608833315  1.265405E-15
7788.80930233003  1.279663E-15
7792.19251632692  1.302594E-15
7795.57573032381  1.362982E-15
7798.95894432069  1.375393E-15
7802.34215831758  1.402769E-15
7805.72537231447  1.364622E-15
7809.10858631136  1.384411E-15
7812.49180030824  1.402167E-15
7815.87501430513  1.396792E-15
7819.25822830202  1.339852E-15
7822.64144229891  1.263927E-15
7826.02465629579  1.323040E-15
7829.40787029268  1.395465E-15
7832.79108428957  1.390452E-15
7836.17429828645  1.382630E-15
7839.55751228334  1.339597E-15
7842.94072628023  1.353071E-15
7846.32394027712  1.294953E-15
7849.707154274  1.335649E-15
7853.09036827089  1.360114E-15
7856.47358226778  1.339462E-15
7859.85679626466  1.307503E-15
7863.24001026155  1.270480E-15
7866.62322425844  1.334362E-15
7870.00643825533  1.439668E-15
7873.38965225221  1.392947E-15
7876.7728662491  1.351288E-15
7880.15608024599  1.345105E-15
7883.53929424287  1.305454E-15
7886.92250823976  1.342447E-15
7890.30572223665  1.314099E-15
7893.68893623354  1.251264E-15
7897.07215023042  1.380269E-15
7900.45536422731  1.373969E-15
7903.8385782242  1.276693E-15
7907.22179222109  1.322767E-15
7910.60500621797  1.404788E-15
7913.98822021486  1.477991E-15
7917.37143421175  1.387164E-15
7920.75464820863  1.342736E-15
7924.13786220552  1.330587E-15
7927.52107620241  1.395718E-15
7930.9042901993  1.363749E-15
7934.28750419618  1.264830E-15
7937.67071819307  1.296005E-15
7941.05393218996  1.328452E-15
7944.43714618684  1.276156E-15
7947.82036018373  1.376488E-15
7951.20357418062  1.450776E-15
7954.58678817751  1.376436E-15
7957.97000217439  1.354997E-15
7961.35321617128  1.367601E-15
7964.73643016817  1.392505E-15
7968.11964416506  1.395641E-15
7971.50285816194  1.383545E-15
7974.88607215883  1.390835E-15
7978.26928615572  1.373026E-15
7981.6525001526  1.300579E-15
7985.03571414949  1.358520E-15
7988.41892814638  1.392496E-15
7991.80214214327  1.360432E-15
7995.18535614015  1.418799E-15
7998.56857013704  1.373274E-15
8001.95178413393  1.385541E-15
8005.33499813081  1.355702E-15
8008.7182121277  1.388835E-15
8012.10142612459  1.420875E-15
8015.48464012148  1.451350E-15
8018.86785411836  1.478582E-15
8022.25106811525  1.412560E-15
8025.63428211214  1.378823E-15
8029.01749610902  1.379250E-15
8032.40071010591  1.340281E-15
8035.7839241028  1.283654E-15
8039.16713809969  1.348680E-15
8042.55035209657  1.337375E-15
8045.93356609346  1.358886E-15
8049.31678009035  1.421517E-15
8052.69999408723  1.443563E-15
8056.08320808412  1.421612E-15
8059.46642208101  1.382534E-15
8062.8496360779  1.444295E-15
8066.23285007478  1.465195E-15
8069.61606407167  1.408962E-15
8072.99927806856  1.435400E-15
8076.38249206545  1.391867E-15
8079.76570606233  1.416817E-15
8083.14892005922  1.408933E-15
8086.53213405611  1.380339E-15
8089.91534805299  1.385971E-15
8093.29856204988  1.350107E-15
8096.68177604677  1.337626E-15
8100.06499004366  1.367173E-15
8103.44820404054  1.364212E-15
8106.83141803743  1.339844E-15
8110.21463203432  1.304851E-15
8113.5978460312  1.327933E-15
8116.98106002809  1.414647E-15
8120.36427402498  1.388437E-15
8123.74748802187  1.398527E-15
8127.13070201876  1.446868E-15
8130.51391601564  1.399097E-15
8133.89713001253  1.408397E-15
8137.28034400942  1.342284E-15
8140.6635580063  1.339371E-15
8144.04677200319  1.414935E-15
8147.42998600008  1.402875E-15
8150.81319999696  1.312095E-15
8154.19641399385  1.251252E-15
8157.57962799074  1.312359E-15
8160.96284198763  1.326728E-15
8164.34605598451  1.301918E-15
8167.7292699814  1.269291E-15
8171.11248397829  1.278559E-15
8174.49569797518  1.279957E-15
8177.87891197206  1.257520E-15
8181.26212596895  1.242823E-15
8184.64533996584  1.281041E-15
8188.02855396272  1.310403E-15
8191.41176795961  1.328605E-15
8194.7949819565  1.369741E-15
8198.17819595339  1.318419E-15
8201.56140995027  1.361991E-15
8204.94462394716  1.298115E-15
8208.32783794405  1.271454E-15
8211.71105194093  1.267670E-15
8215.09426593782  1.304476E-15
8218.47747993471  1.345014E-15
8221.8606939316  1.291232E-15
8225.24390792848  1.271664E-15
8228.62712192537  1.230297E-15
8232.01033592226  1.161132E-15
8235.39354991915  1.176516E-15
8238.77676391603  1.188111E-15
8242.15997791292  1.214136E-15
8245.54319190981  1.303056E-15
8248.92640590669  1.315112E-15
8252.30961990358  1.218004E-15
8255.69283390047  1.241965E-15
8259.07604789736  1.285348E-15
8262.45926189424  1.178390E-15
8265.84247589113  1.183316E-15
8269.22568988802  1.242303E-15
8272.6089038849  1.212634E-15
8275.99211788179  1.274535E-15
8279.37533187868  1.344793E-15
8282.75854587556  1.258907E-15
8286.14175987245  1.181430E-15
8289.52497386934  1.229233E-15
8292.90818786623  1.271043E-15
8296.29140186312  1.247379E-15
8299.67461586  1.308474E-15
8303.05782985689  1.268696E-15
8306.44104385378  1.235107E-15
8309.82425785066  1.312560E-15
8313.20747184755  1.277073E-15
8316.59068584444  1.231281E-15
8319.97389984133  1.179839E-15
8323.35711383821  1.205590E-15
8326.7403278351  1.281204E-15
8330.12354183199  1.226046E-15
8333.50675582887  1.231553E-15
8336.88996982576  1.318242E-15
8340.27318382265  1.291443E-15
8343.65639781954  1.271433E-15
8347.03961181642  1.312355E-15
8350.42282581331  1.358296E-15
8353.8060398102  1.293356E-15
8357.18925380708  1.350800E-15
8360.57246780397  1.366213E-15
8363.95568180086  1.255425E-15
8367.33889579775  1.338988E-15
8370.72210979463  1.330619E-15
8374.10532379152  1.271890E-15
8377.48853778841  1.386148E-15
8380.8717517853  1.348261E-15
8384.25496578218  1.254372E-15
8387.63817977907  1.334909E-15
8391.02139377596  1.348429E-15
8394.40460777284  1.372977E-15
8397.78782176973  1.355041E-15
8401.17103576662  1.431334E-15
8404.55424976351  1.451761E-15
8407.93746376039  1.238674E-15
8411.32067775728  1.290362E-15
8414.70389175417  1.448581E-15
8418.08710575105  1.347545E-15
8421.47031974794  1.389413E-15
8424.85353374483  1.502948E-15
8428.23674774172  1.404262E-15
8431.6199617386  1.302102E-15
8435.00317573549  1.380600E-15
8438.38638973238  1.427176E-15
8441.76960372926  1.388540E-15
8445.15281772615  1.320139E-15
8448.53603172304  1.291511E-15
8451.91924571992  1.365205E-15
8455.30245971681  1.424147E-15
8458.6856737137  1.438601E-15
8462.06888771059  1.431995E-15
8465.45210170748  1.385647E-15
8468.83531570436  1.406838E-15
8472.21852970125  1.432263E-15
8475.60174369814  1.432771E-15
8478.98495769502  1.407705E-15
8482.36817169191  1.355843E-15
8485.7513856888  1.409598E-15
8489.13459968569  1.375537E-15
8492.51781368257  1.362442E-15
8495.90102767946  1.371202E-15
8499.28424167635  1.374084E-15
8502.66745567324  1.403151E-15
8506.05066967012  1.307139E-15
8509.43388366701  1.249579E-15
8512.8170976639  1.341113E-15
8516.20031166079  1.422256E-15
8519.58352565767  1.314499E-15
8522.96673965456  1.245820E-15
8526.34995365145  1.286204E-15
8529.73316764833  1.266665E-15
8533.11638164522  1.264391E-15
8536.49959564211  1.278280E-15
8539.882809639  1.333698E-15
8543.26602363588  1.365363E-15
8546.64923763277  1.307527E-15
8550.03245162966  1.331115E-15
8553.41566562654  1.387493E-15
8556.79887962343  1.298824E-15
8560.18209362032  1.303769E-15
8563.56530761721  1.368086E-15
8566.94852161409  1.344191E-15
8570.33173561098  1.352157E-15
8573.71494960787  1.284844E-15
8577.09816360475  1.320470E-15
8580.48137760164  1.434888E-15
8583.86459159853  1.379763E-15
8587.24780559542  1.335231E-15
8590.63101959231  1.297682E-15
8594.01423358919  1.306686E-15
8597.39744758608  1.412858E-15
8600.78066158297  1.457794E-15
8604.16387557985  1.426737E-15
8607.54708957674  1.414226E-15
8610.93030357363  1.390002E-15
8614.31351757051  1.375182E-15
8617.6967315674  1.367882E-15
8621.07994556429  1.370508E-15
8624.46315956118  1.380517E-15
8627.84637355806  1.411886E-15
8631.22958755495  1.393921E-15
8634.61280155184  1.403522E-15
8637.99601554872  1.434935E-15
8641.37922954561  1.260594E-15
8644.7624435425  1.342104E-15
8648.14565753939  1.467367E-15
8651.52887153627  1.346121E-15
8654.91208553316  1.290126E-15
8658.29529953005  1.408041E-15
8661.67851352693  1.388607E-15
8665.06172752382  1.331471E-15
8668.44494152071  1.340585E-15
8671.8281555176  1.317275E-15
8675.21136951448  1.286861E-15
8678.59458351137  1.299507E-15
8681.97779750826  1.315646E-15
8685.36101150515  1.354991E-15
8688.74422550203  1.386198E-15
8692.12743949892  1.407494E-15
8695.51065349581  1.371763E-15
8698.89386749269  1.331565E-15
8702.27708148958  1.302966E-15
8705.66029548647  1.330154E-15
8709.04350948336  1.347306E-15
8712.42672348024  1.347749E-15
8715.80993747713  1.270859E-15
8719.19315147402  1.209104E-15
8722.5763654709  1.260240E-15
8725.95957946779  1.306362E-15
8729.34279346468  1.282559E-15
8732.72600746157  1.311056E-15
8736.10922145845  1.334967E-15
8739.49243545534  1.273284E-15
8742.87564945223  1.309210E-15
8746.25886344911  1.321918E-15
8749.642077446  1.287016E-15
8753.02529144289  1.270391E-15
8756.40850543978  1.289487E-15
8759.79171943667  1.326271E-15
8763.17493343355  1.334516E-15
8766.55814743044  1.367585E-15
8769.94136142733  1.459823E-15
8773.32457542421  1.442501E-15
8776.7077894211  1.388437E-15
8780.09100341799  1.388369E-15
8783.47421741487  1.279504E-15
8786.85743141176  1.231036E-15
8790.24064540865  1.278908E-15
8793.62385940554  1.328547E-15
8797.00707340242  1.248028E-15
8800.39028739931  1.246456E-15
8803.7735013962  1.216306E-15
8807.15671539308  1.287026E-15
8810.53992938997  1.297170E-15
8813.92314338686  1.258451E-15
8817.30635738375  1.238062E-15
8820.68957138063  1.204805E-15
8824.07278537752  1.203855E-15
8827.45599937441  1.224092E-15
8830.8392133713  1.201963E-15
8834.22242736818  1.172228E-15
8837.60564136507  1.231967E-15
8840.98885536196  1.206983E-15
8844.37206935884  1.235973E-15
8847.75528335573  1.219162E-15
8851.13849735262  1.149623E-15
8854.52171134951  1.163075E-15
8857.90492534639  1.145390E-15
8861.28813934328  1.120374E-15
8864.67135334017  1.176401E-15
8868.05456733705  1.143745E-15
8871.43778133394  1.152418E-15
8874.82099533083  1.156653E-15
8878.20420932772  1.062201E-15
8881.5874233246  1.074308E-15
8884.97063732149  1.116414E-15
8888.35385131838  1.218791E-15
8891.73706531527  1.171337E-15
8895.12027931215  1.171895E-15
8898.50349330904  1.203123E-15
8901.88670730593  1.124581E-15
8905.26992130281  1.038183E-15
8908.6531352997  1.013455E-15
8912.03634929659  1.051007E-15
8915.41956329347  1.103631E-15
8918.80277729036  1.114671E-15
8922.18599128725  1.090692E-15
8925.56920528414  1.015322E-15
8928.95241928103  1.029728E-15
8932.33563327791  1.055279E-15
8935.7188472748  1.043390E-15
8939.10206127169  1.071908E-15
8942.48527526857  1.025840E-15
8945.86848926546  9.372525E-16
8949.25170326235  1.000435E-15
8952.63491725924  9.651571E-16
8956.01813125612  1.014732E-15
8959.40134525301  1.080577E-15
8962.7845592499  1.029725E-15
8966.16777324678  9.498637E-16
8969.55098724367  8.166971E-16
8972.93420124056  8.534006E-16
8976.31741523744  8.442382E-16
8979.70062923433  8.375092E-16
8983.08384323122  8.412193E-16
8986.46705722811  8.641160E-16
8989.85027122499  8.193045E-16
8993.23348522188  8.156057E-16
8996.61669921877  8.170616E-16
8999.99991321566  8.093581E-16
