3500.000  2.428e-14
3501.270  3.080e-14
3502.540  2.430e-14
3503.810  1.637e-14
3505.080  1.834e-14
3506.350  2.328e-14
3507.630  2.122e-14
3508.900  1.085e-14
3510.170  4.869e-15
3511.440  1.544e-14
3512.710  2.413e-14
3513.980  3.020e-14
3515.250  3.461e-14
3516.520  2.919e-14
3517.790  2.059e-14
3519.060  2.225e-14
3520.330  2.768e-14
3521.610  2.598e-14
3522.880  1.948e-14
3524.150  1.578e-14
3525.420  1.080e-14
3526.690  4.118e-15
3527.960  6.157e-15
3529.230  1.012e-14
3530.500  1.593e-14
3531.770  2.260e-14
3533.040  2.500e-14
3534.310  2.613e-14
3535.590  2.965e-14
3536.860  2.634e-14
3538.130  1.206e-14
3539.400  5.752e-15
3540.670  1.508e-14
3541.940  2.327e-14
3543.210  2.297e-14
3544.480  2.242e-14
3545.750  2.374e-14
3547.020  2.302e-14
3548.290  2.347e-14
3549.570  2.418e-14
3550.840  2.392e-14
3552.110  2.350e-14
3553.380  2.126e-14
3554.650  1.800e-14
3555.920  2.024e-14
3557.190  2.812e-14
3558.460  3.547e-14
3559.730  3.738e-14
3561.000  3.502e-14
3562.270  3.631e-14
3563.550  4.064e-14
3564.820  3.659e-14
3566.090  2.552e-14
3567.360  2.232e-14
3568.630  3.128e-14
3569.900  3.566e-14
3571.170  3.007e-14
3572.440  2.414e-14
3573.710  2.351e-14
3574.980  2.626e-14
3576.250  2.611e-14
3577.530  2.298e-14
3578.800  2.364e-14
3580.070  2.606e-14
3581.340  2.599e-14
3582.610  2.440e-14
3583.880  2.348e-14
3585.150  2.529e-14
3586.420  2.581e-14
3587.690  2.376e-14
3588.960  2.373e-14
3590.230  2.426e-14
3591.510  2.200e-14
3592.780  2.210e-14
3594.050  2.780e-14
3595.320  3.097e-14
3596.590  2.886e-14
3597.860  2.687e-14
3599.130  2.837e-14
3600.400  2.996e-14
3601.670  2.821e-14
3602.940  2.580e-14
3604.210  2.603e-14
3605.480  2.723e-14
3606.760  2.488e-14
3608.030  2.330e-14
3609.300  2.574e-14
3610.570  2.780e-14
3611.840  2.729e-14
3613.110  2.628e-14
3614.380  2.423e-14
3615.650  2.224e-14
3616.920  2.038e-14
3618.190  2.200e-14
3619.460  2.708e-14
3620.740  2.772e-14
3622.010  2.288e-14
3623.280  2.165e-14
3624.550  2.409e-14
3625.820  2.474e-14
3627.090  2.273e-14
3628.360  2.081e-14
3629.630  2.129e-14
3630.900  2.359e-14
3632.170  2.314e-14
3633.440  1.961e-14
3634.720  1.796e-14
3635.990  1.835e-14
3637.260  2.109e-14
3638.530  2.522e-14
3639.800  2.518e-14
3641.070  2.234e-14
3642.340  2.231e-14
3643.610  2.181e-14
3644.880  1.971e-14
3646.150  2.179e-14
3647.420  2.752e-14
3648.700  2.877e-14
3649.970  2.601e-14
3651.240  2.665e-14
3652.510  2.943e-14
3653.780  3.027e-14
3655.050  2.926e-14
3656.320  2.666e-14
3657.590  2.340e-14
3658.860  2.335e-14
3660.130  2.667e-14
3661.400  3.023e-14
3662.680  3.028e-14
3663.950  2.738e-14
3665.220  2.617e-14
3666.490  2.849e-14
3667.760  3.144e-14
3669.030  3.311e-14
3670.300  3.301e-14
3671.570  3.272e-14
3672.840  3.440e-14
3674.110  3.508e-14
3675.380  3.310e-14
3676.660  3.246e-14
3677.930  3.369e-14
3679.200  3.235e-14
3680.470  2.978e-14
3681.740  2.740e-14
3683.010  2.447e-14
3684.280  2.351e-14
3685.550  2.612e-14
3686.820  2.813e-14
3688.090  2.770e-14
3689.360  2.709e-14
3690.640  2.781e-14
3691.910  2.731e-14
3693.180  2.478e-14
3694.450  2.390e-14
3695.720  2.534e-14
3696.990  2.460e-14
3698.260  2.280e-14
3699.530  2.187e-14
3700.800  2.195e-14
3702.070  2.260e-14
3703.340  2.336e-14
3704.620  2.335e-14
3705.890  2.151e-14
3707.160  1.905e-14
3708.430  1.980e-14
3709.700  2.211e-14
3710.970  2.214e-14
3712.240  2.035e-14
3713.510  1.970e-14
3714.780  2.051e-14
3716.050  2.045e-14
3717.320  1.826e-14
3718.600  1.804e-14
3719.870  1.964e-14
3721.140  1.962e-14
3722.410  1.828e-14
3723.680  1.773e-14
3724.950  1.722e-14
3726.220  1.673e-14
3727.490  1.657e-14
3728.760  1.739e-14
3730.030  1.873e-14
3731.300  1.921e-14
3732.580  1.878e-14
3733.850  1.906e-14
3735.120  1.970e-14
3736.390  1.765e-14
3737.660  1.539e-14
3738.930  1.669e-14
3740.200  1.895e-14
3741.470  1.863e-14
3742.740  1.785e-14
3744.010  1.836e-14
3745.280  1.868e-14
3746.560  1.883e-14
3747.830  1.895e-14
3749.100  1.788e-14
3750.370  1.614e-14
3751.640  1.641e-14
3752.910  1.850e-14
3754.180  1.837e-14
3755.450  1.602e-14
3756.720  1.499e-14
3757.990  1.590e-14
3759.260  1.686e-14
3760.540  1.682e-14
3761.810  1.610e-14
3763.080  1.564e-14
3764.350  1.561e-14
3765.620  1.570e-14
3766.890  1.529e-14
3768.160  1.456e-14
3769.430  1.477e-14
3770.700  1.588e-14
3771.970  1.613e-14
3773.240  1.588e-14
3774.520  1.561e-14
3775.790  1.541e-14
3777.060  1.485e-14
3778.330  1.428e-14
3779.600  1.525e-14
3780.870  1.743e-14
3782.140  1.800e-14
3783.410  1.733e-14
3784.680  1.719e-14
3785.950  1.766e-14
3787.220  1.803e-14
3788.490  1.822e-14
3789.770  1.832e-14
3791.040  1.818e-14
3792.310  1.772e-14
3793.580  1.729e-14
3794.850  1.797e-14
3796.120  1.934e-14
3797.390  2.052e-14
3798.660  2.131e-14
3799.930  2.070e-14
3801.200  1.908e-14
3802.470  1.779e-14
3803.750  1.764e-14
3805.020  1.854e-14
3806.290  1.975e-14
3807.560  2.038e-14
3808.830  2.060e-14
3810.100  2.165e-14
3811.370  2.301e-14
3812.640  2.318e-14
3813.910  2.213e-14
3815.180  2.200e-14
3816.450  2.348e-14
3817.730  2.427e-14
3819.000  2.388e-14
3820.270  2.392e-14
3821.540  2.405e-14
3822.810  2.369e-14
3824.080  2.414e-14
3825.350  2.597e-14
3826.620  2.720e-14
3827.890  2.664e-14
3829.160  2.606e-14
3830.430  2.709e-14
3831.710  2.872e-14
3832.980  2.961e-14
3834.250  2.942e-14
3835.520  2.916e-14
3836.790  3.025e-14
3838.060  3.164e-14
3839.330  3.193e-14
3840.600  3.181e-14
3841.870  3.162e-14
3843.140  3.208e-14
3844.410  3.373e-14
3845.690  3.517e-14
3846.960  3.542e-14
3848.230  3.528e-14
3849.500  3.522e-14
3850.770  3.585e-14
3852.040  3.786e-14
3853.310  4.009e-14
3854.580  4.085e-14
3855.850  4.104e-14
3857.120  4.205e-14
3858.390  4.362e-14
3859.670  4.478e-14
3860.940  4.487e-14
3862.210  4.505e-14
3863.480  4.642e-14
3864.750  4.765e-14
3866.020  4.807e-14
3867.290  4.922e-14
3868.560  5.071e-14
3869.830  5.135e-14
3871.100  5.180e-14
3872.370  5.282e-14
3873.650  5.374e-14
3874.920  5.461e-14
3876.190  5.599e-14
3877.460  5.708e-14
3878.730  5.703e-14
3880.000  5.658e-14
3881.270  5.719e-14
3882.540  5.897e-14
3883.810  6.040e-14
3885.080  6.073e-14
3886.350  6.034e-14
3887.630  6.024e-14
3888.900  6.058e-14
3890.170  6.110e-14
3891.440  6.151e-14
3892.710  6.194e-14
3893.980  6.361e-14
3895.250  6.556e-14
3896.520  6.568e-14
3897.790  6.494e-14
3899.060  6.450e-14
3900.330  6.442e-14
3901.610  6.524e-14
3902.880  6.689e-14
3904.150  6.821e-14
3905.420  6.844e-14
3906.690  6.855e-14
3907.960  6.951e-14
3909.230  7.025e-14
3910.500  6.972e-14
3911.770  6.944e-14
3913.040  7.060e-14
3914.310  7.167e-14
3915.590  7.180e-14
3916.860  7.195e-14
3918.130  7.212e-14
3919.400  7.143e-14
3920.670  7.038e-14
3921.940  7.025e-14
3923.210  7.101e-14
3924.480  7.188e-14
3925.750  7.257e-14
3927.020  7.356e-14
3928.290  7.427e-14
3929.570  7.349e-14
3930.840  7.192e-14
3932.110  7.084e-14
3933.380  7.087e-14
3934.650  7.022e-14
3935.920  6.681e-14
3937.190  6.206e-14
3938.460  5.914e-14
3939.730  5.826e-14
3941.000  5.801e-14
3942.270  5.879e-14
3943.550  6.101e-14
3944.820  6.407e-14
3946.090  6.660e-14
3947.360  6.829e-14
3948.630  6.989e-14
3949.900  7.065e-14
3951.170  6.966e-14
3952.440  6.838e-14
3953.710  6.825e-14
3954.980  6.846e-14
3956.250  6.764e-14
3957.530  6.587e-14
3958.800  6.464e-14
3960.070  6.523e-14
3961.340  6.577e-14
3962.610  6.524e-14
3963.880  6.474e-14
3965.150  6.436e-14
3966.420  6.301e-14
3967.690  6.053e-14
3968.960  5.717e-14
3970.230  5.426e-14
3971.510  5.280e-14
3972.780  5.236e-14
3974.050  5.206e-14
3975.320  5.112e-14
3976.590  5.007e-14
3977.860  5.095e-14
3979.130  5.286e-14
3980.400  5.416e-14
3981.670  5.483e-14
3982.940  5.513e-14
3984.210  5.493e-14
3985.480  5.431e-14
3986.760  5.362e-14
3988.030  5.342e-14
3989.300  5.329e-14
3990.570  5.261e-14
3991.840  5.189e-14
3993.110  5.157e-14
3994.380  5.146e-14
3995.650  5.151e-14
3996.920  5.157e-14
3998.190  5.114e-14
3999.460  5.066e-14
4000.740  5.002e-14
4002.010  4.971e-14
4003.280  5.004e-14
4004.550  5.003e-14
4005.820  4.999e-14
4007.090  5.070e-14
4008.360  5.044e-14
4009.630  4.946e-14
4010.900  4.898e-14
4012.170  4.945e-14
4013.440  5.011e-14
4014.720  4.988e-14
4015.990  4.984e-14
4017.260  5.078e-14
4018.530  5.215e-14
4019.800  5.232e-14
4021.070  5.142e-14
4022.340  5.127e-14
4023.610  5.192e-14
4024.880  5.187e-14
4026.150  5.174e-14
4027.420  5.198e-14
4028.700  5.238e-14
4029.970  5.244e-14
4031.240  5.217e-14
4032.510  5.176e-14
4033.780  5.072e-14
4035.050  4.936e-14
4036.320  4.925e-14
4037.590  5.080e-14
4038.860  5.210e-14
4040.130  5.204e-14
4041.400  5.156e-14
4042.680  5.126e-14
4043.950  5.096e-14
4045.220  5.021e-14
4046.490  4.975e-14
4047.760  5.055e-14
4049.030  5.188e-14
4050.300  5.226e-14
4051.570  5.214e-14
4052.840  5.294e-14
4054.110  5.306e-14
4055.380  5.240e-14
4056.660  5.233e-14
4057.930  5.306e-14
4059.200  5.386e-14
4060.470  5.416e-14
4061.740  5.383e-14
4063.010  5.364e-14
4064.280  5.400e-14
4065.550  5.458e-14
4066.820  5.507e-14
4068.090  5.562e-14
4069.360  5.618e-14
4070.640  5.639e-14
4071.910  5.650e-14
4073.180  5.654e-14
4074.450  5.659e-14
4075.720  5.644e-14
4076.990  5.608e-14
4078.260  5.618e-14
4079.530  5.689e-14
4080.800  5.704e-14
4082.070  5.667e-14
4083.340  5.742e-14
4084.620  5.841e-14
4085.890  5.839e-14
4087.160  5.786e-14
4088.430  5.754e-14
4089.700  5.739e-14
4090.970  5.747e-14
4092.240  5.786e-14
4093.510  5.847e-14
4094.780  5.872e-14
4096.050  5.853e-14
4097.320  5.855e-14
4098.600  5.910e-14
4099.870  5.979e-14
4101.140  5.993e-14
4102.410  5.993e-14
4103.680  6.029e-14
4104.950  6.011e-14
4106.220  5.902e-14
4107.490  5.863e-14
4108.760  5.994e-14
4110.030  6.196e-14
4111.300  6.290e-14
4112.580  6.266e-14
4113.850  6.257e-14
4115.120  6.315e-14
4116.390  6.373e-14
4117.660  6.409e-14
4118.930  6.412e-14
4120.200  6.363e-14
4121.470  6.302e-14
4122.740  6.314e-14
4124.010  6.361e-14
4125.280  6.382e-14
4126.560  6.424e-14
4127.830  6.449e-14
4129.100  6.398e-14
4130.370  6.383e-14
4131.640  6.472e-14
4132.910  6.539e-14
4134.180  6.500e-14
4135.450  6.448e-14
4136.720  6.441e-14
4137.990  6.428e-14
4139.260  6.464e-14
4140.540  6.541e-14
4141.810  6.555e-14
4143.080  6.503e-14
4144.350  6.474e-14
4145.620  6.493e-14
4146.890  6.545e-14
4148.160  6.580e-14
4149.430  6.605e-14
4150.700  6.620e-14
4151.970  6.608e-14
4153.240  6.588e-14
4154.520  6.578e-14
4155.790  6.566e-14
4157.060  6.578e-14
4158.330  6.612e-14
4159.600  6.622e-14
4160.870  6.634e-14
4162.140  6.651e-14
4163.410  6.612e-14
4164.680  6.544e-14
4165.950  6.519e-14
4167.220  6.573e-14
4168.490  6.661e-14
4169.770  6.726e-14
4171.040  6.761e-14
4172.310  6.744e-14
4173.580  6.643e-14
4174.850  6.541e-14
4176.120  6.560e-14
4177.390  6.660e-14
4178.660  6.735e-14
4179.930  6.735e-14
4181.200  6.704e-14
4182.470  6.692e-14
4183.750  6.670e-14
4185.020  6.669e-14
4186.290  6.738e-14
4187.560  6.798e-14
4188.830  6.806e-14
4190.100  6.797e-14
4191.370  6.780e-14
4192.640  6.774e-14
4193.910  6.860e-14
4195.180  6.970e-14
4196.450  6.985e-14
4197.730  6.946e-14
4199.000  6.934e-14
4200.270  6.941e-14
4201.540  6.938e-14
4202.810  6.936e-14
4204.080  6.914e-14
4205.350  6.885e-14
4206.620  6.857e-14
4207.890  6.843e-14
4209.160  6.880e-14
4210.430  6.959e-14
4211.710  7.015e-14
4212.980  7.060e-14
4214.250  7.079e-14
4215.520  7.056e-14
4216.790  7.030e-14
4218.060  7.063e-14
4219.330  7.130e-14
4220.600  7.110e-14
4221.870  6.997e-14
4223.140  6.928e-14
4224.410  6.890e-14
4225.690  6.874e-14
4226.960  6.900e-14
4228.230  6.891e-14
4229.500  6.786e-14
4230.770  6.706e-14
4232.040  6.742e-14
4233.310  6.743e-14
4234.580  6.654e-14
4235.850  6.606e-14
4237.120  6.644e-14
4238.390  6.670e-14
4239.670  6.679e-14
4240.940  6.686e-14
4242.210  6.641e-14
4243.480  6.641e-14
4244.750  6.711e-14
4246.020  6.737e-14
4247.290  6.712e-14
4248.560  6.737e-14
4249.830  6.754e-14
4251.100  6.711e-14
4252.370  6.643e-14
4253.650  6.584e-14
4254.920  6.539e-14
4256.190  6.496e-14
4257.460  6.475e-14
4258.730  6.504e-14
4260.000  6.495e-14
4261.270  6.399e-14
4262.540  6.316e-14
4263.810  6.325e-14
4265.080  6.349e-14
4266.350  6.330e-14
4267.630  6.335e-14
4268.900  6.330e-14
4270.170  6.271e-14
4271.440  6.200e-14
4272.710  6.153e-14
4273.980  6.130e-14
4275.250  6.137e-14
4276.520  6.174e-14
4277.790  6.201e-14
4279.060  6.153e-14
4280.330  6.082e-14
4281.610  6.070e-14
4282.880  6.098e-14
4284.150  6.107e-14
4285.420  6.107e-14
4286.690  6.102e-14
4287.960  6.059e-14
4289.230  5.990e-14
4290.500  5.889e-14
4291.770  5.772e-14
4293.040  5.671e-14
4294.310  5.593e-14
4295.590  5.549e-14
4296.860  5.533e-14
4298.130  5.497e-14
4299.400  5.426e-14
4300.670  5.334e-14
4301.940  5.246e-14
4303.210  5.215e-14
4304.480  5.251e-14
4305.750  5.264e-14
4307.020  5.208e-14
4308.290  5.149e-14
4309.570  5.116e-14
4310.840  5.074e-14
4312.110  5.026e-14
4313.380  5.013e-14
4314.650  5.016e-14
4315.920  5.003e-14
4317.190  4.952e-14
4318.460  4.862e-14
4319.730  4.762e-14
4321.000  4.690e-14
4322.270  4.644e-14
4323.550  4.601e-14
4324.820  4.574e-14
4326.090  4.582e-14
4327.360  4.571e-14
4328.630  4.497e-14
4329.900  4.399e-14
4331.170  4.360e-14
4332.440  4.380e-14
4333.710  4.355e-14
4334.980  4.311e-14
4336.250  4.291e-14
4337.530  4.271e-14
4338.800  4.226e-14
4340.070  4.181e-14
4341.340  4.183e-14
4342.610  4.223e-14
4343.880  4.223e-14
4345.150  4.185e-14
4346.420  4.137e-14
4347.690  4.103e-14
4348.960  4.088e-14
4350.230  4.046e-14
4351.510  3.981e-14
4352.780  3.997e-14
4354.050  4.040e-14
4355.320  3.999e-14
4356.590  3.897e-14
4357.860  3.842e-14
4359.130  3.860e-14
4360.400  3.872e-14
4361.670  3.840e-14
4362.940  3.824e-14
4364.210  3.870e-14
4365.480  3.918e-14
4366.760  3.917e-14
4368.030  3.893e-14
4369.300  3.909e-14
4370.570  3.954e-14
4371.840  3.922e-14
4373.110  3.838e-14
4374.380  3.820e-14
4375.650  3.861e-14
4376.920  3.868e-14
4378.190  3.843e-14
4379.460  3.881e-14
4380.740  3.995e-14
4382.010  4.081e-14
4383.280  4.075e-14
4384.550  4.027e-14
4385.820  4.014e-14
4387.090  4.027e-14
4388.360  4.019e-14
4389.630  4.032e-14
4390.900  4.082e-14
4392.170  4.121e-14
4393.440  4.143e-14
4394.720  4.141e-14
4395.990  4.125e-14
4397.260  4.150e-14
4398.530  4.226e-14
4399.800  4.299e-14
4401.070  4.308e-14
4402.340  4.306e-14
4403.610  4.329e-14
4404.880  4.379e-14
4406.150  4.452e-14
4407.420  4.519e-14
4408.700  4.551e-14
4409.970  4.584e-14
4411.240  4.609e-14
4412.510  4.627e-14
4413.780  4.663e-14
4415.050  4.727e-14
4416.320  4.796e-14
4417.590  4.851e-14
4418.860  4.864e-14
4420.130  4.854e-14
4421.400  4.892e-14
4422.680  4.960e-14
4423.950  4.984e-14
4425.220  4.988e-14
4426.490  5.030e-14
4427.760  5.054e-14
4429.030  5.105e-14
4430.300  5.222e-14
4431.570  5.326e-14
4432.840  5.431e-14
4434.110  5.585e-14
4435.380  5.710e-14
4436.660  5.788e-14
4437.930  5.884e-14
4439.200  5.965e-14
4440.470  6.005e-14
4441.740  6.061e-14
4443.010  6.165e-14
4444.280  6.290e-14
4445.550  6.419e-14
4446.820  6.529e-14
4448.090  6.603e-14
4449.360  6.655e-14
4450.640  6.687e-14
4451.910  6.768e-14
4453.180  6.941e-14
4454.450  7.067e-14
4455.720  7.099e-14
4456.990  7.162e-14
4458.260  7.238e-14
4459.530  7.312e-14
4460.800  7.426e-14
4462.070  7.562e-14
4463.340  7.669e-14
4464.620  7.739e-14
4465.890  7.753e-14
4467.160  7.796e-14
4468.430  7.894e-14
4469.700  7.973e-14
4470.970  8.012e-14
4472.240  8.081e-14
4473.510  8.171e-14
4474.780  8.196e-14
4476.050  8.259e-14
4477.320  8.409e-14
4478.600  8.565e-14
4479.870  8.666e-14
4481.140  8.739e-14
4482.410  8.812e-14
4483.680  8.844e-14
4484.950  8.864e-14
4486.220  8.941e-14
4487.490  9.028e-14
4488.760  9.117e-14
4490.030  9.215e-14
4491.300  9.277e-14
4492.580  9.349e-14
4493.850  9.413e-14
4495.120  9.402e-14
4496.390  9.403e-14
4497.660  9.467e-14
4498.930  9.520e-14
4500.200  9.533e-14
4501.470  9.581e-14
4502.740  9.676e-14
4504.010  9.785e-14
4505.280  9.921e-14
4506.560  1.007e-13
4507.830  1.017e-13
4509.100  1.024e-13
4510.370  1.033e-13
4511.640  1.041e-13
4512.910  1.051e-13
4514.180  1.062e-13
4515.450  1.066e-13
4516.720  1.067e-13
4517.990  1.075e-13
4519.260  1.089e-13
4520.540  1.098e-13
4521.810  1.106e-13
4523.080  1.112e-13
4524.350  1.116e-13
4525.620  1.118e-13
4526.890  1.122e-13
4528.160  1.123e-13
4529.430  1.123e-13
4530.700  1.128e-13
4531.970  1.145e-13
4533.240  1.165e-13
4534.520  1.178e-13
4535.790  1.186e-13
4537.060  1.193e-13
4538.330  1.198e-13
4539.600  1.199e-13
4540.870  1.200e-13
4542.140  1.212e-13
4543.410  1.231e-13
4544.680  1.240e-13
4545.950  1.240e-13
4547.220  1.244e-13
4548.490  1.248e-13
4549.770  1.247e-13
4551.040  1.247e-13
4552.310  1.254e-13
4553.580  1.263e-13
4554.850  1.267e-13
4556.120  1.268e-13
4557.390  1.270e-13
4558.660  1.275e-13
4559.930  1.276e-13
4561.200  1.275e-13
4562.470  1.277e-13
4563.750  1.280e-13
4565.020  1.282e-13
4566.290  1.284e-13
4567.560  1.287e-13
4568.830  1.291e-13
4570.100  1.300e-13
4571.370  1.307e-13
4572.640  1.307e-13
4573.910  1.303e-13
4575.180  1.297e-13
4576.450  1.291e-13
4577.730  1.293e-13
4579.000  1.296e-13
4580.270  1.285e-13
4581.540  1.268e-13
4582.810  1.264e-13
4584.080  1.272e-13
4585.350  1.278e-13
4586.620  1.274e-13
4587.890  1.268e-13
4589.160  1.270e-13
4590.430  1.274e-13
4591.710  1.272e-13
4592.980  1.269e-13
4594.250  1.272e-13
4595.520  1.273e-13
4596.790  1.272e-13
4598.060  1.271e-13
4599.330  1.272e-13
4600.600  1.270e-13
4601.870  1.265e-13
4603.140  1.260e-13
4604.410  1.264e-13
4605.690  1.265e-13
4606.960  1.250e-13
4608.230  1.233e-13
4609.500  1.230e-13
4610.770  1.233e-13
4612.040  1.224e-13
4613.310  1.211e-13
4614.580  1.219e-13
4615.850  1.232e-13
4617.120  1.227e-13
4618.390  1.213e-13
4619.670  1.203e-13
4620.940  1.199e-13
4622.210  1.194e-13
4623.480  1.184e-13
4624.750  1.174e-13
4626.020  1.172e-13
4627.290  1.171e-13
4628.560  1.164e-13
4629.830  1.155e-13
4631.100  1.150e-13
4632.370  1.151e-13
4633.650  1.151e-13
4634.920  1.140e-13
4636.190  1.129e-13
4637.460  1.123e-13
4638.730  1.112e-13
4640.000  1.097e-13
4641.270  1.089e-13
4642.540  1.092e-13
4643.810  1.088e-13
4645.080  1.082e-13
4646.350  1.083e-13
4647.630  1.087e-13
4648.900  1.085e-13
4650.170  1.082e-13
4651.440  1.079e-13
4652.710  1.080e-13
4653.980  1.076e-13
4655.250  1.065e-13
4656.520  1.053e-13
4657.790  1.047e-13
4659.060  1.045e-13
4660.330  1.047e-13
4661.610  1.049e-13
4662.880  1.042e-13
4664.150  1.033e-13
4665.420  1.027e-13
4666.690  1.022e-13
4667.960  1.017e-13
4669.230  1.008e-13
4670.500  9.950e-14
4671.770  9.888e-14
4673.040  9.825e-14
4674.310  9.728e-14
4675.590  9.633e-14
4676.860  9.509e-14
4678.130  9.326e-14
4679.400  9.166e-14
4680.670  9.065e-14
4681.940  9.014e-14
4683.210  8.939e-14
4684.480  8.801e-14
4685.750  8.643e-14
4687.020  8.526e-14
4688.290  8.452e-14
4689.570  8.390e-14
4690.840  8.280e-14
4692.110  8.115e-14
4693.380  7.960e-14
4694.650  7.826e-14
4695.920  7.698e-14
4697.190  7.604e-14
4698.460  7.511e-14
4699.730  7.382e-14
4701.000  7.258e-14
4702.270  7.158e-14
4703.550  7.097e-14
4704.820  7.071e-14
4706.090  7.012e-14
4707.360  6.890e-14
4708.630  6.804e-14
4709.900  6.753e-14
4711.170  6.684e-14
4712.440  6.625e-14
4713.710  6.558e-14
4714.980  6.436e-14
4716.250  6.319e-14
4717.530  6.257e-14
4718.800  6.232e-14
4720.070  6.203e-14
4721.340  6.146e-14
4722.610  6.083e-14
4723.880  6.040e-14
4725.150  6.015e-14
4726.420  6.015e-14
4727.690  6.039e-14
4728.960  6.032e-14
4730.230  6.025e-14
4731.500  6.068e-14
4732.780  6.107e-14
4734.050  6.085e-14
4735.320  6.062e-14
4736.590  6.075e-14
4737.860  6.079e-14
4739.130  6.082e-14
4740.400  6.097e-14
4741.670  6.091e-14
4742.940  6.089e-14
4744.210  6.150e-14
4745.480  6.207e-14
4746.760  6.220e-14
4748.030  6.192e-14
4749.300  6.107e-14
4750.570  6.079e-14
4751.840  6.197e-14
4753.110  6.316e-14
4754.380  6.282e-14
4755.650  6.212e-14
4756.920  6.259e-14
4758.190  6.347e-14
4759.460  6.358e-14
4760.740  6.315e-14
4762.010  6.301e-14
4763.280  6.320e-14
4764.550  6.318e-14
4765.820  6.309e-14
4767.090  6.340e-14
4768.360  6.349e-14
4769.630  6.274e-14
4770.900  6.188e-14
4772.170  6.157e-14
4773.440  6.136e-14
4774.720  6.164e-14
4775.990  6.207e-14
4777.260  6.203e-14
4778.530  6.162e-14
4779.800  6.086e-14
4781.070  5.989e-14
4782.340  5.952e-14
4783.610  5.964e-14
4784.880  5.944e-14
4786.150  5.854e-14
4787.420  5.765e-14
4788.700  5.769e-14
4789.970  5.832e-14
4791.240  5.836e-14
4792.510  5.776e-14
4793.780  5.725e-14
4795.050  5.689e-14
4796.320  5.653e-14
4797.590  5.612e-14
4798.860  5.567e-14
4800.130  5.548e-14
4801.400  5.559e-14
4802.680  5.558e-14
4803.950  5.541e-14
4805.220  5.520e-14
4806.490  5.505e-14
4807.760  5.508e-14
4809.030  5.523e-14
4810.300  5.527e-14
4811.570  5.528e-14
4812.840  5.558e-14
4814.110  5.565e-14
4815.380  5.539e-14
4816.660  5.527e-14
4817.930  5.546e-14
4819.200  5.579e-14
4820.470  5.624e-14
4821.740  5.657e-14
4823.010  5.652e-14
4824.280  5.633e-14
4825.550  5.654e-14
4826.820  5.713e-14
4828.090  5.744e-14
4829.360  5.732e-14
4830.640  5.729e-14
4831.910  5.759e-14
4833.180  5.839e-14
4834.450  5.938e-14
4835.720  5.979e-14
4836.990  5.953e-14
4838.260  5.956e-14
4839.530  6.030e-14
4840.800  6.124e-14
4842.070  6.192e-14
4843.340  6.225e-14
4844.620  6.244e-14
4845.890  6.265e-14
4847.160  6.300e-14
4848.430  6.376e-14
4849.700  6.485e-14
4850.970  6.582e-14
4852.240  6.637e-14
4853.510  6.690e-14
4854.780  6.793e-14
4856.050  6.932e-14
4857.320  7.064e-14
4858.600  7.191e-14
4859.870  7.260e-14
4861.140  7.287e-14
4862.410  7.369e-14
4863.680  7.517e-14
4864.950  7.638e-14
4866.220  7.718e-14
4867.490  7.825e-14
4868.760  7.946e-14
4870.030  8.009e-14
4871.300  8.052e-14
4872.580  8.118e-14
4873.850  8.192e-14
4875.120  8.283e-14
4876.390  8.388e-14
4877.660  8.455e-14
4878.930  8.512e-14
4880.200  8.620e-14
4881.470  8.729e-14
4882.740  8.812e-14
4884.010  8.955e-14
4885.280  9.147e-14
4886.560  9.262e-14
4887.830  9.321e-14
4889.100  9.385e-14
4890.370  9.458e-14
4891.640  9.543e-14
4892.910  9.629e-14
4894.180  9.688e-14
4895.450  9.771e-14
4896.720  9.877e-14
4897.990  9.960e-14
4899.260  9.997e-14
4900.540  1.000e-13
4901.810  9.979e-14
4903.080  9.927e-14
4904.350  9.892e-14
4905.620  9.901e-14
4906.890  9.911e-14
4908.160  9.895e-14
4909.430  9.840e-14
4910.700  9.756e-14
4911.970  9.656e-14
4913.240  9.546e-14
4914.520  9.459e-14
4915.790  9.363e-14
4917.060  9.244e-14
4918.330  9.162e-14
4919.600  9.121e-14
4920.870  9.067e-14
4922.140  9.008e-14
4923.410  8.975e-14
4924.680  8.947e-14
4925.950  8.861e-14
4927.220  8.726e-14
4928.490  8.602e-14
4929.770  8.513e-14
4931.040  8.448e-14
4932.310  8.380e-14
4933.580  8.284e-14
4934.850  8.194e-14
4936.120  8.132e-14
4937.390  8.062e-14
4938.660  7.985e-14
4939.930  7.923e-14
4941.200  7.850e-14
4942.470  7.784e-14
4943.750  7.757e-14
4945.020  7.705e-14
4946.290  7.623e-14
4947.560  7.569e-14
4948.830  7.548e-14
4950.100  7.518e-14
4951.370  7.487e-14
4952.640  7.472e-14
4953.910  7.469e-14
4955.180  7.451e-14
4956.450  7.402e-14
4957.730  7.349e-14
4959.000  7.333e-14
4960.270  7.348e-14
4961.540  7.339e-14
4962.810  7.310e-14
4964.080  7.286e-14
4965.350  7.264e-14
4966.620  7.249e-14
4967.890  7.255e-14
4969.160  7.255e-14
4970.430  7.223e-14
4971.710  7.180e-14
4972.980  7.175e-14
4974.250  7.209e-14
4975.520  7.225e-14
4976.790  7.194e-14
4978.060  7.167e-14
4979.330  7.188e-14
4980.600  7.234e-14
4981.870  7.237e-14
4983.140  7.175e-14
4984.410  7.114e-14
4985.690  7.111e-14
4986.960  7.147e-14
4988.230  7.178e-14
4989.500  7.206e-14
4990.770  7.272e-14
4992.040  7.361e-14
4993.310  7.425e-14
4994.580  7.470e-14
4995.850  7.518e-14
4997.120  7.535e-14
4998.390  7.513e-14
4999.670  7.531e-14
5000.940  7.619e-14
5002.210  7.695e-14
5003.480  7.727e-14
5004.750  7.758e-14
5006.020  7.790e-14
5007.290  7.802e-14
5008.560  7.821e-14
5009.830  7.813e-14
5011.100  7.776e-14
5012.370  7.801e-14
5013.650  7.885e-14
5014.920  7.919e-14
5016.190  7.897e-14
5017.460  7.883e-14
5018.730  7.913e-14
5020.000  7.991e-14
5021.270  8.093e-14
5022.540  8.170e-14
5023.810  8.191e-14
5025.080  8.186e-14
5026.350  8.201e-14
5027.630  8.239e-14
5028.900  8.299e-14
5030.170  8.362e-14
5031.440  8.410e-14
5032.710  8.448e-14
5033.980  8.494e-14
5035.250  8.553e-14
5036.520  8.603e-14
5037.790  8.630e-14
5039.060  8.618e-14
5040.330  8.623e-14
5041.610  8.700e-14
5042.880  8.802e-14
5044.150  8.869e-14
5045.420  8.906e-14
5046.690  8.929e-14
5047.960  8.984e-14
5049.230  9.039e-14
5050.500  9.048e-14
5051.770  9.046e-14
5053.040  9.086e-14
5054.310  9.155e-14
5055.590  9.223e-14
5056.860  9.231e-14
5058.130  9.195e-14
5059.400  9.212e-14
5060.670  9.298e-14
5061.940  9.381e-14
5063.210  9.449e-14
5064.480  9.498e-14
5065.750  9.529e-14
5067.020  9.562e-14
5068.290  9.620e-14
5069.570  9.716e-14
5070.840  9.828e-14
5072.110  9.894e-14
5073.380  9.891e-14
5074.650  9.871e-14
5075.920  9.952e-14
5077.190  1.009e-13
5078.460  1.018e-13
5079.730  1.024e-13
5081.000  1.033e-13
5082.270  1.042e-13
5083.550  1.052e-13
5084.820  1.059e-13
5086.090  1.062e-13
5087.360  1.068e-13
5088.630  1.075e-13
5089.900  1.081e-13
5091.170  1.092e-13
5092.440  1.102e-13
5093.710  1.107e-13
5094.980  1.113e-13
5096.250  1.122e-13
5097.530  1.129e-13
5098.800  1.138e-13
5100.070  1.149e-13
5101.340  1.159e-13
5102.610  1.171e-13
5103.880  1.184e-13
5105.150  1.194e-13
5106.420  1.200e-13
5107.690  1.207e-13
5108.960  1.218e-13
5110.230  1.228e-13
5111.500  1.240e-13
5112.780  1.253e-13
5114.050  1.263e-13
5115.320  1.277e-13
5116.590  1.294e-13
5117.860  1.304e-13
5119.130  1.308e-13
5120.400  1.319e-13
5121.670  1.336e-13
5122.940  1.353e-13
5124.210  1.371e-13
5125.480  1.389e-13
5126.760  1.403e-13
5128.030  1.413e-13
5129.300  1.425e-13
5130.570  1.442e-13
5131.840  1.457e-13
5133.110  1.470e-13
5134.380  1.485e-13
5135.650  1.502e-13
5136.920  1.516e-13
5138.190  1.527e-13
5139.460  1.539e-13
5140.740  1.550e-13
5142.010  1.563e-13
5143.280  1.580e-13
5144.550  1.594e-13
5145.820  1.603e-13
5147.090  1.613e-13
5148.360  1.623e-13
5149.630  1.635e-13
5150.900  1.650e-13
5152.170  1.668e-13
5153.440  1.683e-13
5154.720  1.693e-13
5155.990  1.710e-13
5157.260  1.730e-13
5158.530  1.740e-13
5159.800  1.743e-13
5161.070  1.752e-13
5162.340  1.766e-13
5163.610  1.776e-13
5164.880  1.783e-13
5166.150  1.792e-13
5167.420  1.807e-13
5168.700  1.822e-13
5169.970  1.836e-13
5171.240  1.847e-13
5172.510  1.860e-13
5173.780  1.877e-13
5175.050  1.891e-13
5176.320  1.900e-13
5177.590  1.902e-13
5178.860  1.909e-13
5180.130  1.927e-13
5181.400  1.944e-13
5182.680  1.946e-13
5183.950  1.942e-13
5185.220  1.944e-13
5186.490  1.950e-13
5187.760  1.955e-13
5189.030  1.967e-13
5190.300  1.980e-13
5191.570  1.990e-13
5192.840  2.000e-13
5194.110  2.008e-13
5195.380  2.000e-13
5196.660  1.990e-13
5197.930  1.995e-13
5199.200  2.011e-13
5200.470  2.021e-13
5201.740  2.024e-13
5203.010  2.030e-13
5204.280  2.036e-13
5205.550  2.040e-13
5206.820  2.046e-13
5208.090  2.049e-13
5209.360  2.051e-13
5210.640  2.055e-13
5211.910  2.052e-13
5213.180  2.044e-13
5214.450  2.044e-13
5215.720  2.047e-13
5216.990  2.047e-13
5218.260  2.048e-13
5219.530  2.054e-13
5220.800  2.059e-13
5222.070  2.062e-13
5223.340  2.063e-13
5224.620  2.059e-13
5225.890  2.053e-13
5227.160  2.057e-13
5228.430  2.060e-13
5229.700  2.049e-13
5230.970  2.036e-13
5232.240  2.032e-13
5233.510  2.026e-13
5234.780  2.021e-13
5236.050  2.022e-13
5237.320  2.024e-13
5238.600  2.022e-13
5239.870  2.021e-13
5241.140  2.023e-13
5242.410  2.021e-13
5243.680  2.012e-13
5244.950  2.002e-13
5246.220  1.995e-13
5247.490  1.989e-13
5248.760  1.983e-13
5250.030  1.981e-13
5251.300  1.990e-13
5252.580  1.995e-13
5253.850  1.989e-13
5255.120  1.981e-13
5256.390  1.977e-13
5257.660  1.971e-13
5258.930  1.959e-13
5260.200  1.950e-13
5261.470  1.946e-13
5262.740  1.943e-13
5264.010  1.939e-13
5265.280  1.932e-13
5266.560  1.926e-13
5267.830  1.922e-13
5269.100  1.918e-13
5270.370  1.906e-13
5271.640  1.892e-13
5272.910  1.885e-13
5274.180  1.887e-13
5275.450  1.892e-13
5276.720  1.896e-13
5277.990  1.898e-13
5279.260  1.901e-13
5280.540  1.901e-13
5281.810  1.897e-13
5283.080  1.895e-13
5284.350  1.903e-13
5285.620  1.911e-13
5286.890  1.911e-13
5288.160  1.907e-13
5289.430  1.903e-13
5290.700  1.904e-13
5291.970  1.906e-13
5293.240  1.903e-13
5294.520  1.898e-13
5295.790  1.902e-13
5297.060  1.911e-13
5298.330  1.913e-13
5299.600  1.910e-13
5300.870  1.908e-13
5302.140  1.906e-13
5303.410  1.901e-13
5304.680  1.902e-13
5305.950  1.905e-13
5307.220  1.904e-13
5308.490  1.908e-13
5309.770  1.915e-13
5311.040  1.918e-13
5312.310  1.920e-13
5313.580  1.920e-13
5314.850  1.916e-13
5316.120  1.913e-13
5317.390  1.911e-13
5318.660  1.908e-13
5319.930  1.908e-13
5321.200  1.914e-13
5322.470  1.916e-13
5323.750  1.911e-13
5325.020  1.907e-13
5326.290  1.909e-13
5327.560  1.904e-13
5328.830  1.900e-13
5330.100  1.907e-13
5331.370  1.915e-13
5332.640  1.911e-13
5333.910  1.905e-13
5335.180  1.907e-13
5336.450  1.912e-13
5337.730  1.911e-13
5339.000  1.906e-13
5340.270  1.906e-13
5341.540  1.912e-13
5342.810  1.917e-13
5344.080  1.912e-13
5345.350  1.906e-13
5346.620  1.908e-13
5347.890  1.910e-13
5349.160  1.903e-13
5350.430  1.894e-13
5351.710  1.889e-13
5352.980  1.885e-13
5354.250  1.879e-13
5355.520  1.875e-13
5356.790  1.874e-13
5358.060  1.872e-13
5359.330  1.865e-13
5360.600  1.857e-13
5361.870  1.853e-13
5363.140  1.853e-13
5364.410  1.855e-13
5365.690  1.848e-13
5366.960  1.838e-13
5368.230  1.834e-13
5369.500  1.834e-13
5370.770  1.831e-13
5372.040  1.830e-13
5373.310  1.834e-13
5374.580  1.833e-13
5375.850  1.822e-13
5377.120  1.811e-13
5378.390  1.807e-13
5379.670  1.804e-13
5380.940  1.798e-13
5382.210  1.802e-13
5383.480  1.805e-13
5384.750  1.796e-13
5386.020  1.786e-13
5387.290  1.783e-13
5388.560  1.786e-13
5389.830  1.789e-13
5391.100  1.787e-13
5392.370  1.783e-13
5393.650  1.783e-13
5394.920  1.778e-13
5396.190  1.769e-13
5397.460  1.763e-13
5398.730  1.762e-13
5400.000  1.757e-13
5401.270  1.753e-13
5402.540  1.748e-13
5403.810  1.743e-13
5405.080  1.746e-13
5406.350  1.757e-13
5407.630  1.760e-13
5408.900  1.749e-13
5410.170  1.739e-13
5411.440  1.737e-13
5412.710  1.738e-13
5413.980  1.738e-13
5415.250  1.735e-13
5416.520  1.731e-13
5417.790  1.728e-13
5419.060  1.725e-13
5420.330  1.721e-13
5421.610  1.722e-13
5422.880  1.723e-13
5424.150  1.723e-13
5425.420  1.725e-13
5426.690  1.728e-13
5427.960  1.729e-13
5429.230  1.730e-13
5430.500  1.732e-13
5431.770  1.731e-13
5433.040  1.729e-13
5434.310  1.727e-13
5435.590  1.724e-13
5436.860  1.718e-13
5438.130  1.712e-13
5439.400  1.715e-13
5440.670  1.719e-13
5441.940  1.712e-13
5443.210  1.698e-13
5444.480  1.688e-13
5445.750  1.683e-13
5447.020  1.679e-13
5448.290  1.677e-13
5449.570  1.677e-13
5450.840  1.678e-13
5452.110  1.678e-13
5453.380  1.681e-13
5454.650  1.686e-13
5455.920  1.686e-13
5457.190  1.684e-13
5458.460  1.692e-13
5459.730  1.700e-13
5461.000  1.700e-13
5462.270  1.695e-13
5463.550  1.694e-13
5464.820  1.699e-13
5466.090  1.707e-13
5467.360  1.715e-13
5468.630  1.716e-13
5469.900  1.710e-13
5471.170  1.705e-13
5472.440  1.707e-13
5473.710  1.716e-13
5474.980  1.725e-13
5476.250  1.727e-13
5477.530  1.722e-13
5478.800  1.717e-13
5480.070  1.716e-13
5481.340  1.721e-13
5482.610  1.729e-13
5483.880  1.733e-13
5485.150  1.726e-13
5486.420  1.723e-13
5487.690  1.730e-13
5488.960  1.734e-13
5490.230  1.731e-13
5491.500  1.732e-13
5492.780  1.737e-13
5494.050  1.741e-13
5495.320  1.746e-13
5496.590  1.754e-13
5497.860  1.761e-13
5499.130  1.769e-13
5500.400  1.779e-13
5501.670  1.784e-13
5502.940  1.781e-13
5504.210  1.778e-13
5505.480  1.777e-13
5506.760  1.775e-13
5508.030  1.774e-13
5509.300  1.773e-13
5510.570  1.775e-13
5511.840  1.777e-13
5513.110  1.780e-13
5514.380  1.785e-13
5515.650  1.790e-13
5516.920  1.793e-13
5518.190  1.795e-13
5519.460  1.798e-13
5520.740  1.800e-13
5522.010  1.799e-13
5523.280  1.798e-13
5524.550  1.792e-13
5525.820  1.783e-13
5527.090  1.778e-13
5528.360  1.781e-13
5529.630  1.787e-13
5530.900  1.789e-13
5532.170  1.785e-13
5533.440  1.779e-13
5534.720  1.775e-13
5535.990  1.772e-13
5537.260  1.767e-13
5538.530  1.764e-13
5539.800  1.766e-13
5541.070  1.766e-13
5542.340  1.762e-13
5543.610  1.760e-13
5544.880  1.757e-13
5546.150  1.753e-13
5547.420  1.758e-13
5548.700  1.773e-13
5549.970  1.784e-13
5551.240  1.782e-13
5552.510  1.776e-13
5553.780  1.773e-13
5555.050  1.771e-13
5556.320  1.768e-13
5557.590  1.764e-13
5558.860  1.763e-13
5560.130  1.767e-13
5561.400  1.774e-13
5562.680  1.779e-13
5563.950  1.779e-13
5565.220  1.776e-13
5566.490  1.773e-13
5567.760  1.768e-13
5569.030  1.762e-13
5570.300  1.761e-13
5571.570  1.762e-13
5572.840  1.762e-13
5574.110  1.759e-13
5575.380  1.754e-13
5576.660  1.748e-13
5577.930  1.742e-13
5579.200  1.742e-13
5580.470  1.748e-13
5581.740  1.754e-13
5583.010  1.751e-13
5584.280  1.740e-13
5585.550  1.731e-13
5586.820  1.728e-13
5588.090  1.726e-13
5589.360  1.723e-13
5590.640  1.725e-13
5591.910  1.728e-13
5593.180  1.722e-13
5594.450  1.711e-13
5595.720  1.707e-13
5596.990  1.707e-13
5598.260  1.707e-13
5599.530  1.704e-13
5600.800  1.698e-13
5602.070  1.692e-13
5603.340  1.686e-13
5604.620  1.676e-13
5605.890  1.670e-13
5607.160  1.671e-13
5608.430  1.669e-13
5609.700  1.663e-13
5610.970  1.660e-13
5612.240  1.658e-13
5613.510  1.655e-13
5614.780  1.653e-13
5616.050  1.652e-13
5617.320  1.649e-13
5618.600  1.647e-13
5619.870  1.642e-13
5621.140  1.637e-13
5622.410  1.637e-13
5623.680  1.637e-13
5624.950  1.636e-13
5626.220  1.637e-13
5627.490  1.642e-13
5628.760  1.642e-13
5630.030  1.636e-13
5631.300  1.627e-13
5632.580  1.620e-13
5633.850  1.618e-13
5635.120  1.621e-13
5636.390  1.620e-13
5637.660  1.615e-13
5638.930  1.609e-13
5640.200  1.606e-13
5641.470  1.606e-13
5642.740  1.607e-13
5644.010  1.609e-13
5645.280  1.610e-13
5646.560  1.606e-13
5647.830  1.604e-13
5649.100  1.604e-13
5650.370  1.605e-13
5651.640  1.605e-13
5652.910  1.603e-13
5654.180  1.594e-13
5655.450  1.584e-13
5656.720  1.582e-13
5657.990  1.587e-13
5659.260  1.589e-13
5660.540  1.588e-13
5661.810  1.589e-13
5663.080  1.583e-13
5664.350  1.571e-13
5665.620  1.565e-13
5666.890  1.568e-13
5668.160  1.573e-13
5669.430  1.573e-13
5670.700  1.566e-13
5671.970  1.554e-13
5673.240  1.541e-13
5674.520  1.536e-13
5675.790  1.545e-13
5677.060  1.553e-13
5678.330  1.549e-13
5679.600  1.542e-13
5680.870  1.536e-13
5682.140  1.534e-13
5683.410  1.533e-13
5684.680  1.531e-13
5685.950  1.531e-13
5687.220  1.530e-13
5688.490  1.524e-13
5689.770  1.517e-13
5691.040  1.514e-13
5692.310  1.512e-13
5693.580  1.511e-13
5694.850  1.510e-13
5696.120  1.505e-13
5697.390  1.498e-13
5698.660  1.492e-13
5699.930  1.483e-13
5701.200  1.472e-13
5702.470  1.470e-13
5703.750  1.469e-13
5705.020  1.463e-13
5706.290  1.459e-13
5707.560  1.456e-13
5708.830  1.449e-13
5710.100  1.445e-13
5711.370  1.449e-13
5712.640  1.458e-13
5713.910  1.462e-13
5715.180  1.458e-13
5716.450  1.458e-13
5717.730  1.462e-13
5719.000  1.467e-13
5720.270  1.468e-13
5721.540  1.466e-13
5722.810  1.463e-13
5724.080  1.463e-13
5725.350  1.466e-13
5726.620  1.469e-13
5727.890  1.470e-13
5729.160  1.470e-13
5730.430  1.469e-13
5731.710  1.471e-13
5732.980  1.470e-13
5734.250  1.468e-13
5735.520  1.471e-13
5736.790  1.479e-13
5738.060  1.484e-13
5739.330  1.485e-13
5740.600  1.484e-13
5741.870  1.487e-13
5743.140  1.491e-13
5744.410  1.490e-13
5745.690  1.489e-13
5746.960  1.498e-13
5748.230  1.510e-13
5749.500  1.516e-13
5750.770  1.519e-13
5752.040  1.526e-13
5753.310  1.535e-13
5754.580  1.540e-13
5755.850  1.547e-13
5757.120  1.558e-13
5758.390  1.564e-13
5759.670  1.566e-13
5760.940  1.573e-13
5762.210  1.583e-13
5763.480  1.588e-13
5764.750  1.594e-13
5766.020  1.604e-13
5767.290  1.611e-13
5768.560  1.616e-13
5769.830  1.622e-13
5771.100  1.627e-13
5772.370  1.626e-13
5773.650  1.625e-13
5774.920  1.625e-13
5776.190  1.622e-13
5777.460  1.619e-13
5778.730  1.619e-13
5780.000  1.622e-13
5781.270  1.625e-13
5782.540  1.629e-13
5783.810  1.636e-13
5785.080  1.651e-13
5786.350  1.674e-13
5787.630  1.704e-13
5788.900  1.730e-13
5790.170  1.746e-13
5791.440  1.755e-13
5792.710  1.761e-13
5793.980  1.762e-13
5795.250  1.768e-13
5796.520  1.778e-13
5797.790  1.785e-13
5799.060  1.790e-13
5800.330  1.799e-13
5801.610  1.815e-13
5802.880  1.835e-13
5804.150  1.861e-13
5805.420  1.888e-13
5806.690  1.907e-13
5807.960  1.915e-13
5809.230  1.921e-13
5810.500  1.931e-13
5811.770  1.942e-13
5813.040  1.949e-13
5814.310  1.957e-13
5815.590  1.970e-13
5816.860  1.980e-13
5818.130  1.988e-13
5819.400  2.001e-13
5820.670  2.016e-13
5821.940  2.023e-13
5823.210  2.023e-13
5824.480  2.030e-13
5825.750  2.043e-13
5827.020  2.050e-13
5828.290  2.051e-13
5829.570  2.058e-13
5830.840  2.073e-13
5832.110  2.084e-13
5833.380  2.084e-13
5834.650  2.080e-13
5835.920  2.083e-13
5837.190  2.092e-13
5838.460  2.097e-13
5839.730  2.097e-13
5841.000  2.096e-13
5842.270  2.094e-13
5843.550  2.085e-13
5844.820  2.076e-13
5846.090  2.076e-13
5847.360  2.082e-13
5848.630  2.083e-13
5849.900  2.082e-13
5851.170  2.086e-13
5852.440  2.091e-13
5853.710  2.095e-13
5854.980  2.101e-13
5856.250  2.110e-13
5857.530  2.116e-13
5858.800  2.117e-13
5860.070  2.113e-13
5861.340  2.108e-13
5862.610  2.108e-13
5863.880  2.116e-13
5865.150  2.125e-13
5866.420  2.124e-13
5867.690  2.116e-13
5868.960  2.109e-13
5870.230  2.110e-13
5871.500  2.113e-13
5872.780  2.111e-13
5874.050  2.107e-13
5875.320  2.111e-13
5876.590  2.117e-13
5877.860  2.111e-13
5879.130  2.104e-13
5880.400  2.104e-13
5881.670  2.099e-13
5882.940  2.079e-13
5884.210  2.034e-13
5885.480  1.952e-13
5886.760  1.830e-13
5888.030  1.691e-13
5889.300  1.563e-13
5890.570  1.442e-13
5891.840  1.304e-13
5893.110  1.164e-13
5894.380  1.080e-13
5895.650  1.100e-13
5896.920  1.212e-13
5898.190  1.344e-13
5899.460  1.443e-13
5900.740  1.533e-13
5902.010  1.663e-13
5903.280  1.827e-13
5904.550  1.964e-13
5905.820  2.035e-13
5907.090  2.054e-13
5908.360  2.058e-13
5909.630  2.059e-13
5910.900  2.058e-13
5912.170  2.056e-13
5913.440  2.054e-13
5914.720  2.052e-13
5915.990  2.050e-13
5917.260  2.053e-13
5918.530  2.054e-13
5919.800  2.046e-13
5921.070  2.032e-13
5922.340  2.024e-13
5923.610  2.025e-13
5924.880  2.024e-13
5926.150  2.018e-13
5927.420  2.010e-13
5928.700  2.002e-13
5929.970  1.998e-13
5931.240  1.996e-13
5932.510  1.988e-13
5933.780  1.974e-13
5935.050  1.970e-13
5936.320  1.972e-13
5937.590  1.967e-13
5938.860  1.951e-13
5940.130  1.937e-13
5941.400  1.929e-13
5942.680  1.920e-13
5943.950  1.909e-13
5945.220  1.896e-13
5946.490  1.889e-13
5947.760  1.888e-13
5949.030  1.882e-13
5950.300  1.873e-13
5951.570  1.869e-13
5952.840  1.866e-13
5954.110  1.856e-13
5955.380  1.845e-13
5956.660  1.833e-13
5957.930  1.821e-13
5959.200  1.813e-13
5960.470  1.808e-13
5961.740  1.809e-13
5963.010  1.805e-13
5964.280  1.795e-13
5965.550  1.785e-13
5966.820  1.778e-13
5968.090  1.773e-13
5969.360  1.767e-13
5970.640  1.760e-13
5971.910  1.754e-13
5973.180  1.748e-13
5974.450  1.742e-13
5975.720  1.739e-13
5976.990  1.736e-13
5978.260  1.733e-13
5979.530  1.733e-13
5980.800  1.730e-13
5982.070  1.728e-13
5983.340  1.725e-13
5984.620  1.719e-13
5985.890  1.713e-13
5987.160  1.709e-13
5988.430  1.703e-13
5989.700  1.697e-13
5990.970  1.691e-13
5992.240  1.687e-13
5993.510  1.684e-13
5994.780  1.682e-13
5996.050  1.679e-13
5997.320  1.673e-13
5998.600  1.672e-13
5999.870  1.695e-13
6001.140  1.691e-13
6002.410  1.689e-13
6003.680  1.689e-13
6004.950  1.686e-13
6006.220  1.677e-13
6007.490  1.666e-13
6008.760  1.658e-13
6010.030  1.647e-13
6011.300  1.639e-13
6012.580  1.634e-13
6013.850  1.627e-13
6015.120  1.615e-13
6016.390  1.606e-13
6017.660  1.593e-13
6018.930  1.577e-13
6020.200  1.561e-13
6021.470  1.538e-13
6022.740  1.513e-13
6024.010  1.494e-13
6025.280  1.472e-13
6026.560  1.440e-13
6027.830  1.407e-13
6029.100  1.377e-13
6030.370  1.347e-13
6031.640  1.322e-13
6032.910  1.298e-13
6034.180  1.271e-13
6035.450  1.242e-13
6036.720  1.213e-13
6037.990  1.186e-13
6039.260  1.160e-13
6040.540  1.139e-13
6041.810  1.118e-13
6043.080  1.099e-13
6044.350  1.080e-13
6045.620  1.060e-13
6046.890  1.035e-13
6048.160  1.015e-13
6049.430  1.000e-13
6050.700  9.800e-14
6051.970  9.611e-14
6053.240  9.455e-14
6054.520  9.312e-14
6055.790  9.168e-14
6057.060  9.008e-14
6058.330  8.870e-14
6059.600  8.713e-14
6060.870  8.526e-14
6062.140  8.375e-14
6063.410  8.244e-14
6064.680  8.133e-14
6065.950  8.037e-14
6067.220  7.904e-14
6068.490  7.761e-14
6069.770  7.711e-14
6071.040  7.646e-14
6072.310  7.475e-14
6073.580  7.285e-14
6074.850  7.176e-14
6076.120  7.114e-14
6077.390  7.048e-14
6078.660  6.979e-14
6079.930  6.925e-14
6081.200  6.855e-14
6082.470  6.760e-14
6083.750  6.689e-14
6085.020  6.624e-14
6086.290  6.556e-14
6087.560  6.494e-14
6088.830  6.438e-14
6090.100  6.397e-14
6091.370  6.360e-14
6092.640  6.312e-14
6093.910  6.259e-14
6095.180  6.229e-14
6096.450  6.201e-14
6097.730  6.167e-14
6099.000  6.109e-14
6100.270  6.062e-14
6101.540  6.036e-14
6102.810  5.988e-14
6104.080  5.951e-14
6105.350  5.940e-14
6106.620  5.932e-14
6107.890  5.925e-14
6109.160  5.926e-14
6110.430  5.897e-14
6111.710  5.850e-14
6112.980  5.831e-14
6114.250  5.822e-14
6115.520  5.808e-14
6116.790  5.789e-14
6118.060  5.790e-14
6119.330  5.827e-14
6120.600  5.858e-14
6121.870  5.864e-14
6123.140  5.862e-14
6124.410  5.856e-14
6125.690  5.857e-14
6126.960  5.896e-14
6128.230  5.963e-14
6129.500  6.017e-14
6130.770  6.018e-14
6132.040  6.005e-14
6133.310  6.033e-14
6134.580  6.063e-14
6135.850  6.096e-14
6137.120  6.122e-14
6138.390  6.159e-14
6139.670  6.196e-14
6140.940  6.228e-14
6142.210  6.269e-14
6143.480  6.327e-14
6144.750  6.411e-14
6146.020  6.474e-14
6147.290  6.561e-14
6148.560  6.684e-14
6149.830  6.798e-14
6151.100  6.899e-14
6152.370  7.008e-14
6153.650  7.144e-14
6154.920  7.251e-14
6156.190  7.360e-14
6157.460  7.503e-14
6158.730  7.660e-14
6160.000  7.851e-14
6161.270  8.028e-14
6162.540  8.151e-14
6163.810  8.275e-14
6165.080  8.425e-14
6166.350  8.580e-14
6167.630  8.733e-14
6168.900  8.896e-14
6170.170  9.105e-14
6171.440  9.331e-14
6172.710  9.517e-14
6173.980  9.668e-14
6175.250  9.791e-14
6176.520  9.913e-14
6177.790  1.010e-13
6179.060  1.034e-13
6180.330  1.051e-13
6181.610  1.068e-13
6182.880  1.085e-13
6184.150  1.101e-13
6185.420  1.124e-13
6186.690  1.146e-13
6187.960  1.160e-13
6189.230  1.172e-13
6190.500  1.192e-13
6191.770  1.212e-13
6193.040  1.224e-13
6194.310  1.235e-13
6195.590  1.247e-13
6196.860  1.262e-13
6198.130  1.275e-13
6199.400  1.281e-13
6200.670  1.288e-13
6201.940  1.304e-13
6203.210  1.319e-13
6204.480  1.331e-13
6205.750  1.338e-13
6207.020  1.347e-13
6208.290  1.363e-13
6209.570  1.381e-13
6210.840  1.398e-13
6212.110  1.411e-13
6213.380  1.424e-13
6214.650  1.441e-13
6215.920  1.456e-13
6217.190  1.466e-13
6218.460  1.479e-13
6219.730  1.494e-13
6221.000  1.499e-13
6222.270  1.505e-13
6223.550  1.512e-13
6224.820  1.521e-13
6226.090  1.530e-13
6227.360  1.538e-13
6228.630  1.543e-13
6229.900  1.549e-13
6231.170  1.557e-13
6232.440  1.565e-13
6233.710  1.575e-13
6234.980  1.583e-13
6236.250  1.592e-13
6237.530  1.598e-13
6238.800  1.602e-13
6240.070  1.604e-13
6241.340  1.611e-13
6242.610  1.623e-13
6243.880  1.631e-13
6245.150  1.634e-13
6246.420  1.643e-13
6247.690  1.649e-13
6248.960  1.657e-13
6250.230  1.665e-13
6251.500  1.671e-13
6252.780  1.675e-13
6254.050  1.678e-13
6255.320  1.680e-13
6256.590  1.686e-13
6257.860  1.694e-13
6259.130  1.702e-13
6260.400  1.711e-13
6261.670  1.717e-13
6262.940  1.717e-13
6264.210  1.713e-13
6265.480  1.717e-13
6266.760  1.725e-13
6268.030  1.723e-13
6269.300  1.718e-13
6270.570  1.717e-13
6271.840  1.708e-13
6273.110  1.696e-13
6274.380  1.691e-13
6275.650  1.687e-13
6276.920  1.679e-13
6278.190  1.666e-13
6279.460  1.644e-13
6280.740  1.631e-13
6282.010  1.631e-13
6283.280  1.626e-13
6284.550  1.619e-13
6285.820  1.616e-13
6287.090  1.616e-13
6288.360  1.619e-13
6289.630  1.638e-13
6290.900  1.669e-13
6292.170  1.697e-13
6293.440  1.721e-13
6294.720  1.737e-13
6295.990  1.747e-13
6297.260  1.756e-13
6298.530  1.764e-13
6299.800  1.766e-13
6301.070  1.764e-13
6302.340  1.766e-13
6303.610  1.772e-13
6304.880  1.771e-13
6306.150  1.766e-13
6307.420  1.765e-13
6308.700  1.768e-13
6309.970  1.761e-13
6311.240  1.759e-13
6312.510  1.766e-13
6313.780  1.770e-13
6315.050  1.775e-13
6316.320  1.781e-13
6317.590  1.784e-13
6318.860  1.786e-13
6320.130  1.787e-13
6321.400  1.787e-13
6322.680  1.787e-13
6323.950  1.788e-13
6325.220  1.799e-13
6326.490  1.805e-13
6327.760  1.807e-13
6329.030  1.815e-13
6330.300  1.822e-13
6331.570  1.821e-13
6332.840  1.823e-13
6334.110  1.826e-13
6335.380  1.823e-13
6336.660  1.823e-13
6337.930  1.828e-13
6339.200  1.829e-13
6340.470  1.830e-13
6341.740  1.832e-13
6343.010  1.828e-13
6344.280  1.824e-13
6345.550  1.822e-13
6346.820  1.821e-13
6348.090  1.819e-13
6349.360  1.820e-13
6350.640  1.826e-13
6351.910  1.829e-13
6353.180  1.823e-13
6354.450  1.820e-13
6355.720  1.821e-13
6356.990  1.825e-13
6358.260  1.827e-13
6359.530  1.826e-13
6360.800  1.820e-13
6362.070  1.817e-13
6363.340  1.819e-13
6364.620  1.818e-13
6365.890  1.819e-13
6367.160  1.817e-13
6368.430  1.814e-13
6369.700  1.812e-13
6370.970  1.816e-13
6372.240  1.823e-13
6373.510  1.829e-13
6374.780  1.834e-13
6376.050  1.836e-13
6377.320  1.830e-13
6378.600  1.826e-13
6379.870  1.832e-13
6381.140  1.834e-13
6382.410  1.837e-13
6383.680  1.846e-13
6384.950  1.852e-13
6386.220  1.855e-13
6387.490  1.864e-13
6388.760  1.871e-13
6390.030  1.870e-13
6391.300  1.866e-13
6392.580  1.865e-13
6393.850  1.866e-13
6395.120  1.875e-13
6396.390  1.878e-13
6397.660  1.876e-13
6398.930  1.881e-13
6400.200  1.885e-13
6401.470  1.881e-13
6402.740  1.884e-13
6404.010  1.885e-13
6405.280  1.885e-13
6406.560  1.886e-13
6407.830  1.883e-13
6409.100  1.888e-13
6410.370  1.894e-13
6411.640  1.895e-13
6412.910  1.885e-13
6414.180  1.878e-13
6415.450  1.880e-13
6416.720  1.887e-13
6417.990  1.893e-13
6419.260  1.898e-13
6420.540  1.897e-13
6421.810  1.900e-13
6423.080  1.910e-13
6424.350  1.910e-13
6425.620  1.906e-13
6426.890  1.905e-13
6428.160  1.907e-13
6429.430  1.909e-13
6430.700  1.909e-13
6431.970  1.909e-13
6433.240  1.907e-13
6434.520  1.900e-13
6435.790  1.898e-13
6437.060  1.901e-13
6438.330  1.902e-13
6439.600  1.898e-13
6440.870  1.893e-13
6442.140  1.888e-13
6443.410  1.881e-13
6444.680  1.876e-13
6445.950  1.879e-13
6447.220  1.884e-13
6448.490  1.881e-13
6449.770  1.876e-13
6451.040  1.875e-13
6452.310  1.883e-13
6453.580  1.885e-13
6454.850  1.882e-13
6456.120  1.877e-13
6457.390  1.877e-13
6458.660  1.880e-13
6459.930  1.880e-13
6461.200  1.877e-13
6462.470  1.880e-13
6463.750  1.891e-13
6465.020  1.892e-13
6466.290  1.891e-13
6467.560  1.893e-13
6468.830  1.896e-13
6470.100  1.899e-13
6471.370  1.902e-13
6472.640  1.908e-13
6473.910  1.914e-13
6475.180  1.922e-13
6476.450  1.926e-13
6477.730  1.922e-13
6479.000  1.915e-13
6480.270  1.914e-13
6481.540  1.915e-13
6482.810  1.918e-13
6484.080  1.925e-13
6485.350  1.921e-13
6486.620  1.916e-13
6487.890  1.917e-13
6489.160  1.915e-13
6490.430  1.915e-13
6491.710  1.914e-13
6492.980  1.907e-13
6494.250  1.901e-13
6495.520  1.894e-13
6496.790  1.892e-13
6498.060  1.899e-13
6499.330  1.915e-13
6500.600  1.936e-13
6501.870  1.935e-13
6503.140  1.933e-13
6504.410  1.932e-13
6505.690  1.936e-13
6506.960  1.941e-13
6508.230  1.949e-13
6509.500  1.953e-13
6510.770  1.946e-13
6512.040  1.942e-13
6513.310  1.939e-13
6514.580  1.932e-13
6515.850  1.927e-13
6517.120  1.922e-13
6518.390  1.930e-13
6519.670  1.925e-13
6520.940  1.919e-13
6522.210  1.920e-13
6523.480  1.914e-13
6524.750  1.906e-13
6526.020  1.913e-13
6527.290  1.919e-13
6528.560  1.911e-13
6529.830  1.899e-13
6531.100  1.899e-13
6532.370  1.903e-13
6533.650  1.893e-13
6534.920  1.879e-13
6536.190  1.872e-13
6537.460  1.874e-13
6538.730  1.878e-13
6540.000  1.869e-13
6541.270  1.859e-13
6542.540  1.870e-13
6543.810  1.888e-13
6545.080  1.886e-13
6546.350  1.872e-13
6547.630  1.871e-13
6548.900  1.881e-13
6550.170  1.877e-13
6551.440  1.866e-13
6552.710  1.876e-13
6553.980  1.882e-13
6555.250  1.883e-13
6556.520  1.878e-13
6557.790  1.864e-13
6559.060  1.862e-13
6560.330  1.862e-13
6561.610  1.858e-13
6562.880  1.855e-13
6564.150  1.843e-13
6565.420  1.836e-13
6566.690  1.832e-13
6567.960  1.834e-13
6569.230  1.835e-13
6570.500  1.840e-13
6571.770  1.839e-13
6573.040  1.835e-13
6574.310  1.839e-13
6575.590  1.841e-13
6576.860  1.840e-13
6578.130  1.832e-13
6579.400  1.822e-13
6580.670  1.818e-13
6581.940  1.812e-13
6583.210  1.800e-13
6584.480  1.790e-13
6585.750  1.783e-13
6587.020  1.782e-13
6588.290  1.772e-13
6589.570  1.763e-13
6590.840  1.760e-13
6592.110  1.766e-13
6593.380  1.771e-13
6594.650  1.773e-13
6595.920  1.766e-13
6597.190  1.752e-13
6598.460  1.738e-13
6599.730  1.744e-13
6601.000  1.754e-13
6602.270  1.748e-13
6603.550  1.744e-13
6604.820  1.745e-13
6606.090  1.746e-13
6607.360  1.746e-13
6608.630  1.738e-13
6609.900  1.732e-13
6611.170  1.730e-13
6612.440  1.717e-13
6613.710  1.697e-13
6614.980  1.677e-13
6616.250  1.656e-13
6617.530  1.644e-13
6618.800  1.642e-13
6620.070  1.648e-13
6621.340  1.666e-13
6622.610  1.684e-13
6623.880  1.680e-13
6625.150  1.674e-13
6626.420  1.683e-13
6627.690  1.686e-13
6628.960  1.677e-13
6630.230  1.669e-13
6631.500  1.661e-13
6632.780  1.659e-13
6634.050  1.659e-13
6635.320  1.657e-13
6636.590  1.659e-13
6637.860  1.664e-13
6639.130  1.664e-13
6640.400  1.658e-13
6641.670  1.653e-13
6642.940  1.652e-13
6644.210  1.638e-13
6645.480  1.622e-13
6646.760  1.621e-13
6648.030  1.626e-13
6649.300  1.628e-13
6650.570  1.623e-13
6651.840  1.615e-13
6653.110  1.618e-13
6654.380  1.632e-13
6655.650  1.630e-13
6656.920  1.611e-13
6658.190  1.600e-13
6659.460  1.610e-13
6660.740  1.612e-13
6662.010  1.600e-13
6663.280  1.600e-13
6664.550  1.603e-13
6665.820  1.601e-13
6667.090  1.599e-13
6668.360  1.596e-13
6669.630  1.588e-13
6670.900  1.587e-13
6672.170  1.600e-13
6673.440  1.602e-13
6674.720  1.591e-13
6675.990  1.588e-13
6677.260  1.587e-13
6678.530  1.588e-13
6679.800  1.591e-13
6681.070  1.592e-13
6682.340  1.594e-13
6683.610  1.594e-13
6684.880  1.590e-13
6686.150  1.588e-13
6687.420  1.594e-13
6688.700  1.594e-13
6689.970  1.595e-13
6691.240  1.592e-13
6692.510  1.581e-13
6693.780  1.572e-13
6695.050  1.572e-13
6696.320  1.567e-13
6697.590  1.549e-13
6698.860  1.538e-13
6700.130  1.542e-13
6701.400  1.539e-13
6702.680  1.530e-13
6703.950  1.526e-13
6705.220  1.536e-13
6706.490  1.543e-13
6707.760  1.534e-13
6709.030  1.534e-13
6710.300  1.539e-13
6711.570  1.542e-13
6712.840  1.531e-13
6714.110  1.529e-13
6715.380  1.527e-13
6716.660  1.518e-13
6717.930  1.508e-13
6719.200  1.509e-13
6720.470  1.523e-13
6721.740  1.532e-13
6723.010  1.535e-13
6724.280  1.533e-13
6725.550  1.524e-13
6726.820  1.515e-13
6728.090  1.504e-13
6729.360  1.500e-13
6730.640  1.505e-13
6731.910  1.498e-13
6733.180  1.485e-13
6734.450  1.491e-13
6735.720  1.496e-13
6736.990  1.498e-13
6738.260  1.498e-13
6739.530  1.494e-13
6740.800  1.494e-13
6742.070  1.495e-13
6743.340  1.495e-13
6744.620  1.496e-13
6745.890  1.487e-13
6747.160  1.475e-13
6748.430  1.478e-13
6749.700  1.487e-13
6750.970  1.485e-13
6752.240  1.478e-13
6753.510  1.478e-13
6754.780  1.484e-13
6756.050  1.483e-13
6757.320  1.488e-13
6758.600  1.492e-13
6759.870  1.495e-13
6761.140  1.504e-13
6762.410  1.504e-13
6763.680  1.499e-13
6764.950  1.492e-13
6766.220  1.487e-13
6767.490  1.486e-13
6768.760  1.493e-13
6770.030  1.487e-13
6771.300  1.473e-13
6772.580  1.474e-13
6773.850  1.483e-13
6775.120  1.486e-13
6776.390  1.483e-13
6777.660  1.490e-13
6778.930  1.491e-13
6780.200  1.482e-13
6781.470  1.481e-13
6782.740  1.482e-13
6784.010  1.485e-13
6785.280  1.494e-13
6786.560  1.498e-13
6787.830  1.496e-13
6789.100  1.492e-13
6790.370  1.496e-13
6791.640  1.496e-13
6792.910  1.494e-13
6794.180  1.498e-13
6795.450  1.495e-13
6796.720  1.485e-13
6797.990  1.495e-13
6799.260  1.505e-13
6800.540  1.497e-13
6801.810  1.494e-13
6803.080  1.507e-13
6804.350  1.507e-13
6805.620  1.495e-13
6806.890  1.497e-13
6808.160  1.511e-13
6809.430  1.514e-13
6810.700  1.508e-13
6811.970  1.503e-13
6813.240  1.504e-13
6814.520  1.509e-13
6815.790  1.506e-13
6817.060  1.504e-13
6818.330  1.511e-13
6819.600  1.518e-13
6820.870  1.518e-13
6822.140  1.515e-13
6823.410  1.515e-13
6824.680  1.515e-13
6825.950  1.513e-13
6827.220  1.513e-13
6828.490  1.519e-13
6829.770  1.525e-13
6831.040  1.519e-13
6832.310  1.511e-13
6833.580  1.510e-13
6834.850  1.513e-13
6836.120  1.513e-13
6837.390  1.504e-13
6838.660  1.498e-13
6839.930  1.496e-13
6841.200  1.495e-13
6842.470  1.497e-13
6843.750  1.503e-13
6845.020  1.498e-13
6846.290  1.483e-13
6847.560  1.482e-13
6848.830  1.477e-13
6850.100  1.479e-13
6851.370  1.486e-13
6852.640  1.480e-13
6853.910  1.479e-13
6855.180  1.480e-13
6856.450  1.486e-13
6857.730  1.488e-13
6859.000  1.479e-13
6860.270  1.479e-13
6861.540  1.480e-13
6862.810  1.469e-13
6864.080  1.438e-13
6865.350  1.393e-13
6866.620  1.344e-13
6867.890  1.284e-13
6869.160  1.206e-13
6870.430  1.141e-13
6871.710  1.132e-13
6872.980  1.155e-13
6874.250  1.180e-13
6875.520  1.208e-13
6876.790  1.243e-13
6878.060  1.290e-13
6879.330  1.325e-13
6880.600  1.351e-13
6881.870  1.380e-13
6883.140  1.394e-13
6884.410  1.390e-13
6885.690  1.369e-13
6886.960  1.355e-13
6888.230  1.335e-13
6889.500  1.326e-13
6890.770  1.326e-13
6892.040  1.319e-13
6893.310  1.335e-13
6894.580  1.345e-13
6895.850  1.344e-13
6897.120  1.348e-13
6898.390  1.345e-13
6899.670  1.347e-13
6900.940  1.364e-13
6902.210  1.362e-13
6903.480  1.364e-13
6904.750  1.386e-13
6906.020  1.393e-13
6907.290  1.387e-13
6908.560  1.403e-13
6909.830  1.416e-13
6911.100  1.408e-13
6912.370  1.405e-13
6913.650  1.414e-13
6914.920  1.417e-13
6916.190  1.410e-13
6917.460  1.422e-13
6918.730  1.433e-13
6920.000  1.417e-13
6921.270  1.415e-13
6922.540  1.431e-13
6923.810  1.431e-13
6925.080  1.420e-13
6926.350  1.414e-13
6927.630  1.437e-13
6928.900  1.451e-13
6930.170  1.445e-13
6931.440  1.441e-13
6932.710  1.442e-13
6933.980  1.447e-13
6935.250  1.447e-13
6936.520  1.444e-13
6937.790  1.440e-13
6939.060  1.439e-13
6940.330  1.437e-13
6941.610  1.443e-13
6942.880  1.448e-13
6944.150  1.439e-13
6945.420  1.436e-13
6946.690  1.434e-13
6947.960  1.427e-13
6949.230  1.424e-13
6950.500  1.411e-13
6951.770  1.403e-13
6953.040  1.409e-13
6954.310  1.422e-13
6955.590  1.420e-13
6956.860  1.412e-13
6958.130  1.412e-13
6959.400  1.411e-13
6960.670  1.415e-13
6961.940  1.410e-13
6963.210  1.404e-13
6964.480  1.405e-13
6965.750  1.405e-13
6967.020  1.412e-13
6968.290  1.414e-13
6969.570  1.411e-13
6970.840  1.412e-13
6972.110  1.418e-13
6973.380  1.417e-13
6974.650  1.401e-13
6975.920  1.397e-13
6977.190  1.411e-13
6978.460  1.406e-13
6979.730  1.395e-13
6981.000  1.408e-13
6982.270  1.422e-13
6983.550  1.411e-13
6984.820  1.409e-13
6986.090  1.407e-13
6987.360  1.401e-13
6988.630  1.405e-13
6989.900  1.403e-13
6991.170  1.404e-13
6992.440  1.409e-13
6993.710  1.407e-13
6994.980  1.398e-13
6996.250  1.393e-13
6997.530  1.392e-13
6998.800  1.395e-13
7000.070  1.401e-13
7001.340  1.396e-13
7002.610  1.399e-13
7003.880  1.403e-13
7005.150  1.405e-13
7006.420  1.409e-13
7007.690  1.406e-13
7008.960  1.405e-13
7010.230  1.405e-13
7011.500  1.410e-13
7012.780  1.413e-13
7014.050  1.400e-13
7015.320  1.399e-13
7016.590  1.399e-13
7017.860  1.398e-13
7019.130  1.397e-13
7020.400  1.397e-13
7021.670  1.400e-13
7022.940  1.400e-13
7024.210  1.388e-13
7025.480  1.386e-13
7026.760  1.383e-13
7028.030  1.385e-13
7029.300  1.390e-13
7030.570  1.384e-13
7031.840  1.384e-13
7033.110  1.391e-13
7034.380  1.393e-13
7035.650  1.397e-13
7036.920  1.402e-13
7038.190  1.406e-13
7039.460  1.404e-13
7040.740  1.404e-13
7042.010  1.403e-13
7043.280  1.409e-13
7044.550  1.413e-13
7045.820  1.415e-13
7047.090  1.409e-13
7048.360  1.409e-13
7049.630  1.414e-13
7050.900  1.406e-13
7052.170  1.393e-13
7053.440  1.388e-13
7054.720  1.392e-13
7055.990  1.386e-13
7057.260  1.383e-13
7058.530  1.392e-13
7059.800  1.400e-13
7061.070  1.401e-13
7062.340  1.400e-13
7063.610  1.400e-13
7064.880  1.392e-13
7066.150  1.384e-13
7067.420  1.393e-13
7068.700  1.401e-13
7069.970  1.397e-13
7071.240  1.398e-13
7072.510  1.404e-13
7073.780  1.408e-13
7075.050  1.410e-13
7076.320  1.419e-13
7077.590  1.427e-13
7078.860  1.423e-13
7080.130  1.420e-13
7081.400  1.416e-13
7082.680  1.412e-13
7083.950  1.417e-13
7085.220  1.411e-13
7086.490  1.405e-13
7087.760  1.415e-13
7089.030  1.422e-13
7090.300  1.428e-13
7091.570  1.425e-13
7092.840  1.420e-13
7094.110  1.425e-13
7095.380  1.426e-13
7096.660  1.424e-13
7097.930  1.420e-13
7099.200  1.412e-13
7100.470  1.410e-13
7101.740  1.416e-13
7103.010  1.415e-13
7104.280  1.415e-13
7105.550  1.420e-13
7106.820  1.423e-13
7108.090  1.422e-13
7109.360  1.417e-13
7110.640  1.414e-13
7111.910  1.414e-13
7113.180  1.416e-13
7114.450  1.413e-13
7115.720  1.403e-13
7116.990  1.398e-13
7118.260  1.401e-13
7119.530  1.401e-13
7120.800  1.383e-13
7122.070  1.376e-13
7123.340  1.386e-13
7124.620  1.388e-13
7125.890  1.391e-13
7127.160  1.397e-13
7128.430  1.396e-13
7129.700  1.394e-13
7130.970  1.396e-13
7132.240  1.396e-13
7133.510  1.392e-13
7134.780  1.391e-13
7136.050  1.396e-13
7137.320  1.402e-13
7138.600  1.402e-13
7139.870  1.397e-13
7141.140  1.397e-13
7142.410  1.401e-13
7143.680  1.396e-13
7144.950  1.395e-13
7146.220  1.401e-13
7147.490  1.401e-13
7148.760  1.396e-13
7150.030  1.399e-13
7151.300  1.403e-13
7152.580  1.404e-13
7153.850  1.408e-13
7155.120  1.406e-13
7156.390  1.395e-13
7157.660  1.396e-13
7158.930  1.402e-13
7160.200  1.399e-13
7161.470  1.395e-13
7162.740  1.398e-13
7164.010  1.409e-13
7165.280  1.405e-13
7166.560  1.400e-13
7167.830  1.400e-13
7169.100  1.402e-13
7170.370  1.401e-13
7171.640  1.396e-13
7172.910  1.388e-13
7174.180  1.387e-13
7175.450  1.398e-13
7176.720  1.399e-13
7177.990  1.384e-13
7179.260  1.385e-13
7180.540  1.393e-13
7181.810  1.397e-13
7183.080  1.389e-13
7184.350  1.389e-13
7185.620  1.393e-13
7186.890  1.383e-13
7188.160  1.374e-13
7189.430  1.375e-13
7190.700  1.384e-13
7191.970  1.390e-13
7193.240  1.391e-13
7194.510  1.386e-13
7195.790  1.391e-13
7197.060  1.402e-13
7198.330  1.406e-13
7199.600  1.404e-13
7200.870  1.394e-13
7202.140  1.393e-13
7203.410  1.404e-13
7204.680  1.410e-13
7205.950  1.404e-13
7207.220  1.401e-13
7208.490  1.406e-13
7209.770  1.422e-13
7211.040  1.444e-13
7212.310  1.461e-13
7213.580  1.475e-13
7214.850  1.469e-13
7216.120  1.463e-13
7217.390  1.474e-13
7218.660  1.479e-13
7219.930  1.480e-13
7221.200  1.480e-13
7222.470  1.478e-13
7223.750  1.461e-13
7225.020  1.446e-13
7226.290  1.442e-13
7227.560  1.440e-13
7228.830  1.432e-13
7230.100  1.426e-13
7231.370  1.441e-13
7232.640  1.451e-13
7233.910  1.450e-13
7235.180  1.442e-13
7236.450  1.444e-13
7237.730  1.451e-13
7239.000  1.457e-13
7240.270  1.459e-13
7241.540  1.458e-13
7242.810  1.452e-13
7244.080  1.454e-13
7245.350  1.458e-13
7246.620  1.458e-13
7247.890  1.472e-13
7249.160  1.482e-13
7250.430  1.480e-13
7251.710  1.476e-13
7252.980  1.469e-13
7254.250  1.462e-13
7255.520  1.461e-13
7256.790  1.475e-13
7258.060  1.485e-13
7259.330  1.484e-13
7260.600  1.481e-13
7261.870  1.474e-13
7263.140  1.464e-13
7264.410  1.467e-13
7265.690  1.462e-13
7266.960  1.450e-13
7268.230  1.442e-13
7269.500  1.450e-13
7270.770  1.462e-13
7272.040  1.463e-13
7273.310  1.464e-13
7274.580  1.456e-13
7275.850  1.438e-13
7277.120  1.422e-13
7278.390  1.418e-13
7279.670  1.426e-13
7280.940  1.444e-13
7282.210  1.461e-13
7283.480  1.464e-13
7284.750  1.457e-13
7286.020  1.458e-13
7287.290  1.464e-13
7288.560  1.469e-13
7289.830  1.463e-13
7291.100  1.449e-13
7292.370  1.439e-13
7293.650  1.443e-13
7294.920  1.456e-13
7296.190  1.460e-13
7297.460  1.450e-13
7298.730  1.444e-13
7300.000  1.451e-13
7301.270  1.446e-13
7302.540  1.430e-13
7303.810  1.416e-13
7305.080  1.417e-13
7306.350  1.424e-13
7307.630  1.422e-13
7308.900  1.415e-13
7310.170  1.415e-13
7311.440  1.423e-13
7312.710  1.421e-13
7313.980  1.416e-13
7315.250  1.416e-13
7316.520  1.419e-13
7317.790  1.412e-13
7319.060  1.403e-13
7320.330  1.394e-13
7321.610  1.397e-13
7322.880  1.410e-13
7324.150  1.397e-13
7325.420  1.382e-13
7326.690  1.377e-13
7327.960  1.377e-13
7329.230  1.381e-13
7330.500  1.380e-13
7331.770  1.381e-13
7333.040  1.369e-13
7334.310  1.353e-13
7335.590  1.346e-13
7336.860  1.342e-13
7338.130  1.346e-13
7339.400  1.353e-13
7340.670  1.352e-13
7341.940  1.337e-13
7343.210  1.337e-13
7344.480  1.339e-13
7345.750  1.333e-13
7347.020  1.333e-13
7348.290  1.328e-13
7349.570  1.313e-13
7350.840  1.294e-13
7352.110  1.282e-13
7353.380  1.284e-13
7354.650  1.284e-13
7355.920  1.277e-13
7357.190  1.275e-13
7358.460  1.278e-13
7359.730  1.274e-13
7361.000  1.258e-13
7362.270  1.249e-13
7363.550  1.253e-13
7364.820  1.258e-13
7366.090  1.254e-13
7367.360  1.248e-13
7368.630  1.242e-13
7369.900  1.232e-13
7371.170  1.223e-13
7372.440  1.222e-13
7373.710  1.218e-13
7374.980  1.207e-13
7376.250  1.208e-13
7377.530  1.206e-13
7378.800  1.191e-13
7380.070  1.168e-13
7381.340  1.156e-13
7382.610  1.153e-13
7383.880  1.151e-13
7385.150  1.145e-13
7386.420  1.132e-13
7387.690  1.118e-13
7388.960  1.111e-13
7390.230  1.114e-13
7391.500  1.117e-13
7392.780  1.115e-13
7394.050  1.109e-13
7395.320  1.114e-13
7396.590  1.117e-13
7397.860  1.113e-13
7399.130  1.104e-13
7400.400  1.098e-13
7401.670  1.086e-13
7402.940  1.069e-13
7404.210  1.064e-13
7405.480  1.066e-13
7406.760  1.065e-13
7408.030  1.056e-13
7409.300  1.048e-13
7410.570  1.046e-13
7411.840  1.054e-13
7413.110  1.072e-13
7414.380  1.076e-13
7415.650  1.070e-13
7416.920  1.071e-13
7418.190  1.069e-13
7419.460  1.065e-13
7420.740  1.060e-13
7422.010  1.055e-13
7423.280  1.059e-13
7424.550  1.059e-13
7425.820  1.050e-13
7427.090  1.036e-13
7428.360  1.031e-13
7429.630  1.037e-13
7430.900  1.039e-13
7432.170  1.033e-13
7433.440  1.028e-13
7434.720  1.026e-13
7435.990  1.028e-13
7437.260  1.029e-13
7438.530  1.025e-13
7439.800  1.019e-13
7441.070  1.022e-13
7442.340  1.029e-13
7443.610  1.030e-13
7444.880  1.031e-13
7446.150  1.039e-13
7447.420  1.036e-13
7448.700  1.029e-13
7449.970  1.029e-13
7451.240  1.030e-13
7452.510  1.022e-13
7453.780  1.014e-13
7455.050  1.022e-13
7456.320  1.030e-13
7457.590  1.023e-13
7458.860  1.018e-13
7460.130  1.018e-13
7461.400  1.022e-13
7462.680  1.027e-13
7463.950  1.026e-13
7465.220  1.022e-13
7466.490  1.021e-13
7467.760  1.022e-13
7469.030  1.024e-13
7470.300  1.022e-13
7471.570  1.017e-13
7472.840  1.015e-13
7474.110  1.017e-13
7475.380  1.020e-13
7476.660  1.020e-13
7477.930  1.018e-13
7479.200  1.020e-13
7480.470  1.025e-13
7481.740  1.018e-13
7483.010  1.008e-13
7484.280  1.009e-13
7485.550  1.006e-13
7486.820  9.984e-14
7488.090  9.974e-14
7489.360  1.001e-13
7490.640  9.989e-14
7491.910  1.000e-13
7493.180  9.985e-14
7494.450  9.851e-14
7495.720  9.713e-14
7496.990  9.756e-14
7498.260  9.799e-14
7499.530  9.741e-14
7500.800  9.692e-14
7502.070  9.729e-14
7503.340  9.851e-14
7504.620  9.915e-14
7505.890  9.899e-14
7507.160  9.842e-14
7508.430  9.800e-14
7509.700  9.845e-14
7510.970  9.876e-14
7512.240  9.904e-14
7513.510  9.950e-14
7514.780  9.919e-14
7516.050  9.909e-14
7517.320  9.917e-14
7518.600  9.892e-14
7519.870  9.899e-14
7521.140  9.902e-14
7522.410  9.880e-14
7523.680  9.848e-14
7524.950  9.875e-14
7526.220  9.971e-14
7527.490  9.995e-14
7528.760  9.961e-14
7530.030  9.857e-14
7531.300  9.810e-14
7532.580  9.857e-14
7533.850  9.824e-14
7535.120  9.845e-14
7536.390  9.874e-14
7537.660  9.764e-14
7538.930  9.719e-14
7540.200  9.742e-14
7541.470  9.707e-14
7542.740  9.696e-14
7544.010  9.671e-14
7545.280  9.603e-14
7546.560  9.615e-14
7547.830  9.647e-14
7549.100  9.611e-14
7550.370  9.548e-14
7551.640  9.540e-14
7552.910  9.579e-14
7554.180  9.541e-14
7555.450  9.536e-14
7556.720  9.558e-14
7557.990  9.596e-14
7559.260  9.648e-14
7560.540  9.699e-14
7561.810  9.699e-14
7563.080  9.671e-14
7564.350  9.709e-14
7565.620  9.707e-14
7566.890  9.700e-14
7568.160  9.668e-14
7569.430  9.651e-14
7570.700  9.700e-14
7571.970  9.740e-14
7573.240  9.792e-14
7574.510  9.782e-14
7575.790  9.674e-14
7577.060  9.629e-14
7578.330  9.667e-14
7579.600  9.723e-14
7580.870  9.762e-14
7582.140  9.775e-14
7583.410  9.730e-14
7584.680  9.624e-14
7585.950  9.599e-14
7587.220  9.617e-14
7588.490  9.566e-14
7589.770  9.423e-14
7591.040  9.129e-14
7592.310  8.775e-14
7593.580  8.235e-14
7594.850  7.491e-14
7596.120  6.545e-14
7597.390  5.655e-14
7598.660  4.975e-14
7599.930  4.502e-14
7601.200  4.134e-14
7602.470  3.774e-14
7603.750  3.518e-14
7605.020  3.395e-14
7606.290  3.368e-14
7607.560  3.496e-14
7608.830  3.717e-14
7610.100  3.994e-14
7611.370  4.293e-14
7612.640  4.719e-14
7613.910  5.345e-14
7615.180  5.936e-14
7616.450  6.472e-14
7617.730  7.021e-14
7619.000  7.555e-14
7620.270  7.843e-14
7621.540  7.432e-14
7622.810  6.662e-14
7624.080  6.043e-14
7625.350  5.722e-14
7626.620  5.518e-14
7627.890  5.514e-14
7629.160  5.442e-14
7630.430  5.453e-14
7631.710  5.626e-14
7632.980  5.554e-14
7634.250  5.551e-14
7635.520  5.832e-14
7636.790  5.873e-14
7638.060  5.853e-14
7639.330  6.153e-14
7640.600  6.354e-14
7641.870  6.315e-14
7643.140  6.515e-14
7644.410  6.890e-14
7645.690  6.907e-14
7646.960  6.783e-14
7648.230  7.082e-14
7649.500  7.445e-14
7650.770  7.363e-14
7652.040  7.294e-14
7653.310  7.631e-14
7654.580  7.853e-14
7655.850  7.671e-14
7657.120  7.671e-14
7658.390  8.140e-14
7659.670  8.446e-14
7660.940  8.217e-14
7662.210  7.996e-14
7663.480  8.108e-14
7664.750  8.232e-14
7666.020  8.026e-14
7667.290  7.744e-14
7668.560  7.681e-14
7669.830  7.796e-14
7671.100  8.042e-14
7672.370  8.247e-14
7673.650  8.382e-14
7674.920  8.559e-14
7676.190  8.710e-14
7677.460  8.698e-14
7678.730  8.591e-14
7680.000  8.654e-14
7681.270  8.736e-14
7682.540  8.675e-14
7683.810  8.614e-14
7685.080  8.671e-14
7686.350  8.872e-14
7687.630  8.992e-14
7688.900  8.930e-14
7690.170  8.931e-14
7691.440  9.023e-14
7692.710  9.067e-14
7693.980  9.041e-14
7695.250  9.101e-14
7696.520  9.149e-14
7697.790  9.082e-14
7699.060  8.994e-14
7700.330  8.898e-14
7701.610  8.754e-14
7702.880  8.572e-14
7704.150  8.503e-14
7705.420  8.664e-14
7706.690  8.897e-14
7707.960  9.087e-14
7709.230  9.185e-14
7710.500  9.149e-14
7711.770  9.031e-14
7713.040  9.072e-14
7714.310  9.162e-14
7715.590  9.138e-14
7716.860  9.089e-14
7718.130  9.109e-14
7719.400  9.132e-14
7720.670  9.130e-14
7721.940  9.182e-14
7723.210  9.201e-14
7724.480  9.175e-14
7725.750  9.106e-14
7727.020  9.064e-14
7728.290  9.200e-14
7729.570  9.361e-14
7730.840  9.388e-14
7732.110  9.363e-14
7733.380  9.358e-14
7734.650  9.380e-14
7735.920  9.370e-14
7737.190  9.380e-14
7738.460  9.405e-14
7739.730  9.413e-14
7741.000  9.445e-14
7742.270  9.517e-14
7743.550  9.511e-14
7744.820  9.487e-14
7746.090  9.544e-14
7747.360  9.474e-14
7748.630  9.432e-14
7749.900  9.492e-14
7751.170  9.509e-14
7752.440  9.473e-14
7753.710  9.498e-14
7754.980  9.577e-14
7756.250  9.592e-14
7757.530  9.584e-14
7758.800  9.578e-14
7760.070  9.626e-14
7761.340  9.674e-14
7762.610  9.750e-14
7763.880  9.755e-14
7765.150  9.672e-14
7766.420  9.709e-14
7767.690  9.822e-14
7768.960  9.876e-14
7770.230  9.795e-14
7771.500  9.818e-14
7772.780  9.981e-14
7774.050  1.009e-13
7775.320  1.005e-13
7776.590  1.002e-13
7777.860  1.006e-13
7779.130  1.013e-13
7780.400  1.023e-13
7781.670  1.025e-13
7782.940  1.025e-13
7784.210  1.026e-13
7785.480  1.032e-13
7786.760  1.040e-13
7788.030  1.037e-13
7789.300  1.032e-13
7790.570  1.027e-13
7791.840  1.024e-13
7793.110  1.025e-13
7794.380  1.021e-13
7795.650  1.019e-13
7796.920  1.023e-13
7798.190  1.022e-13
7799.460  1.015e-13
7800.740  1.013e-13
7802.010  1.021e-13
7803.280  1.033e-13
7804.550  1.040e-13
7805.820  1.041e-13
7807.090  1.053e-13
7808.360  1.064e-13
7809.630  1.063e-13
7810.900  1.064e-13
7812.170  1.064e-13
7813.440  1.072e-13
7814.720  1.072e-13
7815.990  1.069e-13
7817.260  1.071e-13
7818.530  1.076e-13
7819.800  1.085e-13
7821.070  1.086e-13
7822.340  1.082e-13
7823.610  1.090e-13
7824.880  1.094e-13
7826.150  1.087e-13
7827.420  1.079e-13
7828.700  1.070e-13
7829.970  1.063e-13
7831.240  1.055e-13
7832.510  1.046e-13
7833.780  1.054e-13
7835.050  1.070e-13
7836.320  1.072e-13
7837.590  1.075e-13
7838.860  1.079e-13
7840.130  1.082e-13
7841.400  1.082e-13
7842.680  1.086e-13
7843.950  1.090e-13
7845.220  1.088e-13
7846.490  1.087e-13
7847.760  1.094e-13
7849.030  1.101e-13
7850.300  1.093e-13
7851.570  1.093e-13
7852.840  1.097e-13
7854.110  1.096e-13
7855.380  1.096e-13
7856.660  1.097e-13
7857.930  1.095e-13
7859.200  1.086e-13
7860.470  1.080e-13
7861.740  1.085e-13
7863.010  1.083e-13
7864.280  1.074e-13
7865.550  1.074e-13
7866.820  1.082e-13
7868.090  1.083e-13
7869.360  1.076e-13
7870.640  1.081e-13
7871.910  1.087e-13
7873.180  1.087e-13
7874.450  1.085e-13
7875.720  1.086e-13
7876.990  1.096e-13
7878.260  1.101e-13
7879.530  1.104e-13
7880.800  1.101e-13
7882.070  1.105e-13
7883.340  1.112e-13
7884.620  1.114e-13
7885.890  1.109e-13
7887.160  1.106e-13
7888.430  1.111e-13
7889.700  1.104e-13
7890.970  1.093e-13
7892.240  1.091e-13
7893.510  1.091e-13
7894.780  1.085e-13
7896.050  1.080e-13
7897.320  1.078e-13
7898.600  1.076e-13
7899.870  1.077e-13
7901.140  1.078e-13
7902.410  1.068e-13
7903.680  1.058e-13
7904.950  1.057e-13
7906.220  1.060e-13
7907.490  1.060e-13
7908.760  1.052e-13
7910.030  1.048e-13
7911.300  1.058e-13
7912.580  1.068e-13
7913.850  1.066e-13
7915.120  1.058e-13
7916.390  1.060e-13
7917.660  1.068e-13
7918.930  1.071e-13
7920.200  1.069e-13
7921.470  1.067e-13
7922.740  1.065e-13
7924.010  1.062e-13
7925.280  1.066e-13
7926.560  1.065e-13
7927.830  1.059e-13
7929.100  1.067e-13
7930.370  1.073e-13
7931.640  1.070e-13
7932.910  1.069e-13
7934.180  1.059e-13
7935.450  1.047e-13
7936.720  1.047e-13
7937.990  1.056e-13
7939.260  1.056e-13
7940.540  1.040e-13
7941.810  1.029e-13
7943.080  1.033e-13
7944.350  1.030e-13
7945.620  1.013e-13
7946.890  1.006e-13
7948.160  1.014e-13
7949.430  1.011e-13
7950.700  1.002e-13
7951.970  1.007e-13
7953.240  1.011e-13
7954.510  1.001e-13
7955.790  9.935e-14
7957.060  9.995e-14
7958.330  1.000e-13
7959.600  9.935e-14
7960.870  9.952e-14
7962.140  9.992e-14
7963.410  9.971e-14
7964.680  9.931e-14
7965.950  9.874e-14
7967.220  9.860e-14
7968.490  9.883e-14
7969.770  9.801e-14
7971.040  9.753e-14
7972.310  9.813e-14
7973.580  9.846e-14
7974.850  9.863e-14
7976.120  9.855e-14
7977.390  9.745e-14
7978.660  9.647e-14
7979.930  9.610e-14
7981.200  9.594e-14
7982.470  9.565e-14
7983.750  9.468e-14
7985.020  9.374e-14
7986.290  9.348e-14
7987.560  9.307e-14
7988.830  9.253e-14
7990.100  9.210e-14
7991.370  9.138e-14
7992.640  9.025e-14
7993.910  8.988e-14
7995.180  9.004e-14
7996.450  8.967e-14
7997.730  8.946e-14
7999.000  8.921e-14
8000.270  8.827e-14
8001.540  8.760e-14
8002.810  8.831e-14
8004.080  8.892e-14
8005.350  8.862e-14
8006.620  8.901e-14
8007.890  8.844e-14
8009.160  8.744e-14
8010.430  8.760e-14
8011.710  8.827e-14
8012.980  8.802e-14
8014.250  8.757e-14
8015.520  8.751e-14
8016.790  8.710e-14
8018.060  8.645e-14
8019.330  8.629e-14
8020.600  8.579e-14
8021.870  8.446e-14
8023.140  8.374e-14
8024.410  8.366e-14
8025.690  8.326e-14
8026.960  8.293e-14
8028.230  8.244e-14
8029.500  8.142e-14
8030.770  8.051e-14
8032.040  8.033e-14
8033.310  8.009e-14
8034.580  7.953e-14
8035.850  7.853e-14
8037.120  7.728e-14
8038.390  7.694e-14
8039.670  7.729e-14
8040.940  7.705e-14
8042.210  7.602e-14
8043.480  7.558e-14
8044.750  7.603e-14
8046.020  7.570e-14
8047.290  7.495e-14
8048.560  7.460e-14
8049.830  7.489e-14
8051.100  7.483e-14
8052.370  7.424e-14
8053.650  7.416e-14
8054.920  7.373e-14
8056.190  7.245e-14
8057.460  7.213e-14
8058.730  7.256e-14
8060.000  7.188e-14
8061.270  7.010e-14
8062.540  6.878e-14
8063.810  6.780e-14
8065.080  6.741e-14
8066.350  6.725e-14
8067.630  6.628e-14
8068.900  6.489e-14
8070.170  6.432e-14
8071.440  6.400e-14
8072.710  6.282e-14
8073.980  6.185e-14
8075.250  6.184e-14
8076.520  6.165e-14
8077.790  6.067e-14
8079.060  5.945e-14
8080.330  5.901e-14
8081.610  5.846e-14
8082.880  5.759e-14
8084.150  5.658e-14
8085.420  5.555e-14
8086.690  5.472e-14
8087.960  5.423e-14
8089.230  5.363e-14
8090.500  5.264e-14
8091.770  5.233e-14
8093.040  5.195e-14
8094.310  5.080e-14
8095.590  4.985e-14
8096.860  4.990e-14
8098.130  4.963e-14
8099.400  4.899e-14
8100.670  4.852e-14
8101.940  4.789e-14
8103.210  4.745e-14
8104.480  4.778e-14
8105.750  4.783e-14
8107.020  4.698e-14
8108.290  4.609e-14
8109.570  4.515e-14
8110.840  4.458e-14
8112.110  4.383e-14
8113.380  4.338e-14
8114.650  4.364e-14
8115.920  4.389e-14
8117.190  4.334e-14
8118.460  4.221e-14
8119.730  4.100e-14
8121.000  4.033e-14
8122.270  4.045e-14
8123.550  4.022e-14
8124.820  3.962e-14
8126.090  3.901e-14
8127.360  3.820e-14
8128.630  3.746e-14
8129.900  3.709e-14
8131.170  3.674e-14
8132.440  3.582e-14
8133.710  3.542e-14
8134.980  3.557e-14
8136.250  3.520e-14
8137.530  3.507e-14
8138.800  3.481e-14
8140.070  3.376e-14
8141.340  3.295e-14
8142.610  3.255e-14
8143.880  3.258e-14
8145.150  3.242e-14
8146.420  3.205e-14
8147.690  3.142e-14
8148.960  3.116e-14
8150.230  3.173e-14
8151.500  3.227e-14
8152.780  3.212e-14
8154.050  3.132e-14
8155.320  3.065e-14
8156.590  3.028e-14
8157.860  3.032e-14
8159.130  3.046e-14
8160.400  3.022e-14
8161.670  3.001e-14
8162.940  2.952e-14
8164.210  2.852e-14
8165.480  2.807e-14
8166.760  2.851e-14
8168.030  2.893e-14
8169.300  2.893e-14
8170.570  2.849e-14
8171.840  2.766e-14
8173.110  2.733e-14
8174.380  2.767e-14
8175.650  2.764e-14
8176.920  2.693e-14
8178.190  2.659e-14
8179.460  2.649e-14
8180.740  2.605e-14
8182.010  2.577e-14
8183.280  2.583e-14
8184.550  2.608e-14
8185.820  2.609e-14
8187.090  2.589e-14
8188.360  2.601e-14
8189.630  2.625e-14
8190.900  2.620e-14
8192.170  2.571e-14
8193.440  2.520e-14
8194.720  2.530e-14
8195.990  2.590e-14
8197.260  2.633e-14
8198.530  2.641e-14
8199.800  2.634e-14
8201.070  2.605e-14
8202.340  2.632e-14
8203.610  2.712e-14
8204.880  2.704e-14
8206.150  2.660e-14
8207.420  2.634e-14
8208.700  2.617e-14
8209.970  2.626e-14
8211.240  2.632e-14
8212.510  2.625e-14
8213.780  2.617e-14
8215.050  2.605e-14
8216.320  2.604e-14
8217.590  2.600e-14
8218.860  2.574e-14
8220.130  2.584e-14
8221.400  2.592e-14
8222.680  2.562e-14
8223.950  2.530e-14
8225.220  2.515e-14
8226.490  2.515e-14
8227.760  2.513e-14
8229.030  2.509e-14
8230.300  2.494e-14
8231.570  2.537e-14
8232.840  2.596e-14
8234.110  2.625e-14
8235.380  2.651e-14
8236.660  2.676e-14
8237.930  2.648e-14
8239.200  2.606e-14
8240.470  2.621e-14
8241.740  2.645e-14
8243.010  2.656e-14
8244.280  2.607e-14
8245.550  2.600e-14
8246.820  2.649e-14
8248.090  2.680e-14
8249.360  2.692e-14
8250.640  2.642e-14
8251.910  2.601e-14
8253.180  2.647e-14
8254.450  2.648e-14
8255.720  2.606e-14
8256.990  2.614e-14
8258.260  2.633e-14
8259.530  2.624e-14
8260.800  2.612e-14
8262.070  2.604e-14
8263.340  2.615e-14
8264.620  2.670e-14
8265.890  2.723e-14
8267.160  2.731e-14
8268.430  2.709e-14
8269.700  2.695e-14
8270.970  2.740e-14
8272.240  2.793e-14
8273.510  2.793e-14
8274.780  2.720e-14
8276.050  2.690e-14
8277.320  2.750e-14
8278.600  2.789e-14
8279.870  2.784e-14
8281.140  2.790e-14
8282.410  2.783e-14
8283.680  2.770e-14
8284.950  2.774e-14
8286.220  2.764e-14
8287.490  2.784e-14
8288.760  2.773e-14
8290.030  2.742e-14
8291.300  2.769e-14
8292.580  2.820e-14
8293.850  2.830e-14
8295.120  2.846e-14
8296.390  2.891e-14
8297.660  2.936e-14
8298.930  2.989e-14
8300.200  2.956e-14
8301.470  2.929e-14
8302.740  2.954e-14
8304.010  3.009e-14
8305.280  3.095e-14
8306.560  3.097e-14
8307.830  3.019e-14
8309.100  3.048e-14
8310.370  3.130e-14
8311.640  3.197e-14
8312.910  3.244e-14
8314.180  3.209e-14
8315.450  3.165e-14
8316.720  3.152e-14
8317.990  3.216e-14
8319.260  3.313e-14
8320.540  3.323e-14
8321.810  3.279e-14
8323.080  3.276e-14
8324.350  3.353e-14
8325.620  3.432e-14
8326.890  3.481e-14
8328.160  3.515e-14
8329.430  3.533e-14
8330.700  3.511e-14
8331.970  3.491e-14
8333.240  3.529e-14
8334.510  3.577e-14
8335.790  3.614e-14
8337.060  3.661e-14
8338.330  3.665e-14
8339.600  3.720e-14
8340.870  3.815e-14
8342.140  3.775e-14
8343.410  3.727e-14
8344.680  3.780e-14
8345.950  3.851e-14
8347.220  3.876e-14
8348.490  3.855e-14
8349.770  3.874e-14
8351.040  3.866e-14
8352.310  3.890e-14
8353.580  3.958e-14
8354.850  3.960e-14
8356.120  3.931e-14
8357.390  3.971e-14
8358.660  4.050e-14
8359.930  4.097e-14
8361.200  4.124e-14
8362.470  4.167e-14
8363.750  4.201e-14
8365.020  4.212e-14
8366.290  4.236e-14
8367.560  4.304e-14
8368.830  4.407e-14
8370.100  4.461e-14
8371.370  4.454e-14
8372.640  4.468e-14
8373.910  4.534e-14
8375.180  4.627e-14
8376.450  4.694e-14
8377.730  4.786e-14
8379.000  4.853e-14
8380.270  4.865e-14
8381.540  4.951e-14
8382.810  5.059e-14
8384.080  5.062e-14
8385.350  5.098e-14
8386.620  5.212e-14
8387.890  5.210e-14
8389.160  5.166e-14
8390.430  5.239e-14
8391.710  5.296e-14
8392.980  5.334e-14
8394.250  5.452e-14
8395.520  5.536e-14
8396.790  5.542e-14
8398.060  5.589e-14
8399.330  5.681e-14
8400.600  5.728e-14
8401.870  5.702e-14
8403.140  5.800e-14
8404.410  5.952e-14
8405.690  6.035e-14
8406.960  6.075e-14
8408.230  6.078e-14
8409.500  6.100e-14
8410.770  6.222e-14
8412.040  6.341e-14
8413.310  6.384e-14
8414.580  6.403e-14
8415.850  6.437e-14
8417.120  6.531e-14
8418.390  6.627e-14
8419.670  6.682e-14
8420.940  6.715e-14
8422.210  6.764e-14
8423.480  6.860e-14
8424.750  6.901e-14
8426.020  6.893e-14
8427.290  6.879e-14
8428.560  6.926e-14
8429.830  7.022e-14
8431.100  7.063e-14
8432.370  7.060e-14
8433.650  7.149e-14
8434.920  7.312e-14
8436.190  7.347e-14
8437.460  7.300e-14
8438.730  7.374e-14
8440.000  7.445e-14
8441.270  7.481e-14
8442.540  7.487e-14
8443.810  7.497e-14
8445.080  7.558e-14
8446.350  7.589e-14
8447.630  7.627e-14
8448.900  7.746e-14
8450.170  7.898e-14
8451.440  7.974e-14
8452.710  8.028e-14
8453.980  8.064e-14
8455.250  8.051e-14
8456.520  8.040e-14
8457.790  8.049e-14
8459.060  8.070e-14
8460.330  8.148e-14
8461.610  8.232e-14
8462.880  8.228e-14
8464.150  8.226e-14
8465.420  8.259e-14
8466.690  8.262e-14
8467.960  8.281e-14
8469.230  8.332e-14
8470.500  8.320e-14
8471.770  8.293e-14
8473.040  8.264e-14
8474.310  8.192e-14
8475.590  8.175e-14
8476.860  8.239e-14
8478.130  8.309e-14
8479.400  8.326e-14
8480.670  8.345e-14
8481.940  8.401e-14
8483.210  8.412e-14
8484.480  8.436e-14
8485.750  8.492e-14
8487.020  8.556e-14
8488.290  8.603e-14
8489.570  8.647e-14
8490.840  8.673e-14
8492.110  8.640e-14
8493.380  8.633e-14
8494.650  8.697e-14
8495.920  8.750e-14
8497.190  8.819e-14
8498.460  8.838e-14
8499.730  8.830e-14
8501.000  8.870e-14
8502.270  8.933e-14
8503.550  8.972e-14
8504.820  8.957e-14
8506.090  8.916e-14
8507.360  8.968e-14
8508.630  9.049e-14
8509.900  9.002e-14
8511.170  8.945e-14
8512.440  8.972e-14
8513.710  8.985e-14
8514.980  8.946e-14
8516.250  8.959e-14
8517.530  9.022e-14
8518.800  8.992e-14
8520.070  8.941e-14
8521.340  8.945e-14
8522.610  9.000e-14
8523.880  8.992e-14
8525.150  8.889e-14
8526.420  8.815e-14
8527.690  8.829e-14
8528.960  8.889e-14
8530.230  8.888e-14
8531.500  8.884e-14
8532.780  8.895e-14
8534.050  8.939e-14
8535.320  9.036e-14
8536.590  9.085e-14
8537.860  9.101e-14
8539.130  9.214e-14
8540.400  9.276e-14
8541.670  9.162e-14
8542.940  9.035e-14
8544.210  9.026e-14
8545.480  9.089e-14
8546.760  9.138e-14
8548.030  9.154e-14
8549.300  9.166e-14
8550.570  9.175e-14
8551.840  9.192e-14
8553.110  9.172e-14
8554.380  9.095e-14
8555.650  9.118e-14
8556.920  9.205e-14
8558.190  9.171e-14
8559.460  9.079e-14
8560.740  9.087e-14
8562.010  9.146e-14
8563.280  9.104e-14
8564.550  9.009e-14
8565.820  9.002e-14
8567.090  9.037e-14
8568.360  8.998e-14
8569.630  8.993e-14
8570.900  9.047e-14
8572.170  9.035e-14
8573.440  9.096e-14
8574.720  9.185e-14
8575.990  9.246e-14
8577.260  9.293e-14
8578.530  9.241e-14
8579.800  9.111e-14
8581.070  9.041e-14
8582.340  9.042e-14
8583.610  9.113e-14
8584.880  9.192e-14
8586.150  9.157e-14
8587.420  9.079e-14
8588.700  9.172e-14
8589.970  9.327e-14
8591.240  9.364e-14
8592.510  9.322e-14
8593.780  9.252e-14
8595.050  9.323e-14
8596.320  9.384e-14
8597.590  9.336e-14
8598.860  9.306e-14
8600.130  9.374e-14
8601.400  9.442e-14
8602.680  9.447e-14
8603.950  9.475e-14
8605.220  9.559e-14
8606.490  9.627e-14
8607.760  9.587e-14
8609.030  9.454e-14
8610.300  9.336e-14
8611.570  9.322e-14
8612.840  9.367e-14
8614.110  9.362e-14
8615.380  9.317e-14
8616.660  9.283e-14
8617.930  9.247e-14
8619.200  9.221e-14
8620.470  9.196e-14
8621.740  9.136e-14
8623.010  9.035e-14
8624.280  8.942e-14
8625.550  8.932e-14
8626.820  8.973e-14
8628.090  9.010e-14
8629.360  9.035e-14
8630.640  9.030e-14
8631.910  9.011e-14
8633.180  8.984e-14
8634.450  8.962e-14
8635.720  9.004e-14
8636.990  9.028e-14
8638.260  8.999e-14
8639.530  8.975e-14
8640.800  9.055e-14
8642.070  9.126e-14
8643.340  9.097e-14
8644.620  9.085e-14
8645.890  9.039e-14
8647.160  8.956e-14
8648.430  8.995e-14
8649.700  9.102e-14
8650.970  9.154e-14
8652.240  9.193e-14
8653.510  9.295e-14
8654.780  9.412e-14
8656.050  9.416e-14
8657.320  9.284e-14
8658.600  9.168e-14
8659.870  9.193e-14
8661.140  9.242e-14
8662.410  9.148e-14
8663.680  9.041e-14
8664.950  9.039e-14
8666.220  8.988e-14
8667.490  8.919e-14
8668.760  8.891e-14
8670.030  8.879e-14
8671.300  8.867e-14
8672.580  8.860e-14
8673.850  8.838e-14
8675.120  8.803e-14
8676.390  8.790e-14
8677.660  8.790e-14
8678.930  8.790e-14
8680.200  8.755e-14
8681.470  8.738e-14
8682.740  8.770e-14
8684.010  8.810e-14
8685.280  8.861e-14
8686.560  8.906e-14
8687.830  8.944e-14
8689.100  8.974e-14
8690.370  8.976e-14
8691.640  9.016e-14
8692.910  9.078e-14
8694.180  9.062e-14
8695.450  9.033e-14
8696.720  9.033e-14
8697.990  8.975e-14
8699.260  8.920e-14
8700.540  8.894e-14
8701.810  8.874e-14
8703.080  8.892e-14
8704.350  8.876e-14
8705.620  8.804e-14
8706.890  8.821e-14
8708.160  8.852e-14
8709.430  8.835e-14
8710.700  8.809e-14
8711.970  8.836e-14
8713.240  8.879e-14
8714.510  8.856e-14
8715.790  8.822e-14
8717.060  8.843e-14
8718.330  8.865e-14
8719.600  8.802e-14
8720.870  8.754e-14
8722.140  8.760e-14
8723.410  8.729e-14
8724.680  8.654e-14
8725.950  8.582e-14
8727.220  8.562e-14
8728.490  8.566e-14
8729.770  8.547e-14
8731.040  8.468e-14
8732.310  8.366e-14
8733.580  8.348e-14
8734.850  8.402e-14
8736.120  8.416e-14
8737.390  8.359e-14
8738.660  8.225e-14
8739.930  8.143e-14
8741.200  8.127e-14
8742.470  8.125e-14
8743.750  8.123e-14
8745.020  8.030e-14
8746.290  7.965e-14
8747.560  8.022e-14
8748.830  7.996e-14
8750.100  7.875e-14
8751.370  7.837e-14
8752.640  7.882e-14
8753.910  7.904e-14
8755.180  7.882e-14
8756.450  7.850e-14
8757.730  7.831e-14
8759.000  7.867e-14
8760.270  7.889e-14
8761.540  7.842e-14
8762.810  7.861e-14
8764.080  7.958e-14
8765.350  7.940e-14
8766.620  7.821e-14
8767.890  7.764e-14
8769.160  7.806e-14
8770.430  7.826e-14
8771.710  7.751e-14
8772.980  7.705e-14
8774.250  7.741e-14
8775.520  7.710e-14
8776.790  7.674e-14
8778.060  7.690e-14
8779.330  7.674e-14
8780.600  7.590e-14
8781.870  7.547e-14
8783.140  7.571e-14
8784.410  7.514e-14
8785.690  7.453e-14
8786.960  7.459e-14
8788.230  7.429e-14
8789.500  7.369e-14
8790.770  7.293e-14
8792.040  7.211e-14
8793.310  7.250e-14
8794.580  7.224e-14
8795.850  7.170e-14
8797.120  7.164e-14
8798.390  7.128e-14
8799.670  7.076e-14
8800.940  7.017e-14
8802.210  6.931e-14
8803.480  6.890e-14
8804.750  6.835e-14
8806.020  6.765e-14
8807.290  6.707e-14
8808.560  6.627e-14
8809.830  6.571e-14
8811.100  6.590e-14
8812.370  6.626e-14
8813.650  6.601e-14
8814.920  6.530e-14
8816.190  6.525e-14
8817.460  6.563e-14
8818.730  6.564e-14
8820.000  6.567e-14
8821.270  6.581e-14
8822.540  6.661e-14
8823.810  6.681e-14
8825.080  6.619e-14
8826.350  6.606e-14
8827.630  6.643e-14
8828.900  6.641e-14
8830.170  6.595e-14
8831.440  6.581e-14
8832.710  6.576e-14
8833.980  6.529e-14
8835.250  6.458e-14
8836.520  6.446e-14
8837.790  6.515e-14
8839.060  6.515e-14
8840.330  6.414e-14
8841.610  6.341e-14
8842.880  6.291e-14
8844.150  6.247e-14
8845.420  6.201e-14
8846.690  6.105e-14
8847.960  6.050e-14
8849.230  6.031e-14
8850.500  5.969e-14
8851.770  5.909e-14
8853.040  5.887e-14
8854.310  5.834e-14
8855.590  5.794e-14
8856.860  5.800e-14
8858.130  5.739e-14
8859.400  5.658e-14
8860.670  5.629e-14
8861.940  5.635e-14
8863.210  5.644e-14
8864.480  5.600e-14
8865.750  5.517e-14
8867.020  5.503e-14
8868.290  5.504e-14
8869.570  5.503e-14
8870.840  5.512e-14
8872.110  5.498e-14
8873.380  5.463e-14
8874.650  5.436e-14
8875.920  5.468e-14
8877.190  5.507e-14
8878.460  5.508e-14
8879.730  5.492e-14
8881.000  5.482e-14
8882.270  5.483e-14
8883.550  5.486e-14
8884.820  5.499e-14
8886.090  5.552e-14
8887.360  5.575e-14
8888.630  5.474e-14
8889.900  5.358e-14
8891.170  5.354e-14
8892.440  5.360e-14
8893.710  5.323e-14
8894.980  5.254e-14
8896.250  5.158e-14
8897.530  5.051e-14
8898.800  4.994e-14
8900.070  4.979e-14
8901.340  4.930e-14
8902.610  4.915e-14
8903.880  4.909e-14
8905.150  4.875e-14
8906.420  4.855e-14
8907.690  4.843e-14
8908.960  4.819e-14
8910.230  4.826e-14
8911.500  4.835e-14
8912.780  4.759e-14
8914.050  4.670e-14
8915.320  4.658e-14
8916.590  4.681e-14
8917.860  4.677e-14
8919.130  4.597e-14
8920.400  4.528e-14
8921.670  4.551e-14
8922.940  4.584e-14
8924.210  4.558e-14
8925.480  4.516e-14
8926.760  4.482e-14
8928.030  4.485e-14
8929.300  4.483e-14
8930.570  4.436e-14
8931.840  4.382e-14
8933.110  4.348e-14
8934.380  4.326e-14
8935.650  4.353e-14
8936.920  4.405e-14
8938.190  4.428e-14
8939.460  4.434e-14
8940.740  4.403e-14
8942.010  4.330e-14
8943.280  4.312e-14
8944.550  4.352e-14
8945.820  4.365e-14
8947.090  4.305e-14
8948.360  4.265e-14
8949.630  4.304e-14
8950.900  4.336e-14
8952.170  4.316e-14
8953.440  4.276e-14
8954.720  4.266e-14
8955.990  4.270e-14
8957.260  4.247e-14
8958.530  4.218e-14
8959.800  4.217e-14
8961.070  4.176e-14
8962.340  4.082e-14
8963.610  4.044e-14
8964.880  4.076e-14
8966.150  4.081e-14
8967.420  4.061e-14
8968.700  4.071e-14
8969.970  4.046e-14
8971.240  3.978e-14
8972.510  3.977e-14
8973.780  4.025e-14
8975.050  4.023e-14
8976.320  3.996e-14
8977.590  3.991e-14
8978.860  3.994e-14
8980.130  3.957e-14
8981.400  3.863e-14
8982.680  3.786e-14
8983.950  3.787e-14
8985.220  3.789e-14
8986.490  3.733e-14
8987.760  3.651e-14
8989.030  3.554e-14
8990.300  3.468e-14
8991.570  3.429e-14
8992.840  3.417e-14
8994.110  3.447e-14
8995.380  3.534e-14
8996.660  3.548e-14
8997.930  3.481e-14
8999.200  3.448e-14
9000.470  3.437e-14
9001.740  3.377e-14
9003.010  3.328e-14
9004.280  3.357e-14
9005.550  3.380e-14
9006.820  3.360e-14
9008.090  3.333e-14
9009.360  3.312e-14
9010.640  3.306e-14
9011.910  3.262e-14
9013.180  3.189e-14
9014.450  3.134e-14
9015.720  3.097e-14
9016.990  3.061e-14
9018.260  3.030e-14
9019.530  3.048e-14
9020.800  3.095e-14
9022.070  3.079e-14
9023.340  3.015e-14
9024.620  2.980e-14
9025.890  2.959e-14
9027.160  2.971e-14
9028.430  3.028e-14
9029.700  3.050e-14
9030.970  3.030e-14
9032.240  3.036e-14
9033.510  3.069e-14
9034.780  3.093e-14
9036.050  3.107e-14
9037.320  3.100e-14
9038.600  3.063e-14
9039.870  3.031e-14
9041.140  3.043e-14
9042.410  3.063e-14
9043.680  3.025e-14
9044.950  2.963e-14
9046.220  2.980e-14
9047.490  3.043e-14
9048.760  3.023e-14
9050.030  2.952e-14
9051.300  2.957e-14
9052.580  2.981e-14
9053.850  2.981e-14
9055.120  2.975e-14
9056.390  2.947e-14
9057.660  2.912e-14
9058.930  2.902e-14
9060.200  2.913e-14
9061.470  2.942e-14
9062.740  2.955e-14
9064.010  2.913e-14
9065.280  2.874e-14
9066.560  2.895e-14
9067.830  2.907e-14
9069.100  2.842e-14
9070.370  2.769e-14
9071.640  2.770e-14
9072.910  2.803e-14
9074.180  2.804e-14
9075.450  2.793e-14
9076.720  2.777e-14
9077.990  2.748e-14
9079.260  2.677e-14
9080.540  2.602e-14
9081.810  2.585e-14
9083.080  2.556e-14
9084.350  2.501e-14
9085.620  2.463e-14
9086.890  2.442e-14
9088.160  2.416e-14
9089.430  2.395e-14
9090.700  2.399e-14
9091.970  2.408e-14
9093.240  2.400e-14
9094.510  2.383e-14
9095.790  2.388e-14
9097.060  2.399e-14
9098.330  2.388e-14
9099.600  2.381e-14
9100.870  2.348e-14
9102.140  2.300e-14
9103.410  2.285e-14
9104.680  2.291e-14
9105.950  2.324e-14
9107.220  2.371e-14
9108.490  2.381e-14
9109.770  2.368e-14
9111.040  2.372e-14
9112.310  2.395e-14
9113.580  2.417e-14
9114.850  2.395e-14
9116.120  2.374e-14
9117.390  2.389e-14
9118.660  2.390e-14
9119.930  2.376e-14
9121.200  2.402e-14
9122.470  2.429e-14
9123.750  2.411e-14
9125.020  2.385e-14
9126.290  2.389e-14
9127.560  2.397e-14
9128.830  2.385e-14
9130.100  2.372e-14
9131.370  2.359e-14
9132.640  2.359e-14
9133.910  2.387e-14
9135.180  2.398e-14
9136.450  2.360e-14
9137.730  2.354e-14
9139.000  2.414e-14
9140.270  2.467e-14
9141.540  2.495e-14
9142.810  2.508e-14
9144.080  2.483e-14
9145.350  2.476e-14
9146.620  2.466e-14
9147.890  2.454e-14
9149.160  2.472e-14
9150.430  2.485e-14
9151.710  2.484e-14
9152.980  2.484e-14
9154.250  2.467e-14
9155.520  2.474e-14
9156.790  2.508e-14
9158.060  2.539e-14
9159.330  2.588e-14
9160.600  2.594e-14
9161.870  2.566e-14
9163.140  2.586e-14
9164.410  2.632e-14
9165.690  2.642e-14
9166.960  2.648e-14
9168.230  2.652e-14
9169.500  2.644e-14
9170.770  2.634e-14
9172.040  2.600e-14
9173.310  2.526e-14
9174.580  2.490e-14
9175.850  2.536e-14
9177.120  2.541e-14
9178.390  2.523e-14
9179.670  2.559e-14
9180.940  2.561e-14
9182.210  2.538e-14
9183.480  2.538e-14
9184.750  2.556e-14
9186.020  2.563e-14
9187.290  2.549e-14
9188.560  2.528e-14
9189.830  2.527e-14
9191.100  2.550e-14
9192.370  2.532e-14
9193.650  2.461e-14
9194.920  2.416e-14
9196.190  2.393e-14
9197.460  2.355e-14
9198.730  2.342e-14
9200.000  2.340e-14
