5048.360518828365 70.45057205995677
5050.338815732633 58.282023663435645
5052.3171126369 62.63465535841518
5054.295409541167 56.92139553042784
5056.273706445434 59.79397430059911
5058.252003349701 63.46725951311545
5060.230300253968 56.077035929259175
5062.2085971582355 59.94203719582287
5064.186894062504 57.09258685910685
5066.165190966771 59.08387974606873
5068.143487871038 58.51350033488069
5070.121784775305 57.73982672465232
5072.100081679572 57.875364779530436
5074.078378583839 52.65940356144178
5076.0566754881065 54.063685279338856
5078.034972392375 56.64706388052734
5080.013269296642 59.92322434735484
5081.991566200909 54.93072079226938
5083.969863105176 56.92514374130599
5085.948160009443 53.63913880825658
5087.92645691371 49.955696782709936
5089.9047538179775 56.67964969894586
5091.883050722246 52.54677980663452
5093.861347626513 51.154032305183044
5095.83964453078 54.126778439400155
5097.817941435047 50.45410743235086
5099.796238339314 51.613976755454274
5101.774535243581 49.205332358064936
5103.752832147849 54.993756500750244
5105.731129052117 54.28391103274937
5107.709425956384 54.583715378666525
5109.687722860651 52.91657367196923
5111.666019764918 54.88487884449515
5113.644316669185 49.12111719241674
5115.622613573452 55.031692402925394
5117.60091047772 53.17379500291403
5119.5792073819875 53.02695265886068
5121.557504286255 51.453705178940226
5123.535801190522 53.75920940545512
5125.514098094789 53.901826746434374
5127.492394999056 54.356498181645556
5129.470691903323 54.22787048025391
5131.448988807591 55.41630518814328
5133.4272857118585 54.97256620937916
5135.405582616126 57.33645512872837
5137.383879520393 54.038016132514635
5139.36217642466 56.42406627200714
5141.340473328927 53.127429213233206
5143.318770233194 55.87265803165903
5145.297067137462 50.96086761918577
5147.2753640417295 54.18339094034218
5149.253660945997 54.27954989236895
5151.231957850264 56.88066909057845
5153.210254754531 52.553989693034694
5155.188551658798 53.542237898415735
5157.166848563065 55.77706083994225
5159.145145467333 57.35681157058332
5161.1234423716005 53.40726932787892
5163.101739275868 55.49642714370175
5165.080036180135 54.84454608602868
5167.058333084402 58.04193768499134
5169.036629988669 55.021781640479176
5171.014926892936 56.57151711955434
5172.993223797204 56.56935082593681
5174.9715207014715 58.759671861139296
5176.949817605739 56.95299619372093
5178.928114510006 55.922803836074095
5180.906411414273 57.76652821879163
5182.88470831854 57.7902447235423
5184.863005222807 62.05767331556367
5186.841302127075 59.05127029518603
5188.8195990313425 57.63587157309979
5190.79789593561 58.973887502036504
5192.776192839877 56.991031570661086
5194.754489744144 58.0885084140564
5196.732786648411 58.91197897685025
5198.711083552679 55.15447571676888
5200.689380456946 55.77149425188582
5202.6676773612135 53.82150115442032
5204.645974265481 56.62893045834426
5206.624271169748 57.25764087514791
5208.602568074015 60.22194415145814
5210.580864978282 57.64438950854014
5212.55916188255 55.32491433434945
5214.537458786817 56.38686369898944
5216.515755691084 59.23408515678394
5218.494052595352 58.49286631875286
5220.472349499619 57.7191156161352
5222.450646403886 57.6117114918258
5224.428943308153 53.872453476349484
5226.407240212421 54.821009152654845
5228.385537116688 54.50391958102587
5230.363834020955 57.11287139573277
5232.342130925223 54.55004398264238
5234.32042782949 56.23767550362389
5236.298724733757 54.23117380377151
5238.277021638025 57.52391643393114
5240.255318542292 56.876634563855916
5242.233615446559 54.657585514359624
5244.211912350826 54.84513139889636
5246.190209255094 56.67449553487198
5248.168506159361 55.474060532069515
5250.146803063628 55.29187874534468
5252.125099967896 54.48662024405785
5254.103396872163 55.9991878440525
5256.08169377643 54.89213418533909
5258.059990680697 56.0467172193972
5260.038287584965 56.78534720505804
5262.016584489232 54.32537140841869
5263.994881393499 60.09826385535614
5265.973178297767 60.655227819334016
5267.951475202034 58.45875795276416
5269.929772106301 59.16902603116376
5271.908069010568 56.32768598481032
5273.886365914836 57.97010733315111
5275.864662819103 59.66964173280084
5277.84295972337 59.4929257219799
5279.821256627638 60.56135439149886
5281.799553531905 62.87779428103053
5283.777850436172 56.05919559641297
5285.756147340439 61.449561881509474
5287.7344442447065 59.977468959811056
5289.712741148974 62.63268338058955
5291.691038053241 62.54291515518233
5293.669334957509 61.018880529726914
5295.647631861776 59.86276635574037
5297.625928766043 59.6650495547149
5299.60422567031 64.35277284653796
5301.5825225745775 60.77567321677161
5303.560819478845 58.86339084918938
5305.539116383112 59.40098991226597
5307.51741328738 62.22057420189583
5309.495710191647 61.08319859503634
5311.474007095914 63.3174452013815
5313.452304000181 63.8937716163111
5315.4306009044485 63.75028555541919
5317.408897808716 62.38019814263177
5319.387194712983 64.36792396117069
5321.365491617251 60.71640239031963
5323.343788521518 58.33901398992462
5325.322085425785 63.90611369249685
5327.300382330052 65.16102312629506
5329.2786792343195 63.663965158840114
5331.256976138587 67.88574014801114
5333.235273042854 60.43138718887783
5335.213569947122 66.43883681091313
5337.191866851389 67.58441329392207
5339.170163755656 64.20081431871371
5341.148460659923 63.9311427003598
5343.1267575641905 63.31268940322924
5345.105054468458 64.89908098645363
5347.083351372726 63.00667779677805
5349.061648276993 67.15396036341203
5351.03994518126 62.56694623498087
5353.018242085527 67.3727535333869
5354.996538989794 63.559620279830945
5356.9748358940615 63.09733330656457
5358.953132798329 67.82109164279291
5360.931429702597 67.08421582216795
5362.909726606864 63.78126434007331
5364.888023511131 65.59153584949566
5366.866320415398 68.94218053320989
5368.844617319665 63.15939973139931
5370.8229142239325 67.81540714027594
5372.8012111282 66.58122417535863
5374.779508032468 65.3337863123557
5376.757804936735 65.9824520604574
5378.736101841002 67.68484138646399
5380.714398745269 70.34142465138754
5382.692695649536 65.52266030576038
5384.670992553803 69.14804837708937
5386.6492894580715 65.01497111331001
5388.627586362339 65.91574441219791
5390.605883266606 65.98987867735492
5392.584180170873 68.21955968672984
5394.56247707514 65.29983644885549
5396.540773979407 66.00007425268619
5398.519070883674 69.97819009131882
5400.4973677879425 65.18753977476567
5402.47566469221 64.5237986692456
5404.453961596477 69.30838185856308
5406.432258500744 65.62136752189814
5408.410555405011 69.54533353920675
5410.388852309278 66.14178073048807
5412.367149213545 72.96749511295313
5414.3454461178135 65.3543788340558
5416.323743022081 69.78328804696766
5418.302039926348 68.64622871890143
5420.280336830615 68.36828980466784
5422.258633734882 70.39471903155768
5424.236930639149 66.71925783324822
5426.215227543416 68.54258562847154
5428.1935244476845 66.89919294802507
5430.171821351952 71.50736911136826
5432.150118256219 71.49611892627783
5434.128415160486 72.64313477259694
5436.106712064753 68.70876970377633
5438.08500896902 71.29167257562061
5440.063305873287 73.62645347586088
5442.041602777555 71.09412398489116
5444.019899681823 68.9199202459413
5445.99819658609 75.48476508459441
5447.976493490357 71.2733882253537
5449.954790394624 70.60942202485357
5451.933087298891 67.25510085023654
5453.911384203158 72.13508090901419
5455.889681107426 68.01424512410385
5457.867978011694 66.87642125565851
5459.846274915961 69.55103307859527
5461.824571820228 71.15809349222556
5463.802868724495 67.32854674848188
5465.781165628762 66.41218294823567
5467.759462533029 64.3445663731848
5469.737759437297 72.35551159826083
5471.716056341565 65.14792369287584
5473.694353245832 65.44322007919155
5475.672650150099 67.07465866827559
5477.650947054366 65.46427691229692
5479.629243958633 63.6569880267331
5481.6075408629 66.28776229126014
5483.585837767168 62.17824115812599
5485.564134671436 65.61222056041402
5487.542431575703 62.9290503864829
5489.52072847997 61.29055141544861
5491.499025384237 59.693697394580695
5493.477322288504 58.97942445413042
5495.455619192771 60.59508113462996
5497.433916097039 56.199576421048306
5499.412213001307 54.425665765523775
5501.390509905574 55.62523478965442
5503.368806809841 54.40828360487602
5505.347103714108 55.338271441118586
5507.325400618375 52.70701872658193
5509.303697522643 60.141481840867236
5511.28199442691 55.37568440638914
5513.2602913311775 56.19767212739451
5515.238588235445 54.00743901040766
5517.216885139712 56.90240616467718
5519.195182043979 54.16784814893195
5521.173478948247 55.025985547801376
5523.151775852514 55.59549455284029
5525.130072756781 52.03424730965356
5527.1083696610485 53.72085254891152
5529.086666565316 54.097860372268826
5531.064963469583 51.057061719486754
5533.04326037385 50.69198531105778
5535.021557278118 52.414401138826676
5536.999854182385 50.01460206649526
5538.978151086652 48.192242551610136
5540.9564479909195 53.61131392034632
5542.934744895187 51.14439425955006
5544.913041799454 49.39212232567629
5546.891338703721 53.91036458162434
5548.869635607989 52.160289009021845
5550.847932512256 52.51581706889944
5552.826229416523 52.80353057595251
5554.8045263207905 52.1899340668687
5556.782823225058 52.39069826895474
5558.761120129325 51.030939335500946
5560.739417033592 54.016139917535305
5562.71771393786 49.642105851862134
5564.696010842127 51.331486806642545
5566.674307746394 52.04089915503351
5568.6526046506615 53.720895500839035
5570.630901554929 55.62599621206552
5572.609198459196 53.578254081924555
5574.587495363463 55.57461556754773
5576.565792267731 55.964476857384966
5578.544089171998 55.60714823111021
5580.522386076265 51.82367132195757
5582.5006829805325 50.58782585660158
5584.4789798848 54.04363283821488
5586.457276789067 55.02596506265028
5588.435573693334 57.229493960056416
5590.413870597602 56.73576383640703
5592.392167501869 51.21583307131093
5594.370464406136 53.280865073967725
5596.3487613104035 51.127579608911255
5598.327058214671 54.455791955105084
5600.305355118938 54.64426761465166
5602.283652023205 54.97348388123262
5604.261948927473 56.21698109829071
5606.24024583174 52.54425897375219
5608.218542736007 55.04155820702538
5610.196839640274 53.17602377956235
5612.175136544542 56.39345631486526
5614.153433448809 56.28191932571886
5616.131730353076 54.73835796127718
5618.110027257344 53.39164924142709
5620.088324161611 54.734990727458566
5622.066621065878 55.43435872666876
5624.044917970145 58.38295901018377
5626.023214874413 57.797902722771
5628.00151177868 57.882819733972845
5629.979808682947 56.18598657237139
5631.958105587215 55.02886885924195
5633.936402491482 54.28763342447325
5635.914699395749 55.496595958914085
5637.892996300016 54.469438651016304
5639.871293204284 52.08324914616173
5641.849590108551 56.42514316883922
5643.827887012818 56.26958874878911
5645.806183917086 56.74170311051193
5647.784480821353 52.73862362828801
5649.76277772562 54.85296353240677
5651.741074629887 55.45707987979833
5653.719371534155 58.7849081469934
5655.697668438422 57.81906997961757
5657.67596534269 55.550154479220055
5659.654262246957 55.32731131161704
5661.632559151224 52.31863416301764
5663.610856055491 54.81674532649887
5665.589152959758 54.90255012498537
5667.567449864026 54.449857695559324
5669.545746768294 55.93542248719763
5671.524043672561 52.79144803986479
5673.502340576828 53.72788484836236
5675.480637481095 54.528260943089506
5677.458934385362 53.454581820065094
5679.437231289629 53.479424786381855
5681.4155281938965 55.29978543718553
5683.393825098165 52.82944905287594
5685.372122002432 54.77288852616812
5687.350418906699 51.95294666087813
5689.328715810966 50.555985882101005
5691.307012715233 49.8144379799448
5693.2853096195 54.72841192716768
5695.2636065237675 53.47665648382091
5697.241903428036 52.15056198487117
5699.220200332303 50.87205995369929
5701.19849723657 50.51591093902721
5703.176794140837 50.972218705480465
5705.155091045104 50.05295347411905
5707.133387949371 52.44570798598331
5709.1116848536385 52.83218018140853
5711.089981757907 48.916781163774225
5713.068278662174 46.83740420134596
5715.046575566441 52.465204545888874
5717.024872470708 48.25502105808852
5719.003169374975 52.24572138237755
5720.981466279242 53.417018889401426
5722.9597631835095 47.8502188351651
5724.938060087778 54.74528461821107
5726.916356992045 52.732827016913234
5728.894653896312 46.063013191199545
5730.872950800579 50.242837498955296
5732.851247704846 53.26103963701104
5734.829544609113 53.108614997131326
5736.8078415133805 49.92941172153833
5738.7861384176485 50.27990435418393
5740.764435321916 51.8675581340444
5742.742732226183 50.57153470120243
5744.72102913045 53.30876278623982
5746.699326034717 48.783493460808266
5748.677622938984 53.167292740323404
5750.6559198432515 55.69416894615866
5752.6342167475195 56.2928165681163
5754.612513651787 53.571921482421914
5756.590810556054 57.045262604570574
5758.569107460321 53.55973479248346
5760.547404364588 55.2125381850217
5762.525701268855 56.89313875097241
5764.503998173122 57.82254142861938
5766.4822950773905 54.13041432739808
5768.460591981658 54.28376272053827
5770.438888885925 57.781773438033504
5772.417185790192 54.73141479768989
5774.395482694459 54.873655938286106
5776.373779598726 54.906046753116875
5778.352076502993 58.069482958140796
5780.3303734072615 61.14126430252042
5782.308670311529 58.72819146491107
5784.286967215796 58.62548427253047
5786.265264120063 56.582899153130576
5788.24356102433 53.65124757756643
5790.221857928597 57.038736606263875
5792.200154832864 57.27060936050581
5794.1784517371325 57.62627974359167
5796.1567486414 56.25241288274622
5798.135045545667 59.27421092778697
5800.113342449934 58.28111411173723
5802.091639354201 58.2681938947757
5804.069936258469 55.71084384720371
5806.048233162736 59.483929907583274
5808.0265300670035 57.63135544706211
5810.004826971271 57.18255322752399
5811.983123875538 57.65165133130809
5813.961420779805 56.134381579874436
5815.939717684072 59.195044279944206
5817.91801458834 55.07364646744276
5819.896311492607 59.988510103147085
5821.8746083968745 54.95314772959232
5823.852905301142 54.73451035611924
5825.831202205409 58.091916471459264
5827.809499109676 58.648678334939135
5829.787796013943 55.88397709715678
5831.766092918211 58.789716255151305
5833.744389822478 58.23489572442145
5835.722686726745 53.536687267391876
5837.700983631013 57.09819975885495
5839.67928053528 56.336748535521195
5841.657577439547 55.23950952604246
5843.635874343814 57.98119363300935
5845.614171248082 58.579636614084535
5847.592468152349 55.67812627041424
5849.570765056616 56.80162952526147
5851.549061960884 58.0898660801814
5853.527358865151 57.189674282109436
5855.505655769418 56.45216343057871
5857.483952673685 59.496386158888434
5859.462249577953 61.22369716122186
5861.44054648222 59.52234314605736
5863.418843386487 58.36651364519697
5865.397140290755 54.74843185166092
5867.375437195022 60.35786517098628
5869.353734099289 62.84878491593454
5871.332031003556 57.07194388061379
5873.310327907824 64.56287487389908
5875.288624812091 57.90379336433062
5877.266921716358 62.81555522408508
5879.245218620626 59.3323636303574
5881.223515524893 61.98418997008542
5883.20181242916 62.20896947927696
5885.180109333427 56.33905798922835
5887.158406237695 59.09922444761129
5889.136703141962 57.86539395802446
5891.115000046229 62.94976505886981
5893.093296950497 59.51382352507612
5895.071593854764 62.51723796023527
5897.049890759031 59.66242629723404
5899.028187663298 57.562205824830684
5901.006484567566 56.283451928036875
5902.984781471833 60.94223049074552
5904.9630783761 60.31340987318137
5906.9413752803675 60.265589374296574
5908.919672184635 57.94129424115222
5910.897969088902 59.973539717017914
5912.876265993169 64.29446865650056
5914.854562897437 62.699500327702296
5916.832859801704 59.568791469631925
5918.811156705971 60.70646832456755
5920.7894536102385 57.39092798258471
5922.767750514506 58.53112912586236
5924.746047418773 62.872327085922116
5926.72434432304 63.42231634960155
5928.702641227308 59.09262301672058
5930.680938131575 61.86570451000413
5932.659235035842 59.08150120623998
5934.6375319401095 62.240198416305034
5936.615828844377 59.319532613210995
5938.594125748644 60.56160456726169
5940.572422652912 61.0874005668254
5942.550719557179 59.14591266339836
5944.529016461446 59.22234124020523
5946.507313365713 61.937315899325114
5948.4856102699805 58.87569157028677
5950.463907174248 58.61997548363372
5952.442204078516 60.25493645577988
5954.420500982782 57.752496197547465
5956.39879788705 58.36117839949112
5958.377094791317 60.47969420046308
5960.355391695584 59.11398067826716
5962.3336885998515 57.38257716858051
5964.311985504119 59.56150417306079
5966.290282408387 61.10953686204461
5968.268579312653 58.79180355615262
5970.246876216921 58.409558139277074
5972.225173121188 59.18074561277206
5974.203470025455 60.997641525292764
5976.1817669297225 58.71028860457944
5978.16006383399 56.76121932865106
5980.138360738258 55.60362217752156
5982.116657642525 56.71422766386939
5984.094954546792 58.392780140240426
5986.073251451059 57.513881004225496
5988.051548355326 57.49164718337368
5990.0298452595935 56.070323274520035
5992.008142163861 58.043721845468916
5993.986439068129 56.79262962920677
5995.964735972396 59.349628861499866
5997.943032876663 53.80135007924345
5999.92132978093 54.55176782149698
6001.899626685197 52.87644180824847
6003.877923589464 53.35761187276308
6005.856220493732 53.47586796125981
6007.834517398 55.81655419129858
6009.812814302267 56.881074907898586
6011.791111206534 54.71791288378589
6013.769408110801 51.43588257373162
6015.747705015068 53.13849208956584
6017.726001919335 51.49912778260772
6019.704298823603 55.32322505660244
6021.682595727871 57.372312484408575
6023.660892632138 53.33223029511776
6025.639189536405 54.786705182271
6027.617486440672 51.83893312148113
6029.595783344939 51.28025011224761
6031.574080249206 51.992709693741006
6033.552377153474 52.712445658362604
6035.530674057742 53.095879995356874
6037.508970962009 52.26233806867984
6039.487267866276 52.17653664699565
6041.465564770543 51.16994289685235
6043.44386167481 52.398769758782315
6045.422158579077 54.40110311106172
6047.400455483345 53.82702516278048
6049.378752387613 50.85466337583767
6051.35704929188 52.13139319652745
6053.335346196147 52.78341219809973
6055.313643100414 50.66027013961483
6057.291940004681 52.280151090947626
6059.270236908948 51.63618938372034
6061.2485338132155 51.79666992527583
6063.226830717484 51.85722219541344
6065.205127621751 51.90674071518568
6067.183424526018 52.9094518321355
6069.161721430285 49.206165228153
6071.140018334552 51.1528834872611
6073.11831523882 54.15960286436306
6075.0966121430865 48.08993522964506
6077.074909047355 51.97652223654805
6079.053205951622 49.967745161975344
6081.031502855889 49.982638089110246
6083.009799760156 50.1847343798698
6084.988096664423 51.921591853274734
6086.966393568691 52.30289704780809
6088.9446904729575 52.9085613173158
6090.922987377226 52.810869041800146
6092.901284281493 51.04890607346456
6094.87958118576 52.53055368496568
6096.857878090027 51.62053077546199
6098.836174994294 52.29368733416812
6100.814471898562 52.56693754256338
6102.7927688028285 53.751534612215586
6104.771065707097 53.42763340029983
6106.749362611364 52.48713925543168
6108.727659515631 51.32079742115815
6110.705956419898 51.74089847675259
6112.684253324165 55.80025154622173
6114.662550228433 53.900905790405716
6116.6408471326995 51.50958110765534
6118.619144036968 53.7459524964808
6120.597440941235 53.023952624453905
6122.575737845502 53.176247666737595
6124.554034749769 50.82782246326938
6126.532331654036 53.36109142036021
6128.510628558304 53.597556815412986
6130.488925462571 51.933865337425075
6132.4672223668385 52.33363227112123
6134.445519271106 50.60821541960697
6136.423816175373 53.15995281447394
6138.40211307964 51.67382885016096
6140.380409983907 53.52051959465815
6142.358706888175 53.27371837927715
6144.337003792442 52.15375855321048
6146.3153006967095 55.486907688657595
6148.293597600977 52.21665508985142
6150.271894505244 51.923742028438774
6152.250191409511 54.7450094247531
6154.228488313778 54.767947447179886
6156.206785218046 52.47704656950443
6158.185082122313 56.14331145021193
6160.1633790265805 52.380742846741065
6162.141675930848 55.624918620266826
6164.119972835115 55.244414657428436
6166.098269739382 52.06919488755284
6168.076566643649 55.582348589154165
6170.054863547917 50.45148361706512
6172.033160452184 51.70316746770022
6174.0114573564515 52.05518148385363
6175.989754260719 53.6002704422115
6177.968051164986 52.51500761499425
6179.946348069253 54.45145347446737
6181.92464497352 54.2405970510614
6183.902941877788 54.23675846044922
6185.881238782055 51.52344849141491
6187.8595356863225 53.818990211509835
6189.83783259059 53.11967466014418
6191.816129494857 52.53107807292083
6193.794426399124 52.745311136088304
6195.772723303391 52.48945697196809
6197.751020207659 49.61895547415968
6199.729317111926 51.16444961935509
6201.7076140161935 52.34368137266587
6203.685910920461 54.61802802619503
6205.664207824728 51.31307930724428
6207.642504728995 54.674575604633276
6209.620801633262 52.21620884535146
6211.59909853753 55.66545264837448
6213.577395441797 52.89773041105805
6215.5556923460645 52.88301074960065
6217.533989250332 51.09957918574491
6219.512286154599 51.01178524689123
6221.490583058867 54.106392352652065
6223.468879963133 53.297901780862624
6225.447176867401 52.23009893441775
6227.425473771668 52.57576897054617
6229.403770675935 49.56890081490878
6231.382067580203 52.0700833333905
6233.36036448447 52.11077224983662
6235.338661388738 50.34244558013328
6237.316958293004 50.10031394133084
6239.295255197272 53.361846781252375
6241.273552101539 54.40187091336353
6243.251849005806 48.498956488512604
6245.230145910074 47.910688467542194
6247.208442814341 45.695279325611025
6249.186739718609 49.80857564413365
6251.165036622875 48.75426910697725
6253.143333527143 52.71188579941489
6255.12163043141 52.46382365660834
6257.099927335677 52.72709059369684
6259.078224239945 48.47140805700906
6261.056521144212 49.14694966932984
6263.03481804848 50.994425559020684
6265.013114952747 49.755735482290824
6266.991411857014 50.609076822977975
6268.969708761281 50.703504992471714
6270.948005665548 49.36958999557111
6272.926302569816 47.41920994155347
6274.904599474083 48.535426760389015
6276.882896378351 47.810829158510664
6278.861193282618 48.34003378440719
6280.839490186885 48.678296675602105
6282.817787091152 49.271936214148326
6284.796083995419 49.1108191707715
6286.774380899687 47.50158364318817
6288.752677803954 48.954317569340986
6290.730974708222 51.26605110941209
6292.709271612489 50.7201369603694
6294.687568516756 47.06236821729753
6296.665865421023 48.52750700355081
6298.64416232529 49.53703427214038
6300.6224592295575 49.686789758066226
6302.600756133825 47.68525426302082
6304.579053038093 48.420805820719984
6306.55734994236 49.724085237655025
6308.535646846627 46.01545815105946
6310.513943750894 49.084243633916344
6312.492240655161 48.95701695884794
6314.4705375594285 49.119057670214744
6316.448834463696 48.416463519258826
6318.427131367964 47.818082813398064
6320.405428272231 46.30381810245913
6322.383725176498 47.118235382558474
6324.362022080765 47.03478145343559
6326.340318985032 46.72027774923306
6328.3186158892995 43.77007793680167
6330.296912793567 45.44162499437654
6332.275209697835 45.621932172266334
6334.253506602102 49.40976553047822
6336.231803506369 43.831551510055746
6338.210100410636 44.09323887877113
6340.188397314903 44.06882212390495
6342.1666942191705 44.89489836589547
6344.144991123438 43.881576591392694
6346.123288027706 43.41062381519794
6348.101584931973 41.30080504254466
6350.07988183624 41.41977778737252
6352.058178740507 42.01045768243514
6354.036475644774 42.94409461264846
6356.014772549042 42.40137042045455
6357.993069453309 41.39085612341658
6359.971366357577 39.41476161025691
6361.949663261844 41.919169137626916
6363.927960166111 37.30586439768944
6365.906257070378 39.540909102550344
6367.884553974645 38.86820483538822
6369.862850878913 38.95487883678857
6371.84114778318 36.211734752546086
6373.819444687448 36.658734589704885
6375.797741591715 38.473283869830425
6377.776038495982 36.13048845087106
6379.754335400249 38.234451129533156
6381.732632304516 36.755652361821
6383.710929208784 34.71017766486217
6385.689226113051 33.62221971651145
6387.667523017319 33.75235554314576
6389.645819921586 33.74099472195995
6391.624116825853 33.8307817094699
6393.60241373012 33.173636492140254
6395.580710634387 34.268727116873585
6397.559007538655 29.290565069338115
6399.537304442922 33.11637178470345
6401.51560134719 34.06381130246842
6403.493898251457 31.34118285293323
6405.472195155724 30.919211948590323
6407.450492059991 31.655450435496167
6409.428788964258 28.113258768842254
6411.407085868526 28.75559285507488
6413.3853827727935 30.208804588399786
6415.363679677061 29.976400139977546
6417.341976581328 30.028437773950753
6419.320273485595 30.719394925309004
6421.298570389862 28.7347589327269
6423.276867294129 29.07076898816252
6425.255164198397 30.47834877523908
6427.2334611026645 27.447308132163016
6429.211758006932 29.862816245611892
6431.190054911199 27.580131640757283
6433.168351815466 27.973905340922073
6435.146648719733 28.68664015299488
6437.124945624 30.229436663203277
6439.103242528268 27.53710360749581
6441.0815394325355 29.357206138087353
6443.059836336803 30.33210761458798
6445.03813324107 29.362827038281832
6447.016430145337 28.83357893070761
6448.994727049604 29.660498383557332
6450.973023953871 28.65419091651831
6452.951320858139 27.292512534383917
6454.929617762406 29.804442126350242
6456.907914666674 27.6737675111664
6458.886211570941 29.413410326925618
6460.864508475208 28.46378026393958
6462.842805379475 30.450826342782396
6464.821102283742 31.153235224335475
6466.79939918801 32.37347763198526
6468.777696092277 31.86015141713903
6470.755992996545 31.649614599836852
6472.734289900812 30.310691131941585
6474.712586805079 29.755054960467813
6476.690883709346 29.901380459814696
6478.669180613613 32.69844466930787
6480.647477517881 31.517359825751758
6482.625774422148 33.44276134308242
6484.604071326416 33.555829660739086
6486.582368230683 31.349353406447644
6488.56066513495 33.62831632239271
6490.538962039217 32.195264468019744
6492.517258943484 33.46987400528901
6494.495555847752 35.15265056274767
6496.473852752019 34.2907672557496
6498.452149656287 37.407359521135824
6500.430446560554 33.30698044379415
6502.408743464821 35.626677848364224
6504.387040369089 32.99385576512181
6506.365337273355 33.96263329501658
6508.343634177623 36.334977067488104
6510.32193108189 36.92091540439725
6512.300227986158 34.25090459396424
6514.278524890425 35.160697297329534
6516.256821794692 36.090731197289
6518.23511869896 36.89508683416526
6520.213415603226 36.64357000066381
6522.191712507494 37.656340906306866
6524.170009411761 38.11900445638816
6526.1483063160285 37.63890620780012
6528.126603220296 37.20668915735942
6530.104900124563 36.99395743132658
6532.083197028831 38.61514472817938
6534.061493933097 37.3468739475989
6536.039790837365 37.42308522969018
6538.018087741632 39.98567882480064
6539.9963846458995 37.12946236308929
6541.974681550167 39.50018743543444
6543.952978454434 39.324430002001016
6545.931275358702 40.966336013549004
6547.909572262968 40.771292528384926
6549.887869167236 38.932373014678404
6551.866166071503 39.22229139236498
6553.8444629757705 41.087959869860335
6555.822759880038 42.124125384017724
6557.801056784305 40.57908433667065
6559.779353688573 40.43613892069267
6561.75765059284 42.72335764136403
6563.735947497107 41.001899323560934
6565.714244401374 42.239833567036904
6567.6925413056415 42.01322972386985
6569.670838209909 44.09654064753943
6571.649135114176 41.86637370819709
6573.627432018444 43.77742579302161
6575.605728922711 41.206282221240066
6577.584025826978 42.64428589755964
6579.562322731245 44.60055262189813
6581.5406196355125 43.31439409571218
6583.51891653978 42.2777096713734
6585.497213444047 43.91143201056116
6587.475510348315 41.7788417908307
6589.453807252582 42.868593107573616
6591.432104156849 45.70136005328532
6593.410401061116 45.0084283217713
6595.3886979653835 44.49902955014501
6597.366994869651 45.13020349214634
6599.345291773918 44.30815529557058
6601.323588678186 45.81106284870227
6603.301885582453 46.75803194722848
6605.28018248672 44.15326602466601
6607.258479390987 45.689101937204946
6609.2367762952545 44.29429750384865
6611.215073199522 44.843503867291474
6613.193370103789 46.74234692036979
6615.171667008057 43.90658138582902
6617.149963912324 43.5391964504642
6619.128260816591 46.61951247151369
6621.106557720858 44.863410358117434
6623.084854625125 46.0364272846121
6625.063151529393 43.71385115403438
6627.04144843366 44.09907644278509
6629.019745337928 46.720509970488806
6630.998042242195 44.906461462777585
6632.976339146462 45.047130905218275
6634.954636050729 44.53767722486207
6636.932932954996 42.178899009297915
6638.911229859264 45.7981239599031
6640.889526763531 47.67017664798003
6642.867823667799 45.96403009190133
6644.846120572066 42.86484802626947
6646.824417476333 43.75291909355051
6648.8027143806 45.52740445953958
6650.781011284867 43.99829702705476
6652.7593081891355 45.31743216649657
6654.737605093402 43.8104494634989
6656.71590199767 41.43023737251191
6658.694198901937 43.36996809582741
6660.672495806204 43.78734859136198
6662.650792710471 44.49455235887588
6664.629089614738 45.32579371847699
6666.6073865190065 43.622973921437776
6668.585683423273 42.76780601279759
6670.563980327541 26.9093040807054
6672.542277231808 46.62112864181822
6674.520574136075 46.24382916591402
6676.498871040342 45.3929570227912
6678.477167944609 43.973974447987864
6680.455464848877 46.428769127828694
6682.433761753144 43.929567327072036
6684.412058657412 47.34965076677155
6686.390355561679 45.23215105634158
6688.368652465946 46.55949566194791
6690.346949370213 47.11288085978127
6692.32524627448 45.639799491799415
6694.303543178748 44.52216056373189
6696.281840083015 38.459403916039534
6698.260136987283 38.624198066345095
6700.23843389155 28.56825656197035
6702.216730795817 38.37202375463914
6704.195027700084 40.088286182792466
6706.173324604351 44.31698222745575
6708.151621508619 39.134219587326726
6710.129918412887 34.09096394120831
6712.108215317154 26.942342558748614
6714.086512221421 26.898748081129163
6716.064809125688 30.318699087063333
6718.043106029955 39.66394220265254
6720.021402934222 41.18057493649124
6721.99969983849 40.98743688330474
6723.977996742758 40.034934621945645
6725.956293647025 36.988705050322444
6727.934590551292 37.25654733709639
6729.912887455559 43.06328514117518
6731.891184359826 43.84731155085546
6733.869481264093 41.9209926289694
6735.847778168361 39.528452132913436
6737.826075072629 44.65315009675942
6739.804371976896 43.68291269820579
6741.782668881163 42.26283816409168
6743.76096578543 44.27089178609641
6745.739262689697 41.44689269812238
6747.717559593964 43.79308644185798
6749.695856498232 44.44012368526095
6751.6741534024995 43.97572786110183
6753.652450306767 44.77101857571489
6755.630747211034 46.42866386346801
6757.609044115301 45.74949567110945
6759.587341019568 44.81279085316972
6761.565637923835 42.72256649747587
6763.543934828103 43.92817207384798
6765.5222317323705 44.01752316696474
6767.500528636638 41.61492745986438
6769.478825540905 43.19441541007013
6771.457122445172 43.394323407011996
6773.435419349439 44.04443484950408
6775.413716253706 46.16095384965667
6777.392013157974 43.96529049018911
6779.3703100622415 44.34725259535982
6781.348606966509 46.21781394691592
6783.326903870776 43.7810925968141
6785.305200775043 45.13037477646682
6787.28349767931 45.64875798006383
6789.261794583577 47.33493004191075
6791.240091487845 45.24925553298282
6793.2183883921125 44.000037653921225
6795.19668529638 43.62002609120228
6797.174982200647 42.4323405473532
6799.153279104914 45.69775858421711
6801.131576009182 45.05689345032081
6803.109872913448 46.85528669659291
6805.088169817716 42.32799720608803
6807.0664667219835 42.77667099481522
6809.044763626251 42.93311670911388
6811.023060530518 44.18281319903652
6813.001357434785 42.31289374188467
6814.979654339053 45.008093219541806
6816.957951243319 44.95098341518202
6818.936248147587 42.57797754617885
6820.9145450518545 41.93941740206403
6822.892841956122 42.66447110809322
6824.871138860389 42.940593223019256
6826.849435764656 44.82147487186398
6828.827732668924 45.95407785605602
6830.80602957319 41.96789309954044
6832.784326477458 41.98030535987362
6834.7626233817255 45.06501903645863
6836.740920285993 40.384081621803745
6838.71921719026 40.53055441249596
6840.697514094527 42.08431094488816
6842.675810998795 40.99201345127667
6844.654107903061 41.78484607303054
6846.632404807329 41.6309068874705
6848.610701711596 43.851224565077054
6850.588998615864 41.962190395576265
6852.567295520131 43.32438312708898
6854.545592424398 41.05015502998237
6856.523889328666 41.72036303238308
6858.502186232933 43.279831143981994
6860.4804831372 36.81658244103921
6862.458780041467 31.169371625367084
6864.437076945735 29.564007746861897
6866.415373850002 31.34759415786892
6868.393670754269 30.43873145368718
6870.371967658537 34.073930171683294
6872.350264562804 36.194664136966495
6874.328561467071 37.427214452962616
6876.306858371338 38.26989866063731
6878.285155275606 39.1292269001455
6880.263452179873 37.824651113624924
6882.24174908414 37.3578744587262
6884.220045988408 36.05742719842948
6886.198342892675 37.489695235952325
6888.176639796942 35.18347594141071
6890.154936701209 38.17121023041125
6892.133233605477 38.25411642156332
6894.111530509744 36.44474464890642
6896.089827414011 38.75931481855277
6898.068124318279 41.227165109186714
6900.046421222546 42.72602919244168
6902.024718126813 39.84684603998582
6904.00301503108 40.149270853860386
6905.981311935348 37.63765809953532
6907.959608839615 38.27253299916996
6909.937905743882 38.71989484707715
6911.91620264815 38.68807600923049
6913.894499552417 38.03149569342102
6915.872796456684 38.88121141031495
6917.851093360951 37.240722275591764
6919.8293902652185 39.81042641888742
6921.807687169486 40.235585067991565
6923.785984073753 39.229358094562755
6925.764280978021 38.75234012912614
6927.742577882288 39.6224928026635
6929.720874786555 39.6442512155942
6931.699171690822 40.58543803519879
6933.6774685950895 37.90545171471489
6935.655765499357 39.866520922796475
6937.634062403624 37.79324293709148
6939.612359307892 37.43866322932992
6941.590656212159 41.141759878887534
6943.568953116426 42.075330129712746
6945.547250020693 40.400464933454415
6947.5255469249605 36.52020014652609
6949.503843829229 38.38803759739791
6951.482140733495 40.74667693778982
6953.460437637763 36.87449137055805
6955.43873454203 38.799638133867354
6957.417031446297 38.92097044776546
6959.395328350564 39.18369887074717
6961.3736252548315 37.98595443344971
6963.3519221591 40.73459914007326
6965.330219063366 38.9870928738648
6967.308515967634 37.77498009759827
6969.286812871901 38.48854327606111
6971.265109776168 39.126642060616234
6973.243406680435 40.12406970397326
6975.2217035847025 40.20884237448137
6977.2000004889705 36.7907950918878
6979.178297393237 38.13347985925856
6981.156594297505 38.864626741991614
6983.134891201772 36.76726323513988
6985.113188106039 38.14477579130026
6987.091485010306 39.20431208047542
6989.0697819145735 38.935202937815994
6991.0480788188415 38.449267806549194
6993.026375723108 39.15471910660812
6995.004672627376 38.270262687726145
6996.982969531643 38.10475462444365
6998.96126643591 38.862374537667066
7000.939563340177 38.590191428967515
7002.9178602444445 38.12113243214745
7004.8961571487125 38.11111060363779
7006.874454052979 38.436637191159775
7008.852750957247 37.149055016424555
7010.831047861514 37.18002836053864
7012.809344765781 37.10383234539409
7014.787641670048 36.038019484615646
7016.765938574315 38.87845088385275
7018.7442354785835 37.76067496430567
7020.72253238285 37.181815253426585
7022.700829287118 36.83311557914743
7024.679126191385 36.98683847729826
7026.657423095652 37.519246195920765
7028.63571999992 37.986785409328334
7030.614016904186 39.080866078592834
7032.5923138084545 39.557028096612775
7034.570610712721 36.522190231623505
7036.548907616989 37.09459052826511
7038.527204521256 35.77558821443592
7040.505501425523 36.69746025865802
7042.483798329791 35.33007579731178
7044.462095234057 35.98875713794266
7046.4403921383255 38.40378540619235
7048.418689042592 36.7550283580518
7050.39698594686 35.93895228754106
7052.375282851127 36.326206905472354
7054.353579755394 36.474523091720165
7056.331876659662 37.43591138107178
7058.310173563928 36.63839920903871
7060.2884704681965 36.42913957920962
7062.266767372464 39.78873090480125
7064.245064276731 37.03774938616339
7066.223361180998 37.8642082018208
7068.201658085265 35.85169917797753
7070.179954989533 36.6617278331165
7072.158251893799 34.24177425280545
7074.136548798067 38.30113711633117
7076.114845702335 37.453483703208136
7078.093142606602 38.43810461542436
7080.071439510869 34.15491376640603
7082.049736415136 36.79187349884955
7084.028033319404 33.29018491313978
7086.00633022367 35.589707069567964
7087.984627127938 35.735742033187016
7089.962924032206 36.182304146849695
7091.941220936473 34.92887747239998
7093.91951784074 34.937907370813946
7095.897814745007 34.8504787941509
7097.876111649275 34.57295901260375
7099.854408553541 35.309426576827164
7101.832705457809 34.49038417162738
7103.811002362077 33.855350641817495
7105.789299266344 35.41692717923656
7107.767596170611 34.61053574544742
7109.745893074878 33.803117388922246
7111.724189979146 34.68478280640322
7113.702486883412 34.635172652024586
7115.68078378768 35.087909029795284
7117.659080691948 34.64371870696554
7119.637377596215 36.14632403253494
7121.615674500482 34.14735415443889
7123.593971404749 35.084506481926184
7125.572268309017 33.414259665760376
7127.550565213283 34.97219978101194
7129.528862117551 33.87812006295976
7131.507159021819 34.4413261931104
7133.485455926086 36.54559883822652
7135.463752830353 36.50384331946544
7137.44204973462 36.86198409648453
7139.420346638888 34.79931911452571
7141.398643543154 33.01247514794808
7143.376940447422 34.61068357714726
7145.3552373516895 31.71374386216197
7147.333534255957 35.25458431383545
7149.311831160224 32.817082625553965
7151.290128064491 35.77992527530692
7153.268424968759 34.90236425393936
7155.246721873025 32.938011129692626
7157.225018777293 34.18826953758592
7159.2033156815605 31.65466541623211
7161.181612585828 33.06150950071766
7163.159909490095 32.46236147241263
7165.138206394362 31.658728157098786
7167.11650329863 31.513368589471014
7169.094800202896 33.605060317915054
7171.073097107164 33.598502980825316
7173.0513940114315 32.67216275450672
7175.029690915699 33.37699339617528
7177.007987819967 30.485060521789695
7178.986284724233 31.937712138299247
7180.964581628501 30.822153096642985
7182.942878532767 31.468065878432977
7184.921175437035 31.789818989150053
7186.8994723413025 32.48112948932852
7188.87776924557 33.02154316972577
7190.856066149838 33.825449206637
7192.834363054104 33.44388590428605
7194.812659958372 32.239177575520095
7196.790956862638 31.280290168870323
7198.769253766906 31.052654294886707
7200.7475506711735 31.473929085941027
7202.725847575441 31.260876825879897
7204.704144479709 33.37237098338112
7206.682441383975 32.925171527992376
7208.660738288243 31.370230607590806
7210.63903519251 31.11246168959235
7212.617332096777 32.04014588461318
7214.5956290010445 34.122731341732425
7216.573925905312 33.403847947981276
7218.55222280958 31.559451669994466
7220.530519713846 31.92618441176697
7222.508816618114 34.326705845762184
7224.487113522381 31.375257811747595
7226.465410426648 30.243794621978665
7228.4437073309155 31.17443284874965
7230.422004235183 29.052904783383514
7232.400301139451 30.92806626473565
7234.378598043717 30.762985609827343
7236.356894947985 29.07032440852636
7238.335191852252 29.83384897494922
7240.313488756519 33.15578991368694
7242.291785660786 31.5495372653313
7244.270082565054 32.024983482225196
7246.248379469322 29.82865553829232
7248.226676373588 32.998389907460854
7250.204973277856 33.03997445617876
7252.183270182123 30.753870800483888
7254.16156708639 30.66221048383429
7256.139863990657 29.484715652108214
7258.118160894925 34.536682258144545
7260.096457799193 33.35318648447984
7262.074754703459 31.494975813300492
7264.053051607727 33.40582932069968
7266.031348511994 30.217777670256066
7268.009645416261 30.557381880903158
7269.987942320528 32.98912840375182
7271.966239224796 36.02398106334611
7273.944536129064 33.57300697999462
7275.92283303333 30.500763846705333
7277.901129937598 28.08312611580944
7279.879426841865 34.559174641725896
7281.857723746132 31.364704470169997
7283.836020650399 31.83228088284527
7285.814317554667 30.64861775288916
7287.792614458935 32.02202062349776
7289.770911363201 31.446458417340803
7291.749208267469 28.824629192246338
7293.727505171736 31.460290840026612
7295.705802076003 33.049281412227586
7297.68409898027 31.229008847540477
7299.662395884538 29.67046951054776
7301.640692788806 29.933868663966464
7303.618989693072 30.47358369908076
7305.59728659734 31.32701318246427
7307.575583501607 30.19042309163413
7309.553880405874 26.903971498985495
7311.532177310141 33.10561142543789
7313.5104742144085 30.448262994478775
7315.488771118677 30.047237601684767
7317.467068022943 32.27536574442952
7319.445364927211 31.067899642254513
7321.423661831478 30.436307763545006
7323.401958735745 27.130175938504486
7325.380255640013 29.784893354025243
7327.3585525442795 32.06600336737165
7329.336849448548 31.680013990128646
7331.315146352814 34.50502582218296
7333.293443257082 31.653760909910336
7335.271740161349 34.149529337410826
7337.250037065616 31.377210561938394
7339.228333969884 28.679874210128023
7341.2066308741505 32.084609658565455
7343.184927778419 31.333130965941038
7345.163224682685 32.07444078834786
7347.141521586953 31.280029663165717
7349.11981849122 29.116181397145063
7351.098115395487 31.132488568041722
7353.076412299755 32.75529331148618
7355.0547092040215 32.01667955293643
7357.03300610829 32.193119745592455
7359.011303012557 32.014322010482566
7360.989599916824 33.646045200800245
7362.967896821091 30.921487199630423
7364.946193725358 30.710951115112294
7366.924490629626 31.871990163401243
7368.9027875338925 29.65624811848391
7370.8810844381605 31.16713941946512
7372.859381342428 33.11758761939279
7374.837678246695 30.380821022816722
7376.815975150962 29.182936312945873
7378.794272055229 31.103495313318422
7380.772568959497 30.427719775907022
7382.7508658637635 31.081559052165805
7384.7291627680315 32.141189596410676
7386.707459672299 30.092145796926506
7388.685756576566 32.72248799657019
7390.664053480833 30.758344421639872
7392.6423503851 29.74628333389435
7394.620647289368 29.22321214538197
7396.598944193634 31.68180668135139
7398.5772410979025 31.02802377079463
7400.55553800217 30.560909920161368
7402.533834906437 29.749762733839233
7404.512131810704 31.587685277649456
7406.490428714971 29.93064197894213
7408.468725619239 29.515133287449164
7410.447022523505 30.985859842201116
7412.4253194277735 31.073745290962027
7414.403616332041 29.978399044830702
7416.381913236308 30.079380339374687
7418.360210140575 29.825612419402415
7420.338507044842 30.194644991144457
7422.31680394911 30.649217020296543
7424.295100853376 29.46585069149358
7426.2733977576445 31.437961169055644
7428.251694661912 29.097271530227314
7430.229991566179 32.80136544444842
7432.208288470446 30.735802863632486
7434.186585374713 29.288439780678562
7436.164882278981 31.87948542286228
7438.143179183247 30.222650713780478
7440.1214760875155 30.578898416629986
7442.099772991783 32.71060954998607
7444.07806989605 30.32526652467336
7446.056366800317 31.711758333143056
7448.034663704584 30.723756309245697
7450.012960608852 30.937835779771024
7451.991257513118 31.15736754213433
7453.9695544173865 30.041403244200087
7455.947851321654 31.396905553564004
7457.926148225921 31.555710593036107
7459.904445130189 30.103936727846246
7461.882742034455 31.919382672174688
7463.861038938723 32.099704707167845
7465.839335842989 33.05628098048659
7467.817632747257 29.265392543137594
7469.795929651525 31.190470615378995
7471.774226555792 31.424038854526987
7473.75252346006 29.915639726569896
7475.730820364326 27.837479266136356
7477.709117268594 28.821207146936633
7479.68741417286 33.031475789189834
7481.665711077128 30.99697952512793
7483.644007981396 31.339465436104433
7485.622304885663 31.51413800154428
7487.600601789931 31.416363599198988
7489.578898694197 29.285691257760917
7491.557195598465 32.137094613179926
7493.535492502731 31.475560740834002
7495.513789406999 30.267101655167096
7497.492086311267 32.89835177803152
7499.470383215534 32.92115678786005
7501.448680119802 31.882302327969658
7503.426977024068 31.62773941880647
7505.405273928336 29.407190599041016
7507.383570832603 32.47403442970246
7509.36186773687 29.339861793900432
7511.340164641138 30.246948354905793
7513.318461545405 30.610359667599255
7515.296758449673 31.100936411054388
7517.275055353939 30.000868290139824
7519.253352258207 32.43773716956641
7521.231649162474 32.15991621431919
7523.209946066741 30.50153699949886
7525.188242971009 29.431729085965603
7527.166539875276 31.78890713341908
7529.144836779544 29.996201102727106
7531.12313368381 30.50218454528206
7533.101430588078 29.549484191875266
7535.079727492345 30.074460492930225
7537.058024396612 29.93425544909204
7539.0363213008795 29.69353931544085
7541.014618205147 30.18993637480646
7542.992915109415 29.758771759675888
7544.971212013681 29.925814500637735
7546.949508917949 32.25665213180661
7548.927805822216 30.48645481703957
7550.906102726483 29.536544526222773
7552.8843996307505 30.200587577138283
7554.862696535018 28.82037711507071
7556.840993439286 30.167209193393937
7558.819290343552 27.55662126673591
7560.79758724782 32.22206558890764
7562.775884152087 28.170950778182398
7564.754181056354 30.19886750874414
7566.7324779606215 29.875211103509425
7568.710774864889 29.927560493334923
7570.689071769157 29.81788082394818
7572.667368673423 28.72946248778676
7574.645665577691 28.627380774273902
7576.623962481958 28.575232991243144
7578.602259386225 29.816542820161395
7580.5805562904925 27.331263805796418
7582.55885319476 31.04897842872979
7584.537150099028 26.87872692636433
7586.515447003294 26.910019702606917
7588.493743907562 23.24873535439882
7590.472040811829 17.64140100707552
7592.450337716096 14.923559979112236
7594.4286346203635 10.959942694961121
7596.406931524631 9.836687364361591
7598.385228428899 8.324788852943739
7600.363525333165 7.948189829256236
7602.341822237433 9.409634027860376
7604.3201191417 10.054624781970325
7606.298416045967 12.675969799452217
7608.276712950235 14.147431964836406
7610.255009854502 17.033776466932267
7612.23330675877 20.059159943049202
7614.211603663036 22.236159021089318
7616.189900567304 20.877363281574006
7618.168197471571 17.233583079083964
7620.146494375838 17.69094059655114
7622.124791280106 16.405614972838865
7624.103088184373 16.510028635945645
7626.081385088641 14.187709511235877
7628.059681992907 16.612023431964747
7630.037978897175 16.203468170214446
7632.016275801442 16.37031445759068
7633.994572705709 18.49795493558892
7635.972869609977 17.736885645233762
7637.951166514244 17.523005269004425
7639.929463418512 18.217432940379357
7641.907760322779 15.956238148882058
7643.886057227046 19.27066471952784
7645.864354131313 21.21894092021019
7647.84265103558 21.700402468219202
7649.820947939848 23.716078089508073
7651.799244844115 21.5601910833658
7653.777541748383 22.20910069823777
7655.75583865265 22.81060800280229
7657.734135556917 22.318899984644354
7659.712432461184 21.424114404095288
7661.690729365451 25.233071448412257
7663.669026269719 24.752353029400716
7665.647323173986 25.142656146531547
7667.625620078254 26.38603786681934
7669.603916982521 26.537574474710826
7671.582213886788 23.79501690375564
7673.560510791055 26.184605782390413
7675.538807695322 25.72356393247402
7677.51710459959 27.438381941701177
7679.495401503857 27.98453666667793
7681.473698408125 27.410494771310137
7683.451995312392 25.929751923123618
7685.430292216659 28.305394970699375
7687.408589120926 27.071907573709566
7689.386886025193 27.977897276759716
7691.365182929461 28.13363833413942
7693.3434798337275 28.885364719874396
7695.321776737996 25.511053158324334
7697.300073642263 27.5659472564083
7699.27837054653 26.664320937450125
7701.256667450797 27.50154135852033
7703.234964355064 27.60519145292741
7705.213261259332 28.717668285749514
7707.1915581635985 28.59614037682995
7709.169855067867 28.38291619049683
7711.148151972134 27.09586223668107
7713.126448876401 30.324315196557098
7715.104745780668 27.559254222257653
7717.083042684935 27.19464436975618
7719.061339589203 28.261352201169338
7721.0396364934695 24.520135744419747
7723.017933397738 28.644805775743425
7724.996230302005 28.901850407200154
7726.974527206272 26.9988305489185
7728.952824110539 29.471428925325622
7730.931121014806 27.087101148224292
7732.909417919074 28.510522497058535
7734.8877148233405 26.72445885456864
7736.866011727609 26.462319561951258
7738.844308631876 28.508747344273274
7740.822605536143 28.442510408543164
7742.80090244041 27.17780917936681
7744.779199344677 25.515069855304613
7746.757496248945 32.373754207103396
7748.7357931532115 29.335953486037496
7750.71409005748 26.388895549916022
7752.692386961747 26.367477365101895
7754.670683866014 27.82328304219063
7756.648980770282 28.10097707638804
7758.627277674548 27.908706435203683
7760.605574578816 24.935705003395842
7762.5838714830825 29.86043342763438
7764.5621683873505 28.505338520682344
7766.540465291618 25.84337222031243
7768.518762195885 28.19408590867486
7770.497059100153 28.25245655075813
7772.475356004419 27.84119034664796
7774.453652908687 26.386408312158554
7776.4319498129535 26.32473351634309
7778.4102467172215 26.147747851194566
7780.388543621489 24.79338146498905
7782.366840525756 27.21613678633535
7784.345137430024 26.83473176834761
7786.32343433429 27.55841338862999
7788.301731238558 28.90206486145799
7790.280028142825 27.73391771210783
7792.2583250470925 26.22160136813253
7794.23662195136 24.824939604221317
7796.214918855627 28.001240372692294
7798.193215759895 26.18475137311844
7800.171512664161 27.954297725818954
7802.149809568429 28.24099168074033
7804.128106472696 23.999365943969064
7806.1064033769635 21.21622065843417
7808.084700281231 25.648474271268626
7810.062997185498 27.406819879283066
7812.041294089766 25.784198099533718
7814.019590994032 25.818143112742685
7815.9978878983 24.77110887118064
7817.976184802567 26.37096454940845
7819.9544817068345 25.876055775964733
7821.932778611102 25.319097516104332
7823.911075515369 23.728175093314867
7825.889372419637 24.476956980778315
7827.867669323903 27.524665491364335
7829.845966228171 25.01052422582016
7831.824263132438 26.82078700886435
7833.8025600367055 26.652286004241162
7835.780856940973 27.039306226890652
7837.75915384524 25.837779262260202
7839.737450749508 27.972184998962256
7841.715747653774 24.585296147868096
7843.694044558042 26.2446715221034
7845.672341462309 23.027946542735425
7847.6506383665765 24.753337827488295
7849.628935270844 25.392515669539716
7851.607232175111 24.328703588358028
7853.585529079379 24.6235225930053
7855.563825983645 24.215834103117242
7857.542122887913 23.846361830736797
7859.52041979218 25.02689469721315
7861.498716696447 24.251483526785478
7863.477013600715 25.59310594363863
7865.455310504982 23.787914222085746
7867.43360740925 23.506067291241127
7869.411904313516 25.307112745244602
7871.390201217784 23.24271916424374
7873.368498122051 25.399679124332174
7875.346795026318 23.265810317483613
7877.325091930586 23.20272241782526
7879.303388834853 24.715627856588377
7881.281685739121 21.244408114380047
7883.259982643387 23.895026782234442
7885.238279547655 24.255670906540107
7887.216576451922 24.3145604835175
7889.194873356189 22.26459088897595
7891.173170260457 23.97290434435954
7893.151467164724 24.92436201341061
7895.129764068992 23.44941813981064
7897.108060973258 23.060805458235045
7899.086357877526 22.430358934070345
7901.064654781793 21.41007422476868
7903.04295168606 24.113132028774775
7905.0212485903285 25.93267077236378
7906.999545494595 22.66297946970736
7908.977842398863 21.337696800333255
7910.956139303129 22.46688860951943
7912.934436207397 21.66969273531924
7914.912733111664 22.73902166380495
7916.891030015931 20.038440028646196
7918.8693269201995 22.346301376580918
7920.847623824466 24.338962904462374
7922.825920728734 22.010966214117595
7924.804217633 23.68373763449737
7926.782514537268 23.840932152899107
7928.760811441535 23.51621811888896
7930.739108345802 23.17602691937538
7932.71740525007 22.868581263305135
7934.695702154337 26.46672417220232
7936.673999058605 24.195575623310077
7938.652295962872 24.483365701516036
7940.630592867139 23.451523513872587
7942.608889771406 22.286289237661855
7944.587186675673 24.656000608829103
7946.565483579941 22.542975441484938
7948.543780484208 21.87732958339616
7950.522077388476 22.70549858626496
7952.500374292743 23.277925096383573
7954.47867119701 24.278590226419645
7956.456968101277 22.307435926060244
7958.435265005544 23.86195912226841
7960.413561909812 27.574701291461814
7962.391858814079 28.451727085301574
7964.370155718347 30.18730137755172
7966.348452622614 24.174227993691762
7968.326749526881 24.57166248931488
7970.305046431148 22.60130819815951
7972.283343335415 22.89736638588357
7974.261640239683 24.308642486785782
7976.23993714395 23.099068287784103
7978.218234048218 23.463278975073084
7980.196530952485 23.473899781726132
7982.174827856752 23.497620673074547
7984.153124761019 23.262384343864213
7986.131421665286 25.031663528397925
7988.109718569554 24.210618283475352
7990.088015473821 23.446088646194518
7992.066312378089 23.939480298460875
7994.044609282356 21.369694717763725
7996.022906186623 22.393989120042097
7998.00120309089 23.0172202865674
7999.979499995157 23.398135199141304
8001.957796899425 24.322023913824758
8003.936093803692 21.862830231225203
8005.91439070796 23.207182895388392
8007.892687612227 23.954540811549354
8009.870984516494 24.03555507647127
8011.849281420761 20.62602420421314
8013.827578325028 23.336257467780054
8015.805875229296 22.05798186823345
8017.784172133563 21.736636841120298
8019.762469037831 24.96518377505614
8021.740765942098 20.27078929390529
8023.719062846365 24.37663726390297
8025.697359750632 26.183060481541492
8027.675656654899 22.228351533713997
8029.653953559167 23.006827935793055
8031.632250463434 21.93296535175944
8033.610547367702 23.22760601044684
8035.588844271969 22.444662430411615
8037.567141176236 22.32962804917768
8039.545438080503 22.559003448538363
8041.52373498477 22.48700075329475
8043.502031889038 22.198236530163083
8045.480328793305 23.588465681808742
8047.458625697573 23.817859359937113
8049.43692260184 22.74569455238741
8051.415219506107 20.89343719991262
8053.393516410375 23.061047230437964
8055.371813314641 23.150655081106226
8057.350110218909 21.663963185864265
8059.328407123176 21.22645022541374
8061.306704027444 24.49746511652871
8063.285000931711 23.217781649090096
8065.263297835978 23.716885773072807
8067.241594740246 23.878960169133
8069.219891644512 21.192113843657797
8071.19818854878 24.34091256125926
8073.176485453047 24.130431049281686
8075.154782357315 22.811164745947675
8077.133079261582 22.701925186945108
8079.111376165849 23.411200758435392
8081.089673070117 23.42652477155929
8083.067969974383 22.758425206279675
8085.046266878651 23.401148752046957
8087.024563782918 22.80155926498126
8089.002860687186 22.808475473149983
8090.981157591453 22.648988189059267
8092.95945449572 23.48497066387636
8094.937751399988 23.167383621459557
8096.916048304254 21.268344863666666
8098.894345208522 21.58627449473022
8100.872642112789 23.92299383275244
8102.850939017057 24.502303205323194
8104.829235921324 24.81011551283263
8106.807532825591 22.357115922461908
8108.785829729859 24.00455046700067
8110.764126634125 22.09079388350041
8112.742423538393 23.688383234852502
8114.72072044266 23.12047491539908
8116.699017346928 22.414354399662358
8118.677314251195 21.516177672932336
8120.655611155462 23.70762618698863
8122.63390805973 22.94724941351223
8124.612204963996 21.924998706672245
8126.590501868264 22.811419385619832
8128.568798772531 23.18746479245613
8130.547095676799 22.717784880542762
8132.525392581066 22.73670108000049
8134.503689485333 20.784834093742223
8136.481986389601 22.774833545221657
8138.460283293867 20.740567012873885
8140.438580198135 21.869224810381652
8142.416877102402 22.86040464421825
8144.39517400667 21.01176863073729
8146.373470910937 22.881006342329492
8148.351767815204 20.0872115361216
8150.330064719472 22.855008453967066
8152.308361623738 22.825926282181584
8154.286658528006 22.312980612190078
8156.264955432273 20.663931304966745
8158.2432523365405 22.395958755130913
8160.221549240808 21.979181479449235
8162.199846145075 22.168545859454337
8164.178143049343 20.33628322321782
8166.156439953609 22.972624035779038
8168.134736857877 21.673832537239278
8170.113033762144 21.505861246159263
8172.0913306664115 21.03828209595515
8174.069627570679 21.856891108154358
8176.047924474946 21.15851105299452
8178.026221379214 21.380497527835654
8180.00451828348 23.2599442579617
8181.982815187748 22.577634531492503
8183.961112092015 22.541837782586388
8185.9394089962825 21.869890840849322
8187.91770590055 23.869184008478943
8189.896002804817 22.29629811882865
8191.874299709085 21.858494458072347
8193.852596613351 21.644065183453296
8195.83089351762 21.950777726859812
8197.809190421885 21.07505631027631
8199.787487326153 21.989795640162193
8201.765784230422 21.780072771709996
8203.744081134688 22.046618837242093
8205.722378038956 23.83809059651694
8207.700674943222 22.562396603044512
8209.67897184749 21.510935446983016
8211.657268751758 23.4927971642836
8213.635565656024 21.545084656978027
8215.613862560293 21.55263631874874
8217.592159464559 21.873142875071697
8219.570456368827 20.503282090553355
8221.548753273093 21.295906936776465
8223.527050177361 19.935465413297017
8225.505347081627 19.898928967027597
8227.483643985895 19.41462535328461
8229.461940890164 18.243009908391418
8231.44023779443 19.385757562289843
8233.418534698698 19.632084873913424
8235.396831602964 18.771163054357288
8237.375128507232 19.670656767104788
8239.3534254115 19.969804689696467
8241.331722315766 20.37780624873819
8243.310019220035 20.956469578269584
8245.2883161243 21.319468499925172
8247.266613028569 22.58537583935205
8249.244909932837 18.981933769571256
8251.223206837103 21.517212468581235
8253.20150374137 19.529900006985454
8255.179800645637 18.230389877823303
8257.158097549906 18.937148809262656
8259.136394454172 19.67019449323481
8261.11469135844 18.257262053601256
8263.092988262706 19.106918849322078
8265.071285166974 20.016128188159243
8267.049582071242 20.001419191053472
8269.027878975508 18.067004694402378
8271.006175879776 19.41778435317117
8272.984472784043 18.96273119099544
8274.96276968831 18.120300385552984
8276.941066592579 17.623430265120543
8278.919363496845 18.170307139599075
8280.897660401111 16.423266622084792
8282.87595730538 16.81621087788553
8284.854254209647 17.057165854485397
8286.832551113914 19.33358007947981
8288.810848018182 17.73375544445612
8290.789144922448 17.900508142007126
8292.767441826716 14.112612968455863
8294.745738730984 16.673548667755185
8296.72403563525 17.304949914716232
8298.702332539518 18.98357333351675
8300.680629443785 18.0404929426217
8302.658926348053 16.994694455202733
8304.63722325232 16.633691931426807
8306.615520156587 17.055620995698295
8308.593817060853 16.329339947406854
8310.572113965121 17.332329819975467
8312.55041086939 16.611719077390568
8314.528707773656 19.13799644302907
8316.507004677924 17.19288607471684
8318.48530158219 17.326612293059224
8320.463598486458 16.198597750306092
8322.441895390726 15.872266443355487
8324.420192294992 16.572295784484808
8326.39848919926 16.21520704342649
8328.376786103527 16.534228392169627
8330.355083007795 17.148374881342438
8332.333379912063 16.874769820352547
8334.311676816329 16.689009684481167
8336.289973720597 17.45399734864503
8338.268270624863 15.853201372950451
8340.246567529131 18.053034808546975
8342.224864433398 17.25489756948227
8344.203161337666 16.490810837932365
8346.181458241932 13.372223332388588
8348.1597551462 16.412019714742215
8350.138052050468 16.899230970198797
8352.116348954734 12.21773977477974
8354.094645859002 14.868791847984916
8356.072942763269 19.560440811688384
8358.051239667537 15.083023903431423
8360.029536571805 15.390210482573979
8362.007833476071 15.938545051853378
8363.98613038034 19.287940195818596
8365.964427284605 15.802509561761871
8367.942724188873 17.22142065753406
8369.92102109314 14.52393675280144
8371.899317997408 15.77675853069747
8373.877614901674 15.78783449252585
8375.855911805942 15.511436014584731
8377.83420871021 15.120096428785784
8379.812505614476 14.04507290909036
8381.790802518744 17.242031628477193
8383.76909942301 13.992533335793306
8385.747396327279 17.245798552745246
8387.725693231547 14.04053684569697
8389.703990135813 15.890063750036882
8391.682287040081 15.348136663424214
8393.660583944347 16.609366996517174
8395.638880848615 14.940583912168487
8397.617177752883 16.42737432271238
8399.59547465715 14.832294870643674
8401.573771561416 16.50515061629643
8403.552068465684 19.28310175283999
8405.530365369952 15.185716037814252
8407.508662274218 13.138566486456341
8409.486959178486 13.236409304538498
8411.465256082753 14.199144269164867
8413.44355298702 15.87599743555206
8415.421849891289 16.132921426806647
8417.400146795555 15.421734664458812
8419.378443699823 13.89622592426053
8421.35674060409 14.667090643046013
8423.335037508357 15.461078017137641
8425.313334412625 14.881520997380097
8427.291631316892 14.585050113574693
8429.269928221158 17.63143326308326
8431.248225125426 18.980323026476096
8433.226522029694 16.045857136576508
8435.20481893396 25.2520555460157
8437.183115838228 15.806782464966851
8439.161412742495 14.806730307984187
8441.139709646763 14.911552676944076
8443.11800655103 14.713954347826718
8445.096303455297 15.213739295222041
8447.074600359565 16.756519311552605
8449.052897263831 16.246376339447227
8451.0311941681 15.892736244330449
8453.009491072367 14.130735701608588
8454.987787976634 14.099853158168814
8456.9660848809 16.633447126321197
8458.944381785168 18.23800341860193
8460.922678689436 16.137824372135448
8462.900975593702 14.06195704546434
8464.87927249797 17.233277867540906
8466.857569402237 16.14100868888406
8468.835866306505 16.640373968684788
8470.814163210773 17.516597436960012
8472.792460115039 15.826724175246374
8474.770757019307 15.84338804550875
8476.749053923573 17.26622597552726
8478.727350827841 16.425691329555878
8480.70564773211 15.54233314637
8482.683944636376 16.090721103727557
8484.662241540644 14.7192968700306
8486.64053844491 17.21238690149737
8488.618835349178 17.075779914119057
8490.597132253444 15.234639660204746
8492.575429157712 16.599134443720573
8494.553726061979 16.371380562414842
8496.532022966247 17.39857823659782
8498.510319870515 16.274846005480885
8500.48861677478 15.75592110512638
8502.466913679049 14.614657111663593
8504.445210583315 17.99817552788573
8506.423507487583 16.227978981245645
8508.401804391851 16.04180930465297
8510.380101296118 15.959526454324337
8512.358398200386 14.850123932468613
8514.336695104652 17.421973267664626
8516.31499200892 17.397094499559657
8518.293288913188 16.266923972135093
8520.271585817454 16.617161007382215
8522.24988272172 18.833956475390437
8524.228179625989 16.329803955679818
8526.206476530257 16.77977851898267
8528.184773434523 14.458275120793834
8530.163070338791 16.213167910714784
8532.141367243057 15.957290081109962
8534.119664147325 16.491701098931312
8536.097961051593 16.297540113113115
8538.07625795586 16.212854688498982
8540.054554860128 15.554122227186937
8542.032851764394 16.273894076284837
8544.011148668662 14.314698559859536
8545.98944557293 13.63841878193927
8547.967742477196 17.227524595474183
8549.946039381462 15.649999133108278
8551.92433628573 14.804924747601147
8553.902633189999 17.900818982776016
8555.880930094265 14.299239684816138
8557.859226998533 14.735932989677147
8559.8375239028 15.82378724159134
8561.815820807067 17.06289905215362
8563.794117711335 16.09748351755429
8565.772414615602 15.843865914256416
8567.75071151987 17.11723744202092
8569.729008424136 15.555931564643004
8571.707305328404 16.098654270587407
8573.685602232672 15.793579469040122
8575.663899136938 16.442919717902267
8577.642196041204 15.189233207131435
8579.620492945473 16.411655262898293
8581.59878984974 15.872131644501101
8583.577086754007 16.79626961009267
8585.555383658275 16.164124741881217
8587.533680562541 15.296111854372368
8589.51197746681 15.93666881148528
8591.490274371077 16.168066862119343
8593.468571275343 15.438541803185645
8595.446868179612 15.574981764661569
8597.425165083878 15.642421317305562
8599.403461988146 15.330275701352084
8601.381758892414 15.164684762788903
8603.36005579668 15.808980771489468
8605.338352700946 15.722333452654452
8607.316649605214 15.388375220825818
8609.294946509483 14.476526523321393
8611.273243413749 14.863417335160639
8613.251540318017 15.45807476948071
8615.229837222283 16.15589710211025
8617.208134126551 14.308920871741796
8619.18643103082 16.025341790009694
8621.164727935085 14.26157967284029
8623.143024839354 14.356988526814888
8625.12132174362 17.77573934028462
8627.099618647888 14.828496618977915
8629.077915552156 14.029179261589272
8631.056212456422 13.586689728762726
8633.03450936069 14.309833665347803
8635.012806264956 17.382865676603114
8636.991103169225 16.69701720471773
8638.96940007349 16.678191022491916
8640.947696977759 14.00104358112613
8642.925993882025 15.624052655764283
8644.904290786293 13.598510203955072
8646.882587690561 13.253807417798155
8648.860884594827 14.990727137051053
8650.839181499096 16.07391372731581
8652.817478403362 14.198601053539111
8654.79577530763 14.194590909464832
8656.774072211898 14.943450554128855
8658.752369116164 17.06508871791924
8660.730666020432 15.594383461629675
8662.708962924698 15.52073922229074
8664.687259828966 14.23871036380404
8666.665556733235 15.080395955477432
8668.6438536375 14.991262388593245
8670.622150541767 17.017886274432417
8672.600447446035 16.233866323163916
8674.578744350303 14.213048314471065
8676.55704125457 15.322464170580394
8678.535338158837 11.408825256906189
8680.513635063104 12.675759605177118
8682.491931967372 15.91642569541686
8684.47022887164 16.51227588931408
8686.448525775906 14.904268863412831
8688.426822680174 14.208082556946477
8690.40511958444 15.156118135566148
8692.383416488708 13.727805176811719
8694.361713392977 15.368852701245116
8696.340010297243 15.427813085280285
8698.318307201509 13.941568529934099
8700.296604105777 13.819961175983117
8702.274901010045 14.974401477342743
8704.253197914311 13.905123184496656
8706.23149481858 15.510727826852493
8708.209791722846 15.691594147639352
8710.188088627114 14.95138118670329
8712.166385531382 14.986208640728695
8714.144682435648 15.268356859550087
8716.122979339916 14.960009533882388
8718.101276244182 14.41043712674717
8720.07957314845 14.854163734156382
8722.057870052718 15.248445260253238
8724.036166956985 16.63209685216843
8726.014463861251 16.111821167799775
8727.992760765519 14.842696625929465
8729.971057669787 13.935873875697057
8731.949354574053 14.278433423425751
8733.927651478321 15.814421125167103
8735.905948382588 13.904304556114884
8737.884245286856 15.242111254927744
8739.862542191124 16.79546898390757
8741.84083909539 15.97547087242013
8743.819135999658 13.76138229666092
8745.797432903924 15.623640966933776
8747.775729808192 15.567214538562087
8749.75402671246 15.084293188426319
8751.732323616727 15.144554179513696
8753.710620520993 15.113742176054398
8755.688917425261 14.372560954798985
8757.667214329529 15.160741060015585
8759.645511233795 15.915938090643447
8761.623808138063 13.345813353049426
8763.60210504233 14.068894664192433
8765.580401946598 15.96794799495881
8767.558698850866 15.258611331669819
8769.536995755132 11.47993136303662
8771.5152926594 15.139523076888114
8773.493589563666 14.297322531438256
8775.471886467934 17.603760503975703
8777.450183372202 16.841417244352424
8779.428480276469 15.191429566388022
8781.406777180737 15.516708490454223
8783.385074085003 16.526694322540784
8785.363370989271 20.26755281425397
8787.341667893537 16.631728827850747
8789.319964797805 12.114305755584992
8791.298261702072 14.462158152951707
8793.27655860634 14.707190396645638
8795.254855510608 14.431649321922608
8797.233152414874 13.859676534001473
8799.211449319142 13.695560377480719
8801.189746223408 15.95291528904794
8803.168043127676 12.168624133183958
8805.146340031944 14.039723650240525
8807.12463693621 14.997878923065183
8809.102933840479 13.71604281523678
8811.081230744745 13.454665893174008
8813.059527649013 15.444967360190244
8815.037824553281 12.299901481999685
8817.016121457547 12.65089691387831
8818.994418361814 14.23125407786954
8820.972715266082 13.41745259325173
8822.95101217035 13.560465641011072
8824.929309074616 15.429813244744755
8826.907605978884 15.693398818406227
8828.88590288315 15.242032097832688
8830.864199787418 13.889163692094344
8832.842496691686 15.606215839340262
8834.820793595953 18.765651682579012
8836.79909050022 12.39607442172537
8838.777387404487 17.147833940559792
8840.755684308755 14.857506916565455
8842.733981213023 14.847788253124023
8844.71227811729 14.797453791903791
8846.690575021556 16.41586441828615
8848.668871925824 13.783519104935316
8850.647168830092 15.289130891796257
8852.625465734358 15.100368351070511
8854.603762638626 15.814044092379065
8856.582059542892 14.962844931065941
8858.56035644716 13.132376855041011
8860.538653351428 14.53162651196953
8862.516950255695 14.254063287997656
8864.495247159963 15.469172317028333
8866.473544064229 14.868527102131347
8868.451840968497 17.062206919021392
8870.430137872765 16.962744360133023
8872.408434777031 12.873686082447236
8874.386731681298 15.770241287174787
8876.365028585566 14.133698149176555
8878.343325489834 19.719675342584384
8880.3216223941 16.27229555505674
8882.299919298368 16.68982168730294
8884.278216202634 13.80694920833802
8886.256513106902 17.305681006517705
8888.23481001117 13.348756445251551
8890.213106915437 16.554628873925395
8892.191403819705 17.452112198781045
8894.16970072397 20.399710015089127
8896.147997628239 16.145667164610728
8898.126294532507 16.50678330780523
8900.104591436773 14.821724721739159
8902.08288834104 16.388586245701322
8904.061185245308 18.438237958222725
8906.039482149576 16.83455248383791
8908.017779053842 16.373748196729256
8909.99607595811 17.124084201381798
8911.974372862376 18.452163453558597
8913.952669766644 16.873627819339912
8915.930966670912 18.515774835351824
8917.909263575179 16.941021844351468
8919.887560479447 18.502869453190968
8921.865857383713 16.397247636877623
8923.844154287981 18.240421581088896
8925.822451192249 16.33506253156209
8927.800748096515 18.34862184441299
8929.779045000783 20.467865021269173
8931.75734190505 14.155168367140385
8933.735638809318 16.482139725285286
8935.713935713584 18.672561421954732
8937.692232617852 15.613220257434294
8939.670529522118 17.28211364454428
8941.648826426386 14.722913821558834
8943.627123330654 16.378328488753876
8945.60542023492 18.068820241987318
8947.583717139189 18.268254633250095
8949.562014043455 16.520895642486487
8951.540310947723 16.781472314444603
8953.518607851991 20.572102009051147
8955.496904756257 18.448861169922097
8957.475201660525 18.28046542084354
8959.453498564792 17.0646052498625
8961.43179546906 16.200531269932707
8963.410092373328 15.758725661299854
8965.388389277594 15.577012556469699
8967.36668618186 20.346230849233276
8969.344983086128 10.968866681787182
8971.323279990396 17.884239860122467
8973.301576894663 16.0722634222858
8975.27987379893 18.94408600651472
8977.258170703197 16.64842717826731
8979.236467607465 16.579590880902096
8981.214764511733 16.097777887041456
8983.193061416 15.341434250522443
8985.171358320267 15.698265345982165
8987.149655224533 17.7469845803036
8989.127952128802 17.685495539373026
8991.10624903307 21.98123740265458
8993.084545937336 18.01825633128716
8995.062842841602 15.469455386023718
8997.04113974587 17.730399489095902
8999.019436650138 15.321273674777295
9000.997733554404 12.572211258591688
9002.976030458673 14.537340585616253
9004.954327362939 15.71449259976862
9006.932624267207 19.008833789629502
9008.910921171475 17.809191959951445
9010.889218075741 17.634733059337965
9012.86751498001 18.919380789925
9014.845811884275 14.016218720273432
9016.824108788544 16.24067191928066
