4075.3715 1.01703994198549
4083.7062 0.797690751773837
4092.0408 0.824924876566161
4100.3755 0.798460885050049
4108.7101 0.728698027824499
4117.0448 0.508318987883543
4125.3794 0.490411184674703
4133.7141 0.642243116160015
4142.0487 0.455964319848949
4150.3834 0.490015867722847
4158.7180 0.713230784917761
4167.0527 0.944862397475331
4175.3873 0.724961362890033
4183.7220 0.117291465471057
4192.0566 0.252840045050081
4200.3913 0.338566971562615
4208.7259 0.378498780643196
4217.0606 0.369441717876258
4225.3952 0.504755289006397
4233.7299 0.76972220899099
4242.0645 0.217837600059903
4250.3992 0.0727996887025451
4258.7339 0.297824623626419
4267.0685 0.199987089130321
4275.4032 0.345355166534414
4283.7378 0.721327161747841
4292.0725 0.388726353432336
4300.4071 0.296165266917462
4308.7418 0.43316793501366
4317.0764 0.304350789653483
4325.4111 0.112287076771711
4333.7457 -0.140331263721953
4342.0804 0.133156945123511
4350.4150 0.307818001486894
4358.7497 0.387683847263357
4367.0843 0.347917971411987
4375.4190 0.342040404765928
4383.7536 0.368723751055158
4392.0883 0.142456499095714
4400.4229 0.0674825926522624
4408.7576 0.138091673418748
4417.0922 -0.00546850221909964
4425.4269 0.309796983887064
4433.7615 1.06475563007237
4442.0962 0.771568449484447
4450.4309 0.578778662437213
4458.7655 0.481443740155098
4467.1002 0.216072337869933
4475.4348 0.123238048426611
4483.7695 0.19509189577254
4492.1041 0.187895351770223
4500.4388 0.223760380628752
4508.7734 0.300612549512836
4517.1081 0.162134323573528
4525.4427 0.0558328213103731
4533.7774 -0.0198633957187798
4542.1120 0.246010448865701
4550.4467 0.47498714220657
4558.7813 0.668641139077686
4567.1160 0.414833683373956
4575.4506 0.317570551871788
4583.7853 0.374476719001418
4592.1199 0.167863960916212
4600.4546 0.200540876693692
4608.7892 0.467643305791846
4617.1239 0.437297846450835
4625.4585 0.315091487399383
4633.7932 0.104315464851053
4642.1278 0.546968746241412
4650.4625 0.696952334580908
4658.7972 0.560483478675668
4667.1318 0.253658443408337
4675.4665 0.255165289710974
4683.8011 0.561135091528607
4692.1358 0.500456622812076
4700.4704 0.453767550385006
4708.8051 0.42290945689249
4717.1397 0.165537751285112
4725.4744 0.235991096747025
4733.8090 0.625006981444654
4742.1437 0.78637661164643
4750.4783 0.940347410936777
4758.8130 1.09036278414343
4767.1476 0.922679233712752
4775.4823 0.796583570803853
4783.8169 0.708853004072037
4792.1516 0.450620107742432
4800.4862 0.473634620327028
4808.8209 0.77645482673675
4817.1555 0.4493772110141
4825.4902 0.422995433460477
4833.8248 0.695226499533655
4842.1595 0.697507236588384
4850.4941 0.639892839098787
4858.8288 0.522796607847406
4867.1635 0.240874622391341
4875.4981 0.127107112640991
4883.8328 0.180329038786027
4892.1674 0.407518069928939
4900.5021 0.528563461474869
4908.8367 0.544201928403384
4917.1714 0.374940552882689
4925.5060 0.368632310014818
4933.8407 0.523309172196608
4942.1753 0.655828799836944
4950.5100 0.689269185245025
4958.8446 0.627520429880039
4967.1793 0.621342811122932
4975.5139 0.60177671525946
4983.8486 0.568354680382336
4992.1832 0.529420359966545
5000.5179 0.496653131512555
5008.8525 0.4703882551465
5017.1872 0.468458602281369
5025.5218 0.565301232544793
5033.8565 0.759732498970784
5042.1911 0.840538789393757
5050.5258 0.79523068937854
5058.8605 0.629221219591093
5067.1951 0.588290856054942
5075.5298 0.561919312146281
5083.8644 0.547949035863594
5092.1991 0.635567487110011
5100.5337 0.602339424721236
5108.8684 0.451829221775917
5117.2030 0.515001197594387
5125.5377 0.452398731213821
5133.8723 0.265456373220573
5142.2070 0.256539066417824
5150.5416 0.214733946310035
5158.8763 0.139970871869735
5167.2109 -0.0115496165158286
5175.5456 0.0815245966837793
5183.8802 0.42111761276157
5192.2149 0.413170699499695
5200.5495 0.37283119774332
5208.8842 0.300508159428944
5217.2188 0.299136945047415
5225.5535 0.405450672130961
5233.8881 0.618537183682862
5242.2228 0.181563758708728
5250.5574 0.143757616408599
5258.8921 0.499698769240598
5267.2268 0.480388273899956
5275.5614 0.528209768069419
5283.8961 0.643175756797045
5292.2307 0.445118396694688
5300.5654 0.234458859750162
5308.9000 0.0132265479201002
5317.2347 0.270811731188968
5325.5693 0.387210534626053
5333.9040 0.361975800751498
5342.2386 0.138368928796823
5350.5733 0.206287863308121
5358.9079 0.56508616605107
5367.2426 0.508168466460772
5375.5772 0.556369989879398
5383.9119 0.707929697097291
5392.2465 0.760015431934301
5400.5812 0.806493241428699
5408.9158 0.849076047660367
5417.2505 0.674490417814962
5425.5851 0.646184970544506
5433.9198 0.764719538847575
5442.2544 0.679768164307499
5450.5891 0.668190324541765
5458.9238 0.730466548710082
5467.2584 0.591410213408813
5475.5931 0.512821257393028
5483.9277 0.495219524508057
5492.2624 0.37342381966959
5500.5970 0.429838464889428
5508.9317 0.665553098297927
5517.2663 0.904732555582437
5525.6010 0.940827661115172
5533.9356 0.777073852566653
5542.2703 0.877932845384723
5550.6049 1.02378557516163
5558.9396 1.21069603083788
5567.2742 0.912671561844796
5575.6089 0.919260633758202
5583.9435 1.2279959064119
5592.2782 1.22485123768909
5600.6128 1.12751463336135
5608.9475 0.935069764082747
5617.2821 1.27910462568761
5625.6168 1.34505429594433
5633.9514 1.13546302347212
5642.2861 1.28871469014233
5650.6207 1.33052761981791
5658.9554 1.25624908810829
5667.2901 1.15992852412322
5675.6247 1.10064388911513
5683.9594 1.08003861627069
5692.2940 1.28631701820773
5700.6287 1.3298314147042
5708.9633 1.21190259085153
5717.2980 1.30941888555722
5725.6326 1.21168553204612
5733.9673 0.916042278647516
5742.3019 1.18888710559578
5750.6366 1.28914735668193
5758.9712 1.21735464480713
5767.3059 1.29468668736892
5775.6405 1.27664123767359
5783.9752 1.16477614152376
5792.3098 1.21916517130014
5800.6445 1.07173462781003
5808.9791 0.717537897859025
5817.3138 0.829471460750069
5825.6484 0.870885222007449
5833.9831 0.847944460953735
5842.3177 0.643499747135704
5850.6524 0.597578793606462
5858.9871 0.709778112531113
5867.3217 0.699142742681496
5875.6564 0.811147851901156
5883.9910 1.04621325109348
5892.3257 0.871078114172715
5900.6603 0.897603281658487
5908.9950 1.12510955924883
5917.3296 0.992401311168819
5925.6643 0.726853209090149
5933.9989 0.329787847334846
5942.3336 0.544857072748134
5950.6682 0.714646359526289
5959.0029 0.838941685388843
5967.3375 0.993959271629759
5975.6722 1.06529905343598
5984.0068 1.05199720614457
5992.3415 0.933147601491769
6000.6761 0.942600734830883
6009.0108 1.07975842761815
6017.3454 0.891300257271606
6025.6801 0.884803760408516
6034.0147 1.05834806318254
6042.3494 0.777581153837294
6050.6840 0.680726426172955
6059.0187 0.768807153036016
6067.3534 0.82269412190594
6075.6880 0.750771761973371
6084.0227 0.552845875150584
6092.3573 0.646133346850967
6100.6920 0.777360827522965
6109.0266 0.946615964472294
6117.3613 0.773168131717493
6125.6959 0.677887888798755
6134.0306 0.664346963367847
6142.3652 0.342392875041867
6150.6999 0.306844961391632
6159.0345 0.556590654186722
6167.3692 0.39435583123346
6175.7038 0.414580014680441
6184.0385 0.617624639386242
6192.3731 0.25846564619339
6200.7078 0.134157804580133
6209.0424 0.244817692513974
6217.3771 0.434577516141503
6225.7117 0.421033559108507
6234.0464 0.199986064551067
6242.3810 0.0898780819326584
6250.7157 0.190150355577281
6259.0503 0.503965779008106
6267.3850 0.419826000778651
6275.7197 0.371999987486228
6284.0543 0.362667530261421
6292.3890 0.517363658145624
6300.7236 0.582636318291953
6309.0583 0.55551353688215
6317.3929 0.33099510041932
6325.7276 0.334558709855487
6334.0622 0.569018301830748
6342.3969 0.439318424497229
6350.7315 0.427369107676162
6359.0662 0.533496562786364
6367.4008 0.417052454032632
6375.7355 0.355880641831443
6384.0701 0.35127890889699
6392.4048 0.561676789324893
6400.7394 0.577048985317959
6409.0741 0.391205143675462
6417.4087 0.300105964740653
6425.7434 0.282927832429279
6434.0780 0.340536201768964
6442.4127 0.660548420539083
6450.7473 0.662206588990479
6459.0820 0.343065996389189
6467.4167 0.232053746300685
6475.7513 0.3532133682795
6484.0860 0.706264252728107
6492.4206 0.826190839456153
6500.7553 0.798085748525284
6509.0899 0.617064046505603
6517.4246 0.638587757386784
6525.7592 0.843769102558345
6534.0939 1.23565308755036
6542.4285 0.963132108365672
6550.7632 0.802953481026809
6559.0978 0.756417095437876
6567.4325 0.820046947782811
6575.7671 0.85987033803596
6584.1018 0.875520511104169
6592.4364 0.985861687207632
6600.7711 0.964316773218178
6609.1057 0.80881843493789
6617.4404 1.02254611394156
6625.7750 1.11573271176726
6634.1097 1.08609287179063
6642.4443 1.10508206595077
6650.7790 1.14235222440111
6659.1136 1.19869997379611
6667.4483 1.23869537834667
6675.7830 1.1842813519677
6684.1176 1.03526613570968
6692.4523 0.848573836025808
6700.7869 0.861584142419689
6709.1216 1.07422182256484
6717.4562 1.05790198037135
6725.7909 0.978549157746094
6734.1255 0.831895761442857
6742.4602 0.973223444035494
6750.7948 0.94425957964442
6759.1295 0.736498473355339
6767.4641 0.773522420445185
6775.7988 0.828993304373069
6784.1334 0.904631455517039
6792.4681 1.00020737598557
6800.8027 0.918028858763961
6809.1374 0.655707529911075
6817.4720 0.854883812360907
6825.8067 0.882466945127521
6834.1413 0.736710170348039
6842.4760 0.941764746791658
6850.8106 0.859804330614578
6859.1453 0.482726358656991
6867.4800 0.542005150609411
6875.8146 0.673418200484894
6884.1493 0.883225439494236
6892.4839 0.741678301864775
6900.8186 0.609652785698924
6909.1532 0.486384689710319
6917.4879 0.611384603564732
6925.8225 0.619568836213693
6934.1572 0.512804712832736
6942.4918 0.792791013236855
6950.8265 0.774385924681703
6959.1611 0.462528709597757
6967.4958 0.449111866186499
6975.8304 0.558768069108084
6984.1651 0.791797090941414
6992.4997 0.348296002352765
7000.8344 0.183074046788062
7009.1690 0.297326191931922
7017.5037 0.574624767522984
7025.8383 0.581455856815892
7034.1730 0.316322494462622
7042.5076 0.502046925910574
7050.8423 0.514482258923406
7059.1769 0.347220793155258
7067.5116 0.466238024295894
7075.8463 0.428976676689009
7084.1809 0.236704576952847
7092.5156 0.571542333830365
7100.8502 0.632285782010695
7109.1849 0.417428523105831
7117.5195 0.283607445354317
7125.8542 0.269732074980834
7134.1888 0.38136415932787
7142.5235 0.494664691094611
7150.8581 0.605993199227413
7159.1928 0.711325280046966
7167.5274 0.49463651342145
7175.8621 0.380399417121802
7184.1967 0.369426970090529
7192.5314 0.497884118479996
7200.8660 0.5637960285556
7209.2007 0.560091944230129
7217.5353 0.6991570532983
7225.8700 0.497106085750516
7234.2046 -0.0603635112796859
7242.5393 0.226856802215093
7250.8739 0.478711591899631
7259.2086 0.694722941856984
7267.5432 0.206046294443113
7275.8779 0.0442430951295833
7284.2126 0.21561761736323
7292.5472 0.378365341107872
7300.8819 0.537288427862563
7309.2165 0.695065250041847
7317.5512 0.658805811896656
7325.8858 0.471357960450814
7334.2205 0.128955973467552
7342.5551 0.313906304643943
7350.8898 0.365525826414368
7359.2244 0.277850420140217
7367.5591 0.468540929132736
7375.8937 0.316135672215334
7384.2284 -0.177833808471421
7392.5630 0.158401780244718
7400.8977 0.377408996960628
7409.2323 0.476142260566839
7417.5670 0.594966308744648
7425.9016 0.664773473931294
7434.2363 0.684202743091233
7442.5709 0.383752262347144
7450.9056 0.176354146128001
7459.2402 0.065318515481143
7467.5749 0.450283802608903
7475.9096 0.553411726870083
7484.2442 0.373154184792386
7492.5789 0.282048957138106
7500.9135 0.293901064870229
7509.2482 0.411290702130231
7517.5828 0.0863757743419845
7525.9175 0.116477307722883
7534.2521 0.515008024040079
7542.5868 0.216499327181578
7550.9214 0.0982156105701727
7559.2561 0.168800404926344
7567.5907 0.329890975595238
7575.9254 0.434451088469021
7584.2600 0.469113006843531
7592.5947 0.507347250935713
7600.9293 0.541803191887436
7609.2640 0.5794786589377
7617.5986 0.200287539458945
7625.9333 0.266115399153194
7634.2679 0.844573844708044
7642.6026 0.56331672896939
7650.9372 0.447991334456591
7659.2719 0.523198030488286
7667.6065 0.129176129065165
7675.9412 0.0305928949834329
7684.2759 0.220462414770125
7692.6105 0.116362792781087
7700.9452 0.0701628374669698
7709.2798 0.0763132812836369
7717.6145 0.238479728705604
7725.9491 0.439842736521047
7734.2838 0.681116936498567
7742.6184 0.577790083364706
7750.9531 0.326743576230283
7759.2877 -0.0793146684584177
7767.6224 0.390028361839744
7775.9570 0.677964476308272
7784.2917 0.777334064379613
7792.6263 0.344477011649385
7800.9610 -0.0445674073590443
7809.2956 -0.383396168138136
7817.6303 0.275367921588295
7825.9649 0.590787184041517
