# TELESCOPE = UH88
# INSTRUMENT = SNIFS
# OBJECT = ATLAS25abj
# CHANNEL = B+R
# EXPNUM = 25_009_018_003
# MJD-OBS = 60684.298270
# DATE-OBS = 2025-01-09T07:09:32
# EXPTIME = 1800.0s
# AIRMASS = 1.43
# FLUXCAL_RMS_B = 0.105 mag
# FLUXCAL_RMS_R = 0.074 mag
# RA = 02:49:04.59
# DEC = -22:14:01.20
# wl fl err
# [A] [erg/s/cm2/A]
3400.480000 -2.173081e-18 4.023763e-17
3403.480000 1.079404e-16 4.299579e-17
3406.480000 2.090944e-16 3.944140e-17
3409.480000 1.874555e-16 3.663773e-17
3412.480000 2.215973e-16 4.043297e-17
3415.480000 2.715598e-16 4.123599e-17
3418.480000 2.341080e-16 3.628915e-17
3421.480000 1.291789e-16 3.482125e-17
3424.480000 1.435813e-16 3.990042e-17
3427.480000 1.451980e-16 3.953053e-17
3430.480000 1.419248e-16 3.458273e-17
3433.480000 1.204672e-16 3.456354e-17
3436.480000 1.521789e-16 3.878206e-17
3439.480000 2.139290e-16 3.794525e-17
3442.480000 3.197446e-16 3.365236e-17
3445.480000 2.173235e-16 3.282991e-17
3448.480000 1.452195e-16 3.576491e-17
3451.480000 1.529341e-16 3.513945e-17
3454.480000 1.814097e-16 3.217432e-17
3457.480000 2.019240e-16 3.405172e-17
3460.480000 2.506867e-16 3.651577e-17
3463.480000 2.438648e-16 3.363354e-17
3466.480000 2.237973e-16 3.072456e-17
3469.480000 1.940622e-16 3.317194e-17
3472.480000 2.012543e-16 3.475149e-17
3475.480000 2.528949e-16 3.196253e-17
3478.480000 2.528731e-16 2.983438e-17
3481.480000 2.311289e-16 3.323303e-17
3484.480000 2.297872e-16 3.479134e-17
3487.480000 2.728817e-16 3.160980e-17
3490.480000 2.827385e-16 3.057522e-17
3493.480000 3.506201e-16 3.430223e-17
3496.480000 2.567789e-16 3.323374e-17
3499.480000 2.580759e-16 2.945181e-17
3502.480000 2.008372e-16 2.941079e-17
3505.480000 2.486684e-16 3.390197e-17
3508.480000 3.445748e-16 3.395744e-17
3511.480000 3.651527e-16 3.008922e-17
3514.480000 3.310107e-16 3.011873e-17
3517.480000 3.581751e-16 3.277010e-17
3520.480000 2.648525e-16 3.134683e-17
3523.480000 2.643901e-16 2.795879e-17
3526.480000 3.330388e-16 2.926986e-17
3529.480000 2.504622e-16 3.075809e-17
3532.480000 2.352709e-16 2.951390e-17
3535.480000 2.658724e-16 2.797961e-17
3538.480000 2.746045e-16 3.035847e-17
3541.480000 2.935437e-16 3.238813e-17
3544.480000 3.295333e-16 3.074216e-17
3547.480000 3.279221e-16 2.916273e-17
3550.480000 3.813232e-16 3.223746e-17
3553.480000 3.509920e-16 3.258378e-17
3556.480000 3.895876e-16 2.943458e-17
3559.480000 3.889086e-16 2.803769e-17
3562.480000 3.893845e-16 3.127683e-17
3565.480000 4.095022e-16 3.146162e-17
3568.480000 4.199518e-16 2.730381e-17
3571.480000 4.300547e-16 2.643323e-17
3574.480000 4.472685e-16 3.005056e-17
3577.480000 3.722843e-16 2.953479e-17
3580.480000 4.458415e-16 2.628674e-17
3583.480000 4.870308e-16 2.650203e-17
3586.480000 4.750885e-16 2.896328e-17
3589.480000 4.061677e-16 2.796152e-17
3592.480000 3.801356e-16 2.558166e-17
3595.480000 4.162581e-16 2.790366e-17
3598.480000 4.749403e-16 3.114255e-17
3601.480000 5.302870e-16 3.012867e-17
3604.480000 5.777655e-16 2.767575e-17
3607.480000 6.155326e-16 2.934670e-17
3610.480000 5.652254e-16 3.023951e-17
3613.480000 5.368566e-16 2.794918e-17
3616.480000 5.462744e-16 2.630404e-17
3619.480000 6.537555e-16 2.979375e-17
3622.480000 6.113458e-16 3.029590e-17
3625.480000 5.607642e-16 2.754881e-17
3628.480000 5.662545e-16 2.688320e-17
3631.480000 6.346795e-16 3.063332e-17
3634.480000 6.152644e-16 3.046620e-17
3637.480000 5.481129e-16 2.646751e-17
3640.480000 5.388900e-16 2.619745e-17
3643.480000 6.137199e-16 3.053522e-17
3646.480000 6.688340e-16 3.045686e-17
3649.480000 6.177202e-16 2.600105e-17
3652.480000 6.258474e-16 2.632190e-17
3655.480000 6.073066e-16 2.968794e-17
3658.480000 5.697404e-16 2.925946e-17
3661.480000 6.056111e-16 2.652422e-17
3664.480000 6.276078e-16 2.779469e-17
3667.480000 6.227651e-16 3.005759e-17
3670.480000 6.193193e-16 2.857582e-17
3673.480000 6.175163e-16 2.590717e-17
3676.480000 6.436823e-16 2.780130e-17
3679.480000 6.939800e-16 2.962085e-17
3682.480000 6.669992e-16 2.728478e-17
3685.480000 6.680584e-16 2.539781e-17
3688.480000 6.467924e-16 2.743929e-17
3691.480000 6.000923e-16 2.826047e-17
3694.480000 6.203734e-16 2.620787e-17
3697.480000 6.098650e-16 2.518297e-17
3700.480000 6.061375e-16 2.818208e-17
3703.480000 6.422394e-16 2.892553e-17
3706.480000 7.113061e-16 2.591251e-17
3709.480000 6.717056e-16 2.451720e-17
3712.480000 5.929183e-16 2.736632e-17
3715.480000 5.828048e-16 2.801235e-17
3718.480000 6.435975e-16 2.501509e-17
3721.480000 6.775018e-16 2.471307e-17
3724.480000 6.780382e-16 2.687930e-17
3727.480000 6.311144e-16 2.644326e-17
3730.480000 6.227522e-16 2.370616e-17
3733.480000 6.393360e-16 2.452682e-17
3736.480000 6.501261e-16 2.635249e-17
3739.480000 6.262681e-16 2.504745e-17
3742.480000 5.849558e-16 2.298134e-17
3745.480000 6.174349e-16 2.486892e-17
3748.480000 6.637974e-16 2.628964e-17
3751.480000 5.963556e-16 2.410748e-17
3754.480000 5.552858e-16 2.270952e-17
3757.480000 5.767622e-16 2.553563e-17
3760.480000 6.063772e-16 2.671704e-17
3763.480000 5.887767e-16 2.412435e-17
3766.480000 5.615481e-16 2.285492e-17
3769.480000 5.000744e-16 2.493305e-17
3772.480000 4.723126e-16 2.558248e-17
3775.480000 4.837671e-16 2.348854e-17
3778.480000 4.406452e-16 2.318979e-17
3781.480000 4.345265e-16 2.640145e-17
3784.480000 4.582007e-16 2.660337e-17
3787.480000 4.471666e-16 2.324942e-17
3790.480000 4.107317e-16 2.242607e-17
3793.480000 3.725310e-16 2.438036e-17
3796.480000 3.679335e-16 2.372788e-17
3799.480000 3.420335e-16 2.059309e-17
3802.480000 2.783724e-16 2.082237e-17
3805.480000 2.708294e-16 2.332373e-17
3808.480000 3.473388e-16 2.323174e-17
3811.480000 3.128530e-16 2.086092e-17
3814.480000 2.911081e-16 2.163324e-17
3817.480000 2.852094e-16 2.267988e-17
3820.480000 2.865117e-16 2.090212e-17
3823.480000 2.637355e-16 1.885251e-17
3826.480000 2.543958e-16 1.997101e-17
3829.480000 2.732484e-16 2.073699e-17
3832.480000 2.476423e-16 1.890823e-17
3835.480000 2.395550e-16 1.772706e-17
3838.480000 2.255322e-16 1.936382e-17
3841.480000 2.031442e-16 1.980767e-17
3844.480000 1.623125e-16 1.778179e-17
3847.480000 1.732274e-16 1.790915e-17
3850.480000 2.307208e-16 2.101924e-17
3853.480000 2.286626e-16 2.107467e-17
3856.480000 2.241119e-16 1.824682e-17
3859.480000 2.414560e-16 1.795366e-17
3862.480000 2.246159e-16 1.982536e-17
3865.480000 1.728034e-16 1.941441e-17
3868.480000 2.212168e-16 1.768506e-17
3871.480000 2.504823e-16 1.817710e-17
3874.480000 2.272596e-16 1.949172e-17
3877.480000 2.288473e-16 1.899143e-17
3880.480000 2.611952e-16 1.748656e-17
3883.480000 2.456979e-16 1.807935e-17
3886.480000 2.417902e-16 1.948384e-17
3889.480000 2.507106e-16 1.847486e-17
3892.480000 2.465355e-16 1.711684e-17
3895.480000 2.676294e-16 1.914545e-17
3898.480000 2.749079e-16 2.057713e-17
3901.480000 2.964799e-16 1.937064e-17
3904.480000 2.981705e-16 1.835823e-17
3907.480000 2.981347e-16 2.029375e-17
3910.480000 3.100056e-16 2.122805e-17
3913.480000 3.282907e-16 1.976252e-17
3916.480000 3.672315e-16 1.953702e-17
3919.480000 4.055638e-16 2.206050e-17
3922.480000 4.144519e-16 2.187278e-17
3925.480000 4.398601e-16 1.920052e-17
3928.480000 4.724097e-16 1.887506e-17
3931.480000 4.829631e-16 2.061504e-17
3934.480000 4.940600e-16 1.971414e-17
3937.480000 4.814959e-16 1.686139e-17
3940.480000 4.945740e-16 1.773799e-17
3943.480000 4.774242e-16 2.029837e-17
3946.480000 4.821633e-16 2.020782e-17
3949.480000 4.625541e-16 1.834424e-17
3952.480000 4.838798e-16 1.962721e-17
3955.480000 5.098527e-16 2.156173e-17
3958.480000 5.314599e-16 2.061082e-17
3961.480000 5.330230e-16 1.869188e-17
3964.480000 5.460446e-16 1.960160e-17
3967.480000 5.373094e-16 1.994735e-17
3970.480000 4.975633e-16 1.783303e-17
3973.480000 4.688742e-16 1.650451e-17
3976.480000 4.631413e-16 1.886069e-17
3979.480000 4.260077e-16 2.036025e-17
3982.480000 4.317925e-16 1.917729e-17
3985.480000 4.830169e-16 1.914479e-17
3988.480000 5.110759e-16 2.168857e-17
3991.480000 5.127662e-16 2.207862e-17
3994.480000 5.461238e-16 2.004591e-17
3997.480000 5.494872e-16 1.980081e-17
4000.480000 5.391079e-16 2.238148e-17
4003.480000 5.299324e-16 2.249264e-17
4006.480000 5.433514e-16 1.970308e-17
4009.480000 5.545728e-16 1.995442e-17
4012.480000 5.417116e-16 2.231697e-17
4015.480000 5.470686e-16 2.207334e-17
4018.480000 5.391786e-16 1.987880e-17
4021.480000 5.394918e-16 2.078068e-17
4024.480000 5.754587e-16 2.295763e-17
4027.480000 5.765760e-16 2.209303e-17
4030.480000 5.710017e-16 2.022142e-17
4033.480000 6.095042e-16 2.193614e-17
4036.480000 6.134548e-16 2.357368e-17
4039.480000 5.839623e-16 2.207226e-17
4042.480000 6.653872e-16 2.131233e-17
4045.480000 7.515733e-16 2.364381e-17
4048.480000 7.281943e-16 2.403885e-17
4051.480000 7.103094e-16 2.172983e-17
4054.480000 7.320328e-16 2.105897e-17
4057.480000 7.297021e-16 2.307959e-17
4060.480000 7.365899e-16 2.298285e-17
4063.480000 7.437688e-16 2.049033e-17
4066.480000 7.481616e-16 1.992399e-17
4069.480000 7.013592e-16 2.229485e-17
4072.480000 7.082074e-16 2.242754e-17
4075.480000 7.258891e-16 1.960166e-17
4078.480000 7.499105e-16 1.976032e-17
4081.480000 7.287064e-16 2.199860e-17
4084.480000 7.324860e-16 2.177405e-17
4087.480000 7.707270e-16 1.958586e-17
4090.480000 7.362165e-16 2.014328e-17
4093.480000 7.622356e-16 2.225061e-17
4096.480000 7.828368e-16 2.143865e-17
4099.480000 7.765091e-16 1.944924e-17
4102.480000 8.017464e-16 2.047986e-17
4105.480000 8.582741e-16 2.171068e-17
4108.480000 7.807285e-16 2.020137e-17
4111.480000 7.931569e-16 1.915597e-17
4114.480000 8.076270e-16 2.114612e-17
4117.480000 7.853587e-16 2.218136e-17
4120.480000 7.912422e-16 2.058231e-17
4123.480000 7.912073e-16 1.968332e-17
4126.480000 7.899453e-16 2.197387e-17
4129.480000 7.938316e-16 2.261322e-17
4132.480000 7.778800e-16 2.034702e-17
4135.480000 7.702343e-16 1.986236e-17
4138.480000 7.610660e-16 2.265754e-17
4141.480000 7.776062e-16 2.305379e-17
4144.480000 8.284196e-16 2.051147e-17
4147.480000 8.220521e-16 2.045936e-17
4150.480000 8.116217e-16 2.282402e-17
4153.480000 8.139514e-16 2.244821e-17
4156.480000 8.019183e-16 1.960415e-17
4159.480000 7.781838e-16 1.989415e-17
4162.480000 7.650465e-16 2.190711e-17
4165.480000 7.568348e-16 2.114722e-17
4168.480000 7.461530e-16 1.903853e-17
4171.480000 7.402220e-16 1.984505e-17
4174.480000 7.692351e-16 2.137294e-17
4177.480000 7.475147e-16 1.985268e-17
4180.480000 7.229982e-16 1.817928e-17
4183.480000 7.058405e-16 1.962065e-17
4186.480000 7.235924e-16 2.059972e-17
4189.480000 7.458829e-16 1.913942e-17
4192.480000 7.356964e-16 1.808441e-17
4195.480000 7.173829e-16 1.996744e-17
4198.480000 7.521239e-16 2.073866e-17
4201.480000 7.320516e-16 1.843267e-17
4204.480000 7.381792e-16 1.799578e-17
4207.480000 7.403814e-16 2.039572e-17
4210.480000 7.102079e-16 2.062476e-17
4213.480000 7.541700e-16 1.850744e-17
4216.480000 7.273960e-16 1.828912e-17
4219.480000 7.198769e-16 2.064047e-17
4222.480000 7.363115e-16 2.043169e-17
4225.480000 7.793202e-16 1.807432e-17
4228.480000 7.939253e-16 1.826490e-17
4231.480000 7.499180e-16 1.988856e-17
4234.480000 7.789645e-16 1.972143e-17
4237.480000 8.064326e-16 1.793195e-17
4240.480000 8.021831e-16 1.874313e-17
4243.480000 7.715744e-16 2.015552e-17
4246.480000 8.144124e-16 1.940930e-17
4249.480000 8.176050e-16 1.815980e-17
4252.480000 7.930230e-16 1.937478e-17
4255.480000 7.891357e-16 2.013183e-17
4258.480000 7.890459e-16 1.872411e-17
4261.480000 8.205612e-16 1.775800e-17
4264.480000 7.834969e-16 1.929461e-17
4267.480000 7.417654e-16 1.991287e-17
4270.480000 7.953542e-16 1.832824e-17
4273.480000 8.081969e-16 1.753839e-17
4276.480000 7.716063e-16 1.945440e-17
4279.480000 7.616654e-16 1.974687e-17
4282.480000 7.694118e-16 1.768939e-17
4285.480000 7.764506e-16 1.760436e-17
4288.480000 7.747237e-16 1.973663e-17
4291.480000 7.366783e-16 1.935632e-17
4294.480000 7.310595e-16 1.693439e-17
4297.480000 7.575140e-16 1.738617e-17
4300.480000 7.543868e-16 1.907040e-17
4303.480000 8.021314e-16 1.829964e-17
4306.480000 7.693199e-16 1.618771e-17
4309.480000 7.173282e-16 1.674605e-17
4312.480000 6.798015e-16 1.800457e-17
4315.480000 6.675184e-16 1.743848e-17
4318.480000 6.613210e-16 1.648214e-17
4321.480000 6.848612e-16 1.822083e-17
4324.480000 7.064788e-16 1.925857e-17
4327.480000 6.816859e-16 1.753195e-17
4330.480000 6.725984e-16 1.638437e-17
4333.480000 6.531736e-16 1.823543e-17
4336.480000 6.412791e-16 1.901498e-17
4339.480000 6.687790e-16 1.733353e-17
4342.480000 6.539013e-16 1.622270e-17
4345.480000 6.094447e-16 1.790268e-17
4348.480000 6.116138e-16 1.851788e-17
4351.480000 6.361614e-16 1.678725e-17
4354.480000 6.327171e-16 1.653679e-17
4357.480000 6.094751e-16 1.871069e-17
4360.480000 6.005342e-16 1.872506e-17
4363.480000 5.892332e-16 1.649483e-17
4366.480000 5.977606e-16 1.683483e-17
4369.480000 6.206071e-16 1.881721e-17
4372.480000 6.116936e-16 1.830698e-17
4375.480000 6.076064e-16 1.626070e-17
4378.480000 5.914117e-16 1.676070e-17
4381.480000 5.740740e-16 1.816695e-17
4384.480000 5.837502e-16 1.729174e-17
4387.480000 5.672323e-16 1.548531e-17
4390.480000 5.272196e-16 1.642429e-17
4393.480000 5.099963e-16 1.767011e-17
4396.480000 5.157385e-16 1.661880e-17
4399.480000 4.971256e-16 1.551178e-17
4402.480000 5.076526e-16 1.704046e-17
4405.480000 5.192177e-16 1.775959e-17
4408.480000 4.843439e-16 1.612864e-17
4411.480000 4.651502e-16 1.544928e-17
4414.480000 4.785090e-16 1.747827e-17
4417.480000 4.941997e-16 1.791264e-17
4420.480000 4.632285e-16 1.597594e-17
4423.480000 4.431035e-16 1.567420e-17
4426.480000 4.801974e-16 1.805598e-17
4429.480000 4.697061e-16 1.799250e-17
4432.480000 4.538718e-16 1.564783e-17
4435.480000 4.468118e-16 1.572251e-17
4438.480000 4.383940e-16 1.746150e-17
4441.480000 4.292801e-16 1.719920e-17
4444.480000 4.559594e-16 1.542359e-17
4447.480000 4.471591e-16 1.594397e-17
4450.480000 4.314352e-16 1.744531e-17
4453.480000 4.101016e-16 1.666685e-17
4456.480000 4.034386e-16 1.491679e-17
4459.480000 3.972491e-16 1.568293e-17
4462.480000 3.940431e-16 1.675242e-17
4465.480000 3.832545e-16 1.573733e-17
4468.480000 3.999640e-16 1.479025e-17
4471.480000 3.984579e-16 1.632672e-17
4474.480000 3.710778e-16 1.709484e-17
4477.480000 3.818249e-16 1.580974e-17
4480.480000 3.976823e-16 1.512348e-17
4483.480000 3.897267e-16 1.662552e-17
4486.480000 3.707790e-16 1.687122e-17
4489.480000 3.865384e-16 1.528657e-17
4492.480000 3.998293e-16 1.505566e-17
4495.480000 3.957076e-16 1.706721e-17
4498.480000 3.945214e-16 1.719934e-17
4501.480000 4.016386e-16 1.521045e-17
4504.480000 3.864508e-16 1.532964e-17
4507.480000 3.816808e-16 1.728147e-17
4510.480000 4.062002e-16 1.718796e-17
4513.480000 4.188116e-16 1.527814e-17
4516.480000 4.311689e-16 1.573800e-17
4519.480000 4.339171e-16 1.724515e-17
4522.480000 4.594640e-16 1.677831e-17
4525.480000 4.557846e-16 1.511935e-17
4528.480000 4.486799e-16 1.585700e-17
4531.480000 4.510056e-16 1.698579e-17
4534.480000 4.453358e-16 1.602843e-17
4537.480000 4.506775e-16 1.492894e-17
4540.480000 4.447289e-16 1.625269e-17
4543.480000 4.738523e-16 1.727991e-17
4546.480000 4.741154e-16 1.602790e-17
4549.480000 4.785693e-16 1.517892e-17
4552.480000 4.808501e-16 1.677717e-17
4555.480000 4.943216e-16 1.726554e-17
4558.480000 5.286445e-16 1.578570e-17
4561.480000 5.223564e-16 1.546625e-17
4564.480000 5.136278e-16 1.754176e-17
4567.480000 5.102885e-16 1.762468e-17
4570.480000 4.888130e-16 1.548382e-17
4573.480000 5.004068e-16 1.557008e-17
4576.480000 5.355214e-16 1.781427e-17
4579.480000 5.201137e-16 1.752391e-17
4582.480000 5.168629e-16 1.538749e-17
4585.480000 4.879720e-16 1.556111e-17
4588.480000 4.679987e-16 1.701387e-17
4591.480000 4.973280e-16 1.668541e-17
4594.480000 5.002869e-16 1.510229e-17
4597.480000 4.910343e-16 1.575209e-17
4600.480000 4.735535e-16 1.686249e-17
4603.480000 4.589756e-16 1.596708e-17
4606.480000 4.507587e-16 1.469709e-17
4609.480000 4.399351e-16 1.589862e-17
4612.480000 4.348463e-16 1.678224e-17
4615.480000 4.516364e-16 1.569420e-17
4618.480000 4.474439e-16 1.481622e-17
4621.480000 4.289717e-16 1.616312e-17
4624.480000 4.262214e-16 1.669848e-17
4627.480000 4.388695e-16 1.528093e-17
4630.480000 4.366951e-16 1.479386e-17
4633.480000 4.391509e-16 1.667603e-17
4636.480000 4.526060e-16 1.691475e-17
4639.480000 4.469755e-16 1.501986e-17
4642.480000 4.430759e-16 1.490454e-17
4645.480000 5.121920e-16 1.729764e-17
4648.480000 4.960236e-16 1.698120e-17
4651.480000 4.835454e-16 1.480860e-17
4654.480000 4.852378e-16 1.523462e-17
4657.480000 5.005706e-16 1.708059e-17
4660.480000 5.044801e-16 1.664729e-17
4663.480000 5.162016e-16 1.500463e-17
4666.480000 5.267743e-16 1.572839e-17
4669.480000 5.516562e-16 1.705406e-17
4672.480000 5.494257e-16 1.627091e-17
4675.480000 5.217926e-16 1.483224e-17
4678.480000 5.185942e-16 1.595510e-17
4681.480000 5.271466e-16 1.696526e-17
4684.480000 5.408641e-16 1.583767e-17
4687.480000 5.340890e-16 1.499897e-17
4690.480000 5.100408e-16 1.658553e-17
4693.480000 5.016234e-16 1.711380e-17
4696.480000 5.283323e-16 1.567738e-17
4699.480000 5.673234e-16 1.514413e-17
4702.480000 5.548900e-16 1.676992e-17
4705.480000 5.457674e-16 1.697697e-17
4708.480000 5.184232e-16 1.501310e-17
4711.480000 5.239364e-16 1.491312e-17
4714.480000 5.366467e-16 1.715263e-17
4717.480000 5.304147e-16 1.708501e-17
4720.480000 5.225788e-16 1.494895e-17
4723.480000 5.327908e-16 1.528597e-17
4726.480000 5.446647e-16 1.716630e-17
4729.480000 5.473983e-16 1.676243e-17
4732.480000 5.368293e-16 1.483869e-17
4735.480000 5.273383e-16 1.541139e-17
4738.480000 5.334068e-16 1.681289e-17
4741.480000 5.283739e-16 1.607637e-17
4744.480000 5.152317e-16 1.466440e-17
4747.480000 5.134940e-16 1.578650e-17
4750.480000 5.062218e-16 1.681206e-17
4753.480000 4.957892e-16 1.561912e-17
4756.480000 5.349995e-16 1.473808e-17
4759.480000 5.405221e-16 1.607999e-17
4762.480000 5.023000e-16 1.661021e-17
4765.480000 4.876383e-16 1.516581e-17
4768.480000 4.836271e-16 1.441515e-17
4771.480000 5.005612e-16 1.621922e-17
4774.480000 5.035545e-16 1.670213e-17
4777.480000 5.052266e-16 1.516057e-17
4780.480000 5.032926e-16 1.498329e-17
4783.480000 5.291885e-16 1.717814e-17
4786.480000 5.091264e-16 1.690183e-17
4789.480000 5.083373e-16 1.480087e-17
4792.480000 5.085262e-16 1.495514e-17
4795.480000 4.990592e-16 1.671460e-17
4798.480000 4.898334e-16 1.642392e-17
4801.480000 4.941449e-16 1.464749e-17
4804.480000 5.184371e-16 1.532302e-17
4807.480000 5.114083e-16 1.668661e-17
4810.480000 5.075014e-16 1.600506e-17
4813.480000 4.884880e-16 1.446327e-17
4816.480000 5.015426e-16 1.552542e-17
4819.480000 5.145071e-16 1.689092e-17
4822.480000 4.981476e-16 1.587869e-17
4825.480000 5.212246e-16 1.467579e-17
4828.480000 5.078858e-16 1.584618e-17
4831.480000 4.970227e-16 1.662219e-17
4834.480000 4.997651e-16 1.531490e-17
4837.480000 5.253763e-16 1.466925e-17
4840.480000 5.564642e-16 1.641442e-17
4843.480000 5.501613e-16 1.687559e-17
4846.480000 5.032800e-16 1.506216e-17
4849.480000 4.818552e-16 1.456414e-17
4852.480000 4.691111e-16 1.636764e-17
4855.480000 4.335375e-16 1.621887e-17
4858.480000 4.582275e-16 1.423405e-17
4861.480000 4.400485e-16 1.397694e-17
4864.480000 4.105949e-16 1.539757e-17
4867.480000 3.929429e-16 1.518517e-17
4870.480000 3.911070e-16 1.361702e-17
4873.480000 4.227909e-16 1.435698e-17
4876.480000 3.899580e-16 1.563140e-17
4879.480000 3.654979e-16 1.495411e-17
4882.480000 3.905547e-16 1.378516e-17
4885.480000 3.976100e-16 1.467987e-17
4888.480000 3.768511e-16 1.556089e-17
4891.480000 4.064510e-16 1.485274e-17
4894.480000 3.881374e-16 1.372105e-17
4897.480000 3.772298e-16 1.495761e-17
4900.480000 3.726836e-16 1.590041e-17
4903.480000 3.591979e-16 1.469352e-17
4906.480000 3.776615e-16 1.395902e-17
4909.480000 3.806119e-16 1.541155e-17
4912.480000 3.887950e-16 1.586064e-17
4915.480000 3.975454e-16 1.439331e-17
4918.480000 4.024043e-16 1.404195e-17
4921.480000 4.287054e-16 1.627601e-17
4924.480000 3.964312e-16 1.621254e-17
4927.480000 3.748248e-16 1.420016e-17
4930.480000 3.859146e-16 1.436160e-17
4933.480000 4.022853e-16 1.643700e-17
4936.480000 4.076730e-16 1.641144e-17
4939.480000 3.992516e-16 1.431779e-17
4942.480000 4.069052e-16 1.477201e-17
4945.480000 4.034271e-16 1.632375e-17
4948.480000 3.936504e-16 1.585208e-17
4951.480000 3.834848e-16 1.433262e-17
4954.480000 3.812293e-16 1.515050e-17
4957.480000 4.043153e-16 1.657031e-17
4960.480000 4.176095e-16 1.580204e-17
4963.480000 4.043747e-16 1.477371e-17
4966.480000 4.015925e-16 1.564197e-17
4969.480000 3.916071e-16 1.677129e-17
4972.480000 3.729327e-16 1.560274e-17
4975.480000 3.936843e-16 1.467980e-17
4978.480000 3.825253e-16 1.613962e-17
4981.480000 3.691788e-16 1.661494e-17
4984.480000 3.872513e-16 1.515390e-17
4987.480000 3.737833e-16 1.460720e-17
4990.480000 3.608615e-16 1.665917e-17
4993.480000 3.819017e-16 1.730657e-17
4996.480000 3.728872e-16 1.536730e-17
4999.480000 3.740595e-16 1.537142e-17
5002.480000 3.743481e-16 1.757691e-17
5005.480000 4.168087e-16 1.770293e-17
5008.480000 4.167338e-16 1.569316e-17
5011.480000 4.040107e-16 1.611032e-17
5014.480000 3.956468e-16 1.794010e-17
5017.480000 4.070222e-16 1.771006e-17
5020.480000 4.158451e-16 1.610745e-17
5023.480000 3.848003e-16 1.688998e-17
5026.480000 3.907220e-16 1.862012e-17
5029.480000 3.887838e-16 1.796564e-17
5032.480000 3.928085e-16 1.674147e-17
5035.480000 3.820369e-16 1.815130e-17
5038.480000 3.682440e-16 1.936590e-17
5041.480000 3.709472e-16 1.820209e-17
5044.480000 3.740004e-16 1.722546e-17
5047.480000 3.549645e-16 1.905344e-17
5050.480000 3.056615e-16 1.981905e-17
5053.480000 3.056480e-16 1.824082e-17
5056.480000 3.155324e-16 1.806809e-17
5059.480000 2.968487e-16 2.038625e-17
5062.480000 2.562966e-16 2.059781e-17
5065.480000 2.607287e-16 1.866684e-17
5068.480000 2.750750e-16 1.849411e-17
5071.480000 2.970205e-16 nan
5074.480000 2.997132e-16 nan
5077.480000 2.842548e-16 nan
5080.480000 3.142371e-16 nan
5083.480000 3.074125e-16 nan
5086.480000 2.773310e-16 nan
5089.480000 2.929855e-16 nan
5092.480000 2.720287e-16 nan
5095.480000 2.875118e-16 nan
5098.480000 3.189129e-16 nan
5101.480000 2.707086e-16 nan
5104.480000 2.274631e-16 nan
5107.480000 2.462771e-16 nan
5110.480000 2.467169e-16 nan
5113.480000 2.501701e-16 nan
5116.480000 2.736401e-16 nan
5119.480000 2.879875e-16 nan
5122.480000 3.209708e-16 nan
5125.480000 3.173254e-16 nan
5128.480000 2.736053e-16 nan
5131.480000 2.626161e-16 nan
5134.480000 2.430993e-16 nan
5137.480000 2.958807e-16 nan
5140.480000 3.300650e-16 nan
5143.480000 3.019877e-16 nan
5146.480000 3.522543e-16 nan
5149.480000 4.393394e-16 nan
5152.480000 4.540567e-16 nan
5155.480000 4.179348e-16 nan
5158.480000 3.340649e-16 nan
5161.480000 2.862303e-16 nan
5164.480000 3.283719e-16 nan
5167.480000 3.914638e-16 nan
5170.480000 4.365177e-16 3.377103e-17
5173.480000 4.241044e-16 3.344530e-17
5176.480000 3.859061e-16 3.269187e-17
5179.480000 3.770197e-16 3.243793e-17
5182.480000 3.556266e-16 3.170797e-17
5185.480000 3.253771e-16 3.115038e-17
5188.480000 3.801313e-16 3.153568e-17
5191.480000 3.768585e-16 3.117407e-17
5194.480000 3.934350e-16 3.141943e-17
5197.480000 4.171326e-16 3.162060e-17
5200.480000 3.604962e-16 3.114612e-17
5203.480000 3.569655e-16 3.069648e-17
5206.480000 3.302543e-16 2.984739e-17
5209.480000 3.574882e-16 2.979341e-17
5212.480000 3.496081e-16 2.927908e-17
5215.480000 3.786252e-16 2.864914e-17
5218.480000 4.058489e-16 2.774034e-17
5221.480000 3.887764e-16 2.659694e-17
5224.480000 3.964987e-16 2.580308e-17
5227.480000 3.913956e-16 2.485539e-17
5230.480000 3.878329e-16 2.395040e-17
5233.480000 3.752464e-16 2.328910e-17
5236.480000 3.916377e-16 2.309595e-17
5239.480000 3.722149e-16 2.244117e-17
5242.480000 3.903541e-16 2.206021e-17
5245.480000 3.529481e-16 2.142690e-17
5248.480000 3.713920e-16 2.111882e-17
5251.480000 4.036153e-16 2.104592e-17
5254.480000 4.099839e-16 2.085039e-17
5257.480000 3.938603e-16 2.026546e-17
5260.480000 3.964314e-16 1.994547e-17
5263.480000 3.852381e-16 1.951070e-17
5266.480000 3.826287e-16 1.909264e-17
5269.480000 3.886854e-16 1.888568e-17
5272.480000 3.985170e-16 1.892534e-17
5275.480000 3.991356e-16 1.889445e-17
5278.480000 4.022576e-16 1.897981e-17
5281.480000 3.841209e-16 1.889186e-17
5284.480000 3.770484e-16 1.890450e-17
5287.480000 3.868375e-16 1.904014e-17
5290.480000 3.982951e-16 1.917087e-17
5293.480000 3.812268e-16 1.908231e-17
5296.480000 3.871989e-16 1.923318e-17
5299.480000 3.872806e-16 1.945813e-17
5302.480000 3.979689e-16 1.968190e-17
5305.480000 3.856220e-16 1.976236e-17
5308.480000 4.429142e-16 2.047668e-17
5311.480000 4.689184e-16 2.072410e-17
5314.480000 4.421346e-16 2.083959e-17
5317.480000 4.193086e-16 2.087261e-17
5320.480000 4.398754e-16 2.135568e-17
5323.480000 4.354806e-16 2.162463e-17
5326.480000 4.412192e-16 2.181722e-17
5329.480000 4.223636e-16 2.189518e-17
5332.480000 4.454158e-16 2.258018e-17
5335.480000 4.265828e-16 2.278904e-17
5338.480000 4.382910e-16 2.297616e-17
5341.480000 4.039623e-16 2.216069e-17
5344.480000 4.108198e-16 2.147985e-17
5347.480000 4.362339e-16 2.216397e-17
5350.480000 4.181492e-16 2.029419e-17
5353.480000 4.666897e-16 1.984009e-17
5356.480000 4.573930e-16 1.953579e-17
5359.480000 4.464581e-16 1.896962e-17
5362.480000 3.963990e-16 1.778514e-17
5365.480000 3.997663e-16 1.726520e-17
5368.480000 3.994023e-16 1.663916e-17
5371.480000 4.108986e-16 1.628689e-17
5374.480000 4.285910e-16 1.605297e-17
5377.480000 4.403024e-16 1.588843e-17
5380.480000 4.221621e-16 1.556777e-17
5383.480000 4.169529e-16 1.558720e-17
5386.480000 4.212355e-16 1.534514e-17
5389.480000 4.023422e-16 1.483441e-17
5392.480000 4.042744e-16 1.434946e-17
5395.480000 3.991960e-16 1.422207e-17
5398.480000 3.940141e-16 1.408798e-17
5401.480000 4.077096e-16 1.406034e-17
5404.480000 4.202119e-16 1.400865e-17
5407.480000 4.187891e-16 1.390106e-17
5410.480000 4.038628e-16 1.381018e-17
5413.480000 3.907412e-16 1.383751e-17
5416.480000 3.938340e-16 1.396329e-17
5419.480000 3.958097e-16 1.408531e-17
5422.480000 4.084491e-16 1.434086e-17
5425.480000 4.397236e-16 1.463505e-17
5428.480000 4.460599e-16 1.482052e-17
5431.480000 4.351025e-16 1.494101e-17
5434.480000 4.273359e-16 1.517644e-17
5437.480000 3.966791e-16 1.545543e-17
5440.480000 4.162352e-16 1.576504e-17
5443.480000 4.175077e-16 1.600292e-17
5446.480000 4.064387e-16 1.614689e-17
5449.480000 3.919617e-16 1.633105e-17
5452.480000 3.942312e-16 1.666687e-17
5455.480000 3.930638e-16 1.685769e-17
5458.480000 3.904498e-16 1.709996e-17
5461.480000 3.739903e-16 1.745697e-17
5464.480000 3.884235e-16 1.754287e-17
5467.480000 3.766771e-16 1.704335e-17
5470.480000 3.539785e-16 1.638355e-17
5473.480000 3.835533e-16 1.594810e-17
5476.480000 3.596496e-16 1.528677e-17
5479.480000 3.725454e-16 1.496797e-17
5482.480000 3.642777e-16 1.452792e-17
5485.480000 3.398301e-16 1.408267e-17
5488.480000 3.278083e-16 1.364665e-17
5491.480000 3.408531e-16 1.337741e-17
5494.480000 3.426346e-16 1.312923e-17
5497.480000 3.323675e-16 1.305000e-17
5500.480000 3.091987e-16 1.269260e-17
5503.480000 3.057956e-16 1.237716e-17
5506.480000 2.945480e-16 1.206187e-17
5509.480000 2.895691e-16 1.183524e-17
5512.480000 2.899806e-16 1.168091e-17
5515.480000 3.026481e-16 1.164909e-17
5518.480000 3.015436e-16 1.164904e-17
5521.480000 3.153262e-16 1.211345e-17
5524.480000 3.080947e-16 1.226701e-17
5527.480000 2.860672e-16 1.148587e-17
5530.480000 2.888791e-16 1.104474e-17
5533.480000 2.930290e-16 1.108887e-17
5536.480000 2.887116e-16 1.112629e-17
5539.480000 3.131710e-16 1.141127e-17
5542.480000 3.242900e-16 1.156472e-17
5545.480000 3.106140e-16 1.162718e-17
5548.480000 3.155056e-16 1.181363e-17
5551.480000 3.076933e-16 1.190756e-17
5554.480000 3.008714e-16 1.196754e-17
5557.480000 2.978897e-16 1.216757e-17
5560.480000 3.019011e-16 1.248767e-17
5563.480000 3.043993e-16 1.278994e-17
5566.480000 3.067768e-16 1.348380e-17
5569.480000 2.727625e-16 1.519756e-17
5572.480000 3.122231e-16 1.949252e-17
5575.480000 4.104622e-16 2.461858e-17
5578.480000 4.133343e-16 2.632751e-17
5581.480000 2.973725e-16 2.314978e-17
5584.480000 2.831133e-16 1.841827e-17
5587.480000 3.178248e-16 1.599926e-17
5590.480000 3.142458e-16 1.500893e-17
5593.480000 3.169613e-16 1.429838e-17
5596.480000 3.188323e-16 1.396420e-17
5599.480000 3.325352e-16 1.367079e-17
5602.480000 3.247810e-16 1.325665e-17
5605.480000 3.162821e-16 1.291814e-17
5608.480000 3.306428e-16 1.270004e-17
5611.480000 3.398438e-16 1.239407e-17
5614.480000 3.352336e-16 1.205474e-17
5617.480000 3.194931e-16 1.167248e-17
5620.480000 3.119960e-16 1.137629e-17
5623.480000 3.073740e-16 1.116105e-17
5626.480000 3.143173e-16 1.101448e-17
5629.480000 3.293479e-16 1.089693e-17
5632.480000 3.202797e-16 1.066023e-17
5635.480000 3.077980e-16 1.037322e-17
5638.480000 3.121956e-16 1.022224e-17
5641.480000 3.102615e-16 1.016726e-17
5644.480000 3.049222e-16 1.011979e-17
5647.480000 3.050497e-16 1.003633e-17
5650.480000 3.133784e-16 9.971819e-18
5653.480000 3.103821e-16 9.900178e-18
5656.480000 3.056472e-16 9.849061e-18
5659.480000 2.974968e-16 9.773291e-18
5662.480000 2.851213e-16 9.759175e-18
5665.480000 2.927759e-16 9.893360e-18
5668.480000 2.971649e-16 1.001841e-17
5671.480000 2.764761e-16 9.990297e-18
5674.480000 2.674774e-16 1.007300e-17
5677.480000 2.743513e-16 1.022908e-17
5680.480000 2.772830e-16 1.041017e-17
5683.480000 2.802922e-16 1.050615e-17
5686.480000 2.625032e-16 1.056006e-17
5689.480000 2.767500e-16 1.091357e-17
5692.480000 2.713406e-16 1.103823e-17
5695.480000 2.614430e-16 1.120359e-17
5698.480000 2.752135e-16 1.146610e-17
5701.480000 2.826553e-16 1.167979e-17
5704.480000 2.609365e-16 1.177277e-17
5707.480000 2.608506e-16 1.201312e-17
5710.480000 2.691826e-16 1.231383e-17
5713.480000 2.651910e-16 1.242163e-17
5716.480000 2.553428e-16 1.233079e-17
5719.480000 2.611915e-16 1.207037e-17
5722.480000 2.617997e-16 1.180678e-17
5725.480000 2.616351e-16 1.153450e-17
5728.480000 2.599835e-16 1.129640e-17
5731.480000 2.691556e-16 1.114059e-17
5734.480000 3.060161e-16 1.108799e-17
5737.480000 3.129519e-16 1.090544e-17
5740.480000 3.024179e-16 1.082319e-17
5743.480000 3.101024e-16 1.072384e-17
5746.480000 3.063270e-16 1.049929e-17
5749.480000 2.961028e-16 1.011584e-17
5752.480000 3.115142e-16 9.971212e-18
5755.480000 3.277351e-16 9.596886e-18
5758.480000 3.384073e-16 9.374023e-18
5761.480000 3.301769e-16 9.222169e-18
5764.480000 3.257574e-16 9.072303e-18
5767.480000 3.246315e-16 9.019231e-18
5770.480000 3.219573e-16 9.015938e-18
5773.480000 3.252814e-16 9.029450e-18
5776.480000 3.236766e-16 8.963268e-18
5779.480000 3.115891e-16 8.870325e-18
5782.480000 3.042837e-16 8.824907e-18
5785.480000 3.141405e-16 8.921362e-18
5788.480000 3.097369e-16 8.954385e-18
5791.480000 3.110357e-16 8.912909e-18
5794.480000 3.132938e-16 8.955248e-18
5797.480000 3.016041e-16 8.998943e-18
5800.480000 3.008351e-16 9.086941e-18
5803.480000 3.049398e-16 9.210492e-18
5806.480000 3.008942e-16 9.341045e-18
5809.480000 3.024531e-16 9.528899e-18
5812.480000 3.117249e-16 9.723872e-18
5815.480000 3.014633e-16 9.862485e-18
5818.480000 3.014788e-16 1.004160e-17
5821.480000 3.005077e-16 1.029686e-17
5824.480000 2.985534e-16 1.048799e-17
5827.480000 2.960446e-16 1.068541e-17
5830.480000 3.047878e-16 1.095881e-17
5833.480000 3.099194e-16 1.121271e-17
5836.480000 3.157152e-16 1.151850e-17
5839.480000 3.104053e-16 1.163011e-17
5842.480000 2.952525e-16 1.147528e-17
5845.480000 3.043314e-16 1.124533e-17
5848.480000 2.955696e-16 1.093995e-17
5851.480000 3.005893e-16 1.066893e-17
5854.480000 3.309518e-16 1.051719e-17
5857.480000 3.248216e-16 1.024377e-17
5860.480000 3.265199e-16 1.006177e-17
5863.480000 3.224773e-16 9.900219e-18
5866.480000 3.227474e-16 9.855940e-18
5869.480000 3.076067e-16 9.521259e-18
5872.480000 3.049280e-16 9.283355e-18
5875.480000 3.104596e-16 9.072580e-18
5878.480000 3.133228e-16 8.876368e-18
5881.480000 3.171696e-16 8.805096e-18
5884.480000 3.024363e-16 8.839569e-18
5887.480000 2.857674e-16 8.966574e-18
5890.480000 2.939213e-16 9.151569e-18
5893.480000 2.898111e-16 9.014872e-18
5896.480000 2.891459e-16 8.734132e-18
5899.480000 2.976532e-16 8.460253e-18
5902.480000 2.993743e-16 8.215181e-18
5905.480000 2.963353e-16 8.124263e-18
5908.480000 3.132891e-16 8.230845e-18
5911.480000 3.260509e-16 8.358840e-18
5914.480000 3.245047e-16 8.443897e-18
5917.480000 3.239208e-16 8.571475e-18
5920.480000 3.268807e-16 8.657578e-18
5923.480000 3.163791e-16 8.662263e-18
5926.480000 3.017712e-16 8.740326e-18
5929.480000 2.913481e-16 8.851831e-18
5932.480000 2.961227e-16 9.058510e-18
5935.480000 2.954605e-16 9.116387e-18
5938.480000 3.116990e-16 9.429722e-18
5941.480000 3.151116e-16 9.602232e-18
5944.480000 3.113469e-16 9.729464e-18
5947.480000 3.116903e-16 1.007118e-17
5950.480000 3.103383e-16 1.025512e-17
5953.480000 2.919575e-16 1.037804e-17
5956.480000 2.993231e-16 1.068025e-17
5959.480000 3.057260e-16 1.063282e-17
5962.480000 3.135328e-16 1.090128e-17
5965.480000 3.017813e-16 1.093941e-17
5968.480000 2.954028e-16 1.084516e-17
5971.480000 2.963686e-16 1.061003e-17
5974.480000 3.165886e-16 1.027083e-17
5977.480000 3.119819e-16 1.001563e-17
5980.480000 3.023098e-16 9.695487e-18
5983.480000 3.069433e-16 9.421999e-18
5986.480000 2.929656e-16 9.013844e-18
5989.480000 2.877403e-16 8.821188e-18
5992.480000 2.878589e-16 8.640228e-18
5995.480000 2.948287e-16 8.573593e-18
5998.480000 2.916974e-16 8.368119e-18
6001.480000 2.924065e-16 8.215452e-18
6004.480000 2.861011e-16 8.066947e-18
6007.480000 2.738327e-16 7.824921e-18
6010.480000 2.776473e-16 7.716147e-18
6013.480000 2.821428e-16 7.653909e-18
6016.480000 2.834178e-16 7.536225e-18
6019.480000 2.814313e-16 7.418130e-18
6022.480000 2.820243e-16 7.326838e-18
6025.480000 2.884296e-16 7.347806e-18
6028.480000 2.902452e-16 7.373951e-18
6031.480000 2.810454e-16 7.324226e-18
6034.480000 2.826774e-16 7.357399e-18
6037.480000 2.784513e-16 7.348530e-18
6040.480000 2.739920e-16 7.365649e-18
6043.480000 2.822086e-16 7.454932e-18
6046.480000 2.833103e-16 7.503706e-18
6049.480000 2.830963e-16 7.589547e-18
6052.480000 2.760163e-16 7.644882e-18
6055.480000 2.801986e-16 7.761619e-18
6058.480000 2.794634e-16 7.990292e-18
6061.480000 2.749773e-16 8.131479e-18
6064.480000 2.826452e-16 8.792662e-18
6067.480000 2.890036e-16 8.693331e-18
6070.480000 2.876908e-16 8.596483e-18
6073.480000 2.837442e-16 8.624832e-18
6076.480000 2.786280e-16 8.784309e-18
6079.480000 2.789409e-16 8.956756e-18
6082.480000 2.770375e-16 9.149399e-18
6085.480000 2.811607e-16 9.498665e-18
6088.480000 2.891886e-16 9.737736e-18
6091.480000 2.823570e-16 9.753051e-18
6094.480000 2.711660e-16 9.503518e-18
6097.480000 2.833652e-16 9.367780e-18
6100.480000 2.885602e-16 9.349843e-18
6103.480000 2.923248e-16 9.319376e-18
6106.480000 2.828603e-16 9.101758e-18
6109.480000 3.026714e-16 8.622976e-18
6112.480000 2.908908e-16 8.269843e-18
6115.480000 2.843617e-16 8.080129e-18
6118.480000 2.865723e-16 7.869940e-18
6121.480000 2.872476e-16 7.753542e-18
6124.480000 2.843503e-16 7.582538e-18
6127.480000 2.910610e-16 7.469144e-18
6130.480000 2.996361e-16 7.349980e-18
6133.480000 2.908491e-16 7.192851e-18
6136.480000 2.932616e-16 7.107472e-18
6139.480000 2.946095e-16 7.064105e-18
6142.480000 2.847181e-16 6.972144e-18
6145.480000 2.850871e-16 6.913154e-18
6148.480000 2.922308e-16 6.888384e-18
6151.480000 2.886525e-16 6.832965e-18
6154.480000 2.887551e-16 6.796297e-18
6157.480000 2.874351e-16 6.761326e-18
6160.480000 2.778583e-16 6.708210e-18
6163.480000 2.711228e-16 6.761796e-18
6166.480000 2.775036e-16 6.988845e-18
6169.480000 2.990317e-16 7.668364e-18
6172.480000 2.988057e-16 8.392769e-18
6175.480000 2.820464e-16 8.563487e-18
6178.480000 2.851910e-16 8.001228e-18
6181.480000 2.777920e-16 7.578718e-18
6184.480000 2.849905e-16 7.445910e-18
6187.480000 2.727598e-16 7.434089e-18
6190.480000 2.684521e-16 7.578119e-18
6193.480000 2.677960e-16 7.711660e-18
6196.480000 2.729349e-16 7.936368e-18
6199.480000 2.696786e-16 8.076106e-18
6202.480000 2.563895e-16 8.233433e-18
6205.480000 2.640678e-16 8.448147e-18
6208.480000 2.519106e-16 8.504023e-18
6211.480000 2.589935e-16 8.708795e-18
6214.480000 2.737609e-16 8.975669e-18
6217.480000 2.573653e-16 8.915515e-18
6220.480000 2.588414e-16 8.824459e-18
6223.480000 2.669879e-16 8.681509e-18
6226.480000 2.749173e-16 8.493243e-18
6229.480000 2.576135e-16 8.232444e-18
6232.480000 2.626517e-16 8.220994e-18
6235.480000 2.610299e-16 8.264640e-18
6238.480000 2.447253e-16 8.017575e-18
6241.480000 2.430700e-16 7.732524e-18
6244.480000 2.440199e-16 7.388855e-18
6247.480000 2.463438e-16 7.125164e-18
6250.480000 2.563149e-16 6.997757e-18
6253.480000 2.639743e-16 6.951866e-18
6256.480000 2.643919e-16 6.982129e-18
6259.480000 2.672488e-16 6.971957e-18
6262.480000 2.500341e-16 6.748475e-18
6265.480000 2.317985e-16 6.514332e-18
6268.480000 2.302342e-16 6.366201e-18
6271.480000 2.434807e-16 6.334924e-18
6274.480000 2.442267e-16 6.269365e-18
6277.480000 2.331110e-16 6.181001e-18
6280.480000 2.308268e-16 6.172893e-18
6283.480000 2.391624e-16 6.304982e-18
6286.480000 2.360282e-16 6.500019e-18
6289.480000 2.298710e-16 6.822201e-18
6292.480000 2.395987e-16 8.025083e-18
6295.480000 2.697637e-16 1.066193e-17
6298.480000 3.069570e-16 1.322440e-17
6301.480000 2.608932e-16 1.354128e-17
6304.480000 2.121693e-16 1.139558e-17
6307.480000 2.066991e-16 8.820949e-18
6310.480000 2.133264e-16 7.404363e-18
6313.480000 2.191941e-16 6.962741e-18
6316.480000 2.262300e-16 6.969608e-18
6319.480000 2.338087e-16 7.133197e-18
6322.480000 2.344634e-16 7.330977e-18
6325.480000 2.346923e-16 7.568579e-18
6328.480000 2.357387e-16 7.813365e-18
6331.480000 2.318209e-16 7.929657e-18
6334.480000 2.183268e-16 7.820620e-18
6337.480000 2.089273e-16 7.857786e-18
6340.480000 2.154526e-16 8.009826e-18
6343.480000 2.130950e-16 8.020036e-18
6346.480000 1.999960e-16 7.853787e-18
6349.480000 2.030004e-16 7.736324e-18
6352.480000 2.123834e-16 7.694066e-18
6355.480000 2.122268e-16 7.849613e-18
6358.480000 2.118600e-16 8.555562e-18
6361.480000 2.214000e-16 9.792686e-18
6364.480000 2.027948e-16 1.021673e-17
6367.480000 1.806141e-16 9.196399e-18
6370.480000 1.891314e-16 7.578576e-18
6373.480000 1.759056e-16 6.531511e-18
6376.480000 1.697686e-16 6.068316e-18
6379.480000 1.732081e-16 5.955693e-18
6382.480000 1.742267e-16 5.871795e-18
6385.480000 1.784407e-16 5.846579e-18
6388.480000 1.708758e-16 5.798090e-18
6391.480000 1.700293e-16 5.641529e-18
6394.480000 1.722585e-16 5.523778e-18
6397.480000 1.654467e-16 5.385201e-18
6400.480000 1.608257e-16 5.285489e-18
6403.480000 1.591697e-16 5.250177e-18
6406.480000 1.613459e-16 5.255228e-18
6409.480000 1.564204e-16 5.265384e-18
6412.480000 1.527991e-16 5.281439e-18
6415.480000 1.510443e-16 5.302818e-18
6418.480000 1.489059e-16 5.355224e-18
6421.480000 1.515323e-16 5.429039e-18
6424.480000 1.515751e-16 5.462607e-18
6427.480000 1.545396e-16 5.510818e-18
6430.480000 1.596368e-16 5.622755e-18
6433.480000 1.567391e-16 5.730634e-18
6436.480000 1.545769e-16 5.816017e-18
6439.480000 1.643267e-16 6.001731e-18
6442.480000 1.720631e-16 6.196339e-18
6445.480000 1.624024e-16 6.265023e-18
6448.480000 1.761608e-16 6.472777e-18
6451.480000 1.751036e-16 6.638550e-18
6454.480000 1.808893e-16 6.742648e-18
6457.480000 1.733810e-16 6.978440e-18
6460.480000 1.748631e-16 7.243004e-18
6463.480000 1.896138e-16 7.620634e-18
6466.480000 1.844943e-16 7.862467e-18
6469.480000 1.863185e-16 7.837760e-18
6472.480000 1.945541e-16 7.583233e-18
6475.480000 2.054509e-16 7.244993e-18
6478.480000 1.978324e-16 6.961898e-18
6481.480000 1.987488e-16 6.752677e-18
6484.480000 1.855052e-16 6.459946e-18
6487.480000 1.961053e-16 6.348289e-18
6490.480000 2.018288e-16 6.232738e-18
6493.480000 2.050613e-16 6.214456e-18
6496.480000 2.084248e-16 6.274813e-18
6499.480000 2.069497e-16 6.272790e-18
6502.480000 2.076514e-16 6.134964e-18
6505.480000 2.100674e-16 5.935260e-18
6508.480000 2.148276e-16 5.785726e-18
6511.480000 2.211156e-16 5.744480e-18
6514.480000 2.351055e-16 5.671859e-18
6517.480000 2.429806e-16 5.627640e-18
6520.480000 2.318241e-16 5.573074e-18
6523.480000 2.397719e-16 5.579384e-18
6526.480000 2.406297e-16 5.545581e-18
6529.480000 2.262987e-16 5.522661e-18
6532.480000 2.235340e-16 5.568566e-18
6535.480000 2.290064e-16 5.664655e-18
6538.480000 2.342438e-16 5.691880e-18
6541.480000 2.474974e-16 5.757348e-18
6544.480000 2.472492e-16 5.808199e-18
6547.480000 2.429936e-16 5.867189e-18
6550.480000 2.418667e-16 5.896092e-18
6553.480000 2.393193e-16 5.963709e-18
6556.480000 2.321436e-16 5.937733e-18
6559.480000 2.279687e-16 5.891233e-18
6562.480000 2.354312e-16 5.968251e-18
6565.480000 2.369540e-16 6.104385e-18
6568.480000 2.388120e-16 6.261967e-18
6571.480000 2.417810e-16 6.463023e-18
6574.480000 2.448568e-16 6.707450e-18
6577.480000 2.409976e-16 6.853111e-18
6580.480000 2.402730e-16 6.926574e-18
6583.480000 2.400917e-16 6.969401e-18
6586.480000 2.426641e-16 7.052010e-18
6589.480000 2.406189e-16 7.160940e-18
6592.480000 2.389937e-16 7.311610e-18
6595.480000 2.353584e-16 7.289932e-18
6598.480000 2.347454e-16 7.167908e-18
6601.480000 2.343708e-16 7.015459e-18
6604.480000 2.422501e-16 6.907448e-18
6607.480000 2.417738e-16 6.713244e-18
6610.480000 2.446252e-16 6.499686e-18
6613.480000 2.387377e-16 6.294935e-18
6616.480000 2.298096e-16 6.083919e-18
6619.480000 2.355443e-16 5.973698e-18
6622.480000 2.370918e-16 5.875566e-18
6625.480000 2.316996e-16 5.758735e-18
6628.480000 2.293208e-16 5.655912e-18
6631.480000 2.372494e-16 5.601119e-18
6634.480000 2.424206e-16 5.537976e-18
6637.480000 2.378813e-16 5.428268e-18
6640.480000 2.395373e-16 5.337262e-18
6643.480000 2.396623e-16 5.265861e-18
6646.480000 2.378592e-16 5.205547e-18
6649.480000 2.384118e-16 5.196423e-18
6652.480000 2.415394e-16 5.220075e-18
6655.480000 2.454344e-16 5.223436e-18
6658.480000 2.364248e-16 5.189355e-18
6661.480000 2.287777e-16 5.230213e-18
6664.480000 2.346511e-16 5.325679e-18
6667.480000 2.471137e-16 5.411953e-18
6670.480000 2.468364e-16 5.421008e-18
6673.480000 2.536261e-16 5.421715e-18
6676.480000 2.434704e-16 5.373289e-18
6679.480000 2.345346e-16 5.423596e-18
6682.480000 2.363098e-16 5.555742e-18
6685.480000 2.379877e-16 5.703224e-18
6688.480000 2.531248e-16 5.798503e-18
6691.480000 2.310693e-16 5.737201e-18
6694.480000 2.230354e-16 5.830785e-18
6697.480000 2.224621e-16 5.946904e-18
6700.480000 2.293387e-16 6.094851e-18
6703.480000 2.253789e-16 6.208433e-18
6706.480000 2.207985e-16 6.363066e-18
6709.480000 2.244986e-16 6.442250e-18
6712.480000 2.185315e-16 6.662205e-18
6715.480000 2.298244e-16 6.780987e-18
6718.480000 2.168564e-16 6.821574e-18
6721.480000 2.254494e-16 6.809568e-18
6724.480000 2.177102e-16 6.636152e-18
6727.480000 2.059694e-16 6.399414e-18
6730.480000 2.239240e-16 6.252964e-18
6733.480000 2.192322e-16 6.088731e-18
6736.480000 2.157259e-16 5.953021e-18
6739.480000 2.079861e-16 5.776757e-18
6742.480000 2.068726e-16 5.635773e-18
6745.480000 2.186260e-16 5.561244e-18
6748.480000 2.151374e-16 5.435434e-18
6751.480000 2.054026e-16 5.261997e-18
6754.480000 2.046423e-16 5.144476e-18
6757.480000 2.137015e-16 5.100337e-18
6760.480000 2.084437e-16 5.007425e-18
6763.480000 2.112433e-16 4.925362e-18
6766.480000 2.160256e-16 4.886889e-18
6769.480000 2.107421e-16 4.809333e-18
6772.480000 2.068669e-16 4.755094e-18
6775.480000 2.046335e-16 4.713993e-18
6778.480000 2.040378e-16 4.700567e-18
6781.480000 2.064670e-16 4.714364e-18
6784.480000 2.065020e-16 4.709075e-18
6787.480000 2.050837e-16 4.708709e-18
6790.480000 1.996284e-16 4.712027e-18
6793.480000 1.980797e-16 4.728015e-18
6796.480000 1.987898e-16 4.767309e-18
6799.480000 2.016925e-16 4.836155e-18
6802.480000 2.067592e-16 4.911484e-18
6805.480000 2.035955e-16 4.970325e-18
6808.480000 1.983008e-16 5.025519e-18
6811.480000 1.952599e-16 5.084273e-18
6814.480000 1.932149e-16 5.163183e-18
6817.480000 1.943155e-16 5.289115e-18
6820.480000 1.938023e-16 5.478747e-18
6823.480000 1.989160e-16 5.851076e-18
6826.480000 2.015080e-16 6.401209e-18
6829.480000 1.972937e-16 6.833485e-18
6832.480000 1.978692e-16 7.028270e-18
6835.480000 1.959179e-16 6.946383e-18
6838.480000 1.898503e-16 6.762131e-18
6841.480000 1.913469e-16 6.694763e-18
6844.480000 1.912861e-16 6.592797e-18
6847.480000 1.843909e-16 6.436859e-18
6850.480000 2.107381e-16 6.323635e-18
6853.480000 2.031995e-16 6.105401e-18
6856.480000 2.016514e-16 6.047748e-18
6859.480000 2.063607e-16 6.272036e-18
6862.480000 2.018748e-16 6.580245e-18
6865.480000 1.917535e-16 6.883353e-18
6868.480000 1.757711e-16 6.671503e-18
6871.480000 1.825592e-16 6.284910e-18
6874.480000 1.837972e-16 5.925310e-18
6877.480000 1.877982e-16 5.630608e-18
6880.480000 1.903047e-16 5.418563e-18
6883.480000 1.868329e-16 5.316228e-18
6886.480000 1.828926e-16 5.368950e-18
6889.480000 1.841376e-16 5.347849e-18
6892.480000 1.856146e-16 5.243313e-18
6895.480000 1.881783e-16 5.037127e-18
6898.480000 1.890378e-16 4.950695e-18
6901.480000 1.790733e-16 4.881041e-18
6904.480000 1.750430e-16 4.809934e-18
6907.480000 1.806497e-16 4.779992e-18
6910.480000 1.838374e-16 4.828854e-18
6913.480000 1.781715e-16 4.853317e-18
6916.480000 1.782557e-16 4.871129e-18
6919.480000 1.829484e-16 4.971829e-18
6922.480000 1.815011e-16 5.086793e-18
6925.480000 1.788531e-16 5.070587e-18
6928.480000 1.822984e-16 4.947661e-18
6931.480000 1.831859e-16 4.880911e-18
6934.480000 1.850089e-16 4.977560e-18
6937.480000 1.806469e-16 5.151653e-18
6940.480000 1.770413e-16 5.327662e-18
6943.480000 1.796479e-16 5.493219e-18
6946.480000 1.814786e-16 5.737432e-18
6949.480000 1.769536e-16 5.925874e-18
6952.480000 1.740916e-16 5.849781e-18
6955.480000 1.703302e-16 5.699877e-18
6958.480000 1.762766e-16 5.691906e-18
6961.480000 1.790580e-16 5.770476e-18
6964.480000 1.809165e-16 5.969986e-18
6967.480000 1.793481e-16 6.198320e-18
6970.480000 1.812859e-16 6.306389e-18
6973.480000 1.789717e-16 6.267758e-18
6976.480000 1.789830e-16 6.245374e-18
6979.480000 1.738915e-16 6.128273e-18
6982.480000 1.705774e-16 5.840141e-18
6985.480000 1.695309e-16 5.505420e-18
6988.480000 1.659310e-16 5.253198e-18
6991.480000 1.667397e-16 5.103243e-18
6994.480000 1.730130e-16 5.024956e-18
6997.480000 1.749688e-16 4.957538e-18
7000.480000 1.722543e-16 4.881581e-18
7003.480000 1.716474e-16 4.831860e-18
7006.480000 1.752946e-16 4.791349e-18
7009.480000 1.738018e-16 4.753487e-18
7012.480000 1.720705e-16 4.689582e-18
7015.480000 1.704678e-16 4.535032e-18
7018.480000 1.705743e-16 4.379732e-18
7021.480000 1.729674e-16 4.300038e-18
7024.480000 1.714587e-16 4.258500e-18
7027.480000 1.693331e-16 4.237299e-18
7030.480000 1.683705e-16 4.231144e-18
7033.480000 1.674093e-16 4.227511e-18
7036.480000 1.646186e-16 4.223152e-18
7039.480000 1.611976e-16 4.256940e-18
7042.480000 1.608585e-16 4.356323e-18
7045.480000 1.604451e-16 4.461200e-18
7048.480000 1.588417e-16 4.517691e-18
7051.480000 1.612043e-16 4.532232e-18
7054.480000 1.591668e-16 4.503118e-18
7057.480000 1.553212e-16 4.500721e-18
7060.480000 1.567995e-16 4.634187e-18
7063.480000 1.635254e-16 4.772464e-18
7066.480000 1.656041e-16 4.857246e-18
7069.480000 1.646989e-16 4.945316e-18
7072.480000 1.615397e-16 5.040846e-18
7075.480000 1.584252e-16 5.084362e-18
7078.480000 1.628747e-16 5.235383e-18
7081.480000 1.640701e-16 5.370806e-18
7084.480000 1.608286e-16 5.461041e-18
7087.480000 1.567787e-16 5.552919e-18
7090.480000 1.566136e-16 5.655764e-18
7093.480000 1.586226e-16 5.767349e-18
7096.480000 1.612440e-16 5.767178e-18
7099.480000 1.565771e-16 5.613686e-18
7102.480000 1.501279e-16 5.428230e-18
7105.480000 1.533132e-16 5.322298e-18
7108.480000 1.557783e-16 5.199612e-18
7111.480000 1.593209e-16 5.098960e-18
7114.480000 1.597892e-16 4.980756e-18
7117.480000 1.571267e-16 4.877988e-18
7120.480000 1.528261e-16 4.756320e-18
7123.480000 1.549724e-16 4.661135e-18
7126.480000 1.593127e-16 4.624939e-18
7129.480000 1.520180e-16 4.608436e-18
7132.480000 1.460819e-16 4.506919e-18
7135.480000 1.482367e-16 4.436654e-18
7138.480000 1.535623e-16 4.401223e-18
7141.480000 1.546713e-16 4.390241e-18
7144.480000 1.553661e-16 4.345803e-18
7147.480000 1.534332e-16 4.234063e-18
7150.480000 1.415361e-16 4.117442e-18
7153.480000 1.421479e-16 4.060819e-18
7156.480000 1.506350e-16 4.072050e-18
7159.480000 1.512180e-16 4.080408e-18
7162.480000 1.510930e-16 4.086182e-18
7165.480000 1.527499e-16 4.116937e-18
7168.480000 1.545523e-16 4.150993e-18
7171.480000 1.532809e-16 4.171159e-18
7174.480000 1.483698e-16 4.194537e-18
7177.480000 1.418258e-16 4.210506e-18
7180.480000 1.387003e-16 4.213185e-18
7183.480000 1.389144e-16 4.277405e-18
7186.480000 1.398981e-16 4.326649e-18
7189.480000 1.426712e-16 4.394415e-18
7192.480000 1.382127e-16 4.452746e-18
7195.480000 1.365390e-16 4.539474e-18
7198.480000 1.375378e-16 4.583874e-18
7201.480000 1.377310e-16 4.664148e-18
7204.480000 1.396854e-16 4.754907e-18
7207.480000 1.388386e-16 4.883018e-18
7210.480000 1.414024e-16 5.019238e-18
7213.480000 1.341170e-16 5.136190e-18
7216.480000 1.357686e-16 5.282133e-18
7219.480000 1.414291e-16 5.457763e-18
7222.480000 1.423677e-16 5.512276e-18
7225.480000 1.395037e-16 5.415891e-18
7228.480000 1.392664e-16 5.316554e-18
7231.480000 1.374962e-16 5.321131e-18
7234.480000 1.356736e-16 5.593909e-18
7237.480000 1.337408e-16 6.224956e-18
7240.480000 1.418120e-16 6.867883e-18
7243.480000 1.454387e-16 7.081498e-18
7246.480000 1.326766e-16 6.609159e-18
7249.480000 1.300162e-16 5.836635e-18
7252.480000 1.299550e-16 5.215536e-18
7255.480000 1.297513e-16 4.774442e-18
7258.480000 1.307601e-16 4.493368e-18
7261.480000 1.342197e-16 4.299735e-18
7264.480000 1.374318e-16 4.232702e-18
7267.480000 1.406639e-16 4.308324e-18
7270.480000 1.437974e-16 4.618908e-18
7273.480000 1.472729e-16 5.184274e-18
7276.480000 1.447147e-16 5.586915e-18
7279.480000 1.377400e-16 5.459135e-18
7282.480000 1.390984e-16 5.093367e-18
7285.480000 1.425217e-16 4.804485e-18
7288.480000 1.378374e-16 4.501794e-18
7291.480000 1.359573e-16 4.278850e-18
7294.480000 1.429812e-16 4.286067e-18
7297.480000 1.426893e-16 4.348226e-18
7300.480000 1.366517e-16 4.440254e-18
7303.480000 1.385023e-16 4.578930e-18
7306.480000 1.374023e-16 4.624411e-18
7309.480000 1.376786e-16 4.736625e-18
7312.480000 1.416775e-16 5.212577e-18
7315.480000 1.450971e-16 5.709361e-18
7318.480000 1.401104e-16 5.668339e-18
7321.480000 1.337726e-16 5.240150e-18
7324.480000 1.329513e-16 5.132960e-18
7327.480000 1.415123e-16 5.473120e-18
7330.480000 1.340857e-16 5.659839e-18
7333.480000 1.238490e-16 5.689827e-18
7336.480000 1.393152e-16 6.185590e-18
7339.480000 1.516658e-16 7.062165e-18
7342.480000 1.418633e-16 7.329709e-18
7345.480000 1.306179e-16 6.718040e-18
7348.480000 1.286053e-16 5.887583e-18
7351.480000 1.264449e-16 5.517309e-18
7354.480000 1.264316e-16 5.539489e-18
7357.480000 1.405391e-16 5.761809e-18
7360.480000 1.426489e-16 5.786767e-18
7363.480000 1.317873e-16 5.612680e-18
7366.480000 1.428438e-16 5.798637e-18
7369.480000 1.493985e-16 6.132231e-18
7372.480000 1.348364e-16 5.804456e-18
7375.480000 1.297358e-16 5.042329e-18
7378.480000 1.366762e-16 4.538457e-18
7381.480000 1.376851e-16 4.315543e-18
7384.480000 1.366671e-16 4.235395e-18
7387.480000 1.358344e-16 4.291438e-18
7390.480000 1.401266e-16 4.452826e-18
7393.480000 1.399282e-16 4.558899e-18
7396.480000 1.339951e-16 4.547106e-18
7399.480000 1.433927e-16 4.677175e-18
7402.480000 1.504224e-16 4.791186e-18
7405.480000 1.422980e-16 4.542495e-18
7408.480000 1.357525e-16 4.130349e-18
7411.480000 1.355961e-16 3.919851e-18
7414.480000 1.342560e-16 3.875755e-18
7417.480000 1.296171e-16 3.858367e-18
7420.480000 1.291718e-16 3.894123e-18
7423.480000 1.297966e-16 3.970334e-18
7426.480000 1.299852e-16 4.122700e-18
7429.480000 1.332845e-16 4.312159e-18
7432.480000 1.391235e-16 4.473891e-18
7435.480000 1.399024e-16 4.636176e-18
7438.480000 1.367551e-16 4.778252e-18
7441.480000 1.269686e-16 4.667075e-18
7444.480000 1.218190e-16 4.449860e-18
7447.480000 1.211361e-16 4.389904e-18
7450.480000 1.251225e-16 4.460940e-18
7453.480000 1.332893e-16 4.619559e-18
7456.480000 1.318153e-16 4.751189e-18
7459.480000 1.352120e-16 4.954064e-18
7462.480000 1.383808e-16 5.190767e-18
7465.480000 1.370029e-16 5.438772e-18
7468.480000 1.212689e-16 5.650957e-18
7471.480000 1.307760e-16 5.951867e-18
7474.480000 1.364189e-16 6.036026e-18
7477.480000 1.328532e-16 5.888651e-18
7480.480000 1.376394e-16 5.826264e-18
7483.480000 1.342483e-16 5.633611e-18
7486.480000 1.252861e-16 5.234782e-18
7489.480000 1.175539e-16 4.846682e-18
7492.480000 1.248266e-16 4.673797e-18
7495.480000 1.295489e-16 4.620763e-18
7498.480000 1.317101e-16 4.495302e-18
7501.480000 1.322781e-16 4.307769e-18
7504.480000 1.343738e-16 4.176629e-18
7507.480000 1.284988e-16 4.064709e-18
7510.480000 1.246151e-16 3.971850e-18
7513.480000 1.202903e-16 3.953527e-18
7516.480000 1.192195e-16 4.066721e-18
7519.480000 1.196497e-16 4.300262e-18
7522.480000 1.244383e-16 4.605485e-18
7525.480000 1.269830e-16 4.730186e-18
7528.480000 1.251054e-16 4.509862e-18
7531.480000 1.258589e-16 4.189388e-18
7534.480000 1.241992e-16 3.961193e-18
7537.480000 1.236375e-16 3.837945e-18
7540.480000 1.223931e-16 3.785818e-18
7543.480000 1.221881e-16 3.761689e-18
7546.480000 1.212034e-16 3.754875e-18
7549.480000 1.194046e-16 3.779521e-18
7552.480000 1.172362e-16 3.853977e-18
7555.480000 1.119967e-16 3.969843e-18
7558.480000 1.066331e-16 4.038032e-18
7561.480000 1.147307e-16 4.109296e-18
7564.480000 1.251274e-16 4.264647e-18
7567.480000 1.301824e-16 4.587140e-18
7570.480000 1.324085e-16 4.944718e-18
7573.480000 1.211679e-16 5.003171e-18
7576.480000 1.120141e-16 4.744100e-18
7579.480000 1.112287e-16 4.583043e-18
7582.480000 1.173737e-16 4.753854e-18
7585.480000 1.179968e-16 4.993366e-18
7588.480000 1.185664e-16 5.326324e-18
7591.480000 1.140868e-16 5.631613e-18
7594.480000 1.137192e-16 6.658299e-18
7597.480000 1.030950e-16 8.022813e-18
7600.480000 9.655082e-17 9.435679e-18
7603.480000 9.303866e-17 9.302261e-18
7606.480000 9.277805e-17 8.877773e-18
7609.480000 1.014332e-16 7.851934e-18
7612.480000 1.078060e-16 6.953659e-18
7615.480000 1.134148e-16 6.194231e-18
7618.480000 1.187940e-16 6.046848e-18
7621.480000 1.116417e-16 5.858727e-18
7624.480000 1.138475e-16 6.088024e-18
7627.480000 1.208514e-16 6.411718e-18
7630.480000 1.133494e-16 6.364510e-18
7633.480000 1.092267e-16 5.919769e-18
7636.480000 1.091302e-16 5.403058e-18
7639.480000 1.084930e-16 5.045977e-18
7642.480000 1.072484e-16 4.726530e-18
7645.480000 1.109240e-16 4.548059e-18
7648.480000 1.144628e-16 4.435691e-18
7651.480000 1.125902e-16 4.333052e-18
7654.480000 1.141699e-16 4.250477e-18
7657.480000 1.122045e-16 4.152536e-18
7660.480000 1.096875e-16 4.130366e-18
7663.480000 1.105722e-16 4.095773e-18
7666.480000 1.062488e-16 3.925581e-18
7669.480000 9.692110e-17 3.722956e-18
7672.480000 9.096139e-17 3.631552e-18
7675.480000 9.777875e-17 3.701085e-18
7678.480000 1.042396e-16 3.801981e-18
7681.480000 1.085454e-16 3.953995e-18
7684.480000 1.090380e-16 4.108526e-18
7687.480000 1.098271e-16 4.259003e-18
7690.480000 1.068836e-16 4.313731e-18
7693.480000 1.051605e-16 4.316176e-18
7696.480000 1.016247e-16 4.346257e-18
7699.480000 1.061399e-16 4.469793e-18
7702.480000 1.063770e-16 4.557148e-18
7705.480000 1.052948e-16 4.859016e-18
7708.480000 1.125235e-16 5.774137e-18
7711.480000 1.260475e-16 7.172653e-18
7714.480000 1.291997e-16 8.156043e-18
7717.480000 1.135659e-16 8.124407e-18
7720.480000 9.537377e-17 7.235427e-18
7723.480000 8.962602e-17 6.389963e-18
7726.480000 1.085605e-16 6.013576e-18
7729.480000 1.034490e-16 5.486082e-18
7732.480000 1.032012e-16 5.091152e-18
7735.480000 1.045385e-16 4.902494e-18
7738.480000 9.969943e-17 4.728489e-18
7741.480000 9.579711e-17 4.666001e-18
7744.480000 1.027741e-16 4.955045e-18
7747.480000 1.168936e-16 5.794740e-18
7750.480000 1.254799e-16 6.564181e-18
7753.480000 1.113370e-16 6.356395e-18
7756.480000 9.257555e-17 5.455028e-18
7759.480000 1.089125e-16 5.049783e-18
7762.480000 1.109410e-16 4.784860e-18
7765.480000 9.948478e-17 4.318888e-18
7768.480000 1.018465e-16 4.137728e-18
7771.480000 1.087419e-16 4.320952e-18
7774.480000 1.038475e-16 4.448739e-18
7777.480000 1.053578e-16 4.423556e-18
7780.480000 1.107721e-16 4.393621e-18
7783.480000 1.009697e-16 4.265409e-18
7786.480000 9.408423e-17 4.164750e-18
7789.480000 1.006117e-16 4.499415e-18
7792.480000 1.222860e-16 5.141202e-18
7795.480000 1.214164e-16 5.231940e-18
7798.480000 1.006151e-16 4.630019e-18
7801.480000 9.556099e-17 4.147552e-18
7804.480000 9.847434e-17 4.276968e-18
7807.480000 1.034808e-16 4.634219e-18
7810.480000 1.087872e-16 4.746346e-18
7813.480000 1.042216e-16 4.661230e-18
7816.480000 8.865618e-17 5.038998e-18
7819.480000 1.109686e-16 6.047727e-18
7822.480000 1.305042e-16 6.423849e-18
7825.480000 1.102317e-16 5.742192e-18
7828.480000 9.013760e-17 4.861499e-18
7831.480000 9.156378e-17 4.619699e-18
7834.480000 9.611261e-17 4.747788e-18
7837.480000 9.971025e-17 5.156015e-18
7840.480000 1.022280e-16 5.713943e-18
7843.480000 9.058080e-17 5.893158e-18
7846.480000 7.069691e-17 6.011822e-18
7849.480000 7.775081e-17 6.983872e-18
7852.480000 1.133745e-16 8.146519e-18
7855.480000 1.196135e-16 8.075376e-18
7858.480000 8.419635e-17 7.073643e-18
7861.480000 9.130272e-17 6.276211e-18
7864.480000 7.342891e-17 5.764117e-18
7867.480000 9.367185e-17 5.675409e-18
7870.480000 1.311292e-16 5.910680e-18
7873.480000 9.167938e-17 5.480578e-18
7876.480000 8.385624e-17 5.109347e-18
7879.480000 9.872378e-17 5.176080e-18
7882.480000 9.381666e-17 5.139679e-18
7885.480000 8.452244e-17 4.972409e-18
7888.480000 9.743501e-17 5.161891e-18
7891.480000 1.017435e-16 5.208086e-18
7894.480000 9.064333e-17 4.661400e-18
7897.480000 8.310700e-17 4.023097e-18
7900.480000 9.101480e-17 3.791340e-18
7903.480000 9.786651e-17 3.812154e-18
7906.480000 8.398078e-17 4.051225e-18
7909.480000 8.592145e-17 4.817851e-18
7912.480000 1.131482e-16 5.751874e-18
7915.480000 1.091420e-16 5.969380e-18
7918.480000 9.533322e-17 5.600171e-18
7921.480000 1.006859e-16 5.223917e-18
7924.480000 9.139578e-17 4.789303e-18
7927.480000 9.294609e-17 4.639079e-18
7930.480000 1.133592e-16 4.855330e-18
7933.480000 1.086726e-16 4.741642e-18
7936.480000 9.015142e-17 4.265381e-18
7939.480000 9.097244e-17 4.055902e-18
7942.480000 9.435467e-17 4.178850e-18
7945.480000 9.991100e-17 4.529664e-18
7948.480000 1.069753e-16 4.906409e-18
7951.480000 9.470995e-17 4.837672e-18
7954.480000 8.350707e-17 4.570443e-18
7957.480000 8.408943e-17 4.716769e-18
7960.480000 9.261065e-17 5.569259e-18
7963.480000 1.173806e-16 6.818633e-18
7966.480000 1.217007e-16 7.118231e-18
7969.480000 8.521907e-17 6.225695e-18
7972.480000 8.609931e-17 5.678283e-18
7975.480000 9.731028e-17 5.951012e-18
7978.480000 1.119283e-16 6.346898e-18
7981.480000 9.703829e-17 6.092475e-18
7984.480000 8.337409e-17 5.382286e-18
7987.480000 8.336113e-17 5.290689e-18
7990.480000 9.992357e-17 6.103423e-18
7993.480000 1.213453e-16 6.844383e-18
7996.480000 1.001159e-16 6.361792e-18
7999.480000 7.730799e-17 5.036969e-18
8002.480000 8.352783e-17 4.297057e-18
8005.480000 8.849908e-17 4.159321e-18
8008.480000 9.484464e-17 4.403753e-18
8011.480000 1.023756e-16 4.557965e-18
8014.480000 1.093466e-16 4.893720e-18
8017.480000 9.598837e-17 4.832779e-18
8020.480000 9.075394e-17 4.550494e-18
8023.480000 1.029192e-16 4.998089e-18
8026.480000 1.084706e-16 5.334205e-18
8029.480000 9.746765e-17 4.963342e-18
8032.480000 8.435621e-17 4.171675e-18
8035.480000 8.996860e-17 3.730833e-18
8038.480000 9.385901e-17 3.602588e-18
8041.480000 9.301213e-17 3.579209e-18
8044.480000 9.661410e-17 3.651248e-18
8047.480000 1.006982e-16 3.851967e-18
8050.480000 1.034654e-16 4.120124e-18
8053.480000 1.006264e-16 4.221086e-18
8056.480000 9.611320e-17 4.256326e-18
8059.480000 1.075574e-16 4.645416e-18
8062.480000 1.106731e-16 4.922076e-18
8065.480000 9.389732e-17 4.730875e-18
8068.480000 8.090259e-17 4.196198e-18
8071.480000 8.019618e-17 4.047839e-18
8074.480000 8.605009e-17 4.154430e-18
8077.480000 9.742867e-17 4.284791e-18
8080.480000 9.732482e-17 4.359745e-18
8083.480000 9.929343e-17 4.510979e-18
8086.480000 9.780119e-17 4.632415e-18
8089.480000 9.674324e-17 4.743413e-18
8092.480000 9.131392e-17 4.940694e-18
8095.480000 9.317508e-17 5.150867e-18
8098.480000 9.753405e-17 5.360534e-18
8101.480000 1.027249e-16 5.598151e-18
8104.480000 8.777919e-17 5.406012e-18
8107.480000 8.375369e-17 4.982479e-18
8110.480000 9.038858e-17 4.647199e-18
8113.480000 8.868880e-17 4.426365e-18
8116.480000 8.581599e-17 4.268583e-18
8119.480000 9.568573e-17 4.231896e-18
8122.480000 9.266211e-17 4.274051e-18
8125.480000 9.190126e-17 4.289795e-18
8128.480000 8.512853e-17 4.282999e-18
8131.480000 8.348345e-17 4.375381e-18
8134.480000 9.515372e-17 3.953300e-18
8137.480000 9.052495e-17 3.909413e-18
8140.480000 9.110214e-17 3.913308e-18
8143.480000 8.902629e-17 3.872510e-18
8146.480000 8.789388e-17 3.812239e-18
8149.480000 8.805859e-17 3.728648e-18
8152.480000 9.075142e-17 3.588957e-18
8155.480000 9.078848e-17 3.491258e-18
8158.480000 8.490191e-17 3.418068e-18
8161.480000 8.425695e-17 3.384421e-18
8164.480000 8.124602e-17 3.349355e-18
8167.480000 7.892337e-17 3.329532e-18
8170.480000 8.012172e-17 3.343809e-18
8173.480000 7.849204e-17 3.368296e-18
8176.480000 7.739733e-17 3.399588e-18
8179.480000 7.586823e-17 3.438539e-18
8182.480000 7.898099e-17 3.520486e-18
8185.480000 7.925715e-17 3.592603e-18
8188.480000 7.875033e-17 3.664371e-18
8191.480000 8.057233e-17 3.774059e-18
8194.480000 7.669502e-17 3.813796e-18
8197.480000 6.830953e-17 3.801799e-18
8200.480000 7.047361e-17 3.866413e-18
8203.480000 7.468281e-17 3.989230e-18
8206.480000 7.535670e-17 4.098542e-18
8209.480000 7.121621e-17 4.166150e-18
8212.480000 6.287832e-17 4.163400e-18
8215.480000 6.638077e-17 4.279836e-18
8218.480000 5.959833e-17 4.329229e-18
8221.480000 6.112555e-17 4.401550e-18
8224.480000 5.742305e-17 4.420756e-18
8227.480000 5.170913e-17 4.320844e-18
8230.480000 5.369300e-17 4.253837e-18
8233.480000 5.565502e-17 4.377872e-18
8236.480000 6.506298e-17 4.352804e-18
8239.480000 6.004634e-17 4.174640e-18
8242.480000 6.190563e-17 4.107853e-18
8245.480000 5.804818e-17 4.082806e-18
8248.480000 5.712264e-17 3.998601e-18
8251.480000 5.720949e-17 3.903100e-18
8254.480000 6.444752e-17 3.852504e-18
8257.480000 5.689179e-17 3.684334e-18
8260.480000 5.217303e-17 3.575043e-18
8263.480000 4.785679e-17 3.536919e-18
8266.480000 4.675021e-17 3.510942e-18
8269.480000 4.038203e-17 3.503467e-18
8272.480000 4.342067e-17 3.699367e-18
8275.480000 4.902233e-17 4.266948e-18
8278.480000 5.890493e-17 5.108827e-18
8281.480000 6.283663e-17 5.689728e-18
8284.480000 6.218044e-17 5.883169e-18
8287.480000 6.159516e-17 5.914802e-18
8290.480000 4.955899e-17 5.663039e-18
8293.480000 4.571553e-17 5.455088e-18
8296.480000 6.375953e-17 5.797508e-18
8299.480000 6.159363e-17 5.829595e-18
8302.480000 4.241287e-17 5.045536e-18
8305.480000 3.941122e-17 4.336589e-18
8308.480000 5.570540e-17 4.357869e-18
8311.480000 6.291959e-17 4.417170e-18
8314.480000 5.144244e-17 4.098396e-18
8317.480000 4.915609e-17 3.829623e-18
8320.480000 4.511003e-17 3.731765e-18
8323.480000 4.861401e-17 3.715409e-18
8326.480000 4.916721e-17 3.789132e-18
8329.480000 4.092176e-17 3.807181e-18
8332.480000 3.687502e-17 4.002864e-18
8335.480000 4.482895e-17 4.564423e-18
8338.480000 3.848258e-17 5.854389e-18
8341.480000 1.357788e-16 8.614195e-18
8344.480000 1.238509e-16 1.014807e-17
8347.480000 4.943239e-17 9.513489e-18
8350.480000 5.116436e-17 8.186736e-18
8353.480000 6.946966e-17 7.501063e-18
8356.480000 4.376641e-17 6.340638e-18
8359.480000 3.882101e-17 5.313470e-18
8362.480000 4.573244e-17 5.212985e-18
8365.480000 4.423587e-17 5.185478e-18
8368.480000 4.062746e-17 4.734277e-18
8371.480000 4.570974e-17 4.260270e-18
8374.480000 4.690201e-17 4.163005e-18
8377.480000 5.294647e-17 4.547624e-18
8380.480000 6.692691e-17 5.137823e-18
8383.480000 6.493650e-17 5.237099e-18
8386.480000 4.816975e-17 4.679498e-18
8389.480000 4.050104e-17 4.075279e-18
8392.480000 4.327950e-17 4.214889e-18
8395.480000 7.145483e-17 5.275175e-18
8398.480000 1.041149e-16 6.464891e-18
8401.480000 6.851415e-17 6.348477e-18
8404.480000 1.916686e-17 5.009542e-18
8407.480000 2.902442e-17 3.957537e-18
8410.480000 4.701208e-17 4.076838e-18
8413.480000 6.441742e-17 4.703042e-18
8416.480000 5.639933e-17 4.876344e-18
8419.480000 3.758079e-17 4.427851e-18
8422.480000 4.317575e-17 4.316231e-18
8425.480000 6.999494e-17 5.377463e-18
8428.480000 1.035655e-16 6.795521e-18
8431.480000 7.843286e-17 6.941212e-18
8434.480000 4.708889e-17 5.658279e-18
8437.480000 5.325939e-17 4.330841e-18
8440.480000 5.484925e-17 3.787602e-18
8443.480000 5.717036e-17 3.858650e-18
8446.480000 6.768233e-17 4.370749e-18
8449.480000 8.527543e-17 5.238119e-18
8452.480000 8.382644e-17 5.688043e-18
8455.480000 5.464036e-17 5.323734e-18
8458.480000 4.988507e-17 5.200675e-18
8461.480000 8.936731e-17 6.486348e-18
8464.480000 1.064528e-16 7.942469e-18
8467.480000 6.955752e-17 7.739280e-18
8470.480000 5.193337e-17 6.154944e-18
8473.480000 7.567601e-17 5.131534e-18
8476.480000 7.488831e-17 4.850912e-18
8479.480000 7.194670e-17 4.641345e-18
8482.480000 6.783454e-17 4.443739e-18
8485.480000 6.384671e-17 4.383242e-18
8488.480000 7.067560e-17 4.625308e-18
8491.480000 8.319400e-17 5.241670e-18
8494.480000 8.205337e-17 5.507652e-18
8497.480000 6.580586e-17 5.120245e-18
8500.480000 7.878392e-17 5.157606e-18
8503.480000 1.003811e-16 5.876543e-18
8506.480000 9.085826e-17 5.962166e-18
8509.480000 6.791585e-17 4.988992e-18
8512.480000 6.865065e-17 4.000607e-18
8515.480000 7.415993e-17 3.656388e-18
8518.480000 7.970580e-17 3.581764e-18
8521.480000 8.231802e-17 3.528817e-18
8524.480000 7.501351e-17 3.429192e-18
8527.480000 7.160687e-17 3.360333e-18
8530.480000 7.556715e-17 3.376283e-18
8533.480000 8.119181e-17 3.506600e-18
8536.480000 8.314366e-17 3.737357e-18
8539.480000 7.594112e-17 3.855083e-18
8542.480000 7.165458e-17 3.851212e-18
8545.480000 8.019749e-17 4.105244e-18
8548.480000 8.373540e-17 4.411313e-18
8551.480000 7.502750e-17 4.265069e-18
8554.480000 7.235018e-17 3.832371e-18
8557.480000 7.413861e-17 3.598245e-18
8560.480000 7.755489e-17 3.560303e-18
8563.480000 7.729768e-17 3.605654e-18
8566.480000 7.286052e-17 3.623180e-18
8569.480000 7.191488e-17 3.714949e-18
8572.480000 7.300881e-17 3.839476e-18
8575.480000 7.147454e-17 3.950266e-18
8578.480000 7.184787e-17 4.232639e-18
8581.480000 7.072166e-17 4.082493e-18
8584.480000 6.700642e-17 4.279355e-18
8587.480000 7.166634e-17 4.620119e-18
8590.480000 7.135362e-17 4.701028e-18
8593.480000 6.148876e-17 4.790015e-18
8596.480000 7.156625e-17 5.113578e-18
8599.480000 6.242870e-17 5.112331e-18
8602.480000 5.922239e-17 4.865660e-18
8605.480000 8.100685e-17 4.861472e-18
8608.480000 7.739435e-17 4.915878e-18
8611.480000 8.328346e-17 5.198992e-18
8614.480000 8.848470e-17 5.613468e-18
8617.480000 9.200711e-17 6.083210e-18
8620.480000 8.004267e-17 6.486644e-18
8623.480000 8.534332e-17 6.862046e-18
8626.480000 9.123443e-17 7.086084e-18
8629.480000 8.169386e-17 7.045539e-18
8632.480000 7.182296e-17 6.778527e-18
8635.480000 6.365432e-17 6.253569e-18
8638.480000 5.928450e-17 5.598936e-18
8641.480000 6.117181e-17 5.003241e-18
8644.480000 6.944373e-17 4.732486e-18
8647.480000 7.837799e-17 5.025575e-18
8650.480000 7.173491e-17 5.555952e-18
8653.480000 6.990725e-17 5.919834e-18
8656.480000 7.159018e-17 6.072322e-18
8659.480000 8.446645e-17 6.090392e-18
8662.480000 8.994357e-17 5.958442e-18
8665.480000 7.914275e-17 5.786174e-18
8668.480000 7.875864e-17 5.647928e-18
8671.480000 7.644058e-17 5.455888e-18
8674.480000 8.020085e-17 5.223823e-18
8677.480000 8.487687e-17 4.984780e-18
8680.480000 8.129184e-17 4.734850e-18
8683.480000 7.528090e-17 4.546503e-18
8686.480000 7.627688e-17 4.579688e-18
8689.480000 7.582035e-17 4.400379e-18
8692.480000 8.131182e-17 4.264209e-18
8695.480000 8.066313e-17 4.207291e-18
8698.480000 7.448385e-17 4.216251e-18
8701.480000 6.860958e-17 4.236628e-18
8704.480000 7.313092e-17 4.327229e-18
8707.480000 7.559877e-17 4.354923e-18
8710.480000 7.002830e-17 4.291143e-18
8713.480000 6.728407e-17 4.251882e-18
8716.480000 6.636104e-17 4.254509e-18
8719.480000 7.307095e-17 4.372883e-18
8722.480000 7.020213e-17 4.448609e-18
8725.480000 7.000883e-17 4.584824e-18
8728.480000 6.728973e-17 4.574866e-18
8731.480000 7.194207e-17 4.556078e-18
8734.480000 7.004876e-17 4.481547e-18
8737.480000 6.246053e-17 4.375636e-18
8740.480000 6.438599e-17 4.310474e-18
8743.480000 6.119617e-17 4.193443e-18
8746.480000 5.911005e-17 4.093146e-18
8749.480000 6.023300e-17 4.115768e-18
8752.480000 5.758551e-17 4.346912e-18
8755.480000 7.315200e-17 5.278417e-18
8758.480000 9.350317e-17 6.858057e-18
8761.480000 8.766194e-17 8.010463e-18
8764.480000 8.288547e-17 8.305708e-18
8767.480000 8.270807e-17 8.143451e-18
8770.480000 6.326640e-17 7.441219e-18
8773.480000 8.038957e-17 6.838004e-18
8776.480000 9.495668e-17 7.178730e-18
8779.480000 6.038001e-17 7.090528e-18
8782.480000 5.289918e-17 5.887920e-18
8785.480000 7.151282e-17 4.744116e-18
8788.480000 8.296674e-17 4.711829e-18
8791.480000 7.496499e-17 4.885474e-18
8794.480000 6.256542e-17 4.480535e-18
8797.480000 6.801334e-17 3.884251e-18
8800.480000 7.212302e-17 3.623793e-18
8803.480000 7.259036e-17 3.607168e-18
8806.480000 7.610163e-17 3.717364e-18
8809.480000 7.586725e-17 3.829047e-18
8812.480000 6.573143e-17 3.824781e-18
8815.480000 6.380991e-17 3.930338e-18
8818.480000 6.512958e-17 4.625011e-18
8821.480000 8.900760e-17 6.712620e-18
8824.480000 1.307971e-16 9.600642e-18
8827.480000 1.046311e-16 1.084465e-17
8830.480000 4.121956e-17 9.698222e-18
8833.480000 7.449420e-17 8.535246e-18
8836.480000 6.195492e-17 8.235428e-18
8839.480000 4.866384e-17 7.211689e-18
8842.480000 6.210761e-17 5.893919e-18
8845.480000 7.112461e-17 5.694484e-18
8848.480000 7.543682e-17 6.268052e-18
8851.480000 6.654636e-17 6.371868e-18
8854.480000 6.193516e-17 5.713630e-18
8857.480000 6.643484e-17 5.214517e-18
8860.480000 7.835168e-17 5.364885e-18
8863.480000 9.046764e-17 6.155113e-18
8866.480000 8.930596e-17 7.078924e-18
8869.480000 7.725880e-17 6.994886e-18
8872.480000 6.662186e-17 5.797113e-18
8875.480000 5.617754e-17 4.710226e-18
8878.480000 6.591397e-17 4.856514e-18
8881.480000 1.080211e-16 6.358491e-18
8884.480000 1.216133e-16 8.326688e-18
8887.480000 7.921028e-17 8.756644e-18
8890.480000 4.427271e-17 7.140099e-18
8893.480000 6.235288e-17 5.159538e-18
8896.480000 7.153102e-17 4.614483e-18
8899.480000 8.522455e-17 5.299023e-18
8902.480000 8.477742e-17 6.133991e-18
8905.480000 6.653289e-17 6.066245e-18
8908.480000 4.663098e-17 5.130074e-18
8911.480000 5.384380e-17 4.732142e-18
8914.480000 8.960756e-17 5.952897e-18
8917.480000 1.065786e-16 7.894512e-18
8920.480000 6.279948e-17 8.579002e-18
8923.480000 3.697323e-17 7.306617e-18
8926.480000 5.558088e-17 5.370708e-18
8929.480000 6.511164e-17 4.305547e-18
8932.480000 6.975033e-17 4.124432e-18
8935.480000 8.143938e-17 4.367427e-18
8938.480000 9.847605e-17 5.176485e-18
8941.480000 1.020536e-16 6.262008e-18
8944.480000 7.376722e-17 6.476796e-18
8947.480000 5.838450e-17 5.709569e-18
8950.480000 5.523029e-17 5.380783e-18
8953.480000 9.148291e-17 7.038718e-18
8956.480000 1.059843e-16 9.303555e-18
8959.480000 7.937854e-17 9.626938e-18
8962.480000 4.710435e-17 7.690216e-18
8965.480000 5.651593e-17 5.604475e-18
8968.480000 6.260522e-17 4.987366e-18
8971.480000 6.307771e-17 5.037771e-18
8974.480000 6.449588e-17 5.138022e-18
8977.480000 6.726959e-17 5.403631e-18
8980.480000 7.135497e-17 5.727002e-18
8983.480000 8.540168e-17 6.412640e-18
8986.480000 9.612514e-17 7.242380e-18
8989.480000 1.052879e-16 7.416273e-18
8992.480000 6.237839e-17 6.579246e-18
8995.480000 7.713479e-17 6.169618e-18
8998.480000 1.100046e-16 7.310099e-18
9001.480000 1.000092e-16 8.326750e-18
9004.480000 6.673100e-17 7.624421e-18
9007.480000 6.962166e-17 5.782455e-18
9010.480000 7.066114e-17 4.528474e-18
9013.480000 7.140356e-17 4.141005e-18
9016.480000 7.550996e-17 4.037581e-18
9019.480000 7.785032e-17 4.029757e-18
9022.480000 7.425859e-17 4.025255e-18
9025.480000 7.506818e-17 4.047925e-18
9028.480000 7.800645e-17 4.080947e-18
9031.480000 7.927190e-17 4.215908e-18
9034.480000 8.862843e-17 4.643562e-18
9037.480000 9.230539e-17 5.095563e-18
9040.480000 7.211552e-17 5.073240e-18
9043.480000 7.877797e-17 5.054486e-18
9046.480000 9.579719e-17 5.706026e-18
9049.480000 9.331423e-17 6.189393e-18
9052.480000 7.728275e-17 5.749197e-18
9055.480000 7.167007e-17 4.880600e-18
9058.480000 7.372117e-17 4.368670e-18
9061.480000 6.853410e-17 4.234682e-18
9064.480000 6.739869e-17 4.307221e-18
9067.480000 6.932773e-17 4.426930e-18
9070.480000 7.680542e-17 4.451640e-18
9073.480000 7.227781e-17 4.362145e-18
9076.480000 6.387107e-17 4.347681e-18
9079.480000 6.552067e-17 4.495958e-18
9082.480000 6.596071e-17 4.635165e-18
9085.480000 6.507518e-17 4.811125e-18
9088.480000 9.000607e-17 5.335042e-18
9091.480000 8.742235e-17 5.819900e-18
9094.480000 7.442681e-17 5.888176e-18
9097.480000 6.881405e-17 5.938685e-18
