# 2022-06-11T23:24:44.143 59741.975511
4020.0 0.4730453302178022
4029.2 0.940385254720645
4038.4 -1.1342059191891531
4047.6 0.21077898212641358
4056.8 1.093070322519692
4066.0 0.5128930903366494
4075.2 0.9120969227691602
4084.4 1.159365363236686
4093.6 1.2114913264930782
4102.8 0.38237864011671224
4112.0 0.5829645469924303
4121.2 0.8510675767550401
4130.4 0.7171186161975174
4139.6 0.2988092552027331
4148.8 0.20114918522337752
4158.0 0.5328810441342106
4167.2 0.6565998452729428
4176.4 0.6791247298365175
4185.6 0.7250559186613095
4194.8 -0.03325413649102043
4204.0 0.346903121485531
4213.2 0.39934965276536455
4222.4 0.2801794587711379
4231.6 0.7417511795154654
4240.8 0.7919575740214685
4250.0 0.5991432938946535
4259.2 0.637176916496811
4268.4 0.3509349473002651
4277.6 0.8975544157189993
4286.8 0.7289486703056268
4296.0 0.5036190950876985
4305.2 0.8126764915238972
4314.4 0.43134003738276305
4323.6 0.6037766700038876
4332.8 0.72817675549733
4342.0 0.31739520194024645
4351.2 0.42141236762096274
4360.4 0.4378961074668215
4369.6 0.6023170149799139
4378.8 0.2925828244601587
4388.0 0.6508801523096043
4397.2 0.44671374361329813
4406.4 0.5310873631542041
4415.6 0.397893558930857
4424.8 0.6096092577671837
4434.0 0.2581719374310516
4443.2 0.3163129695233342
4452.4 0.38428892970918604
4461.6 0.6270794838069236
4470.8 0.5251806516853749
4480.0 0.5739474171819736
4489.2 0.2573619159239205
4498.4 0.26543421685544927
4507.6 0.3845387767855395
4516.8 0.17365872143398486
4526.0 0.3293104916956391
4535.2 0.3007792215688408
4544.4 0.3377545760772848
4553.6 0.5695559942404876
4562.8 0.4622405250103243
4572.0 0.5056000829755846
4581.2 0.5350282968899169
4590.4 0.6200961877417676
4599.6 0.39795326374953505
4608.8 0.48564061414206533
4618.0 0.5195649000833276
4627.2 0.4766403942608057
4636.4 0.4984488731249238
4645.6 0.43156054777596353
4654.8 0.3973410717199046
4664.0 0.49492574120288707
4673.2 0.45749444627509206
4682.4 0.5385393870474225
4691.6 0.47150135287135114
4700.8 0.38858487198762587
4710.0 0.7188226672166511
4719.2 0.6067359331772064
4728.4 0.5090242763539957
4737.6 0.615149727874806
4746.8 0.5683543984537542
4756.0 0.5693545886225067
4765.2 0.5251338492887012
4774.4 0.5682608802217907
4783.6 0.7500808671946623
4792.8 0.32497054696250866
4802.0 0.6109650485148819
4811.2 0.5444602062366182
4820.4 0.5670568100232444
4829.6 0.6092303359252033
4838.8 0.5118109637792467
4848.0 0.6595501531808023
4857.2 0.5392556111337435
4866.4 0.5744996830296194
4875.6 0.4575031689458717
4884.8 0.45311510901517066
4894.0 0.5264246975321255
4903.2 0.5634623641565689
4912.4 0.4477288281651321
4921.6 0.5210725904802187
4930.8 0.5497788788459547
4940.0 0.581802608507103
4949.2 0.4828756633352745
4958.4 0.5944801738683599
4967.6 0.43985008703731243
4976.8 0.3655081982237081
4986.0 0.36458136531277524
4995.2 0.38713394931081735
5004.4 0.463385567484398
5013.6 0.40028348401490293
5022.8 0.46614873150863384
5032.0 0.372880469181807
5041.2 0.4875091799330956
5050.4 0.4387534954354196
5059.6 0.4139146306345866
5068.8 0.37254167896750223
5078.0 0.4592394723507752
5087.2 0.31105764842457023
5096.4 0.29093097370800786
5105.6 0.3317363009906019
5114.8 0.3460320972184166
5124.0 0.31104263769477836
5133.2 0.41699477340782504
5142.4 0.28523073909386576
5151.6 0.35570198870237535
5160.8 0.4848312954024347
5170.0 0.3332360552645395
5179.2 0.46653844792577487
5188.4 0.41516359286544413
5197.6 0.424189809863026
5206.8 0.4252948595758733
5216.0 0.5001007991640183
5225.2 0.3252734569726496
5234.4 0.4931984338251781
5243.6 0.3110444337660419
5252.8 0.4432414696293853
5262.0 0.3400299770912018
5271.2 0.3725128401901786
5280.4 0.4925121132054583
5289.6 0.3761356829719278
5298.8 0.38914702568402293
5308.0 0.3575306399448864
5317.2 0.35683083056752884
5326.4 0.49761505892260566
5335.6 0.44037089475695806
5344.8 0.40994567995083886
5354.0 0.3910688397390889
5363.2 0.4128438135927872
5372.4 0.41270955453667574
5381.6 0.4215972574583554
5390.8 0.38285230338991544
5400.0 0.2705858073305966
5409.2 0.3638062829867764
5418.4 0.35726366625076256
5427.6 0.4288171033757735
5436.8 0.3682922197116002
5446.0 0.43859914605016453
5455.2 0.484190704875309
5464.4 0.39426482752458264
5473.6 0.48774806780798535
5482.8 0.5263360685624071
5492.0 0.40917571535687813
5501.2 0.39616501440838203
5510.4 0.32128571215283824
5519.6 0.3745008334054154
5528.8 0.3073189413042529
5538.0 0.37376258241360144
5547.2 0.40164440473168217
5556.4 0.3383725521081296
5565.6 0.39986971790467435
5574.8 0.32934545769955687
5584.0 0.3792333477880194
5593.2 0.42040918603174476
5602.4 0.3883624250863986
5611.6 0.38621013399474036
5620.8 0.39038191007671175
5630.0 0.45921147041357924
5639.2 0.31430558111493617
5648.4 0.3521709516397384
5657.6 0.3355212429646788
5666.8 0.38644310760548306
5676.0 0.4103440961882162
5685.2 0.34048777340783704
5694.4 0.31310028219125663
5703.6 0.29801269040000533
5712.8 0.34602857298608675
5722.0 0.3421549001194932
5731.2 0.31846289757838586
5740.4 0.2784011278334452
5749.6 0.295731142494946
5758.8 0.3132798374762255
5768.0 0.3564238977847621
5777.2 0.3227069609006002
5786.4 0.3550113016795702
5795.6 0.3973320506624199
5804.8 0.3756103069359106
5814.0 0.37226729409045967
5823.2 0.44016629258968554
5832.4 0.3709873085847238
5841.6 0.37568056249041304
5850.8 0.33143208699021204
5860.0 0.39845301077111617
5869.2 0.45349160177698383
5878.4 0.33942038529757806
5887.6 0.29839558796723725
5896.8 0.34986478139711397
5906.0 0.2929940521857179
5915.2 0.35737239181133595
5924.4 0.3083496433832388
5933.6 0.33421856482217177
5942.8 0.32418979518973434
5952.0 0.3265695472794286
5961.2 0.3699581592516314
5970.4 0.29089789610436106
5979.6 0.32312380013523223
5988.8 0.2924544633453288
5998.0 0.31457431123054364
6007.2 0.2632923881506164
6016.4 0.30536581051003386
6025.6 0.28453814273688266
6034.8 0.21785377970173367
6044.0 0.23885088661621562
6053.2 0.27703935328160545
6062.4 0.2843523170220783
6071.6 0.3003063147131617
6080.8 0.2966006544010196
6090.0 0.338964775596149
6099.2 0.3581676241919886
6108.4 0.3658336790883302
6117.6 0.4427549559305307
6126.8 0.38602086604709734
6136.0 0.38081513817588075
6145.2 0.4226113377580098
6154.4 0.44261911539797644
6163.6 0.4319138848168284
6172.8 0.45814661351236874
6182.0 0.40372413555158726
6191.2 0.38887937715554816
6200.4 0.379915882011028
6209.6 0.35111445993818585
6218.8 0.37487672422844465
6228.0 0.40306227818462853
6237.2 0.3956887751408293
6246.4 0.3603868278854716
6255.6 0.30438960863684145
6264.8 0.3567514425474671
6274.0 0.3960906820176286
6283.2 0.3153537236947051
6292.4 0.3686177587316437
6301.6 0.34878766003923867
6310.8 0.34581709912591474
6320.0 0.33376848655852526
6329.2 0.2563165312446352
6338.4 0.2573969632357279
6347.6 0.29585332935130343
6356.8 0.21381061297157827
6366.0 0.2621350749822527
6375.2 0.23309243496711435
6384.4 0.1780868143806265
6393.6 0.19106003829117912
6402.8 0.20698222461200924
6412.0 0.1462835019515148
6421.2 0.164338735449851
6430.4 0.15873253474018037
6439.6 0.16021606932014187
6448.8 0.22807596622272489
6458.0 0.17096759466101083
6467.2 0.23550747092970054
6476.4 0.2670117537600342
6485.6 0.28852850968655913
6494.8 0.26620330106508533
6504.0 0.2650146672851477
6513.2 0.2943907705514411
6522.4 0.2711368442669143
6531.6 0.32188059121209045
6540.8 0.28936024978623487
6550.0 0.3106080060527658
6559.2 0.33658520947889636
6568.4 0.32454132189113255
6577.6 0.377920970585225
6586.8 0.3344810483026749
6596.0 0.3475200180155495
6605.2 0.3471241470979757
6614.4 0.3822498840629052
6623.6 0.34930287748803696
6632.8 0.35982696145772064
6642.0 0.42087817486094653
6651.2 0.3769974218466496
6660.4 0.3399022767143256
6669.6 0.3484024928309226
6678.8 0.40391403042102025
6688.0 0.34523063949966193
6697.2 0.3129581766651333
6706.4 0.28088899743115386
6715.6 0.312797091724566
6724.8 0.32783749238007676
6734.0 0.32940838028068
6743.2 0.33396284470422355
6752.4 0.34890431266191196
6761.6 0.3449491921339761
6770.8 0.29602464339185874
6780.0 0.2842606007858668
6789.2 0.31708195374370507
6798.4 0.31471909621117505
6807.6 0.303828424307737
6816.8 0.2900352181578928
6826.0 0.31995646182844584
6835.2 0.31630775110020976
6844.4 0.31439235373131613
6853.6 0.27594946475547827
6862.8 0.258017886353906
6872.0 0.3441859287782772
6881.2 0.29926580234964617
6890.4 0.3149576987627229
6899.6 0.29926202054201423
6908.8 0.2590055046716153
6918.0 0.26480698206582515
6927.2 0.2855982411042513
6936.4 0.3109674144269292
6945.6 0.2672687343956365
6954.8 0.27486873495585495
6964.0 0.2188213138168656
6973.2 0.2649368851044305
6982.4 0.2514750191493024
6991.6 0.20686087036833534
7000.8 0.2854742740361118
7010.0 0.28384888422883225
7019.2 0.27863247755590725
7028.4 0.24273854366994496
7037.6 0.2991610397745673
7046.8 0.2940418146087528
7056.0 0.2426970609898419
7065.2 0.24962005230810277
7074.4 0.2509949077684829
7083.6 0.26299220716610033
7092.8 0.22834627730122503
7102.0 0.24316814131198913
7111.2 0.18661430347272784
7120.4 0.2128127150261625
7129.6 0.26484690468640215
7138.8 0.15435309693876942
7148.0 0.15979058283086975
7157.2 0.19866705858442898
7166.4 0.23274407323209473
7175.6 0.17948331754301503
7184.8 0.2530000657841459
7194.0 0.2504199156680856
7203.2 0.20131570549909517
7212.4 0.20066978475480682
7221.6 0.2712941381559036
7230.8 0.26202842883850097
7240.0 0.26709465983487213
7249.2 0.23972759497687543
7258.4 0.30628911860923974
7267.6 0.20621395791076705
7276.8 0.2495018005114985
7286.0 0.2373036798141698
7295.2 0.27537832062234724
7304.4 0.20453456589102498
7313.6 0.24399688367181507
7322.8 0.24912972334654318
7332.0 0.22858503794480262
7341.2 0.20526589017376784
7350.4 0.23024772365708918
7359.6 0.2828368421531205
7368.8 0.17577065710042697
7378.0 0.2575061498614439
7387.2 0.3385840534693191
7396.4 0.24104915754290462
7405.6 0.2118020563522632
7414.8 0.17362072287910948
7424.0 0.26081314586692006
7433.2 0.23031624033693893
7442.4 0.23113843949566998
7451.6 0.2463374469785669
7460.8 0.24258274873023075
7470.0 0.22126782077904092
7479.2 0.25782779759028907
7488.4 0.2100448824428688
7497.6 0.24469822531823948
7506.8 0.24309527564545624
7516.0 0.2597251887945741
7525.2 0.22499974164329004
7534.4 0.25303095228660466
7543.6 0.25960672322443373
7552.8 0.20348703823519276
7562.0 0.1929974413043016
7571.2 0.2225624363602789
7580.4 0.2343640963764468
7589.6 0.3036454678706628
7598.8 0.19071833461803084
7608.0 0.24350670022881063
7617.2 0.19080619686544995
7626.4 0.3008522234436289
7635.6 0.17594972035241263
7644.8 0.2693709602436815
7654.0 0.23461615948598843
7663.2 0.25211793630092866
7672.4 0.2316840162330982
7681.6 0.20392352007412945
7690.8 0.18814665761642113
7700.0 0.27712177532794685
7709.2 0.09972242724265619
7718.4 0.17454418258971835
7727.6 0.12358459072160563
7736.8 0.12397482754518568
7746.0 0.09346571137191756
7755.2 0.14815249333650163
7764.4 0.15713527195541926
7773.6 0.18023038892929108
7782.8 0.3101336297834885
7792.0 0.11325159773761583
7801.2 0.16688934855942983
7810.4 0.09400560629432515
7819.6 0.12603463879132543
7828.8 0.0914720628176916
7838.0 0.1132873395277912
7847.2 0.09229303639638914
7856.4 -0.003969281390937822
7865.6 0.10995921497001046
7874.8 0.12155339796952169
7884.0 0.05978572535281904
7893.2 0.36756269507202544
7902.4 0.33553718092931106
7911.6 0.15921493730192351
7920.8 0.2099540048854571
7930.0 0.2251195454622093
7939.2 0.25071344053956
7948.4 0.2191621658962269
7957.6 0.043490414992536246
7966.8 0.1333804673437124
7976.0 0.21880358066530667
7985.2 0.1769047750348795
7994.4 0.16487067973495723
