# TELESCOPE = UH88
# INSTRUMENT = SNIFS
# OBJECT = AT2021yyp
# CHANNEL = B+R
# EXPNUM = 21_262_018
# MJD-OBS = 59476.344398
# DATE-OBS = 2021-09-19T08:16:25
# EXPTIME = 1900.0s
# AIRMASS = 1.42
# RA = 00:51:45.90
# DEC = 39:38:30.40
# wl fl err
# [A] [erg/s/cm2/A]
3498.860000 1.055784e-16 5.202094e-17
3501.860000 1.235305e-16 4.680253e-17
3504.860000 3.806713e-17 4.704647e-17
3507.860000 -2.812858e-17 5.280957e-17
3510.860000 -4.123285e-18 5.142987e-17
3513.860000 8.543351e-17 4.491817e-17
3516.860000 1.542090e-16 4.612183e-17
3519.860000 2.686640e-16 5.160392e-17
3522.860000 1.025522e-16 4.944723e-17
3525.860000 3.138889e-17 4.333289e-17
3528.860000 1.775984e-16 4.544536e-17
3531.860000 2.300689e-16 5.026701e-17
3534.860000 2.506512e-16 4.896171e-17
3537.860000 2.241117e-16 4.579762e-17
3540.860000 2.209337e-16 4.983847e-17
3543.860000 8.879553e-17 5.215805e-17
3546.860000 -7.568148e-18 4.793684e-17
3549.860000 -1.337568e-17 4.496876e-17
3552.860000 3.504309e-17 4.928925e-17
3555.860000 -1.721115e-17 5.001919e-17
3558.860000 2.428879e-17 4.473709e-17
3561.860000 9.576839e-18 4.303839e-17
3564.860000 -3.027638e-17 4.753287e-17
3567.860000 -4.379388e-17 4.658347e-17
3570.860000 4.923919e-17 4.046255e-17
3573.860000 1.057354e-16 4.004606e-17
3576.860000 6.182129e-17 4.577067e-17
3579.860000 7.315199e-17 4.502572e-17
3582.860000 4.352613e-17 3.828139e-17
3585.860000 3.243869e-17 3.758706e-17
3588.860000 7.072089e-17 4.157410e-17
3591.860000 2.055042e-16 4.215682e-17
3594.860000 2.899603e-16 3.995395e-17
3597.860000 3.034866e-16 4.291062e-17
3600.860000 1.480590e-16 4.632578e-17
3603.860000 4.788650e-17 4.357604e-17
3606.860000 6.985826e-17 3.861102e-17
3609.860000 8.593303e-17 4.047184e-17
3612.860000 1.190637e-16 4.276200e-17
3615.860000 1.578544e-16 4.021829e-17
3618.860000 1.665489e-16 3.784610e-17
3621.860000 1.542098e-16 4.109228e-17
3624.860000 1.635781e-16 4.299985e-17
3627.860000 9.836295e-17 4.001755e-17
3630.860000 1.805670e-17 3.831897e-17
3633.860000 7.712729e-17 4.186285e-17
3636.860000 1.046510e-16 4.240333e-17
3639.860000 8.164367e-17 3.815671e-17
3642.860000 1.297188e-16 3.845915e-17
3645.860000 1.175994e-16 4.355318e-17
3648.860000 8.375895e-17 4.227979e-17
3651.860000 1.022403e-16 3.682587e-17
3654.860000 1.725162e-16 3.842530e-17
3657.860000 1.506957e-16 4.352603e-17
3660.860000 1.323883e-16 4.292080e-17
3663.860000 1.370355e-16 3.827313e-17
3666.860000 1.279403e-16 3.897155e-17
3669.860000 7.519365e-17 4.180337e-17
3672.860000 1.750539e-16 4.049805e-17
3675.860000 1.401732e-16 3.707806e-17
3678.860000 9.992219e-17 3.902025e-17
3681.860000 1.646949e-16 4.104985e-17
3684.860000 1.544623e-16 3.807545e-17
3687.860000 1.581576e-16 3.557257e-17
3690.860000 1.812075e-16 3.908113e-17
3693.860000 2.083405e-16 4.143027e-17
3696.860000 2.272200e-16 3.855163e-17
3699.860000 2.347777e-16 3.713228e-17
3702.860000 1.781986e-16 4.128847e-17
3705.860000 1.234689e-16 4.112012e-17
3708.860000 1.004689e-16 3.565150e-17
3711.860000 1.376207e-16 3.511317e-17
3714.860000 1.292207e-16 4.110379e-17
3717.860000 4.566458e-17 4.158642e-17
3720.860000 7.467066e-17 3.557548e-17
3723.860000 1.003004e-16 3.451475e-17
3726.860000 1.194005e-16 3.901883e-17
3729.860000 1.251191e-16 3.906912e-17
3732.860000 7.342111e-17 3.419283e-17
3735.860000 4.867228e-17 3.371061e-17
3738.860000 6.016804e-17 3.591603e-17
3741.860000 7.255892e-17 3.518874e-17
3744.860000 5.575295e-17 3.258779e-17
3747.860000 6.645145e-17 3.380646e-17
3750.860000 8.827507e-17 3.537773e-17
3753.860000 1.047385e-16 3.413719e-17
3756.860000 1.580487e-16 3.343788e-17
3759.860000 1.665553e-16 3.673233e-17
3762.860000 1.197749e-16 3.767947e-17
3765.860000 8.526293e-17 3.397372e-17
3768.860000 7.535873e-17 3.244753e-17
3771.860000 1.165098e-16 3.630422e-17
3774.860000 5.101014e-17 3.776790e-17
3777.860000 3.367167e-17 3.431862e-17
3780.860000 8.996930e-17 3.407351e-17
3783.860000 1.001929e-16 3.917269e-17
3786.860000 7.646954e-17 3.902928e-17
3789.860000 1.234146e-16 3.341019e-17
3792.860000 1.116286e-16 3.239426e-17
3795.860000 7.964054e-17 3.559521e-17
3798.860000 8.754848e-17 3.449545e-17
3801.860000 1.204346e-16 3.055491e-17
3804.860000 1.022476e-16 3.208975e-17
3807.860000 8.148942e-17 3.566003e-17
3810.860000 1.231446e-16 3.464033e-17
3813.860000 1.573255e-16 3.118722e-17
3816.860000 1.694288e-16 3.203282e-17
3819.860000 1.186601e-16 3.338027e-17
3822.860000 1.274753e-16 3.103555e-17
3825.860000 1.368426e-16 2.823029e-17
3828.860000 1.081014e-16 2.947583e-17
3831.860000 4.803112e-17 3.032210e-17
3834.860000 8.066396e-17 2.813730e-17
3837.860000 1.096695e-16 2.682772e-17
3840.860000 1.574560e-16 3.000227e-17
3843.860000 1.485425e-16 3.155939e-17
3846.860000 1.457159e-16 2.974493e-17
3849.860000 1.728715e-16 2.984871e-17
3852.860000 1.467321e-16 3.364543e-17
3855.860000 1.379831e-16 3.375868e-17
3858.860000 1.438337e-16 2.936585e-17
3861.860000 1.766370e-16 2.878717e-17
3864.860000 1.644927e-16 3.292845e-17
3867.860000 1.153609e-16 3.286291e-17
3870.860000 5.832267e-17 2.862882e-17
3873.860000 5.036515e-17 2.848532e-17
3876.860000 6.221003e-17 3.139976e-17
3879.860000 7.308068e-17 3.084604e-17
3882.860000 8.793833e-17 2.734606e-17
3885.860000 4.507268e-17 2.833649e-17
3888.860000 3.414622e-17 3.031048e-17
3891.860000 7.834033e-17 2.900015e-17
3894.860000 7.891471e-17 2.738763e-17
3897.860000 8.434985e-17 3.006577e-17
3900.860000 7.441129e-17 3.193920e-17
3903.860000 1.202796e-16 2.949976e-17
3906.860000 1.407950e-16 2.771907e-17
3909.860000 8.974098e-17 3.039483e-17
3912.860000 7.965835e-17 3.201184e-17
3915.860000 9.848414e-17 2.969538e-17
3918.860000 1.340058e-16 2.866540e-17
3921.860000 1.109525e-16 3.143453e-17
3924.860000 1.028975e-16 3.099873e-17
3927.860000 8.430611e-17 2.678029e-17
3930.860000 1.027365e-16 2.529309e-17
3933.860000 1.673005e-16 2.698873e-17
3936.860000 9.552390e-17 2.559656e-17
3939.860000 7.458417e-17 2.289131e-17
3942.860000 5.163288e-17 2.490938e-17
3945.860000 5.704961e-17 2.900202e-17
3948.860000 5.533739e-17 2.913330e-17
3951.860000 8.026094e-17 2.712535e-17
3954.860000 6.882073e-17 2.880563e-17
3957.860000 7.509053e-17 3.148265e-17
3960.860000 1.118585e-16 2.986109e-17
3963.860000 8.263485e-17 2.635481e-17
3966.860000 1.437321e-16 2.706957e-17
3969.860000 1.550285e-16 2.739041e-17
3972.860000 9.336666e-17 2.520330e-17
3975.860000 1.059909e-16 2.532663e-17
3978.860000 1.269893e-16 3.001624e-17
3981.860000 1.632710e-16 3.270850e-17
3984.860000 2.299579e-16 3.077971e-17
3987.860000 2.241296e-16 2.975366e-17
3990.860000 1.418354e-16 3.301018e-17
3993.860000 1.074898e-16 3.352412e-17
3996.860000 6.627715e-17 2.951922e-17
3999.860000 1.781925e-17 2.863949e-17
4002.860000 -8.493567e-17 3.205335e-17
4005.860000 -1.206352e-16 3.171425e-17
4008.860000 -8.001983e-17 2.722986e-17
4011.860000 -1.247731e-16 2.716444e-17
4014.860000 -1.148911e-16 3.053981e-17
4017.860000 -3.910095e-17 3.044263e-17
4020.860000 1.814154e-17 2.702985e-17
4023.860000 4.556266e-17 2.801064e-17
4026.860000 3.215056e-17 3.040925e-17
4029.860000 1.340878e-16 2.929290e-17
4032.860000 2.195368e-16 2.665370e-17
4035.860000 1.851165e-16 2.778702e-17
4038.860000 1.152929e-16 2.959052e-17
4041.860000 1.406286e-16 2.812694e-17
4044.860000 1.798301e-16 2.634367e-17
4047.860000 1.891630e-16 2.826891e-17
4050.860000 1.278254e-16 2.934769e-17
4053.860000 1.271549e-16 2.729030e-17
4056.860000 1.370864e-16 2.620683e-17
4059.860000 1.163501e-16 2.888104e-17
4062.860000 1.507346e-16 2.978931e-17
4065.860000 1.369401e-16 2.661916e-17
4068.860000 1.360345e-16 2.622069e-17
4071.860000 1.099512e-16 3.039282e-17
4074.860000 8.924654e-17 3.058665e-17
4077.860000 1.265045e-16 2.692582e-17
4080.860000 1.681220e-16 2.759385e-17
4083.860000 1.621408e-16 3.099238e-17
4086.860000 1.791113e-16 3.087527e-17
4089.860000 1.753250e-16 2.768612e-17
4092.860000 1.599930e-16 2.867661e-17
4095.860000 1.407153e-16 3.113607e-17
4098.860000 1.256795e-16 2.908097e-17
4101.860000 1.109307e-16 2.551536e-17
4104.860000 4.376009e-17 2.605866e-17
4107.860000 -1.868174e-17 2.799235e-17
4110.860000 1.055021e-17 2.679974e-17
4113.860000 2.717694e-17 2.506222e-17
4116.860000 3.887668e-17 2.757376e-17
4119.860000 5.804888e-17 2.882139e-17
4122.860000 5.574553e-17 2.628692e-17
4125.860000 6.677416e-17 2.502095e-17
4128.860000 7.458172e-17 2.762965e-17
4131.860000 9.036060e-17 2.818897e-17
4134.860000 9.608910e-17 2.509094e-17
4137.860000 1.533503e-17 2.420480e-17
4140.860000 5.435328e-17 2.776808e-17
4143.860000 1.276998e-16 2.827986e-17
4146.860000 1.181462e-16 2.454120e-17
4149.860000 9.236207e-17 2.453378e-17
4152.860000 1.261116e-16 2.786073e-17
4155.860000 8.668812e-17 2.723498e-17
4158.860000 7.437674e-17 2.395754e-17
4161.860000 2.910172e-17 2.473187e-17
4164.860000 3.116652e-17 2.744865e-17
4167.860000 9.933590e-17 2.678226e-17
4170.860000 1.206023e-16 2.413193e-17
4173.860000 8.680058e-17 2.530931e-17
4176.860000 2.628681e-17 2.642626e-17
4179.860000 1.784367e-17 2.492328e-17
4182.860000 8.980981e-18 2.307030e-17
4185.860000 4.298332e-17 2.516380e-17
4188.860000 8.185642e-17 2.648344e-17
4191.860000 7.172452e-17 2.441738e-17
4194.860000 9.203505e-17 2.345706e-17
4197.860000 1.037646e-16 2.591135e-17
4200.860000 8.279146e-17 2.601859e-17
4203.860000 3.454911e-17 2.325421e-17
4206.860000 2.481610e-17 2.292894e-17
4209.860000 4.600251e-17 2.626766e-17
4212.860000 6.120509e-17 2.688508e-17
4215.860000 8.858230e-17 2.374997e-17
4218.860000 1.171319e-16 2.370799e-17
4221.860000 1.137834e-16 2.676256e-17
4224.860000 8.219933e-17 2.621135e-17
4227.860000 1.041749e-16 2.255770e-17
4230.860000 6.736017e-17 2.251424e-17
4233.860000 3.730763e-17 2.538579e-17
4236.860000 5.996775e-17 2.488761e-17
4239.860000 3.119436e-17 2.202974e-17
4242.860000 -1.044184e-17 2.309410e-17
4245.860000 2.538720e-17 2.525548e-17
4248.860000 5.895970e-17 2.416778e-17
4251.860000 7.098248e-17 2.196910e-17
4254.860000 2.873581e-17 2.342285e-17
4257.860000 2.167177e-17 2.483751e-17
4260.860000 7.671237e-17 2.320834e-17
4263.860000 6.628959e-17 2.189495e-17
4266.860000 4.566233e-17 2.434033e-17
4269.860000 7.110398e-17 2.513113e-17
4272.860000 6.597026e-17 2.243049e-17
4275.860000 6.957071e-18 2.093360e-17
4278.860000 1.382085e-18 2.387619e-17
4281.860000 7.826646e-17 2.481756e-17
4284.860000 1.127607e-16 2.210467e-17
4287.860000 9.970843e-17 2.169143e-17
4290.860000 6.081440e-17 2.417460e-17
4293.860000 1.098836e-16 2.409808e-17
4296.860000 1.336751e-16 2.119339e-17
4299.860000 1.358711e-16 2.117731e-17
4302.860000 1.277137e-16 2.280968e-17
4305.860000 1.000973e-16 2.170863e-17
4308.860000 9.834887e-17 1.942378e-17
4311.860000 4.168390e-17 1.999666e-17
4314.860000 1.627560e-17 2.229341e-17
4317.860000 7.971510e-18 2.223670e-17
4320.860000 6.047841e-17 2.149101e-17
4323.860000 1.194506e-16 2.343145e-17
4326.860000 1.407892e-16 2.423997e-17
4329.860000 1.052452e-16 2.219183e-17
4332.860000 9.767138e-17 2.129707e-17
4335.860000 1.095855e-16 2.369622e-17
4338.860000 1.574026e-16 2.443766e-17
4341.860000 1.767840e-16 2.171363e-17
4344.860000 1.078242e-16 2.034673e-17
4347.860000 5.318549e-17 2.319331e-17
4350.860000 6.520734e-17 2.400590e-17
4353.860000 1.390525e-16 2.176124e-17
4356.860000 1.261204e-16 2.145117e-17
4359.860000 8.851736e-17 2.441609e-17
4362.860000 1.052002e-16 2.461008e-17
4365.860000 1.323606e-16 2.188053e-17
4368.860000 1.560843e-16 2.226187e-17
4371.860000 1.267860e-16 2.451044e-17
4374.860000 1.141142e-16 2.364309e-17
4377.860000 8.178519e-17 2.083703e-17
4380.860000 1.116028e-16 2.178639e-17
4383.860000 1.929668e-16 2.390020e-17
4386.860000 1.588054e-16 2.232561e-17
4389.860000 7.717227e-17 2.002314e-17
4392.860000 8.676606e-17 2.175526e-17
4395.860000 1.173440e-16 2.341329e-17
4398.860000 1.428881e-16 2.232065e-17
4401.860000 1.168077e-16 2.081897e-17
4404.860000 1.058312e-16 2.255549e-17
4407.860000 7.159554e-17 2.326949e-17
4410.860000 5.866363e-17 2.133377e-17
4413.860000 6.304993e-17 2.071711e-17
4416.860000 6.937773e-17 2.312240e-17
4419.860000 7.791562e-17 2.360456e-17
4422.860000 7.917290e-17 2.127194e-17
4425.860000 9.022395e-17 2.094870e-17
4428.860000 3.830152e-17 2.366472e-17
4431.860000 3.846951e-17 2.369474e-17
4434.860000 8.027087e-17 2.083869e-17
4437.860000 9.697635e-17 2.097458e-17
4440.860000 6.764621e-17 2.352373e-17
4443.860000 6.625073e-17 2.311481e-17
4446.860000 7.281873e-17 2.054915e-17
4449.860000 7.420130e-17 2.139471e-17
4452.860000 3.348374e-17 2.321042e-17
4455.860000 8.828238e-17 2.229426e-17
4458.860000 1.107767e-16 2.008406e-17
4461.860000 8.984351e-17 2.120652e-17
4464.860000 3.707826e-17 2.249461e-17
4467.860000 5.861566e-18 2.120125e-17
4470.860000 2.288779e-17 1.993318e-17
4473.860000 2.448561e-17 2.193274e-17
4476.860000 9.261410e-17 2.333945e-17
4479.860000 1.101586e-16 2.159116e-17
4482.860000 1.378168e-16 2.047779e-17
4485.860000 8.105416e-17 2.250710e-17
4488.860000 4.854376e-17 2.317328e-17
4491.860000 9.631638e-17 2.090745e-17
4494.860000 1.028996e-16 2.037010e-17
4497.860000 6.077325e-17 2.291268e-17
4500.860000 1.982501e-17 2.293400e-17
4503.860000 2.586158e-17 2.041740e-17
4506.860000 4.869216e-17 2.083076e-17
4509.860000 7.985501e-17 2.357535e-17
4512.860000 1.230970e-16 2.326674e-17
4515.860000 1.091132e-16 2.053068e-17
4518.860000 1.189862e-16 2.096728e-17
4521.860000 8.065744e-17 2.282538e-17
4524.860000 7.687107e-17 2.204290e-17
4527.860000 9.885112e-17 1.981695e-17
4530.860000 1.004790e-16 2.067680e-17
4533.860000 1.089650e-16 2.209787e-17
4536.860000 1.028417e-16 2.095914e-17
4539.860000 9.637041e-17 1.966696e-17
4542.860000 1.069819e-16 2.156903e-17
4545.860000 8.866835e-17 2.263032e-17
4548.860000 7.035863e-17 2.072404e-17
4551.860000 8.337817e-17 1.945425e-17
4554.860000 1.340205e-16 2.177087e-17
4557.860000 1.368385e-16 2.248564e-17
4560.860000 9.244678e-17 2.035143e-17
4563.860000 9.339703e-17 1.993697e-17
4566.860000 8.578037e-17 2.247922e-17
4569.860000 6.631800e-17 2.244693e-17
4572.860000 6.900358e-17 1.981755e-17
4575.860000 1.033087e-16 1.997219e-17
4578.860000 9.104311e-17 2.255674e-17
4581.860000 9.032507e-17 2.214700e-17
4584.860000 6.444669e-17 1.910808e-17
4587.860000 8.593039e-17 1.979059e-17
4590.860000 7.024886e-17 2.197706e-17
4593.860000 1.082201e-16 2.149292e-17
4596.860000 1.271802e-16 1.933911e-17
4599.860000 1.154409e-16 2.022215e-17
4602.860000 9.848138e-17 2.174197e-17
4605.860000 1.311989e-16 2.083184e-17
4608.860000 1.089002e-16 1.922070e-17
4611.860000 1.028174e-16 2.076673e-17
4614.860000 1.057726e-16 2.198913e-17
4617.860000 1.290877e-16 2.038805e-17
4620.860000 1.154330e-16 1.927117e-17
4623.860000 8.784508e-17 2.120977e-17
4626.860000 9.740402e-17 2.187785e-17
4629.860000 1.022431e-16 1.982594e-17
4632.860000 1.184898e-16 1.925555e-17
4635.860000 8.798283e-17 2.145895e-17
4638.860000 1.022417e-16 2.162649e-17
4641.860000 7.769826e-17 1.914818e-17
4644.860000 8.648948e-17 1.909306e-17
4647.860000 1.221886e-16 2.171084e-17
4650.860000 1.112043e-16 2.135196e-17
4653.860000 8.988403e-17 1.877101e-17
4656.860000 8.933195e-17 1.923809e-17
4659.860000 1.041362e-16 2.133783e-17
4662.860000 1.177840e-16 2.101396e-17
4665.860000 1.283198e-16 1.885450e-17
4668.860000 1.145917e-16 1.944280e-17
4671.860000 6.006945e-17 2.068066e-17
4674.860000 4.682856e-17 1.984717e-17
4677.860000 5.084363e-17 1.836722e-17
4680.860000 7.393034e-17 1.981829e-17
4683.860000 1.187059e-16 2.103809e-17
4686.860000 1.341461e-16 1.977628e-17
4689.860000 1.243105e-16 1.858227e-17
4692.860000 8.910428e-17 2.016370e-17
4695.860000 6.802313e-17 2.084364e-17
4698.860000 9.414427e-17 1.915659e-17
4701.860000 1.144581e-16 1.843790e-17
4704.860000 1.000158e-16 2.041293e-17
4707.860000 6.743676e-17 2.057641e-17
4710.860000 8.036908e-17 1.839763e-17
4713.860000 4.955058e-17 1.816937e-17
4716.860000 6.082760e-17 2.103020e-17
4719.860000 5.394414e-17 2.114310e-17
4722.860000 5.237537e-17 1.850283e-17
4725.860000 8.022908e-17 1.883874e-17
4728.860000 1.002885e-16 2.107352e-17
4731.860000 1.099030e-16 2.035712e-17
4734.860000 6.406605e-17 1.798207e-17
4737.860000 3.837755e-17 1.863795e-17
4740.860000 5.933134e-17 2.045286e-17
4743.860000 8.034997e-17 1.980917e-17
4746.860000 6.295879e-17 1.805982e-17
4749.860000 7.020389e-17 1.936303e-17
4752.860000 6.743798e-17 2.059780e-17
4755.860000 8.262129e-17 1.933450e-17
4758.860000 7.610412e-17 1.782083e-17
4761.860000 6.257610e-17 1.954230e-17
4764.860000 4.302202e-17 2.028490e-17
4767.860000 6.070778e-17 1.859124e-17
4770.860000 3.420073e-17 1.760114e-17
4773.860000 2.408215e-17 1.976511e-17
4776.860000 6.119454e-17 2.049370e-17
4779.860000 1.939517e-17 1.831429e-17
4782.860000 4.790118e-17 1.814325e-17
4785.860000 6.788561e-17 2.068931e-17
4788.860000 6.576838e-17 2.063511e-17
4791.860000 7.097010e-17 1.803453e-17
4794.860000 6.542331e-17 1.826550e-17
4797.860000 4.119415e-17 2.050333e-17
4800.860000 2.425647e-18 1.994334e-17
4803.860000 3.647391e-17 1.774639e-17
4806.860000 3.890710e-17 1.839520e-17
4809.860000 1.905698e-17 2.009887e-17
4812.860000 6.624136e-18 1.920839e-17
4815.860000 1.179964e-18 1.745590e-17
4818.860000 3.674737e-17 1.892710e-17
4821.860000 5.853651e-17 2.039598e-17
4824.860000 6.108456e-17 1.916453e-17
4827.860000 8.064369e-17 1.785788e-17
4830.860000 7.477393e-17 1.931084e-17
4833.860000 7.081551e-17 2.015861e-17
4836.860000 7.981236e-17 1.870408e-17
4839.860000 7.472271e-17 1.781537e-17
4842.860000 6.442592e-17 1.966470e-17
4845.860000 4.709076e-17 2.016328e-17
4848.860000 8.478059e-17 1.834447e-17
4851.860000 6.423364e-17 1.781479e-17
4854.860000 4.977283e-17 2.007432e-17
4857.860000 7.147281e-17 1.999766e-17
4860.860000 9.066699e-17 1.725325e-17
4863.860000 8.994327e-17 1.693760e-17
4866.860000 3.513779e-17 1.893147e-17
4869.860000 2.406475e-17 1.911363e-17
4872.860000 3.051582e-17 1.718922e-17
4875.860000 4.137657e-17 1.784820e-17
4878.860000 6.482177e-17 1.990493e-17
4881.860000 7.319901e-17 1.951912e-17
4884.860000 3.008390e-17 1.760597e-17
4887.860000 5.124339e-17 1.868749e-17
4890.860000 1.085663e-16 2.028328e-17
4893.860000 9.738027e-17 1.906411e-17
4896.860000 6.529591e-17 1.775647e-17
4899.860000 3.539949e-17 1.957055e-17
4902.860000 5.126066e-17 2.076586e-17
4905.860000 4.794059e-17 1.920688e-17
4908.860000 4.661861e-17 1.810792e-17
4911.860000 8.879322e-17 2.031752e-17
4914.860000 7.219157e-17 2.098125e-17
4917.860000 4.853327e-17 1.881621e-17
4920.860000 7.379655e-17 1.833333e-17
4923.860000 6.105210e-17 2.058015e-17
4926.860000 5.886371e-17 2.098723e-17
4929.860000 6.845487e-17 1.905838e-17
4932.860000 6.740089e-17 1.924580e-17
4935.860000 4.492421e-17 2.164845e-17
4938.860000 7.303715e-17 2.157351e-17
4941.860000 7.264644e-17 1.923523e-17
4944.860000 7.065183e-17 2.002366e-17
4947.860000 7.864215e-17 2.252972e-17
4950.860000 9.078172e-17 2.213168e-17
4953.860000 6.969468e-17 2.011245e-17
4956.860000 6.161451e-17 2.126533e-17
4959.860000 6.158254e-17 2.291063e-17
4962.860000 1.016554e-16 2.235431e-17
4965.860000 1.191287e-16 2.124533e-17
4968.860000 1.046068e-16 2.296264e-17
4971.860000 1.229334e-16 2.455273e-17
4974.860000 8.530979e-17 2.276665e-17
4977.860000 9.158581e-17 2.198749e-17
4980.860000 1.398046e-16 2.481019e-17
4983.860000 9.835732e-17 2.569531e-17
4986.860000 7.199096e-17 2.318113e-17
4989.860000 6.724273e-17 2.288206e-17
4992.860000 9.842878e-17 2.639342e-17
4995.860000 1.054404e-16 2.685968e-17
4998.860000 1.453203e-16 2.448197e-17
5001.860000 1.058494e-16 2.408846e-17
5004.860000 1.229384e-16 2.766023e-17
5007.860000 1.038546e-16 2.753102e-17
5010.860000 5.830426e-17 2.420489e-17
5013.860000 1.994814e-17 2.462350e-17
5016.860000 9.660902e-17 2.788344e-17
5019.860000 1.083097e-16 2.731465e-17
5022.860000 1.001142e-16 2.467544e-17
5025.860000 4.774456e-17 2.573791e-17
5028.860000 6.659337e-19 2.771138e-17
5031.860000 2.389556e-17 2.680207e-17
5034.860000 2.055499e-17 2.451893e-17
5037.860000 3.502991e-17 2.645615e-17
5040.860000 3.653033e-17 2.797658e-17
5043.860000 4.776683e-17 2.617996e-17
5046.860000 8.705935e-17 2.481088e-17
5049.860000 5.440367e-17 2.712525e-17
5052.860000 3.228024e-17 2.787938e-17
5055.860000 -5.178441e-19 2.500691e-17
5058.860000 1.891942e-17 2.418454e-17
5061.860000 2.688881e-18 2.686037e-17
5064.860000 -1.320653e-17 2.677521e-17
5067.860000 3.397121e-17 2.385799e-17
5172.860000 8.778344e-17 2.373051e-17
5175.860000 8.720589e-17 2.257675e-17
5178.860000 8.052763e-17 2.177210e-17
5181.860000 7.512782e-17 2.138757e-17
5184.860000 1.438598e-16 2.149083e-17
5187.860000 1.830043e-16 2.141980e-17
5190.860000 1.104973e-16 2.073828e-17
5193.860000 9.820437e-17 2.088223e-17
5196.860000 1.083744e-16 2.119666e-17
5199.860000 1.241042e-16 2.174080e-17
5202.860000 1.391786e-16 2.233521e-17
5205.860000 1.343439e-16 2.267285e-17
5208.860000 1.332900e-16 2.292811e-17
5211.860000 1.314355e-16 2.340530e-17
5214.860000 1.334540e-16 2.380178e-17
5217.860000 1.335976e-16 2.450145e-17
5220.860000 1.521808e-16 2.510346e-17
5223.860000 1.629838e-16 2.566800e-17
5226.860000 1.173945e-16 2.598574e-17
5229.860000 1.403639e-16 2.665665e-17
5232.860000 8.404087e-17 2.648924e-17
5235.860000 8.110839e-17 2.688968e-17
5238.860000 1.211864e-16 2.743332e-17
5241.860000 1.119851e-16 2.698680e-17
5244.860000 5.246816e-17 2.619259e-17
5247.860000 4.984606e-17 2.526418e-17
5250.860000 7.113955e-17 2.463918e-17
5253.860000 1.138334e-16 2.408553e-17
5256.860000 7.082498e-17 2.324212e-17
5259.860000 8.612799e-17 2.256530e-17
5262.860000 9.076789e-17 2.195598e-17
5265.860000 1.206129e-16 2.146925e-17
5268.860000 1.213056e-16 2.075906e-17
5271.860000 9.349506e-17 1.986529e-17
5274.860000 7.861460e-17 1.900036e-17
5277.860000 1.003216e-16 1.855821e-17
5280.860000 1.172523e-16 1.833932e-17
5283.860000 1.250490e-16 1.820928e-17
5286.860000 1.024694e-16 1.791853e-17
5289.860000 9.571574e-17 1.743432e-17
5292.860000 8.446906e-17 1.714559e-17
5295.860000 6.933270e-17 1.692192e-17
5298.860000 8.616769e-17 1.681398e-17
5301.860000 9.387909e-17 1.664790e-17
5304.860000 9.020262e-17 1.639915e-17
5307.860000 8.801941e-17 1.621447e-17
5310.860000 8.602214e-17 1.623464e-17
5313.860000 9.272493e-17 1.639383e-17
5316.860000 8.250686e-17 1.632666e-17
5319.860000 6.591631e-17 1.623916e-17
5322.860000 9.038561e-17 1.637508e-17
5325.860000 1.022050e-16 1.641960e-17
5328.860000 8.606273e-17 1.642684e-17
5331.860000 8.408380e-17 1.658525e-17
5334.860000 7.829327e-17 1.665761e-17
5337.860000 7.313005e-17 1.702267e-17
5340.860000 7.930180e-17 1.727123e-17
5343.860000 8.967187e-17 1.746594e-17
5346.860000 7.484433e-17 1.767317e-17
5349.860000 8.402967e-17 1.806126e-17
5352.860000 9.885350e-17 1.844708e-17
5355.860000 9.011277e-17 1.881004e-17
5358.860000 9.120804e-17 1.915424e-17
5361.860000 1.186225e-16 1.981772e-17
5364.860000 9.507809e-17 1.951753e-17
5367.860000 8.965460e-17 1.892729e-17
5370.860000 8.546474e-17 1.818814e-17
5373.860000 7.400225e-17 1.743217e-17
5376.860000 8.710333e-17 1.697001e-17
5379.860000 8.907157e-17 1.651716e-17
5382.860000 8.638169e-17 1.629644e-17
5385.860000 8.088014e-17 1.587207e-17
5388.860000 8.511328e-17 1.548282e-17
5391.860000 1.023837e-16 1.514119e-17
5394.860000 8.744208e-17 1.474292e-17
5397.860000 5.518823e-17 1.413907e-17
5400.860000 5.966040e-17 1.370369e-17
5403.860000 7.863627e-17 1.345184e-17
5406.860000 7.583696e-17 1.321404e-17
5409.860000 7.989371e-17 1.297286e-17
5412.860000 7.726355e-17 1.273267e-17
5415.860000 6.193298e-17 1.248625e-17
5418.860000 5.016624e-17 1.234679e-17
5421.860000 5.491717e-17 1.233140e-17
5424.860000 7.085823e-17 1.226464e-17
5427.860000 8.264570e-17 1.225646e-17
5430.860000 8.838481e-17 1.225754e-17
5433.860000 7.706106e-17 1.216079e-17
5436.860000 6.494554e-17 1.212416e-17
5439.860000 7.103908e-17 1.221575e-17
5442.860000 7.453166e-17 1.228020e-17
5445.860000 6.733162e-17 1.242793e-17
5448.860000 6.306398e-17 1.260992e-17
5451.860000 7.949052e-17 1.276335e-17
5454.860000 7.684589e-17 1.287907e-17
5457.860000 7.386295e-17 1.299886e-17
5460.860000 7.091667e-17 1.327325e-17
5463.860000 6.265613e-17 1.340140e-17
5466.860000 5.528804e-17 1.356766e-17
5469.860000 6.804743e-17 1.398253e-17
5472.860000 9.085710e-17 1.435134e-17
5475.860000 9.306996e-17 1.459841e-17
5478.860000 7.921965e-17 1.479096e-17
5481.860000 7.725541e-17 1.499506e-17
5484.860000 6.845858e-17 1.514759e-17
5487.860000 7.137244e-17 1.540642e-17
5490.860000 7.776494e-17 1.546103e-17
5493.860000 7.053510e-17 1.516103e-17
5496.860000 6.242472e-17 1.465839e-17
5499.860000 7.312384e-17 1.434740e-17
5502.860000 7.960842e-17 1.409665e-17
5505.860000 7.478101e-17 1.372241e-17
5508.860000 6.872135e-17 1.327158e-17
5511.860000 8.673142e-17 1.305639e-17
5514.860000 8.210722e-17 1.274676e-17
5517.860000 7.790039e-17 1.241695e-17
5520.860000 9.217799e-17 1.216360e-17
5523.860000 9.831961e-17 1.193313e-17
5526.860000 9.753341e-17 1.176968e-17
5529.860000 8.386302e-17 1.153845e-17
5532.860000 7.653363e-17 1.122935e-17
5535.860000 8.170064e-17 1.111266e-17
5538.860000 6.398248e-17 1.089168e-17
5541.860000 7.503010e-17 1.076908e-17
5544.860000 8.862377e-17 1.067685e-17
5547.860000 8.412342e-17 1.057834e-17
5550.860000 8.266490e-17 1.053746e-17
5553.860000 7.178555e-17 1.039445e-17
5556.860000 6.117095e-17 1.034180e-17
5559.860000 6.526528e-17 1.044795e-17
5562.860000 6.666753e-17 1.053873e-17
5565.860000 5.957044e-17 1.054935e-17
5568.860000 6.835025e-17 1.068186e-17
5571.860000 7.457914e-17 1.081724e-17
5574.860000 8.936117e-17 1.136453e-17
5577.860000 1.005766e-16 1.242757e-17
5580.860000 1.378232e-16 1.400291e-17
5583.860000 1.274367e-16 1.488471e-17
5586.860000 6.298004e-17 1.423470e-17
5589.860000 2.303370e-17 1.305102e-17
5592.860000 3.182181e-17 1.224274e-17
5595.860000 4.361059e-17 1.201357e-17
5598.860000 5.365240e-17 1.224544e-17
5601.860000 5.754665e-17 1.234727e-17
5604.860000 6.162059e-17 1.259927e-17
5607.860000 6.882527e-17 1.297408e-17
5610.860000 6.203563e-17 1.316314e-17
5613.860000 7.452027e-17 1.357890e-17
5616.860000 7.054145e-17 1.340744e-17
5619.860000 6.892822e-17 1.297492e-17
5622.860000 7.772576e-17 1.265572e-17
5625.860000 7.436815e-17 1.227676e-17
5628.860000 6.607239e-17 1.195284e-17
5631.860000 8.741334e-17 1.182039e-17
5634.860000 8.761907e-17 1.138254e-17
5637.860000 9.140399e-17 1.117816e-17
5640.860000 6.990835e-17 1.085302e-17
5643.860000 7.350651e-17 1.066734e-17
5646.860000 7.561135e-17 1.047004e-17
5649.860000 7.181389e-17 1.026830e-17
5652.860000 7.161835e-17 1.004025e-17
5655.860000 7.639893e-17 9.875586e-18
5658.860000 6.762294e-17 9.590970e-18
5661.860000 7.248838e-17 9.447338e-18
5664.860000 8.271900e-17 9.340712e-18
5667.860000 6.773484e-17 9.211247e-18
5670.860000 7.005173e-17 9.180133e-18
5673.860000 8.254083e-17 9.151331e-18
5676.860000 8.258365e-17 9.107042e-18
5679.860000 7.646112e-17 9.080084e-18
5682.860000 8.642149e-17 9.116062e-18
5685.860000 8.726599e-17 9.092636e-18
5688.860000 8.743811e-17 9.070184e-18
5691.860000 8.323914e-17 9.084307e-18
5694.860000 7.416602e-17 9.082213e-18
5697.860000 7.830559e-17 9.239152e-18
5700.860000 9.701606e-17 9.465185e-18
5703.860000 8.853514e-17 9.483175e-18
5706.860000 6.931468e-17 9.519223e-18
5709.860000 7.915616e-17 9.723118e-18
5712.860000 8.592102e-17 9.895256e-18
5715.860000 7.489606e-17 9.937105e-18
5718.860000 7.707510e-17 1.014392e-17
5721.860000 7.591418e-17 1.035966e-17
5724.860000 8.358171e-17 1.070432e-17
5727.860000 8.570144e-17 1.092876e-17
5730.860000 5.817000e-17 1.102721e-17
5733.860000 7.841907e-17 1.141466e-17
5736.860000 9.184812e-17 1.170219e-17
5739.860000 8.943198e-17 1.172586e-17
5742.860000 9.756607e-17 1.172859e-17
5745.860000 8.776254e-17 1.142214e-17
5748.860000 6.863961e-17 1.104571e-17
5751.860000 7.550216e-17 1.075086e-17
5754.860000 6.902360e-17 1.048731e-17
5757.860000 6.022962e-17 1.014206e-17
5760.860000 5.403001e-17 9.834626e-18
5763.860000 5.471511e-17 9.621778e-18
5766.860000 6.177114e-17 9.408991e-18
5769.860000 6.736113e-17 9.250475e-18
5772.860000 7.269921e-17 9.074280e-18
5775.860000 7.652153e-17 8.864633e-18
5778.860000 7.644274e-17 8.702511e-18
5781.860000 7.933342e-17 8.574458e-18
5784.860000 7.854414e-17 8.401945e-18
5787.860000 7.749539e-17 8.232749e-18
5790.860000 8.951212e-17 8.183156e-18
5793.860000 9.269623e-17 8.134722e-18
5796.860000 7.636958e-17 8.049677e-18
5799.860000 6.323698e-17 7.959456e-18
5802.860000 7.120125e-17 7.972938e-18
5805.860000 8.468739e-17 8.053671e-18
5808.860000 8.901573e-17 8.081702e-18
5811.860000 7.744730e-17 8.065840e-18
5814.860000 7.295568e-17 8.076442e-18
5817.860000 8.617308e-17 8.186884e-18
5820.860000 8.188775e-17 8.186008e-18
5823.860000 8.467974e-17 8.334818e-18
5826.860000 9.154645e-17 8.513340e-18
5829.860000 8.238720e-17 8.624961e-18
5832.860000 7.694379e-17 8.739800e-18
5835.860000 8.262059e-17 8.855945e-18
5838.860000 8.404512e-17 9.013594e-18
5841.860000 8.984283e-17 9.241171e-18
5844.860000 8.690495e-17 9.348152e-18
5847.860000 9.156019e-17 9.538887e-18
5850.860000 1.094327e-16 9.846012e-18
5853.860000 1.018875e-16 9.994252e-18
5856.860000 7.097582e-17 1.002676e-17
5859.860000 7.177582e-17 1.025303e-17
5862.860000 5.796664e-17 1.035032e-17
5865.860000 5.678314e-17 1.036375e-17
5868.860000 6.656550e-17 1.036195e-17
5871.860000 6.573490e-17 1.013174e-17
5874.860000 6.537253e-17 9.961244e-18
5877.860000 4.709294e-17 9.636552e-18
5880.860000 5.800856e-17 9.453606e-18
5883.860000 7.782202e-17 9.295891e-18
5886.860000 8.713115e-17 9.135248e-18
5889.860000 9.497878e-17 9.016239e-18
5892.860000 9.494530e-17 8.997365e-18
5895.860000 8.402034e-17 8.976833e-18
5898.860000 7.300452e-17 8.846189e-18
5901.860000 6.879791e-17 8.614811e-18
5904.860000 5.370199e-17 8.157181e-18
5907.860000 5.613680e-17 7.905865e-18
5910.860000 6.314491e-17 7.735815e-18
5913.860000 6.726492e-17 7.664059e-18
5916.860000 5.458812e-17 7.493685e-18
5919.860000 5.897252e-17 7.433016e-18
5922.860000 6.286276e-17 7.377238e-18
5925.860000 7.230472e-17 7.346307e-18
5928.860000 8.075632e-17 7.334197e-18
5931.860000 7.956365e-17 7.344400e-18
5934.860000 7.343792e-17 7.339486e-18
5937.860000 6.699450e-17 7.359015e-18
5940.860000 6.150888e-17 7.366326e-18
5943.860000 7.278241e-17 7.433195e-18
5946.860000 7.194721e-17 7.493269e-18
5949.860000 6.589182e-17 7.531248e-18
5952.860000 5.709111e-17 7.580248e-18
5955.860000 6.783485e-17 7.775615e-18
5958.860000 8.072235e-17 8.008942e-18
5961.860000 7.019799e-17 8.072668e-18
5964.860000 6.601693e-17 8.157724e-18
5967.860000 6.709949e-17 8.333889e-18
5970.860000 6.427152e-17 8.458571e-18
5973.860000 6.867640e-17 8.645763e-18
5976.860000 7.902541e-17 8.879841e-18
5979.860000 6.774579e-17 9.034367e-18
5982.860000 6.539542e-17 9.208308e-18
5985.860000 6.664793e-17 9.392069e-18
5988.860000 6.919895e-17 9.556136e-18
5991.860000 5.916952e-17 9.475977e-18
5994.860000 6.355133e-17 9.388330e-18
5997.860000 6.509879e-17 9.148267e-18
6000.860000 6.618941e-17 8.872131e-18
6003.860000 8.006918e-17 8.805263e-18
6006.860000 8.537296e-17 8.622499e-18
6009.860000 7.750916e-17 8.345363e-18
6012.860000 7.504751e-17 8.141109e-18
6015.860000 6.995399e-17 7.891506e-18
6018.860000 7.087758e-17 7.708502e-18
6021.860000 7.523685e-17 7.572666e-18
6024.860000 5.922375e-17 7.260550e-18
6027.860000 6.918339e-17 7.180860e-18
6030.860000 7.768736e-17 7.133529e-18
6033.860000 7.053983e-17 7.033064e-18
6036.860000 5.588216e-17 6.867849e-18
6039.860000 5.468583e-17 6.765573e-18
6042.860000 5.300364e-17 6.709565e-18
6045.860000 5.235672e-17 6.648967e-18
6048.860000 6.317579e-17 6.640002e-18
6051.860000 6.577562e-17 6.606174e-18
6054.860000 6.736723e-17 6.606697e-18
6057.860000 6.869089e-17 6.606684e-18
6060.860000 7.058909e-17 6.625177e-18
6063.860000 8.232336e-17 6.658779e-18
6066.860000 8.906597e-17 6.676304e-18
6069.860000 8.163485e-17 6.694141e-18
6072.860000 7.421774e-17 6.749242e-18
6075.860000 6.650451e-17 6.802332e-18
6078.860000 5.839419e-17 6.879449e-18
6081.860000 6.852535e-17 7.000585e-18
6084.860000 6.548738e-17 7.072012e-18
6087.860000 5.888774e-17 7.200207e-18
6090.860000 6.499554e-17 7.356590e-18
6093.860000 7.870953e-17 7.500100e-18
6096.860000 7.598666e-17 7.639504e-18
6099.860000 6.578104e-17 7.702987e-18
6102.860000 5.871831e-17 7.863239e-18
6105.860000 6.584457e-17 8.100785e-18
6108.860000 6.198116e-17 8.233116e-18
6111.860000 6.000105e-17 8.410979e-18
6114.860000 5.411367e-17 8.596786e-18
6117.860000 7.304192e-17 8.771957e-18
6120.860000 6.017885e-17 8.513696e-18
6123.860000 6.957423e-17 8.326894e-18
6126.860000 8.081746e-17 8.171250e-18
6129.860000 6.687285e-17 7.902494e-18
6132.860000 4.965378e-17 7.628501e-18
6135.860000 6.312882e-17 7.488617e-18
6138.860000 6.623393e-17 7.310916e-18
6141.860000 6.844911e-17 7.119955e-18
6144.860000 8.267632e-17 7.094606e-18
6147.860000 7.772250e-17 6.907746e-18
6150.860000 7.251615e-17 6.739321e-18
6153.860000 7.493617e-17 6.635813e-18
6156.860000 8.322815e-17 6.574919e-18
6159.860000 8.625601e-17 6.430876e-18
6162.860000 7.677860e-17 6.280643e-18
6165.860000 6.973908e-17 6.161070e-18
6168.860000 7.954204e-17 6.132236e-18
6171.860000 7.743438e-17 6.074315e-18
6174.860000 7.015146e-17 6.049159e-18
6177.860000 7.160489e-17 6.052933e-18
6180.860000 7.178914e-17 6.056057e-18
6183.860000 7.370975e-17 6.041868e-18
6186.860000 6.981448e-17 6.060587e-18
6189.860000 6.443594e-17 6.093692e-18
6192.860000 6.567798e-17 6.143396e-18
6195.860000 7.160820e-17 6.194795e-18
6198.860000 8.171289e-17 6.278743e-18
6201.860000 8.213144e-17 6.362458e-18
6204.860000 7.905292e-17 6.483253e-18
6207.860000 7.254665e-17 6.529049e-18
6210.860000 8.087291e-17 6.650811e-18
6213.860000 8.390707e-17 6.760288e-18
6216.860000 7.263263e-17 6.818553e-18
6219.860000 8.298250e-17 6.969226e-18
6222.860000 9.041460e-17 7.130024e-18
6225.860000 7.479943e-17 7.239588e-18
6228.860000 7.955201e-17 7.439078e-18
6231.860000 7.983198e-17 7.551636e-18
6234.860000 7.437243e-17 7.692668e-18
6237.860000 7.696568e-17 7.951212e-18
6240.860000 8.403010e-17 8.276898e-18
6243.860000 5.938080e-17 8.204102e-18
6246.860000 6.720898e-17 8.017929e-18
6249.860000 6.926233e-17 7.726894e-18
6252.860000 7.011632e-17 7.429491e-18
6255.860000 7.794141e-17 7.270867e-18
6258.860000 8.904132e-17 7.178618e-18
6261.860000 8.957078e-17 7.077034e-18
6264.860000 8.799389e-17 6.949585e-18
6267.860000 8.111363e-17 6.807700e-18
6270.860000 6.449303e-17 6.536917e-18
6273.860000 6.907857e-17 6.397883e-18
6276.860000 7.519546e-17 6.259323e-18
6279.860000 7.904510e-17 6.125443e-18
6282.860000 7.041238e-17 5.986165e-18
6285.860000 6.674624e-17 5.838400e-18
6288.860000 7.123895e-17 5.797035e-18
6291.860000 7.310922e-17 5.791109e-18
6294.860000 6.519896e-17 5.743178e-18
6297.860000 6.232114e-17 5.712915e-18
6300.860000 6.802195e-17 5.765750e-18
6303.860000 7.846807e-17 5.950854e-18
6306.860000 8.222637e-17 6.060968e-18
6309.860000 7.439233e-17 5.994275e-18
6312.860000 6.214013e-17 5.829755e-18
6315.860000 6.695268e-17 5.742965e-18
6318.860000 6.990651e-17 5.670078e-18
6321.860000 7.624747e-17 5.667312e-18
6324.860000 7.455224e-17 5.712135e-18
6327.860000 7.505332e-17 5.843645e-18
6330.860000 7.735196e-17 5.960886e-18
6333.860000 7.336148e-17 6.064878e-18
6336.860000 6.831183e-17 6.166125e-18
6339.860000 6.574446e-17 6.218945e-18
6342.860000 7.060696e-17 6.299015e-18
6345.860000 7.756707e-17 6.421455e-18
6348.860000 7.946360e-17 6.548083e-18
6351.860000 8.599283e-17 6.777906e-18
6354.860000 8.625112e-17 6.928659e-18
6357.860000 7.092673e-17 7.023930e-18
6360.860000 7.787871e-17 7.216463e-18
6363.860000 6.647789e-17 7.349750e-18
6366.860000 6.089304e-17 7.548435e-18
6369.860000 6.185221e-17 7.538624e-18
6372.860000 7.236191e-17 7.376227e-18
6375.860000 7.830791e-17 7.146054e-18
6378.860000 7.141077e-17 6.903793e-18
6381.860000 6.457663e-17 6.695874e-18
6384.860000 6.461811e-17 6.572478e-18
6387.860000 7.387498e-17 6.481863e-18
6390.860000 6.951281e-17 6.312587e-18
6393.860000 7.954923e-17 6.182531e-18
6396.860000 7.151441e-17 5.990303e-18
6399.860000 6.894578e-17 5.831916e-18
6402.860000 6.710160e-17 5.697337e-18
6405.860000 6.039806e-17 5.555663e-18
6408.860000 6.096714e-17 5.465164e-18
6411.860000 6.209488e-17 5.387382e-18
6414.860000 6.952227e-17 5.354621e-18
6417.860000 7.063121e-17 5.297522e-18
6420.860000 6.694539e-17 5.203525e-18
6423.860000 6.324628e-17 5.150115e-18
6426.860000 6.344578e-17 5.138185e-18
6429.860000 7.104923e-17 5.160911e-18
6432.860000 7.334452e-17 5.196614e-18
6435.860000 7.656070e-17 5.219299e-18
6438.860000 8.115090e-17 5.239875e-18
6441.860000 7.930779e-17 5.235973e-18
6444.860000 7.022736e-17 5.213250e-18
6447.860000 6.031264e-17 5.240688e-18
6450.860000 6.107513e-17 5.329995e-18
6453.860000 6.359767e-17 5.385667e-18
6456.860000 6.677802e-17 5.472158e-18
6459.860000 6.651209e-17 5.527281e-18
6462.860000 6.694746e-17 5.638531e-18
6465.860000 6.599606e-17 5.795564e-18
6468.860000 6.517920e-17 5.926854e-18
6471.860000 7.467347e-17 6.196260e-18
6474.860000 7.812120e-17 6.329639e-18
6477.860000 6.847887e-17 6.391923e-18
6480.860000 7.040146e-17 6.483852e-18
6483.860000 6.943146e-17 6.538628e-18
6486.860000 7.310628e-17 6.688121e-18
6489.860000 7.527395e-17 6.833713e-18
6492.860000 7.850873e-17 6.937684e-18
6495.860000 6.956000e-17 6.804657e-18
6498.860000 6.675085e-17 6.680533e-18
6501.860000 7.811046e-17 6.638745e-18
6504.860000 7.398943e-17 6.535946e-18
6507.860000 7.451051e-17 6.439347e-18
6510.860000 7.910589e-17 6.286864e-18
6513.860000 6.509705e-17 6.027728e-18
6516.860000 5.763044e-17 5.796507e-18
6519.860000 6.933650e-17 5.661285e-18
6522.860000 7.786679e-17 5.574477e-18
6525.860000 7.218131e-17 5.460997e-18
6528.860000 7.100482e-17 5.360165e-18
6531.860000 7.463021e-17 5.312830e-18
6534.860000 7.535112e-17 5.261941e-18
6537.860000 7.156920e-17 5.212462e-18
6540.860000 6.729757e-17 5.126858e-18
6543.860000 7.099860e-17 5.058149e-18
6546.860000 7.587631e-17 4.996907e-18
6549.860000 7.718957e-17 4.950224e-18
6552.860000 7.502293e-17 4.943535e-18
6555.860000 7.622317e-17 4.963600e-18
6558.860000 8.036282e-17 4.996393e-18
6561.860000 7.479029e-17 4.934195e-18
6564.860000 6.546639e-17 4.804273e-18
6567.860000 6.063744e-17 4.697716e-18
6570.860000 6.374190e-17 4.703803e-18
6573.860000 7.207249e-17 4.852777e-18
6576.860000 7.981610e-17 5.010662e-18
6579.860000 7.992391e-17 5.152476e-18
6582.860000 7.375070e-17 5.267528e-18
6585.860000 7.246945e-17 5.332657e-18
6588.860000 6.833637e-17 5.347745e-18
6591.860000 6.389385e-17 5.394623e-18
6594.860000 6.725242e-17 5.484647e-18
6597.860000 7.164705e-17 5.651883e-18
6600.860000 7.676198e-17 5.774546e-18
6603.860000 7.289158e-17 5.878306e-18
6606.860000 7.372806e-17 6.058437e-18
6609.860000 7.139539e-17 6.196342e-18
6612.860000 7.480943e-17 6.324037e-18
6615.860000 7.319573e-17 6.425439e-18
6618.860000 7.598803e-17 6.518156e-18
6621.860000 8.011529e-17 6.503885e-18
6624.860000 8.030529e-17 6.341176e-18
6627.860000 8.338333e-17 6.188923e-18
6630.860000 8.719076e-17 6.038691e-18
6633.860000 7.986773e-17 5.870610e-18
6636.860000 8.096314e-17 5.751727e-18
6639.860000 7.715252e-17 5.599896e-18
6642.860000 7.899414e-17 5.474831e-18
6645.860000 8.164146e-17 5.355959e-18
6648.860000 7.705203e-17 5.207208e-18
6651.860000 6.448755e-17 5.057106e-18
6654.860000 6.668532e-17 4.966403e-18
6657.860000 6.873120e-17 4.902659e-18
6660.860000 6.854700e-17 4.833059e-18
6663.860000 6.853516e-17 4.768129e-18
6666.860000 6.675872e-17 4.693951e-18
6669.860000 6.738176e-17 4.659140e-18
6672.860000 6.557290e-17 4.591997e-18
6675.860000 6.970654e-17 4.575532e-18
6678.860000 7.798775e-17 4.576114e-18
6681.860000 7.547078e-17 4.531145e-18
6684.860000 6.976317e-17 4.499424e-18
6687.860000 7.202765e-17 4.537653e-18
6690.860000 7.159458e-17 4.579389e-18
6693.860000 7.058288e-17 4.626504e-18
6696.860000 6.955606e-17 4.647347e-18
6699.860000 7.938404e-17 4.729502e-18
6702.860000 8.073250e-17 4.788356e-18
6705.860000 8.067228e-17 4.831017e-18
6708.860000 7.772868e-17 4.906468e-18
6711.860000 7.177170e-17 4.975096e-18
6714.860000 6.691992e-17 5.035949e-18
6717.860000 7.324203e-17 5.152703e-18
6720.860000 7.121952e-17 5.238561e-18
6723.860000 7.152371e-17 5.325494e-18
6726.860000 6.575501e-17 5.404224e-18
6729.860000 6.362378e-17 5.497622e-18
6732.860000 7.372064e-17 5.695127e-18
6735.860000 8.638924e-17 5.869238e-18
6738.860000 7.913667e-17 5.958999e-18
6741.860000 6.841083e-17 6.041090e-18
6744.860000 6.619180e-17 6.092721e-18
6747.860000 6.048104e-17 5.984663e-18
6750.860000 6.704434e-17 5.843874e-18
6753.860000 6.602272e-17 5.700916e-18
6756.860000 6.494010e-17 5.550841e-18
6759.860000 6.496229e-17 5.424234e-18
6762.860000 6.789737e-17 5.288489e-18
6765.860000 6.695554e-17 5.165809e-18
6768.860000 6.780650e-17 5.044282e-18
6771.860000 6.459042e-17 4.934548e-18
6774.860000 5.776734e-17 4.805282e-18
6777.860000 5.226391e-17 4.690007e-18
6780.860000 5.460482e-17 4.613728e-18
6783.860000 5.096299e-17 4.509575e-18
6786.860000 5.477627e-17 4.450032e-18
6789.860000 5.238895e-17 4.386273e-18
6792.860000 4.787705e-17 4.316680e-18
6795.860000 4.695209e-17 4.252302e-18
6798.860000 4.581164e-17 4.210252e-18
6801.860000 5.290809e-17 4.214402e-18
6804.860000 5.874003e-17 4.223644e-18
6807.860000 5.989005e-17 4.211961e-18
6810.860000 5.927956e-17 4.217891e-18
6813.860000 5.862506e-17 4.239820e-18
6816.860000 5.293656e-17 4.251263e-18
6819.860000 4.709589e-17 4.266550e-18
6822.860000 4.541324e-17 4.302981e-18
6825.860000 4.623682e-17 4.342523e-18
6828.860000 5.220789e-17 4.502315e-18
6831.860000 6.350194e-17 4.735645e-18
6834.860000 6.754916e-17 4.938730e-18
6837.860000 6.292935e-17 5.066428e-18
6840.860000 5.162406e-17 5.072406e-18
6843.860000 3.958703e-17 5.022066e-18
6846.860000 3.868514e-17 4.983016e-18
6849.860000 4.700027e-17 5.017856e-18
6852.860000 5.388030e-17 5.107394e-18
6855.860000 6.061153e-17 5.231846e-18
6858.860000 5.765303e-17 5.324934e-18
6861.860000 5.908313e-17 5.505313e-18
6864.860000 6.459160e-17 5.848193e-18
6867.860000 6.895936e-17 6.341212e-18
6870.860000 6.141069e-17 6.744768e-18
6873.860000 3.199629e-17 6.611889e-18
6876.860000 3.163903e-17 6.379833e-18
6879.860000 4.394582e-17 6.016511e-18
6882.860000 5.266323e-17 5.784565e-18
6885.860000 5.572944e-17 5.531099e-18
6888.860000 6.300320e-17 5.383589e-18
6891.860000 6.113871e-17 5.283860e-18
6894.860000 5.677097e-17 5.165697e-18
6897.860000 5.421460e-17 5.068124e-18
6900.860000 5.219486e-17 4.931547e-18
6903.860000 5.833939e-17 4.865227e-18
6906.860000 6.163246e-17 4.758503e-18
6909.860000 5.872327e-17 4.625795e-18
6912.860000 6.449081e-17 4.523924e-18
6915.860000 7.684877e-17 4.502161e-18
6918.860000 8.102766e-17 4.482746e-18
6921.860000 7.027149e-17 4.396873e-18
6924.860000 6.569940e-17 4.344151e-18
6927.860000 6.492403e-17 4.356354e-18
6930.860000 5.804704e-17 4.346872e-18
6933.860000 5.677057e-17 4.269697e-18
6936.860000 6.325261e-17 4.197167e-18
6939.860000 6.994575e-17 4.196876e-18
6942.860000 6.905289e-17 4.235274e-18
6945.860000 6.348007e-17 4.269902e-18
6948.860000 5.953877e-17 4.314837e-18
6951.860000 5.972824e-17 4.409389e-18
6954.860000 5.687883e-17 4.501224e-18
6957.860000 4.954880e-17 4.499696e-18
6960.860000 5.443747e-17 4.481841e-18
6963.860000 5.674412e-17 4.486628e-18
6966.860000 5.836880e-17 4.539999e-18
6969.860000 6.917744e-17 4.687905e-18
6972.860000 7.195076e-17 4.869346e-18
6975.860000 7.486202e-17 5.003914e-18
6978.860000 6.515608e-17 5.069613e-18
6981.860000 6.645759e-17 5.228082e-18
6984.860000 6.168123e-17 5.361914e-18
6987.860000 6.537136e-17 5.437298e-18
6990.860000 6.716679e-17 5.506693e-18
6993.860000 7.488103e-17 5.586715e-18
6996.860000 6.305026e-17 5.530226e-18
6999.860000 6.876286e-17 5.415001e-18
7002.860000 6.793244e-17 5.301355e-18
7005.860000 6.497394e-17 5.156444e-18
7008.860000 6.850049e-17 5.060177e-18
7011.860000 7.031669e-17 4.990602e-18
7014.860000 6.677031e-17 4.885423e-18
7017.860000 6.394787e-17 4.785044e-18
7020.860000 6.637741e-17 4.679044e-18
7023.860000 6.940792e-17 4.555680e-18
7026.860000 7.075880e-17 4.440077e-18
7029.860000 7.021854e-17 4.343162e-18
7032.860000 7.411420e-17 4.273080e-18
7035.860000 7.799112e-17 4.233185e-18
7038.860000 6.981412e-17 4.161729e-18
7041.860000 6.466203e-17 4.073513e-18
7044.860000 6.953579e-17 4.044506e-18
7047.860000 7.193223e-17 4.036554e-18
7050.860000 6.746447e-17 4.040481e-18
7053.860000 6.266939e-17 4.013441e-18
7056.860000 5.876453e-17 3.967801e-18
7059.860000 6.276205e-17 3.971587e-18
7062.860000 6.961190e-17 4.003049e-18
7065.860000 6.823251e-17 3.996926e-18
7068.860000 7.045095e-17 4.010505e-18
7071.860000 7.290980e-17 4.048590e-18
7074.860000 7.230510e-17 4.084780e-18
7077.860000 6.958483e-17 4.137692e-18
7080.860000 6.934311e-17 4.188379e-18
7083.860000 7.785173e-17 4.294823e-18
7086.860000 8.077072e-17 4.345383e-18
7089.860000 7.154161e-17 4.372864e-18
7092.860000 6.425182e-17 4.444652e-18
7095.860000 5.971830e-17 4.505642e-18
7098.860000 6.173182e-17 4.617564e-18
7101.860000 6.440882e-17 4.722634e-18
7104.860000 6.665054e-17 4.777662e-18
7107.860000 6.483007e-17 4.877087e-18
7110.860000 6.090373e-17 4.971525e-18
7113.860000 6.514870e-17 5.082137e-18
7116.860000 5.594425e-17 5.177724e-18
7119.860000 5.693412e-17 5.283066e-18
7122.860000 6.354402e-17 5.328884e-18
7125.860000 5.854008e-17 5.176767e-18
7128.860000 5.762876e-17 5.065364e-18
7131.860000 6.297768e-17 4.975786e-18
7134.860000 5.974717e-17 4.864075e-18
7137.860000 6.622531e-17 4.774369e-18
7140.860000 6.693924e-17 4.693176e-18
7143.860000 6.623440e-17 4.601241e-18
7146.860000 6.564823e-17 4.493670e-18
7149.860000 6.235319e-17 4.389653e-18
7152.860000 6.258002e-17 4.290510e-18
7155.860000 5.999878e-17 4.213256e-18
7158.860000 6.280062e-17 4.144708e-18
7161.860000 6.419495e-17 4.074313e-18
7164.860000 6.238289e-17 4.010337e-18
7167.860000 6.181179e-17 3.929446e-18
7170.860000 6.056161e-17 3.855997e-18
7173.860000 5.792720e-17 3.806939e-18
7176.860000 5.702017e-17 3.769955e-18
7179.860000 6.163645e-17 3.752799e-18
7182.860000 6.525287e-17 3.750568e-18
7185.860000 6.319633e-17 3.736573e-18
7188.860000 6.121200e-17 3.710648e-18
7191.860000 5.721225e-17 3.664262e-18
7194.860000 5.287294e-17 3.654924e-18
7197.860000 5.827916e-17 3.716047e-18
7200.860000 6.263684e-17 3.768223e-18
7203.860000 6.326893e-17 3.815572e-18
7206.860000 5.921974e-17 3.855159e-18
7209.860000 6.123793e-17 3.929112e-18
7212.860000 6.232954e-17 4.006655e-18
7215.860000 6.443358e-17 4.120825e-18
7218.860000 6.390486e-17 4.242710e-18
7221.860000 6.603979e-17 4.360540e-18
7224.860000 6.511094e-17 4.467313e-18
7227.860000 6.211205e-17 4.552305e-18
7230.860000 5.460792e-17 4.640757e-18
7233.860000 5.694650e-17 4.731483e-18
7236.860000 5.436409e-17 4.870244e-18
7239.860000 5.906920e-17 5.096784e-18
7242.860000 8.031234e-17 5.615138e-18
7245.860000 8.843863e-17 6.200235e-18
7248.860000 8.011117e-17 6.423780e-18
7251.860000 5.807553e-17 6.147161e-18
7254.860000 4.643239e-17 5.665261e-18
7257.860000 4.950364e-17 5.219216e-18
7260.860000 5.451959e-17 4.931170e-18
7263.860000 6.079803e-17 4.723760e-18
7266.860000 6.515024e-17 4.555776e-18
7269.860000 6.138227e-17 4.422549e-18
7272.860000 6.594514e-17 4.369154e-18
7275.860000 7.857836e-17 4.467921e-18
7278.860000 8.152769e-17 4.707172e-18
7281.860000 7.110248e-17 4.943443e-18
7284.860000 5.590547e-17 4.922954e-18
7287.860000 4.866908e-17 4.650158e-18
7290.860000 4.817505e-17 4.368162e-18
7293.860000 5.081903e-17 4.161451e-18
7296.860000 5.785852e-17 3.981904e-18
7299.860000 6.195551e-17 3.874912e-18
7302.860000 5.950673e-17 3.840087e-18
7305.860000 5.710637e-17 3.844485e-18
7308.860000 5.843346e-17 3.888755e-18
7311.860000 6.155360e-17 3.939960e-18
7314.860000 7.113253e-17 3.992668e-18
7317.860000 8.091597e-17 4.152761e-18
7320.860000 8.270205e-17 4.401471e-18
7323.860000 6.756799e-17 4.466126e-18
7326.860000 5.344204e-17 4.298725e-18
7329.860000 6.122579e-17 4.182407e-18
7332.860000 6.940160e-17 4.238106e-18
7335.860000 6.532470e-17 4.335047e-18
7338.860000 6.074630e-17 4.425972e-18
7341.860000 7.091641e-17 4.669228e-18
7344.860000 7.717845e-17 5.047081e-18
7347.860000 7.194686e-17 5.232098e-18
7350.860000 5.423362e-17 5.060253e-18
7353.860000 4.935066e-17 4.787662e-18
7356.860000 5.492143e-17 4.709966e-18
7359.860000 6.022789e-17 4.851704e-18
7362.860000 6.898929e-17 5.080885e-18
7365.860000 6.464975e-17 5.276727e-18
7368.860000 6.026333e-17 5.424557e-18
7371.860000 7.389771e-17 5.700557e-18
7374.860000 7.752556e-17 5.950438e-18
7377.860000 5.919647e-17 5.756206e-18
7380.860000 4.591453e-17 5.281699e-18
7383.860000 5.056002e-17 4.892351e-18
7386.860000 5.767333e-17 4.658815e-18
7389.860000 6.270437e-17 4.518612e-18
7392.860000 6.731798e-17 4.467216e-18
7395.860000 7.650584e-17 4.525847e-18
7398.860000 7.139920e-17 4.509282e-18
7401.860000 6.824812e-17 4.427099e-18
7404.860000 7.266730e-17 4.431628e-18
7407.860000 6.827743e-17 4.449405e-18
7410.860000 5.810671e-17 4.304069e-18
7413.860000 5.452494e-17 4.056204e-18
7416.860000 6.033419e-17 3.858501e-18
7419.860000 6.654206e-17 3.788634e-18
7422.860000 6.381117e-17 3.742345e-18
7425.860000 6.176256e-17 3.683645e-18
7428.860000 6.490416e-17 3.679986e-18
7431.860000 6.463857e-17 3.695763e-18
7434.860000 6.069162e-17 3.726084e-18
7437.860000 5.714766e-17 3.752676e-18
7440.860000 5.444682e-17 3.781337e-18
7443.860000 5.120161e-17 3.818962e-18
7446.860000 4.704880e-17 3.801988e-18
7449.860000 4.987109e-17 3.755261e-18
7452.860000 5.681972e-17 3.773442e-18
7455.860000 5.521407e-17 3.809414e-18
7458.860000 5.053313e-17 3.833432e-18
7461.860000 5.480174e-17 3.916693e-18
7464.860000 5.927178e-17 4.014313e-18
7467.860000 5.783583e-17 4.139973e-18
7470.860000 6.099342e-17 4.283914e-18
7473.860000 6.172277e-17 4.416646e-18
7476.860000 5.841902e-17 4.569803e-18
7479.860000 5.621518e-17 4.735210e-18
7482.860000 5.733377e-17 4.841805e-18
7485.860000 6.422847e-17 5.029149e-18
7488.860000 6.641231e-17 5.161110e-18
7491.860000 6.307133e-17 5.211667e-18
7494.860000 5.952173e-17 5.219327e-18
7497.860000 6.196980e-17 5.184121e-18
7500.860000 6.080944e-17 5.112101e-18
7503.860000 5.547432e-17 4.931289e-18
7506.860000 5.078496e-17 4.730601e-18
7509.860000 5.205385e-17 4.611131e-18
7512.860000 5.246866e-17 4.516061e-18
7515.860000 5.211639e-17 4.389402e-18
7518.860000 5.194410e-17 4.275525e-18
7521.860000 5.406470e-17 4.267726e-18
7524.860000 6.441823e-17 4.386255e-18
7527.860000 7.679942e-17 4.582219e-18
7530.860000 7.116984e-17 4.682977e-18
7533.860000 5.656541e-17 4.516511e-18
7536.860000 5.132903e-17 4.232407e-18
7539.860000 4.561625e-17 3.986902e-18
7542.860000 4.660648e-17 3.817412e-18
7545.860000 5.061345e-17 3.735884e-18
7548.860000 4.718958e-17 3.661974e-18
7551.860000 4.692269e-17 3.597869e-18
7554.860000 5.361300e-17 3.586714e-18
7557.860000 5.629467e-17 3.616505e-18
7560.860000 5.743805e-17 3.654844e-18
7563.860000 5.673931e-17 3.664180e-18
7566.860000 5.219464e-17 3.650702e-18
7569.860000 5.112451e-17 3.674211e-18
7572.860000 5.278344e-17 3.806146e-18
7575.860000 5.523083e-17 4.022119e-18
7578.860000 5.188092e-17 4.106863e-18
7581.860000 4.185855e-17 4.007366e-18
7584.860000 4.325090e-17 3.907824e-18
7587.860000 4.680945e-17 3.957331e-18
7590.860000 4.822818e-17 4.112399e-18
7593.860000 5.274285e-17 4.350572e-18
7596.860000 4.714370e-17 4.677495e-18
7599.860000 4.198544e-17 5.302225e-18
7602.860000 4.593178e-17 6.348519e-18
7605.860000 4.095967e-17 7.663793e-18
7608.860000 4.193230e-17 8.448482e-18
7611.860000 4.155354e-17 8.633437e-18
7614.860000 5.004212e-17 8.157547e-18
7617.860000 6.403314e-17 7.438456e-18
7620.860000 6.200439e-17 6.873989e-18
7623.860000 6.437240e-17 6.710864e-18
7626.860000 6.083480e-17 6.504778e-18
7629.860000 5.227003e-17 6.575198e-18
7632.860000 5.478408e-17 6.715239e-18
7635.860000 4.226192e-17 6.754346e-18
7638.860000 3.460861e-17 6.387294e-18
7641.860000 4.700493e-17 6.050461e-18
7644.860000 4.994441e-17 5.675847e-18
7647.860000 6.354287e-17 5.393269e-18
7650.860000 5.299887e-17 5.081425e-18
7653.860000 4.772565e-17 4.808482e-18
7656.860000 5.056959e-17 4.595904e-18
7659.860000 5.212225e-17 4.440228e-18
7662.860000 5.954656e-17 4.312375e-18
7665.860000 5.909540e-17 4.202752e-18
7668.860000 5.524264e-17 4.083841e-18
7671.860000 5.290920e-17 3.957517e-18
7674.860000 4.879875e-17 3.831549e-18
7677.860000 5.073036e-17 3.737295e-18
7680.860000 5.394522e-17 3.691106e-18
7683.860000 5.140447e-17 3.638821e-18
7686.860000 5.382099e-17 3.618753e-18
7689.860000 5.423933e-17 3.631994e-18
7692.860000 5.425111e-17 3.661768e-18
7695.860000 5.883797e-17 3.700900e-18
7698.860000 5.991930e-17 3.717718e-18
7701.860000 5.781527e-17 3.737164e-18
7704.860000 5.745388e-17 3.780813e-18
7707.860000 5.917647e-17 3.835818e-18
7710.860000 6.105182e-17 3.982953e-18
7713.860000 7.469256e-17 4.354660e-18
7716.860000 7.754695e-17 4.969046e-18
7719.860000 7.408635e-17 5.473137e-18
7722.860000 5.151357e-17 5.579689e-18
7725.860000 3.752249e-17 5.322485e-18
7728.860000 3.895033e-17 4.996151e-18
7731.860000 4.223225e-17 4.847217e-18
7734.860000 4.550744e-17 4.788156e-18
7737.860000 4.205449e-17 4.745521e-18
7740.860000 5.150504e-17 4.848227e-18
7743.860000 5.107520e-17 4.935955e-18
7746.860000 5.597789e-17 5.054498e-18
7749.860000 6.628620e-17 5.358133e-18
7752.860000 7.961360e-17 5.868087e-18
7755.860000 8.758853e-17 6.383375e-18
7758.860000 5.905378e-17 6.264777e-18
7761.860000 4.141912e-17 5.675036e-18
7764.860000 4.494111e-17 5.258743e-18
7767.860000 4.537089e-17 5.008393e-18
7770.860000 3.892605e-17 4.620573e-18
7773.860000 3.948712e-17 4.320868e-18
7776.860000 5.481324e-17 4.270037e-18
7779.860000 5.975418e-17 4.281299e-18
7782.860000 5.408071e-17 4.245503e-18
7785.860000 4.917345e-17 4.184146e-18
7788.860000 4.651694e-17 4.107510e-18
7791.860000 5.400677e-17 4.039105e-18
7794.860000 7.263730e-17 4.178690e-18
7797.860000 8.343982e-17 4.508843e-18
7800.860000 6.542693e-17 4.631331e-18
7803.860000 3.954705e-17 4.351207e-18
7806.860000 3.278189e-17 3.952352e-18
7809.860000 4.629380e-17 3.824484e-18
7812.860000 6.075323e-17 3.943753e-18
7815.860000 6.627376e-17 4.043302e-18
7818.860000 6.592744e-17 4.026364e-18
7821.860000 6.825928e-17 4.159770e-18
7824.860000 8.005837e-17 4.579380e-18
7827.860000 7.378204e-17 4.847429e-18
7830.860000 4.745413e-17 4.622396e-18
7833.860000 3.147118e-17 4.192598e-18
7836.860000 3.520875e-17 3.973080e-18
7839.860000 4.450263e-17 3.987531e-18
7842.860000 5.136363e-17 4.161750e-18
7845.860000 6.101312e-17 4.445965e-18
7848.860000 5.835665e-17 4.578721e-18
7851.860000 5.567605e-17 4.705820e-18
7854.860000 7.561010e-17 5.194580e-18
7857.860000 8.028846e-17 5.877101e-18
7860.860000 5.590874e-17 6.166297e-18
7863.860000 3.334340e-17 5.984463e-18
7866.860000 3.855848e-17 5.791181e-18
7869.860000 4.783653e-17 5.681008e-18
7872.860000 5.629947e-17 5.788915e-18
7875.860000 6.032905e-17 5.994738e-18
7878.860000 5.159506e-17 5.810053e-18
7881.860000 4.525829e-17 5.487293e-18
7884.860000 5.426125e-17 5.316677e-18
7887.860000 5.693037e-17 5.219907e-18
7890.860000 5.787728e-17 5.100359e-18
7893.860000 6.411922e-17 5.105428e-18
7896.860000 5.665591e-17 5.055954e-18
7899.860000 4.219898e-17 4.751830e-18
7902.860000 3.705076e-17 4.304471e-18
7905.860000 4.095463e-17 4.058187e-18
7908.860000 4.841318e-17 3.966358e-18
7911.860000 6.543543e-17 4.089127e-18
7914.860000 7.701466e-17 4.453636e-18
7917.860000 8.179467e-17 5.053546e-18
7920.860000 6.854862e-17 5.363933e-18
7923.860000 3.937582e-17 5.120435e-18
7926.860000 3.408853e-17 4.703357e-18
7929.860000 3.182316e-17 4.327796e-18
7932.860000 3.879815e-17 4.091201e-18
7935.860000 4.634254e-17 4.025745e-18
7938.860000 4.528805e-17 3.988225e-18
7941.860000 4.160994e-17 3.841363e-18
7944.860000 4.158712e-17 3.688522e-18
7947.860000 4.607289e-17 3.666823e-18
7950.860000 5.106023e-17 3.806744e-18
7953.860000 5.506826e-17 4.012972e-18
7956.860000 5.018778e-17 4.053772e-18
7959.860000 4.409444e-17 3.968146e-18
7962.860000 5.189525e-17 4.044677e-18
7965.860000 6.454069e-17 4.448388e-18
7968.860000 6.663495e-17 5.052982e-18
7971.860000 5.534058e-17 5.307662e-18
7974.860000 3.851078e-17 5.023424e-18
7977.860000 4.070753e-17 4.681503e-18
7980.860000 5.823913e-17 4.762696e-18
7983.860000 6.513849e-17 5.018793e-18
7986.860000 6.063347e-17 5.216004e-18
7989.860000 5.070608e-17 5.129020e-18
7992.860000 5.553342e-17 5.236520e-18
7995.860000 6.972501e-17 5.872872e-18
7998.860000 8.767824e-17 6.683998e-18
8001.860000 4.954765e-17 6.555749e-18
8004.860000 3.256712e-17 5.673305e-18
8007.860000 2.066203e-17 4.943606e-18
8010.860000 4.505927e-17 4.715701e-18
8013.860000 4.902340e-17 4.625696e-18
8016.860000 4.442725e-17 4.577913e-18
8019.860000 5.159527e-17 4.673705e-18
8022.860000 5.818237e-17 4.690131e-18
8025.860000 5.587095e-17 4.596478e-18
8028.860000 6.876167e-17 4.794328e-18
8031.860000 6.064639e-17 4.970002e-18
8034.860000 4.429313e-17 4.811408e-18
8037.860000 3.002413e-17 4.345970e-18
8040.860000 2.854741e-17 3.926225e-18
8043.860000 3.035788e-17 3.708006e-18
8046.860000 3.934712e-17 3.645964e-18
8049.860000 5.164175e-17 3.670780e-18
8052.860000 5.749717e-17 3.707700e-18
8055.860000 6.119970e-17 3.793177e-18
8058.860000 6.191646e-17 3.859391e-18
8061.860000 5.891253e-17 3.849955e-18
8064.860000 5.703518e-17 3.884990e-18
8067.860000 5.777281e-17 4.009416e-18
8070.860000 4.740914e-17 3.979686e-18
8073.860000 3.914448e-17 3.799536e-18
8076.860000 4.193754e-17 3.673096e-18
8079.860000 4.614003e-17 3.675708e-18
8082.860000 4.792828e-17 3.724029e-18
8085.860000 4.491692e-17 3.771673e-18
8088.860000 4.774899e-17 3.833568e-18
8091.860000 4.357978e-17 3.873450e-18
8094.860000 4.411801e-17 3.997863e-18
8097.860000 5.329081e-17 4.160473e-18
8100.860000 5.375776e-17 4.240248e-18
8103.860000 5.289052e-17 4.370934e-18
8106.860000 5.709834e-17 4.538442e-18
8109.860000 6.214794e-17 4.702469e-18
8112.860000 5.475061e-17 4.702899e-18
8115.860000 4.844278e-17 4.712432e-18
8118.860000 5.249392e-17 4.735331e-18
8121.860000 5.670970e-17 4.849740e-18
8124.860000 5.381513e-17 4.934949e-18
8127.860000 4.878585e-17 4.846816e-18
8130.860000 4.585553e-17 4.758860e-18
8133.860000 4.920790e-17 4.672718e-18
8136.860000 4.790705e-17 4.541401e-18
8139.860000 5.231435e-17 4.471636e-18
8142.860000 5.675287e-17 4.413488e-18
8145.860000 5.572257e-17 4.352758e-18
8148.860000 4.739069e-17 4.226791e-18
8151.860000 3.842953e-17 4.111500e-18
8154.860000 4.217447e-17 4.038056e-18
8157.860000 4.223177e-17 3.927218e-18
8160.860000 5.198797e-17 3.822580e-18
8163.860000 5.312937e-17 3.766794e-18
8166.860000 4.861522e-17 3.637409e-18
8169.860000 5.130627e-17 3.607591e-18
8172.860000 5.351484e-17 3.588332e-18
8175.860000 5.358602e-17 3.568894e-18
8178.860000 5.518610e-17 3.553450e-18
8181.860000 5.492320e-17 3.505090e-18
8184.860000 5.690258e-17 3.484165e-18
8187.860000 5.662740e-17 3.479138e-18
8190.860000 5.519812e-17 3.477731e-18
8193.860000 4.823354e-17 3.468161e-18
8196.860000 4.348845e-17 3.502095e-18
8199.860000 4.612420e-17 3.536138e-18
8202.860000 4.657763e-17 3.551210e-18
8205.860000 4.722964e-17 3.586909e-18
8208.860000 4.723028e-17 3.636246e-18
8211.860000 5.021651e-17 3.732357e-18
8214.860000 5.173975e-17 3.822974e-18
8217.860000 5.051520e-17 3.879496e-18
8220.860000 4.940040e-17 3.953158e-18
8223.860000 5.874466e-17 4.039076e-18
8226.860000 5.802183e-17 4.073244e-18
8229.860000 5.137826e-17 4.109858e-18
8232.860000 4.757877e-17 4.135110e-18
8235.860000 4.973158e-17 4.214424e-18
8238.860000 4.807099e-17 4.286192e-18
8241.860000 4.886858e-17 4.503723e-18
8244.860000 5.269726e-17 4.671237e-18
8247.860000 5.440667e-17 4.796015e-18
8250.860000 5.286441e-17 4.924523e-18
8253.860000 5.657631e-17 4.934921e-18
8256.860000 4.429390e-17 4.775425e-18
8259.860000 4.572865e-17 4.636752e-18
8262.860000 4.830141e-17 4.514346e-18
8265.860000 4.714553e-17 4.405996e-18
8268.860000 4.685636e-17 4.302946e-18
8271.860000 5.450552e-17 4.266854e-18
8274.860000 5.579767e-17 4.222015e-18
8277.860000 5.568772e-17 4.145917e-18
8280.860000 6.550594e-17 4.304439e-18
8283.860000 7.186086e-17 4.635120e-18
8286.860000 7.542428e-17 4.969719e-18
8289.860000 6.912468e-17 5.098913e-18
8292.860000 5.646997e-17 5.103444e-18
8295.860000 4.646301e-17 5.022254e-18
8298.860000 3.985206e-17 4.876240e-18
8301.860000 5.312215e-17 4.929532e-18
8304.860000 5.342103e-17 5.060960e-18
8307.860000 3.112686e-17 4.753287e-18
8310.860000 2.812562e-17 4.241239e-18
8313.860000 3.859356e-17 4.020735e-18
8316.860000 4.677421e-17 4.026552e-18
8319.860000 4.583225e-17 3.941692e-18
8322.860000 4.709346e-17 3.778857e-18
8325.860000 4.775459e-17 3.674832e-18
8328.860000 4.893061e-17 3.664252e-18
8331.860000 4.302436e-17 3.638210e-18
8334.860000 3.648404e-17 3.651460e-18
8337.860000 4.333837e-17 3.775122e-18
8340.860000 5.907403e-17 4.054604e-18
8343.860000 7.668129e-17 4.787758e-18
8346.860000 7.680263e-17 6.088037e-18
8349.860000 9.859131e-17 7.234332e-18
8352.860000 6.048344e-17 7.178487e-18
8355.860000 2.961265e-17 6.431143e-18
8358.860000 1.885804e-17 5.946165e-18
8361.860000 1.971148e-17 5.549782e-18
8364.860000 2.326463e-17 5.186701e-18
8367.860000 4.750278e-17 5.208571e-18
8370.860000 5.452251e-17 5.403823e-18
8373.860000 4.464359e-17 5.370504e-18
8376.860000 4.516161e-17 5.190793e-18
8379.860000 4.710470e-17 5.035354e-18
8382.860000 5.372161e-17 5.108340e-18
8385.860000 6.710242e-17 5.434460e-18
8388.860000 6.624962e-17 5.574841e-18
8391.860000 5.797706e-17 5.289792e-18
8394.860000 4.673397e-17 4.824363e-18
8397.860000 5.063427e-17 4.668992e-18
8400.860000 6.855748e-17 5.245223e-18
8403.860000 8.329650e-17 6.161785e-18
8406.860000 8.432804e-17 6.420184e-18
8409.860000 3.910771e-17 5.562659e-18
8412.860000 3.265033e-17 4.526697e-18
8415.860000 4.170775e-17 4.190546e-18
8418.860000 6.056134e-17 4.399692e-18
8421.860000 5.641459e-17 4.576023e-18
8424.860000 4.683731e-17 4.437822e-18
8427.860000 5.449630e-17 4.253445e-18
8430.860000 6.996943e-17 4.622009e-18
8433.860000 8.678750e-17 5.430328e-18
8436.860000 8.096138e-17 5.845504e-18
8439.860000 4.862274e-17 5.344694e-18
8442.860000 3.886239e-17 4.394791e-18
8445.860000 3.284123e-17 3.801419e-18
8448.860000 3.966965e-17 3.669561e-18
8451.860000 5.238568e-17 3.811254e-18
8454.860000 6.242458e-17 4.173981e-18
8457.860000 6.471966e-17 4.497789e-18
8460.860000 5.322938e-17 4.480436e-18
8463.860000 4.402537e-17 4.407506e-18
8466.860000 5.946939e-17 4.864170e-18
8469.860000 7.386703e-17 5.616501e-18
8472.860000 5.529783e-17 5.762545e-18
8475.860000 4.269458e-17 5.177201e-18
8478.860000 3.641721e-17 4.594078e-18
8481.860000 4.381647e-17 4.400958e-18
8484.860000 4.635870e-17 4.373461e-18
8487.860000 3.899163e-17 4.325067e-18
8490.860000 4.283845e-17 4.449566e-18
8493.860000 5.540711e-17 4.763445e-18
8496.860000 5.816980e-17 5.204946e-18
8499.860000 6.718548e-17 5.620738e-18
8502.860000 5.006823e-17 5.582899e-18
8505.860000 4.368164e-17 5.460534e-18
8508.860000 5.846839e-17 5.737109e-18
8511.860000 5.592643e-17 5.843683e-18
8514.860000 4.065764e-17 5.383201e-18
8517.860000 4.018789e-17 4.703782e-18
8520.860000 3.912467e-17 4.336687e-18
8523.860000 4.353394e-17 4.194594e-18
8526.860000 4.711859e-17 4.097977e-18
8529.860000 5.075602e-17 4.026977e-18
8532.860000 4.379385e-17 3.862157e-18
8535.860000 4.581493e-17 3.846358e-18
8538.860000 5.033530e-17 3.817037e-18
8541.860000 5.261890e-17 3.843596e-18
8544.860000 5.024128e-17 3.867527e-18
8547.860000 4.744801e-17 3.804890e-18
8550.860000 4.975242e-17 3.801941e-18
8553.860000 5.482958e-17 3.916427e-18
8556.860000 4.833135e-17 3.904469e-18
8559.860000 4.159945e-17 3.736550e-18
8562.860000 4.204019e-17 3.574564e-18
8565.860000 4.605074e-17 3.524274e-18
8568.860000 5.312332e-17 3.537991e-18
8571.860000 5.236706e-17 3.513708e-18
8574.860000 4.803976e-17 3.544572e-18
8577.860000 4.667155e-17 3.591517e-18
8580.860000 4.611169e-17 3.623551e-18
8583.860000 4.859199e-17 3.671600e-18
8586.860000 5.076845e-17 3.763064e-18
8589.860000 5.169778e-17 3.851173e-18
8592.860000 5.385142e-17 3.960490e-18
8595.860000 4.613995e-17 3.990462e-18
8598.860000 4.381889e-17 4.032236e-18
8601.860000 4.935993e-17 4.176443e-18
8604.860000 5.072178e-17 4.276397e-18
8607.860000 5.149775e-17 4.320797e-18
8610.860000 5.454138e-17 4.377357e-18
8613.860000 5.336773e-17 4.448870e-18
8616.860000 5.239790e-17 4.652801e-18
8619.860000 5.760028e-17 4.897877e-18
8622.860000 6.289362e-17 5.263800e-18
8625.860000 7.520205e-17 5.707968e-18
8628.860000 7.647655e-17 6.029761e-18
8631.860000 6.373759e-17 6.073542e-18
8634.860000 5.383407e-17 6.007462e-18
8637.860000 4.731673e-17 5.899605e-18
8640.860000 4.476419e-17 5.648393e-18
8643.860000 4.991188e-17 5.360050e-18
8646.860000 4.238526e-17 4.962621e-18
8649.860000 3.819285e-17 4.688349e-18
8652.860000 5.037373e-17 4.665186e-18
8655.860000 6.258169e-17 4.856535e-18
8658.860000 6.916734e-17 5.011122e-18
8661.860000 6.082459e-17 4.973450e-18
8664.860000 5.890715e-17 4.886500e-18
8667.860000 5.797418e-17 4.771752e-18
8670.860000 5.147513e-17 4.641411e-18
8673.860000 4.540233e-17 4.482200e-18
8676.860000 4.397588e-17 4.338269e-18
8679.860000 4.322902e-17 4.191182e-18
8682.860000 4.368337e-17 4.024572e-18
8685.860000 4.684496e-17 3.904599e-18
8688.860000 4.920465e-17 3.815385e-18
8691.860000 4.591905e-17 3.727974e-18
8694.860000 4.165759e-17 3.672650e-18
8697.860000 4.680812e-17 3.662090e-18
8700.860000 5.436159e-17 3.702748e-18
8703.860000 5.744389e-17 3.738733e-18
8706.860000 5.608295e-17 3.746915e-18
8709.860000 5.225217e-17 3.758502e-18
8712.860000 4.976601e-17 3.778625e-18
8715.860000 5.224155e-17 3.863703e-18
8718.860000 5.179916e-17 3.882235e-18
8721.860000 5.596309e-17 3.930427e-18
8724.860000 5.875508e-17 3.994190e-18
8727.860000 5.062270e-17 4.021515e-18
8730.860000 4.617682e-17 4.100733e-18
8733.860000 4.558445e-17 4.215842e-18
8736.860000 4.418580e-17 4.290210e-18
8739.860000 5.563570e-17 4.470461e-18
8742.860000 5.758074e-17 4.584353e-18
8745.860000 5.770628e-17 4.747053e-18
8748.860000 5.862548e-17 4.836796e-18
8751.860000 5.468629e-17 4.872267e-18
8754.860000 5.326984e-17 4.889366e-18
8757.860000 6.264591e-17 5.010245e-18
8760.860000 6.443149e-17 5.325138e-18
8763.860000 7.428882e-17 6.089836e-18
8766.860000 6.727898e-17 6.792156e-18
8769.860000 7.395124e-17 7.158493e-18
8772.860000 7.421584e-17 7.218069e-18
8775.860000 5.273032e-17 6.868718e-18
8778.860000 4.070897e-17 6.286765e-18
8781.860000 6.333010e-17 6.359090e-18
8784.860000 6.225383e-17 6.495507e-18
8787.860000 2.946863e-17 5.831169e-18
8790.860000 3.067649e-17 4.777304e-18
8793.860000 4.020991e-17 4.405835e-18
8796.860000 5.684273e-17 4.484141e-18
8799.860000 5.250336e-17 4.384903e-18
8802.860000 4.036407e-17 4.029840e-18
8805.860000 4.434162e-17 3.739940e-18
8808.860000 4.584974e-17 3.612308e-18
8811.860000 4.573136e-17 3.568435e-18
8814.860000 4.442202e-17 3.566231e-18
8817.860000 4.897247e-17 3.628045e-18
8820.860000 5.464278e-17 3.724950e-18
8823.860000 6.533559e-17 4.014489e-18
8826.860000 8.362498e-17 4.964942e-18
8829.860000 7.995359e-17 6.594850e-18
8832.860000 9.220433e-17 7.696996e-18
8835.860000 4.991499e-17 7.439530e-18
8838.860000 1.227282e-17 6.456227e-18
8841.860000 2.226252e-17 6.017826e-18
8844.860000 2.464364e-17 5.602314e-18
8847.860000 3.048739e-17 4.918390e-18
8850.860000 4.299197e-17 4.669807e-18
8853.860000 5.646314e-17 4.888362e-18
8856.860000 5.650163e-17 4.965757e-18
8859.860000 4.315709e-17 4.771345e-18
8862.860000 4.227798e-17 4.621737e-18
8865.860000 5.436723e-17 4.799836e-18
8868.860000 6.327020e-17 5.313618e-18
8871.860000 7.733946e-17 6.136554e-18
8874.860000 7.030460e-17 6.479370e-18
8877.860000 3.335102e-17 6.005189e-18
8880.860000 2.809252e-17 5.380221e-18
8883.860000 5.118817e-17 5.300626e-18
8886.860000 7.526412e-17 6.142338e-18
8889.860000 7.947788e-17 7.628243e-18
8892.860000 9.044324e-17 8.368828e-18
8895.860000 3.822208e-17 7.400036e-18
8898.860000 4.749104e-17 5.681261e-18
8901.860000 3.469209e-17 4.816085e-18
8904.860000 6.138201e-17 4.917838e-18
8907.860000 7.508514e-17 5.437534e-18
8910.860000 5.460193e-17 5.558215e-18
8913.860000 2.871261e-17 5.049445e-18
8916.860000 3.151304e-17 4.524306e-18
8919.860000 5.227836e-17 4.867472e-18
8922.860000 7.033462e-17 6.039773e-18
8925.860000 7.745823e-17 6.962704e-18
8928.860000 5.048138e-17 6.590380e-18
8931.860000 4.064035e-17 5.284569e-18
8934.860000 3.552399e-17 4.234515e-18
8937.860000 3.669725e-17 3.884467e-18
8940.860000 4.368620e-17 3.822286e-18
8943.860000 5.646418e-17 4.051871e-18
8946.860000 7.290538e-17 4.499606e-18
8949.860000 6.404950e-17 4.760929e-18
8952.860000 4.153962e-17 4.585737e-18
8955.860000 4.175901e-17 4.395785e-18
8958.860000 6.944262e-17 4.927597e-18
8961.860000 9.420837e-17 6.059687e-18
8964.860000 7.827789e-17 6.526866e-18
8967.860000 3.544447e-17 5.782059e-18
8970.860000 3.119199e-17 4.737879e-18
8973.860000 3.535315e-17 4.252810e-18
8976.860000 4.778113e-17 4.243261e-18
8979.860000 5.961163e-17 4.355982e-18
8982.860000 5.127661e-17 4.388721e-18
8985.860000 5.564060e-17 4.584007e-18
8988.860000 5.997174e-17 4.918608e-18
8991.860000 6.814118e-17 5.447530e-18
8994.860000 4.645653e-17 5.664824e-18
8997.860000 3.952040e-17 5.625725e-18
9000.860000 4.742270e-17 5.720762e-18
9003.860000 8.091959e-17 6.481576e-18
9006.860000 9.101827e-17 7.228761e-18
9009.860000 6.059973e-17 6.986007e-18
9012.860000 3.021998e-17 5.829968e-18
9015.860000 2.659362e-17 4.945165e-18
9018.860000 3.574382e-17 4.550889e-18
9021.860000 4.503879e-17 4.439903e-18
9024.860000 4.949706e-17 4.365225e-18
9027.860000 4.856616e-17 4.320014e-18
9030.860000 5.319909e-17 4.260585e-18
9033.860000 5.508338e-17 4.265650e-18
9036.860000 5.333022e-17 4.237183e-18
9039.860000 6.288607e-17 4.353502e-18
9042.860000 6.970023e-17 4.537796e-18
9045.860000 6.673183e-17 4.555224e-18
9048.860000 6.335323e-17 4.474952e-18
9051.860000 6.868450e-17 4.507073e-18
9054.860000 7.358075e-17 4.699417e-18
9057.860000 5.762136e-17 4.654948e-18
9060.860000 3.658422e-17 4.291700e-18
9063.860000 4.287550e-17 3.988624e-18
9066.860000 5.610052e-17 3.908850e-18
9069.860000 5.674413e-17 3.892007e-18
9072.860000 5.628027e-17 3.879911e-18
9075.860000 4.910667e-17 3.834633e-18
9078.860000 3.860051e-17 3.806996e-18
9081.860000 4.367881e-17 3.833725e-18
9084.860000 5.328628e-17 3.924436e-18
9087.860000 5.272569e-17 4.029340e-18
9090.860000 5.124236e-17 4.111199e-18
9093.860000 5.338426e-17 4.261515e-18
9096.860000 4.965696e-17 4.376388e-18
9099.860000 4.719380e-17 4.469921e-18
