# TELESCOPE = UH88
# INSTRUMENT = SNIFS
# OBJECT = 24ejq
# CHANNEL = B+R
# EXPNUM = 24_078_014_003
# MJD-OBS = 60387.273953
# DATE-OBS = 2024-03-18T06:34:31
# EXPTIME = 1800.0s
# AIRMASS = 1.18
# FLUXCAL_RMS_B = 0.082 mag
# FLUXCAL_RMS_R = 0.069 mag
# RA = 06:52:19.30
# DEC = 49:41:30.19
# wl fl err
# [A] [erg/s/cm2/A]
3400.480000 -1.578649e-17 3.104546e-17
3403.480000 -7.568571e-17 3.187230e-17
3406.480000 -8.030213e-17 2.869402e-17
3409.480000 -5.825921e-17 2.687405e-17
3412.480000 -1.473558e-17 2.966496e-17
3415.480000 -3.525257e-17 3.035163e-17
3418.480000 -6.263013e-17 2.666174e-17
3421.480000 -1.010888e-16 2.608358e-17
3424.480000 -8.180835e-17 2.978062e-17
3427.480000 -2.058078e-17 2.934741e-17
3430.480000 -3.262749e-17 2.536143e-17
3433.480000 -2.604783e-17 2.538355e-17
3436.480000 -1.894793e-17 2.828320e-17
3439.480000 8.027111e-18 2.775710e-17
3442.480000 -2.823015e-17 2.376148e-17
3445.480000 -4.047621e-17 2.426055e-17
3448.480000 -3.388453e-17 2.693808e-17
3451.480000 -3.269105e-17 2.639921e-17
3454.480000 -3.682361e-17 2.425340e-17
3457.480000 -8.568910e-18 2.712999e-17
3460.480000 2.660395e-17 2.816791e-17
3463.480000 1.591757e-17 2.633634e-17
3466.480000 -4.485720e-18 2.404247e-17
3469.480000 -1.638364e-17 2.594997e-17
3472.480000 -6.812179e-19 2.718209e-17
3475.480000 1.617989e-17 2.485780e-17
3478.480000 2.650776e-18 2.350788e-17
3481.480000 -1.830269e-17 2.605538e-17
3484.480000 2.442702e-17 2.758004e-17
3487.480000 3.044669e-17 2.487464e-17
3490.480000 -2.157656e-17 2.373096e-17
3493.480000 1.314975e-17 2.720969e-17
3496.480000 3.168708e-17 2.771073e-17
3499.480000 -3.756376e-17 2.426855e-17
3502.480000 -2.509769e-17 2.461972e-17
3505.480000 1.815245e-17 2.853456e-17
3508.480000 -7.711665e-18 2.832440e-17
3511.480000 -1.184766e-17 2.466391e-17
3514.480000 3.897540e-18 2.517901e-17
3517.480000 1.397180e-17 2.779093e-17
3520.480000 6.455680e-18 2.675382e-17
3523.480000 -1.841692e-17 2.365871e-17
3526.480000 2.025761e-17 2.485184e-17
3529.480000 2.176227e-17 2.687837e-17
3532.480000 1.144840e-17 2.546920e-17
3535.480000 2.885167e-17 2.392023e-17
3538.480000 -1.619033e-17 2.582646e-17
3541.480000 -3.091338e-17 2.744694e-17
3544.480000 -2.059270e-17 2.576807e-17
3547.480000 8.205464e-18 2.487904e-17
3550.480000 3.907026e-18 2.760753e-17
3553.480000 -3.719151e-17 2.815316e-17
3556.480000 -4.615736e-17 2.536334e-17
3559.480000 5.576714e-19 2.489277e-17
3562.480000 -5.484615e-18 2.851327e-17
3565.480000 5.297952e-17 2.892449e-17
3568.480000 5.311677e-17 2.532986e-17
3571.480000 4.311999e-17 2.462685e-17
3574.480000 -7.078646e-18 2.754511e-17
3577.480000 1.059448e-17 2.725986e-17
3580.480000 4.601387e-17 2.406462e-17
3583.480000 5.063916e-17 2.438681e-17
3586.480000 7.860608e-17 2.668124e-17
3589.480000 -2.077185e-18 2.535563e-17
3592.480000 -5.400211e-17 2.281002e-17
3595.480000 1.811513e-17 2.468956e-17
3598.480000 4.751021e-17 2.713913e-17
3601.480000 3.689462e-17 2.572000e-17
3604.480000 4.495994e-17 2.330980e-17
3607.480000 3.193101e-17 2.451426e-17
3610.480000 1.554201e-17 2.540153e-17
3613.480000 3.536722e-17 2.367107e-17
3616.480000 4.195510e-17 2.224909e-17
3619.480000 2.540756e-17 2.471431e-17
3622.480000 5.415555e-17 2.583372e-17
3625.480000 9.007037e-18 2.354465e-17
3628.480000 3.089977e-17 2.275670e-17
3631.480000 3.499761e-17 2.540082e-17
3634.480000 5.216804e-17 2.535660e-17
3637.480000 3.499617e-17 2.241955e-17
3640.480000 9.233224e-18 2.243800e-17
3643.480000 3.961508e-18 2.565507e-17
3646.480000 1.816999e-17 2.531106e-17
3649.480000 5.952283e-17 2.208778e-17
3652.480000 2.502800e-17 2.206963e-17
3655.480000 1.567733e-17 2.462488e-17
3658.480000 1.453184e-17 2.421500e-17
3661.480000 6.643772e-18 2.156142e-17
3664.480000 -5.891128e-18 2.228790e-17
3667.480000 1.228467e-17 2.423827e-17
3670.480000 3.046507e-17 2.312167e-17
3673.480000 2.629055e-17 2.079834e-17
3676.480000 9.571921e-18 2.199482e-17
3679.480000 2.293638e-17 2.375960e-17
3682.480000 3.108965e-17 2.198654e-17
3685.480000 -2.095568e-18 2.076162e-17
3688.480000 -3.073681e-17 2.175512e-17
3691.480000 7.492245e-18 2.264052e-17
3694.480000 3.391925e-17 2.106613e-17
3697.480000 2.191803e-17 2.018104e-17
3700.480000 2.518599e-18 2.234654e-17
3703.480000 1.023141e-17 2.309994e-17
3706.480000 5.759471e-17 2.072107e-17
3709.480000 5.153381e-17 1.990874e-17
3712.480000 2.010754e-18 2.251325e-17
3715.480000 -1.028587e-18 2.284194e-17
3718.480000 4.320082e-17 2.028485e-17
3721.480000 7.017431e-17 2.013693e-17
3724.480000 4.369756e-17 2.209659e-17
3727.480000 2.851393e-17 2.180958e-17
3730.480000 2.226793e-17 1.957031e-17
3733.480000 3.903270e-17 2.017274e-17
3736.480000 6.462568e-17 2.176392e-17
3739.480000 3.671601e-17 2.087516e-17
3742.480000 -2.791913e-18 1.910625e-17
3745.480000 2.982910e-17 2.054159e-17
3748.480000 8.543438e-17 2.182591e-17
3751.480000 6.517933e-17 2.035350e-17
3754.480000 1.846277e-17 1.904626e-17
3757.480000 2.544753e-17 2.104617e-17
3760.480000 8.527330e-17 2.231969e-17
3763.480000 9.395246e-17 2.020944e-17
3766.480000 2.734913e-17 1.876005e-17
3769.480000 9.789292e-18 2.087160e-17
3772.480000 4.944404e-17 2.184136e-17
3775.480000 5.038159e-17 1.966161e-17
3778.480000 2.722746e-17 1.939395e-17
3781.480000 5.464747e-17 2.231899e-17
3784.480000 8.852227e-17 2.253245e-17
3787.480000 7.295575e-17 1.966022e-17
3790.480000 8.053515e-17 1.930922e-17
3793.480000 7.511909e-17 2.134531e-17
3796.480000 1.024392e-16 2.123580e-17
3799.480000 6.394531e-17 1.843664e-17
3802.480000 1.894441e-17 1.862719e-17
3805.480000 2.766164e-17 2.080991e-17
3808.480000 5.099348e-17 2.044883e-17
3811.480000 5.821608e-17 1.840757e-17
3814.480000 6.302421e-17 1.912879e-17
3817.480000 7.735835e-17 2.022091e-17
3820.480000 8.781115e-17 1.908983e-17
3823.480000 8.086601e-17 1.730365e-17
3826.480000 9.838026e-17 1.842108e-17
3829.480000 1.163234e-16 1.920213e-17
3832.480000 8.663704e-17 1.764443e-17
3835.480000 2.673790e-17 1.639931e-17
3838.480000 3.007277e-17 1.816428e-17
3841.480000 5.853971e-17 1.882020e-17
3844.480000 2.479273e-17 1.710965e-17
3847.480000 7.015636e-18 1.691401e-17
3850.480000 4.428391e-17 1.955720e-17
3853.480000 7.184658e-17 1.988774e-17
3856.480000 6.487274e-17 1.743382e-17
3859.480000 4.324219e-17 1.707284e-17
3862.480000 3.483681e-17 1.903561e-17
3865.480000 5.456863e-17 1.926472e-17
3868.480000 7.158117e-17 1.724331e-17
3871.480000 7.936190e-17 1.762062e-17
3874.480000 5.317747e-17 1.921961e-17
3877.480000 7.410305e-17 1.893137e-17
3880.480000 7.176295e-17 1.713617e-17
3883.480000 8.189913e-17 1.795330e-17
3886.480000 7.389850e-17 1.925495e-17
3889.480000 7.927054e-17 1.825996e-17
3892.480000 6.764087e-17 1.677605e-17
3895.480000 2.349029e-17 1.796269e-17
3898.480000 6.368268e-17 1.930713e-17
3901.480000 1.037037e-16 1.809879e-17
3904.480000 7.663499e-17 1.711218e-17
3907.480000 8.787732e-17 1.881067e-17
3910.480000 6.557630e-17 1.954251e-17
3913.480000 9.238687e-17 1.818770e-17
3916.480000 7.734158e-17 1.718680e-17
3919.480000 7.361269e-17 1.899265e-17
3922.480000 7.502705e-17 1.927140e-17
3925.480000 7.156849e-17 1.785753e-17
3928.480000 5.021346e-17 1.626517e-17
3931.480000 5.926862e-17 1.781774e-17
3934.480000 6.248873e-17 1.730422e-17
3937.480000 4.109812e-17 1.485675e-17
3940.480000 2.022644e-17 1.538297e-17
3943.480000 1.530527e-17 1.772392e-17
3946.480000 3.193280e-17 1.775475e-17
3949.480000 1.920413e-17 1.623830e-17
3952.480000 2.369337e-17 1.716253e-17
3955.480000 4.708317e-17 1.886822e-17
3958.480000 6.530289e-17 1.813995e-17
3961.480000 8.815792e-17 1.653876e-17
3964.480000 8.815590e-17 1.712461e-17
3967.480000 9.239960e-17 1.774117e-17
3970.480000 1.088475e-16 1.622008e-17
3973.480000 3.550428e-17 1.481421e-17
3976.480000 2.372355e-17 1.678925e-17
3979.480000 2.866073e-17 1.822514e-17
3982.480000 5.241327e-17 1.762209e-17
3985.480000 6.573453e-17 1.734478e-17
3988.480000 4.473339e-17 1.960681e-17
3991.480000 3.627750e-17 2.023378e-17
3994.480000 7.070170e-17 1.852448e-17
3997.480000 8.045984e-17 1.864163e-17
4000.480000 6.804161e-17 2.110529e-17
4003.480000 7.639048e-17 2.167843e-17
4006.480000 8.565478e-17 1.860517e-17
4009.480000 6.303903e-17 1.854795e-17
4012.480000 9.137374e-17 2.060651e-17
4015.480000 1.228786e-16 2.014909e-17
4018.480000 1.066901e-16 1.768505e-17
4021.480000 1.140705e-16 1.822773e-17
4024.480000 1.000706e-16 1.959464e-17
4027.480000 1.444547e-16 1.881061e-17
4030.480000 1.566961e-16 1.687548e-17
4033.480000 1.219559e-16 1.757038e-17
4036.480000 1.015383e-16 1.835634e-17
4039.480000 1.062290e-16 1.730377e-17
4042.480000 1.476355e-16 1.658348e-17
4045.480000 1.450245e-16 1.800766e-17
4048.480000 1.487957e-16 1.852057e-17
4051.480000 1.386968e-16 1.690068e-17
4054.480000 1.474258e-16 1.629858e-17
4057.480000 1.631610e-16 1.824104e-17
4060.480000 1.730692e-16 1.860473e-17
4063.480000 1.573307e-16 1.649516e-17
4066.480000 1.431958e-16 1.611617e-17
4069.480000 1.432950e-16 1.848460e-17
4072.480000 1.882472e-16 1.981259e-17
4075.480000 1.860106e-16 1.723392e-17
4078.480000 1.469735e-16 1.689208e-17
4081.480000 1.720635e-16 1.870761e-17
4084.480000 1.655652e-16 1.833782e-17
4087.480000 1.484447e-16 1.634481e-17
4090.480000 1.652896e-16 1.708339e-17
4093.480000 1.556202e-16 1.872945e-17
4096.480000 1.783960e-16 1.813617e-17
4099.480000 1.784089e-16 1.640487e-17
4102.480000 1.605081e-16 1.705880e-17
4105.480000 1.676597e-16 1.822405e-17
4108.480000 1.602830e-16 1.744594e-17
4111.480000 1.557213e-16 1.647988e-17
4114.480000 1.878733e-16 1.809043e-17
4117.480000 1.849154e-16 1.897741e-17
4120.480000 1.949634e-16 1.747288e-17
4123.480000 1.819649e-16 1.635296e-17
4126.480000 1.444419e-16 1.761131e-17
4129.480000 1.485904e-16 1.790132e-17
4132.480000 1.580865e-16 1.643110e-17
4135.480000 1.689222e-16 1.700943e-17
4138.480000 1.701046e-16 1.780058e-17
4141.480000 1.237299e-16 1.757373e-17
4144.480000 1.351644e-16 1.543800e-17
4147.480000 1.435950e-16 1.526383e-17
4150.480000 1.570723e-16 1.717275e-17
4153.480000 1.367300e-16 1.695724e-17
4156.480000 1.364723e-16 1.503414e-17
4159.480000 1.244880e-16 1.553480e-17
4162.480000 1.296625e-16 1.707425e-17
4165.480000 1.667422e-16 1.679424e-17
4168.480000 1.608065e-16 1.535726e-17
4171.480000 1.373742e-16 1.667465e-17
4174.480000 1.448276e-16 1.696376e-17
4177.480000 1.496239e-16 1.600297e-17
4180.480000 1.340347e-16 1.470218e-17
4183.480000 1.086123e-16 1.572442e-17
4186.480000 1.268565e-16 1.666731e-17
4189.480000 1.389860e-16 1.552563e-17
4192.480000 1.317953e-16 1.460312e-17
4195.480000 1.306422e-16 1.631284e-17
4198.480000 1.498477e-16 1.676987e-17
4201.480000 1.619710e-16 1.522567e-17
4204.480000 1.502647e-16 1.457533e-17
4207.480000 1.401482e-16 1.679276e-17
4210.480000 1.311230e-16 1.696142e-17
4213.480000 1.512806e-16 1.537464e-17
4216.480000 1.476064e-16 1.518492e-17
4219.480000 1.390941e-16 1.675135e-17
4222.480000 1.624832e-16 1.674494e-17
4225.480000 1.903797e-16 1.484802e-17
4228.480000 1.264830e-16 1.465057e-17
4231.480000 3.725218e-17 1.572222e-17
4234.480000 1.233277e-16 1.586690e-17
4237.480000 1.525350e-16 1.449263e-17
4240.480000 1.507881e-16 1.526403e-17
4243.480000 1.203649e-16 1.639463e-17
4246.480000 1.282248e-16 1.574719e-17
4249.480000 1.386248e-16 1.455034e-17
4252.480000 1.042573e-16 1.534540e-17
4255.480000 1.029208e-16 1.616598e-17
4258.480000 1.504301e-16 1.531041e-17
4261.480000 1.584050e-16 1.442709e-17
4264.480000 9.891780e-17 1.555331e-17
4267.480000 6.862368e-17 1.609462e-17
4270.480000 1.227555e-16 1.489743e-17
4273.480000 1.702692e-16 1.495753e-17
4276.480000 1.712277e-16 1.619345e-17
4279.480000 1.212245e-16 1.616165e-17
4282.480000 1.336610e-16 1.460296e-17
4285.480000 1.423065e-16 1.453604e-17
4288.480000 1.509547e-16 1.654078e-17
4291.480000 1.343354e-16 1.618150e-17
4294.480000 1.254972e-16 1.414825e-17
4297.480000 1.591333e-16 1.456421e-17
4300.480000 1.676419e-16 1.605310e-17
4303.480000 1.331596e-16 1.515984e-17
4306.480000 1.559607e-16 1.361018e-17
4309.480000 1.725214e-16 1.446010e-17
4312.480000 1.457285e-16 1.551665e-17
4315.480000 1.001074e-16 1.479641e-17
4318.480000 9.584649e-17 1.409795e-17
4321.480000 1.367775e-16 1.566990e-17
4324.480000 1.700346e-16 1.668757e-17
4327.480000 1.574521e-16 1.524262e-17
4330.480000 1.091830e-16 1.405086e-17
4333.480000 1.183850e-16 1.578865e-17
4336.480000 1.155315e-16 1.648099e-17
4339.480000 1.236538e-16 1.491038e-17
4342.480000 1.822077e-16 1.440421e-17
4345.480000 1.756136e-16 1.604256e-17
4348.480000 1.463130e-16 1.642334e-17
4351.480000 1.511031e-16 1.483577e-17
4354.480000 1.636384e-16 1.472096e-17
4357.480000 1.308610e-16 1.661435e-17
4360.480000 1.387197e-16 1.668208e-17
4363.480000 1.666207e-16 1.486709e-17
4366.480000 1.556476e-16 1.510765e-17
4369.480000 1.674496e-16 1.672919e-17
4372.480000 1.762941e-16 1.645211e-17
4375.480000 1.653365e-16 1.462317e-17
4378.480000 1.729126e-16 1.518492e-17
4381.480000 1.772666e-16 1.648869e-17
4384.480000 1.756693e-16 1.562319e-17
4387.480000 1.427353e-16 1.396957e-17
4390.480000 1.218156e-16 1.502264e-17
4393.480000 1.611401e-16 1.626971e-17
4396.480000 1.721683e-16 1.533147e-17
4399.480000 1.683002e-16 1.442881e-17
4402.480000 1.626393e-16 1.581870e-17
4405.480000 1.621413e-16 1.657298e-17
4408.480000 1.430331e-16 1.504408e-17
4411.480000 1.208116e-16 1.443215e-17
4414.480000 1.580773e-16 1.648769e-17
4417.480000 1.657928e-16 1.690001e-17
4420.480000 1.523920e-16 1.501689e-17
4423.480000 1.472703e-16 1.482644e-17
4426.480000 1.627400e-16 1.697143e-17
4429.480000 1.635946e-16 1.699667e-17
4432.480000 1.436751e-16 1.473879e-17
4435.480000 1.398165e-16 1.481909e-17
4438.480000 1.665616e-16 1.677229e-17
4441.480000 1.886426e-16 1.657897e-17
4444.480000 1.630059e-16 1.464930e-17
4447.480000 1.531745e-16 1.516109e-17
4450.480000 1.745261e-16 1.677411e-17
4453.480000 1.675975e-16 1.598460e-17
4456.480000 1.508327e-16 1.432438e-17
4459.480000 1.305556e-16 1.496153e-17
4462.480000 1.404123e-16 1.602089e-17
4465.480000 1.406601e-16 1.521274e-17
4468.480000 1.400933e-16 1.422148e-17
4471.480000 1.346769e-16 1.554126e-17
4474.480000 1.728128e-16 1.640901e-17
4477.480000 1.222508e-16 1.507595e-17
4480.480000 1.367946e-16 1.440812e-17
4483.480000 1.350096e-16 1.609055e-17
4486.480000 1.333082e-16 1.666265e-17
4489.480000 1.280680e-16 1.491321e-17
4492.480000 1.593892e-16 1.465063e-17
4495.480000 1.607613e-16 1.656949e-17
4498.480000 1.666499e-16 1.670023e-17
4501.480000 1.604575e-16 1.476666e-17
4504.480000 1.436425e-16 1.475179e-17
4507.480000 1.059720e-16 1.639062e-17
4510.480000 1.119452e-16 1.633715e-17
4513.480000 1.400874e-16 1.464965e-17
4516.480000 1.328201e-16 1.496522e-17
4519.480000 1.419896e-16 1.643892e-17
4522.480000 1.630239e-16 1.601950e-17
4525.480000 1.616702e-16 1.454951e-17
4528.480000 1.546160e-16 1.502595e-17
4531.480000 1.386926e-16 1.601307e-17
4534.480000 1.413009e-16 1.515224e-17
4537.480000 1.297254e-16 1.401807e-17
4540.480000 1.075280e-16 1.521128e-17
4543.480000 1.354134e-16 1.628026e-17
4546.480000 1.532100e-16 1.522444e-17
4549.480000 1.390058e-16 1.424465e-17
4552.480000 9.427448e-17 1.555096e-17
4555.480000 1.112883e-16 1.614009e-17
4558.480000 1.561897e-16 1.477243e-17
4561.480000 1.781907e-16 1.447300e-17
4564.480000 1.840727e-16 1.633059e-17
4567.480000 1.088013e-16 1.616065e-17
4570.480000 1.236296e-16 1.425986e-17
4573.480000 1.403419e-16 1.439588e-17
4576.480000 1.596009e-16 1.644826e-17
4579.480000 1.714076e-16 1.627642e-17
4582.480000 1.833253e-16 1.440959e-17
4585.480000 1.550703e-16 1.447497e-17
4588.480000 1.349553e-16 1.601454e-17
4591.480000 1.165322e-16 1.548600e-17
4594.480000 1.302716e-16 1.398553e-17
4597.480000 1.458394e-16 1.471350e-17
4600.480000 1.413809e-16 1.582976e-17
4603.480000 1.391691e-16 1.500251e-17
4606.480000 1.497463e-16 1.401927e-17
4609.480000 1.559567e-16 1.526302e-17
4612.480000 1.387633e-16 1.589412e-17
4615.480000 1.534960e-16 1.489381e-17
4618.480000 1.474146e-16 1.411724e-17
4621.480000 1.864395e-16 1.573855e-17
4624.480000 1.629275e-16 1.621018e-17
4627.480000 1.478191e-16 1.464305e-17
4630.480000 1.900694e-16 1.451324e-17
4633.480000 2.253576e-16 1.630000e-17
4636.480000 1.561828e-16 1.606526e-17
4639.480000 1.575922e-16 1.424943e-17
4642.480000 1.523011e-16 1.416054e-17
4645.480000 1.693807e-16 1.612901e-17
4648.480000 1.663979e-16 1.592410e-17
4651.480000 1.650836e-16 1.426416e-17
4654.480000 1.578793e-16 1.487927e-17
4657.480000 1.440145e-16 1.626826e-17
4660.480000 1.750884e-16 1.567798e-17
4663.480000 1.812384e-16 1.412384e-17
4666.480000 1.988423e-16 1.481668e-17
4669.480000 1.870039e-16 1.595064e-17
4672.480000 1.840734e-16 1.513045e-17
4675.480000 1.930039e-16 1.402573e-17
4678.480000 1.999193e-16 1.510495e-17
4681.480000 2.104056e-16 1.616193e-17
4684.480000 2.086204e-16 1.503665e-17
4687.480000 2.135916e-16 1.414375e-17
4690.480000 1.846853e-16 1.542498e-17
4693.480000 2.216330e-16 1.624765e-17
4696.480000 2.337493e-16 1.485503e-17
4699.480000 2.165982e-16 1.417529e-17
4702.480000 2.417909e-16 1.601350e-17
4705.480000 2.495779e-16 1.620298e-17
4708.480000 2.312382e-16 1.440509e-17
4711.480000 2.243135e-16 1.420566e-17
4714.480000 2.189235e-16 1.622639e-17
4717.480000 2.152362e-16 1.623466e-17
4720.480000 2.295686e-16 1.442265e-17
4723.480000 2.505501e-16 1.478699e-17
4726.480000 2.653364e-16 1.648038e-17
4729.480000 2.449409e-16 1.600954e-17
4732.480000 2.495426e-16 1.425925e-17
4735.480000 2.337517e-16 1.472865e-17
4738.480000 2.306352e-16 1.616535e-17
4741.480000 2.645161e-16 1.565810e-17
4744.480000 2.763536e-16 1.445905e-17
4747.480000 2.618217e-16 1.536355e-17
4750.480000 2.383925e-16 1.626758e-17
4753.480000 2.747795e-16 1.545226e-17
4756.480000 2.654273e-16 1.437456e-17
4759.480000 2.330637e-16 1.552095e-17
4762.480000 2.350961e-16 1.627431e-17
4765.480000 2.846554e-16 1.503463e-17
4768.480000 2.963041e-16 1.446322e-17
4771.480000 2.685138e-16 1.605705e-17
4774.480000 2.621757e-16 1.682080e-17
4777.480000 2.762244e-16 1.489811e-17
4780.480000 2.856204e-16 1.466256e-17
4783.480000 2.816973e-16 1.662654e-17
4786.480000 2.676729e-16 1.655285e-17
4789.480000 2.560648e-16 1.445284e-17
4792.480000 2.629961e-16 1.466862e-17
4795.480000 2.598367e-16 1.646064e-17
4798.480000 2.460803e-16 1.615477e-17
4801.480000 2.662953e-16 1.451373e-17
4804.480000 2.872525e-16 1.517958e-17
4807.480000 2.593548e-16 1.657035e-17
4810.480000 2.373655e-16 1.570986e-17
4813.480000 2.488185e-16 1.437782e-17
4816.480000 2.430706e-16 1.539766e-17
4819.480000 2.346790e-16 1.646877e-17
4822.480000 2.610847e-16 1.560159e-17
4825.480000 2.647802e-16 1.448590e-17
4828.480000 2.482506e-16 1.568781e-17
4831.480000 2.176830e-16 1.623582e-17
4834.480000 2.194239e-16 1.497214e-17
4837.480000 2.362721e-16 1.450618e-17
4840.480000 2.441175e-16 1.617479e-17
4843.480000 2.608390e-16 1.655543e-17
4846.480000 2.324626e-16 1.484379e-17
4849.480000 2.332289e-16 1.456775e-17
4852.480000 2.394233e-16 1.648562e-17
4855.480000 2.143512e-16 1.637738e-17
4858.480000 2.098462e-16 1.425353e-17
4861.480000 1.928699e-16 1.412741e-17
4864.480000 1.963523e-16 1.589895e-17
4867.480000 1.818460e-16 1.567343e-17
4870.480000 2.046774e-16 1.422689e-17
4873.480000 2.188503e-16 1.483495e-17
4876.480000 2.264533e-16 1.642562e-17
4879.480000 1.809715e-16 1.584638e-17
4882.480000 1.834829e-16 1.446330e-17
4885.480000 1.960762e-16 1.548994e-17
4888.480000 2.043582e-16 1.672580e-17
4891.480000 1.910268e-16 1.577339e-17
4894.480000 1.892396e-16 1.464862e-17
4897.480000 2.059682e-16 1.627326e-17
4900.480000 1.977870e-16 1.720159e-17
4903.480000 1.917221e-16 1.585435e-17
4906.480000 1.857386e-16 1.513147e-17
4909.480000 1.942832e-16 1.689762e-17
4912.480000 1.984130e-16 1.747089e-17
4915.480000 2.062486e-16 1.589590e-17
4918.480000 2.169943e-16 1.559610e-17
4921.480000 2.243417e-16 1.772285e-17
4924.480000 2.071781e-16 1.796313e-17
4927.480000 2.038217e-16 1.606151e-17
4930.480000 1.889574e-16 1.636833e-17
4933.480000 1.929244e-16 1.865381e-17
4936.480000 2.111979e-16 1.880606e-17
4939.480000 2.098015e-16 1.673281e-17
4942.480000 1.641505e-16 1.721443e-17
4945.480000 1.918400e-16 1.942629e-17
4948.480000 1.980446e-16 1.922369e-17
4951.480000 1.898149e-16 1.765845e-17
4954.480000 1.882336e-16 1.897743e-17
4957.480000 1.931303e-16 2.080190e-17
4960.480000 1.578727e-16 1.976045e-17
4963.480000 1.820242e-16 1.880998e-17
4966.480000 1.985188e-16 2.105382e-17
4969.480000 2.299699e-16 2.247268e-17
4972.480000 2.589245e-16 2.135156e-17
4975.480000 2.342848e-16 2.045282e-17
4978.480000 2.096313e-16 2.281761e-17
4981.480000 2.162752e-16 2.413138e-17
4984.480000 2.689560e-16 2.243578e-17
4987.480000 2.476573e-16 2.205718e-17
4990.480000 2.378751e-16 2.576683e-17
4993.480000 2.327873e-16 2.665662e-17
4996.480000 2.183053e-16 2.428249e-17
4999.480000 2.499627e-16 2.477576e-17
5002.480000 2.495897e-16 2.861029e-17
5005.480000 2.251555e-16 2.862643e-17
5008.480000 2.779128e-16 2.606842e-17
5011.480000 3.083888e-16 2.752536e-17
5014.480000 3.214906e-16 3.114470e-17
5017.480000 2.723073e-16 3.052780e-17
5020.480000 3.031937e-16 2.833940e-17
5023.480000 3.151431e-16 3.044698e-17
5026.480000 2.509495e-16 3.322809e-17
5029.480000 2.209703e-16 3.206916e-17
5032.480000 2.802475e-16 3.036564e-17
5035.480000 2.727633e-16 3.339284e-17
5038.480000 2.819018e-16 3.589416e-17
5041.480000 2.544265e-16 3.359093e-17
5044.480000 2.623004e-16 3.197676e-17
5047.480000 2.121024e-16 3.526083e-17
5050.480000 2.228821e-16 3.677200e-17
5053.480000 2.152128e-16 3.376860e-17
5056.480000 2.284250e-16 3.276538e-17
5059.480000 2.363911e-16 3.681271e-17
5062.480000 2.452717e-16 3.740696e-17
5065.480000 1.938686e-16 3.319835e-17
5068.480000 1.575425e-16 3.214715e-17
5071.480000 1.925795e-16 nan
5074.480000 2.864103e-16 nan
5077.480000 2.488986e-16 nan
5080.480000 2.010159e-16 nan
5083.480000 2.049010e-16 nan
5086.480000 1.791077e-16 nan
5089.480000 2.028298e-16 nan
5092.480000 3.012332e-16 nan
5095.480000 2.707427e-16 nan
5098.480000 2.352461e-16 nan
5101.480000 2.041347e-16 nan
5104.480000 2.171726e-16 nan
5107.480000 2.205130e-16 nan
5110.480000 2.161300e-16 nan
5113.480000 2.232804e-16 nan
5116.480000 2.367665e-16 nan
5119.480000 2.887463e-16 nan
5122.480000 2.432259e-16 nan
5125.480000 2.879187e-16 nan
5128.480000 3.983210e-16 nan
5131.480000 3.909400e-16 nan
5134.480000 3.740407e-16 nan
5137.480000 2.879358e-16 nan
5140.480000 2.394731e-16 nan
5143.480000 2.574424e-16 nan
5146.480000 2.374828e-16 nan
5149.480000 2.389181e-16 nan
5152.480000 2.939788e-16 nan
5155.480000 2.817882e-16 nan
5158.480000 3.230544e-16 nan
5161.480000 3.299289e-16 nan
5164.480000 3.031405e-16 nan
5167.480000 3.131610e-16 nan
5170.480000 3.091146e-16 2.804066e-17
5173.480000 2.612382e-16 2.732867e-17
5176.480000 2.068573e-16 2.670476e-17
5179.480000 2.397144e-16 2.655508e-17
5182.480000 2.958789e-16 2.692354e-17
5185.480000 2.836983e-16 2.758425e-17
5188.480000 2.830392e-16 2.633753e-17
5191.480000 2.564669e-16 2.648909e-17
5194.480000 2.340250e-16 2.679933e-17
5197.480000 2.403864e-16 2.729680e-17
5200.480000 2.339705e-16 2.763511e-17
5203.480000 2.113267e-16 2.800011e-17
5206.480000 2.101623e-16 2.820423e-17
5209.480000 2.374407e-16 2.862549e-17
5212.480000 1.811477e-16 2.839065e-17
5215.480000 1.794762e-16 2.794214e-17
5218.480000 2.272004e-16 2.755269e-17
5221.480000 2.248314e-16 2.689833e-17
5224.480000 2.094919e-16 2.602060e-17
5227.480000 1.989025e-16 2.520879e-17
5230.480000 2.057142e-16 2.471964e-17
5233.480000 2.186588e-16 2.418168e-17
5236.480000 2.170261e-16 2.369971e-17
5239.480000 2.234638e-16 2.331168e-17
5242.480000 2.084019e-16 2.291181e-17
5245.480000 1.973260e-16 2.259128e-17
5248.480000 2.035012e-16 2.218253e-17
5251.480000 2.052771e-16 2.154577e-17
5254.480000 2.106522e-16 2.091482e-17
5257.480000 2.118393e-16 2.039638e-17
5260.480000 2.145579e-16 1.997606e-17
5263.480000 1.975493e-16 1.940129e-17
5266.480000 2.190165e-16 1.910802e-17
5269.480000 2.356835e-16 1.894451e-17
5272.480000 2.152198e-16 1.860855e-17
5275.480000 2.000286e-16 1.842924e-17
5278.480000 2.123109e-16 1.846362e-17
5281.480000 2.085093e-16 1.838646e-17
5284.480000 1.939475e-16 1.831951e-17
5287.480000 1.968184e-16 2.034480e-17
5290.480000 2.357417e-16 2.172176e-17
5293.480000 2.664118e-16 2.220590e-17
5296.480000 2.841867e-16 2.065679e-17
5299.480000 3.110176e-16 1.987959e-17
5302.480000 3.039953e-16 1.915789e-17
5305.480000 2.565837e-16 1.899252e-17
5308.480000 2.346994e-16 1.908535e-17
5311.480000 2.450069e-16 1.927326e-17
5314.480000 2.171433e-16 1.942569e-17
5317.480000 2.484932e-16 2.008292e-17
5320.480000 2.534994e-16 2.025847e-17
5323.480000 2.303121e-16 2.018977e-17
5326.480000 2.392670e-16 2.061698e-17
5329.480000 2.200644e-16 2.089843e-17
5332.480000 1.413911e-16 2.206005e-17
5335.480000 2.209605e-16 2.162452e-17
5338.480000 2.866657e-16 2.196829e-17
5341.480000 2.962658e-16 2.177211e-17
5344.480000 2.717638e-16 2.086265e-17
5347.480000 2.293595e-16 1.992842e-17
5350.480000 2.281372e-16 1.919615e-17
5353.480000 2.475197e-16 1.878345e-17
5356.480000 2.456975e-16 1.824601e-17
5359.480000 2.594418e-16 1.791620e-17
5362.480000 2.600603e-16 1.740832e-17
5365.480000 2.644012e-16 1.694374e-17
5368.480000 2.509732e-16 1.641991e-17
5371.480000 2.496002e-16 1.620715e-17
5374.480000 2.321762e-16 1.568617e-17
5377.480000 2.537499e-16 1.549381e-17
5380.480000 2.800625e-16 1.532228e-17
5383.480000 2.759743e-16 1.495453e-17
5386.480000 2.525216e-16 1.460299e-17
5389.480000 2.386865e-16 1.428677e-17
5392.480000 2.466274e-16 1.416638e-17
5395.480000 2.649755e-16 1.413403e-17
5398.480000 2.841934e-16 1.404468e-17
5401.480000 2.628751e-16 1.381273e-17
5404.480000 2.553717e-16 1.370754e-17
5407.480000 2.638257e-16 1.365917e-17
5410.480000 2.690236e-16 1.373506e-17
5413.480000 2.756115e-16 1.385542e-17
5416.480000 2.695022e-16 1.634701e-17
5419.480000 2.689561e-16 1.502900e-17
5422.480000 2.773547e-16 1.458266e-17
5425.480000 2.829108e-16 1.509608e-17
5428.480000 2.828767e-16 1.523463e-17
5431.480000 2.645230e-16 1.518955e-17
5434.480000 2.664318e-16 1.502837e-17
5437.480000 2.638428e-16 1.512216e-17
5440.480000 2.679498e-16 1.544835e-17
5443.480000 2.994838e-16 1.591442e-17
5446.480000 2.908793e-16 1.611762e-17
5449.480000 2.796377e-16 1.638320e-17
5452.480000 2.663488e-16 1.665656e-17
5455.480000 2.834436e-16 1.711979e-17
5458.480000 2.815468e-16 1.742843e-17
5461.480000 2.615129e-16 1.765399e-17
5464.480000 2.553469e-16 1.757941e-17
5467.480000 2.610628e-16 1.716303e-17
5470.480000 2.900468e-16 1.678260e-17
5473.480000 2.596229e-16 1.613647e-17
5476.480000 2.452440e-16 1.556802e-17
5479.480000 2.493863e-16 1.521962e-17
5482.480000 2.380288e-16 1.485253e-17
5485.480000 2.355677e-16 1.453813e-17
5488.480000 2.444405e-16 1.428600e-17
5491.480000 2.635160e-16 1.403708e-17
5494.480000 2.503381e-16 1.368287e-17
5497.480000 2.107116e-16 1.330030e-17
5500.480000 2.266344e-16 1.304304e-17
5503.480000 2.212459e-16 1.275338e-17
5506.480000 2.382217e-16 1.267597e-17
5509.480000 2.537797e-16 1.252893e-17
5512.480000 2.326835e-16 1.221562e-17
5515.480000 2.303961e-16 1.214543e-17
5518.480000 2.336831e-16 1.203351e-17
5521.480000 2.391136e-16 1.186144e-17
5524.480000 2.349346e-16 1.171158e-17
5527.480000 2.300912e-16 1.169398e-17
5530.480000 2.284149e-16 1.171474e-17
5533.480000 2.280298e-16 1.173597e-17
5536.480000 2.237069e-16 1.183549e-17
5539.480000 2.257890e-16 1.190543e-17
5542.480000 2.252043e-16 1.195902e-17
5545.480000 2.163577e-16 1.203596e-17
5548.480000 2.220654e-16 1.217581e-17
5551.480000 2.300343e-16 1.229625e-17
5554.480000 2.270888e-16 1.245477e-17
5557.480000 2.345054e-16 1.273305e-17
5560.480000 2.289070e-16 1.301802e-17
5563.480000 2.237064e-16 1.323597e-17
5566.480000 1.843312e-16 1.361641e-17
5569.480000 1.397198e-16 1.501846e-17
5572.480000 1.879744e-16 1.900512e-17
5575.480000 2.790941e-16 2.398123e-17
5578.480000 2.764833e-16 2.488093e-17
5581.480000 2.018267e-16 2.247473e-17
5584.480000 2.226507e-16 1.858103e-17
5587.480000 2.105608e-16 1.669763e-17
5590.480000 2.455288e-16 1.587661e-17
5593.480000 2.486895e-16 1.524056e-17
5596.480000 2.463001e-16 1.496482e-17
5599.480000 2.312691e-16 1.427895e-17
5602.480000 2.489910e-16 1.382942e-17
5605.480000 2.403108e-16 1.360753e-17
5608.480000 2.411371e-16 1.320921e-17
5611.480000 2.300057e-16 1.276917e-17
5614.480000 2.256798e-16 1.242129e-17
5617.480000 2.228965e-16 1.216692e-17
5620.480000 2.335576e-16 1.194724e-17
5623.480000 2.468675e-16 1.189401e-17
5626.480000 2.450708e-16 1.163780e-17
5629.480000 2.622585e-16 1.183671e-17
5632.480000 2.843273e-16 1.133491e-17
5635.480000 2.526996e-16 1.093755e-17
5638.480000 2.407829e-16 1.073830e-17
5641.480000 2.314560e-16 1.059027e-17
5644.480000 2.310227e-16 1.050110e-17
5647.480000 2.334090e-16 1.048823e-17
5650.480000 2.437857e-16 1.041741e-17
5653.480000 2.344314e-16 1.029650e-17
5656.480000 2.259689e-16 1.027684e-17
5659.480000 2.164902e-16 1.022700e-17
5662.480000 2.010051e-16 1.016345e-17
5665.480000 2.146043e-16 1.029503e-17
5668.480000 2.189281e-16 1.042739e-17
5671.480000 2.131702e-16 1.053255e-17
5674.480000 2.268104e-16 1.075566e-17
5677.480000 2.163788e-16 1.081575e-17
5680.480000 2.066903e-16 1.100010e-17
5683.480000 2.164415e-16 1.163445e-17
5686.480000 2.151374e-16 1.187106e-17
5689.480000 2.091266e-16 1.168995e-17
5692.480000 2.213936e-16 1.187526e-17
5695.480000 2.295665e-16 1.209541e-17
5698.480000 2.389525e-16 1.216580e-17
5701.480000 1.932033e-16 1.220382e-17
5704.480000 1.987642e-16 1.238716e-17
5707.480000 2.069117e-16 1.261296e-17
5710.480000 1.997359e-16 1.284135e-17
5713.480000 2.011712e-16 1.319250e-17
5716.480000 2.165988e-16 1.315780e-17
5719.480000 2.013323e-16 1.277712e-17
5722.480000 1.954655e-16 1.247756e-17
5725.480000 2.163110e-16 1.223429e-17
5728.480000 2.102874e-16 1.181380e-17
5731.480000 1.840391e-16 1.140156e-17
5734.480000 1.886823e-16 1.121498e-17
5737.480000 2.147452e-16 1.107646e-17
5740.480000 2.115601e-16 1.084900e-17
5743.480000 1.972314e-16 1.052556e-17
5746.480000 2.052669e-16 1.029332e-17
5749.480000 2.097759e-16 1.009755e-17
5752.480000 2.261032e-16 9.987777e-18
5755.480000 2.271872e-16 9.863304e-18
5758.480000 2.127747e-16 9.629270e-18
5761.480000 2.095554e-16 9.471363e-18
5764.480000 2.091899e-16 9.388221e-18
5767.480000 2.221508e-16 9.365648e-18
5770.480000 2.374665e-16 9.352208e-18
5773.480000 2.341815e-16 9.267705e-18
5776.480000 2.320230e-16 9.199517e-18
5779.480000 2.362309e-16 9.186329e-18
5782.480000 2.407413e-16 9.203667e-18
5785.480000 2.448596e-16 9.256817e-18
5788.480000 2.525993e-16 9.350939e-18
5791.480000 2.597069e-16 9.433193e-18
5794.480000 2.527966e-16 9.481921e-18
5797.480000 2.497838e-16 9.625231e-18
5800.480000 2.526226e-16 9.775781e-18
5803.480000 2.609780e-16 9.910227e-18
5806.480000 2.596097e-16 1.007240e-17
5809.480000 2.589842e-16 1.030479e-17
5812.480000 2.564422e-16 1.050546e-17
5815.480000 2.614132e-16 1.071335e-17
5818.480000 2.554197e-16 1.136811e-17
5821.480000 2.544088e-16 1.207242e-17
5824.480000 2.553275e-16 1.142378e-17
5827.480000 2.796441e-16 1.161265e-17
5830.480000 2.753669e-16 1.187788e-17
5833.480000 2.698059e-16 1.208093e-17
5836.480000 2.653095e-16 1.228071e-17
5839.480000 2.591735e-16 1.243109e-17
5842.480000 2.591508e-16 1.227655e-17
5845.480000 2.560090e-16 1.198545e-17
5848.480000 2.535615e-16 1.171435e-17
5851.480000 2.420304e-16 1.143260e-17
5854.480000 2.494737e-16 1.131867e-17
5857.480000 2.648908e-16 1.108287e-17
5860.480000 2.662821e-16 1.068492e-17
5863.480000 2.511492e-16 1.042298e-17
5866.480000 2.327775e-16 1.023369e-17
5869.480000 2.352303e-16 1.008373e-17
5872.480000 2.373647e-16 9.840000e-18
5875.480000 2.464475e-16 9.632053e-18
5878.480000 2.499528e-16 9.510509e-18
5881.480000 2.406252e-16 9.353209e-18
5884.480000 2.530050e-16 9.417078e-18
5887.480000 2.529670e-16 9.707843e-18
5890.480000 2.439837e-16 9.894751e-18
5893.480000 2.325339e-16 9.802779e-18
5896.480000 2.264685e-16 9.463127e-18
5899.480000 2.353499e-16 9.142830e-18
5902.480000 2.570816e-16 8.948796e-18
5905.480000 2.611371e-16 8.847124e-18
5908.480000 2.497403e-16 8.802393e-18
5911.480000 2.516567e-16 8.874497e-18
5914.480000 2.618393e-16 9.010126e-18
5917.480000 2.542303e-16 9.029469e-18
5920.480000 2.457651e-16 9.101088e-18
5923.480000 2.427530e-16 9.182201e-18
5926.480000 2.480386e-16 9.276710e-18
5929.480000 2.432465e-16 9.945603e-18
5932.480000 2.583357e-16 9.756644e-18
5935.480000 2.401138e-16 9.624364e-18
5938.480000 2.438257e-16 9.739239e-18
5941.480000 2.381072e-16 9.856141e-18
5944.480000 2.201482e-16 1.001103e-17
5947.480000 2.164590e-16 1.018940e-17
5950.480000 2.296218e-16 1.042759e-17
5953.480000 2.245977e-16 1.069769e-17
5956.480000 2.294765e-16 1.095804e-17
5959.480000 2.280605e-16 1.112753e-17
5962.480000 2.186802e-16 1.133303e-17
5965.480000 2.104206e-16 1.138874e-17
5968.480000 1.977763e-16 1.157723e-17
5971.480000 2.028142e-16 1.123349e-17
5974.480000 2.020312e-16 1.119906e-17
5977.480000 1.909224e-16 1.091172e-17
5980.480000 2.004305e-16 1.010080e-17
5983.480000 1.949215e-16 9.783763e-18
5986.480000 1.832494e-16 9.472021e-18
5989.480000 1.861817e-16 9.254996e-18
5992.480000 1.925740e-16 9.037095e-18
5995.480000 1.962987e-16 8.886902e-18
5998.480000 1.934023e-16 8.712417e-18
6001.480000 1.981893e-16 8.568061e-18
6004.480000 2.015962e-16 8.428267e-18
6007.480000 1.962410e-16 8.257533e-18
6010.480000 1.895330e-16 8.093265e-18
6013.480000 1.900622e-16 7.951899e-18
6016.480000 1.857701e-16 7.852082e-18
6019.480000 1.880209e-16 7.755349e-18
6022.480000 1.954820e-16 7.729479e-18
6025.480000 1.881322e-16 7.720569e-18
6028.480000 1.902551e-16 7.722272e-18
6031.480000 2.018233e-16 7.781537e-18
6034.480000 2.121792e-16 7.820851e-18
6037.480000 2.218781e-16 7.856324e-18
6040.480000 2.178170e-16 7.885490e-18
6043.480000 2.054072e-16 7.903548e-18
6046.480000 2.000861e-16 7.957137e-18
6049.480000 2.106993e-16 8.098225e-18
6052.480000 2.247068e-16 8.246619e-18
6055.480000 2.314965e-16 8.404733e-18
6058.480000 2.309149e-16 8.507792e-18
6061.480000 2.160819e-16 8.602032e-18
6064.480000 2.186060e-16 8.780959e-18
6067.480000 2.237391e-16 8.961225e-18
6070.480000 2.220651e-16 9.145583e-18
6073.480000 2.223652e-16 9.309010e-18
6076.480000 2.333713e-16 9.577761e-18
6079.480000 2.393421e-16 9.770444e-18
6082.480000 2.336176e-16 9.917744e-18
6085.480000 2.364355e-16 1.015571e-17
6088.480000 2.393043e-16 1.032758e-17
6091.480000 2.155556e-16 1.036999e-17
6094.480000 2.170831e-16 1.023844e-17
6097.480000 2.400822e-16 1.007893e-17
6100.480000 2.496413e-16 9.891210e-18
6103.480000 2.361463e-16 9.622006e-18
6106.480000 2.408344e-16 9.427529e-18
6109.480000 2.461571e-16 9.223031e-18
6112.480000 2.507905e-16 9.012035e-18
6115.480000 2.513764e-16 8.804576e-18
6118.480000 2.477156e-16 8.562256e-18
6121.480000 2.275094e-16 8.269970e-18
6124.480000 2.099923e-16 8.007227e-18
6127.480000 2.088807e-16 7.845939e-18
6130.480000 2.169862e-16 7.811845e-18
6133.480000 2.305890e-16 7.763645e-18
6136.480000 2.399869e-16 7.780642e-18
6139.480000 2.477446e-16 7.783012e-18
6142.480000 2.550282e-16 7.771418e-18
6145.480000 2.627327e-16 7.786154e-18
6148.480000 2.683479e-16 8.207922e-18
6151.480000 2.569723e-16 8.220714e-18
6154.480000 2.490518e-16 7.710717e-18
6157.480000 2.481104e-16 7.595806e-18
6160.480000 2.519937e-16 7.534735e-18
6163.480000 2.522148e-16 7.723562e-18
6166.480000 2.503227e-16 7.704453e-18
6169.480000 2.665906e-16 7.784678e-18
6172.480000 2.634225e-16 7.884680e-18
6175.480000 2.497708e-16 8.256506e-18
6178.480000 2.492234e-16 8.185502e-18
6181.480000 2.555567e-16 8.439976e-18
6184.480000 2.594056e-16 8.277970e-18
6187.480000 2.427226e-16 8.265587e-18
6190.480000 2.521629e-16 8.474384e-18
6193.480000 2.547657e-16 8.637651e-18
6196.480000 2.549524e-16 8.818925e-18
6199.480000 2.500497e-16 8.979944e-18
6202.480000 2.638344e-16 9.254380e-18
6205.480000 2.682335e-16 9.453937e-18
6208.480000 2.596446e-16 9.617810e-18
6211.480000 2.643112e-16 9.862487e-18
6214.480000 2.435727e-16 9.897789e-18
6217.480000 2.390140e-16 9.916507e-18
6220.480000 2.586506e-16 9.854052e-18
6223.480000 2.536403e-16 9.603084e-18
6226.480000 2.475815e-16 9.375973e-18
6229.480000 2.486280e-16 9.134241e-18
6232.480000 2.468042e-16 9.063141e-18
6235.480000 2.532693e-16 9.070463e-18
6238.480000 2.452995e-16 8.942805e-18
6241.480000 2.388191e-16 8.670644e-18
6244.480000 2.355546e-16 8.251317e-18
6247.480000 2.343807e-16 7.981718e-18
6250.480000 2.327189e-16 7.728236e-18
6253.480000 2.429146e-16 7.666600e-18
6256.480000 2.401850e-16 7.635045e-18
6259.480000 2.372920e-16 7.602492e-18
6262.480000 2.376015e-16 7.456738e-18
6265.480000 2.462250e-16 7.341690e-18
6268.480000 2.463664e-16 7.198582e-18
6271.480000 2.288026e-16 7.040115e-18
6274.480000 2.195594e-16 6.988183e-18
6277.480000 2.251341e-16 6.984903e-18
6280.480000 2.278402e-16 6.968143e-18
6283.480000 2.189279e-16 7.015069e-18
6286.480000 1.980426e-16 7.202954e-18
6289.480000 1.672129e-16 7.614798e-18
6292.480000 1.711700e-16 8.653831e-18
6295.480000 2.144101e-16 1.099877e-17
6298.480000 2.840089e-16 1.370177e-17
6301.480000 2.621588e-16 1.434637e-17
6304.480000 1.798418e-16 1.232532e-17
6307.480000 1.818001e-16 9.717333e-18
6310.480000 1.958230e-16 8.218181e-18
6313.480000 1.964435e-16 7.743918e-18
6316.480000 1.957365e-16 7.755323e-18
6319.480000 1.866735e-16 7.855039e-18
6322.480000 1.865331e-16 8.051208e-18
6325.480000 1.761327e-16 8.244058e-18
6328.480000 1.661308e-16 8.383528e-18
6331.480000 1.569131e-16 8.491556e-18
6334.480000 1.632542e-16 8.578947e-18
6337.480000 1.595529e-16 8.636008e-18
6340.480000 1.544399e-16 8.777780e-18
6343.480000 1.497956e-16 8.811186e-18
6346.480000 1.625814e-16 8.707719e-18
6349.480000 1.554584e-16 8.506761e-18
6352.480000 1.406645e-16 8.441082e-18
6355.480000 1.404429e-16 8.575245e-18
6358.480000 1.333247e-16 9.160853e-18
6361.480000 1.558919e-16 1.030645e-17
6364.480000 1.644129e-16 1.098933e-17
6367.480000 1.268172e-16 1.007291e-17
6370.480000 1.327575e-16 8.457546e-18
6373.480000 1.484174e-16 7.448345e-18
6376.480000 1.646943e-16 7.033606e-18
6379.480000 1.605695e-16 6.831870e-18
6382.480000 1.594416e-16 6.696992e-18
6385.480000 1.505968e-16 6.568868e-18
6388.480000 1.447071e-16 6.471929e-18
6391.480000 1.471375e-16 6.361446e-18
6394.480000 1.499280e-16 6.276712e-18
6397.480000 1.585451e-16 6.251539e-18
6400.480000 1.556435e-16 6.174201e-18
6403.480000 1.523848e-16 6.111788e-18
6406.480000 1.531307e-16 6.102999e-18
6409.480000 1.593636e-16 6.132932e-18
6412.480000 1.685424e-16 6.204668e-18
6415.480000 1.611848e-16 6.233611e-18
6418.480000 1.614658e-16 6.325906e-18
6421.480000 1.750854e-16 6.420550e-18
6424.480000 1.812767e-16 6.524834e-18
6427.480000 1.725792e-16 6.593135e-18
6430.480000 1.670825e-16 6.736005e-18
6433.480000 1.634027e-16 6.763192e-18
6436.480000 1.658136e-16 6.851710e-18
6439.480000 1.633867e-16 6.955784e-18
6442.480000 1.665675e-16 7.159522e-18
6445.480000 1.865567e-16 7.562902e-18
6448.480000 1.825275e-16 7.701535e-18
6451.480000 1.834122e-16 7.789589e-18
6454.480000 1.699811e-16 7.836018e-18
6457.480000 1.873474e-16 8.276062e-18
6460.480000 1.929570e-16 8.324958e-18
6463.480000 1.927260e-16 8.636930e-18
6466.480000 1.872022e-16 8.858267e-18
6469.480000 1.900009e-16 8.847721e-18
6472.480000 1.938256e-16 8.708970e-18
6475.480000 1.907817e-16 8.374122e-18
6478.480000 1.863334e-16 8.078600e-18
6481.480000 1.881430e-16 7.883886e-18
6484.480000 1.931223e-16 7.825044e-18
6487.480000 1.893340e-16 7.506635e-18
6490.480000 1.871082e-16 7.291399e-18
6493.480000 1.927019e-16 7.171312e-18
6496.480000 2.049907e-16 7.179717e-18
6499.480000 2.043331e-16 7.168876e-18
6502.480000 2.104986e-16 7.071092e-18
6505.480000 2.112489e-16 6.871966e-18
6508.480000 2.105488e-16 6.646045e-18
6511.480000 2.166176e-16 6.543588e-18
6514.480000 2.145581e-16 6.429352e-18
6517.480000 2.064467e-16 6.330565e-18
6520.480000 2.173845e-16 6.315310e-18
6523.480000 2.342355e-16 6.360342e-18
6526.480000 2.367470e-16 6.379162e-18
6529.480000 2.320992e-16 6.401843e-18
6532.480000 2.280220e-16 6.440867e-18
6535.480000 2.231328e-16 6.505185e-18
6538.480000 2.269574e-16 6.693160e-18
6541.480000 2.338270e-16 6.717746e-18
6544.480000 2.511042e-16 6.634410e-18
6547.480000 2.519844e-16 6.631878e-18
6550.480000 2.473841e-16 6.748120e-18
6553.480000 2.434113e-16 6.874393e-18
6556.480000 2.373822e-16 6.941492e-18
6559.480000 2.290822e-16 6.896371e-18
6562.480000 2.324451e-16 7.025126e-18
6565.480000 2.450150e-16 7.211914e-18
6568.480000 2.538237e-16 7.340184e-18
6571.480000 2.496480e-16 7.480333e-18
6574.480000 2.495280e-16 7.742633e-18
6577.480000 2.596649e-16 7.978408e-18
6580.480000 2.539335e-16 8.074090e-18
6583.480000 2.518043e-16 8.098304e-18
6586.480000 2.554563e-16 8.266578e-18
6589.480000 2.450952e-16 8.391118e-18
6592.480000 2.524412e-16 8.576983e-18
6595.480000 2.606852e-16 8.578306e-18
6598.480000 2.502041e-16 8.406404e-18
6601.480000 2.462673e-16 8.223587e-18
6604.480000 2.601470e-16 8.085108e-18
6607.480000 2.578213e-16 7.839334e-18
6610.480000 2.600220e-16 7.581365e-18
6613.480000 2.721119e-16 7.457928e-18
6616.480000 2.626119e-16 7.314528e-18
6619.480000 2.510346e-16 7.127231e-18
6622.480000 2.639167e-16 7.016605e-18
6625.480000 2.699894e-16 6.941098e-18
6628.480000 2.691677e-16 6.907734e-18
6631.480000 2.665736e-16 6.945106e-18
6634.480000 2.697677e-16 6.644694e-18
6637.480000 2.651749e-16 6.401803e-18
6640.480000 2.613645e-16 6.284547e-18
6643.480000 2.620647e-16 6.240838e-18
6646.480000 2.603509e-16 6.306003e-18
6649.480000 2.624682e-16 6.332642e-18
6652.480000 2.617252e-16 6.154781e-18
6655.480000 2.546064e-16 6.064918e-18
6658.480000 2.513213e-16 6.097235e-18
6661.480000 2.523914e-16 6.121984e-18
6664.480000 2.472579e-16 6.125770e-18
6667.480000 2.541449e-16 6.152108e-18
6670.480000 2.627612e-16 6.200303e-18
6673.480000 2.637518e-16 6.247591e-18
6676.480000 2.573442e-16 6.287933e-18
6679.480000 2.549119e-16 6.412728e-18
6682.480000 2.554928e-16 6.487760e-18
6685.480000 2.559117e-16 6.590481e-18
6688.480000 2.658769e-16 6.789614e-18
6691.480000 2.593750e-16 6.867324e-18
6694.480000 2.472820e-16 6.989257e-18
6697.480000 2.533959e-16 7.124490e-18
6700.480000 2.533197e-16 7.286547e-18
6703.480000 2.543003e-16 7.647766e-18
6706.480000 2.463914e-16 8.175185e-18
6709.480000 2.417496e-16 8.071580e-18
6712.480000 2.790247e-16 8.120358e-18
6715.480000 2.716613e-16 8.154389e-18
6718.480000 2.585888e-16 8.135125e-18
6721.480000 2.486018e-16 8.042286e-18
6724.480000 2.390720e-16 7.799190e-18
6727.480000 2.454981e-16 7.635106e-18
6730.480000 2.388795e-16 7.441018e-18
6733.480000 2.511316e-16 7.347107e-18
6736.480000 2.418378e-16 7.150714e-18
6739.480000 2.443418e-16 6.967081e-18
6742.480000 2.486939e-16 6.832762e-18
6745.480000 2.398744e-16 6.670062e-18
6748.480000 2.451978e-16 6.552472e-18
6751.480000 2.363438e-16 6.377085e-18
6754.480000 2.295534e-16 6.212503e-18
6757.480000 2.405044e-16 6.158279e-18
6760.480000 2.358666e-16 6.077307e-18
6763.480000 2.346042e-16 6.026875e-18
6766.480000 2.187993e-16 5.862069e-18
6769.480000 2.171572e-16 5.786357e-18
6772.480000 2.266408e-16 5.798184e-18
6775.480000 2.321802e-16 5.875445e-18
6778.480000 2.316225e-16 5.947441e-18
6781.480000 2.271927e-16 5.992005e-18
6784.480000 2.289929e-16 5.898710e-18
6787.480000 2.283801e-16 5.728862e-18
6790.480000 2.338934e-16 5.766039e-18
6793.480000 2.297564e-16 5.775141e-18
6796.480000 2.334449e-16 5.847815e-18
6799.480000 2.334004e-16 5.901567e-18
6802.480000 2.185910e-16 5.927862e-18
6805.480000 2.204416e-16 6.048683e-18
6808.480000 2.244804e-16 6.127504e-18
6811.480000 2.210900e-16 6.199696e-18
6814.480000 2.187282e-16 6.328351e-18
6817.480000 2.216128e-16 6.505013e-18
6820.480000 2.085994e-16 6.614161e-18
6823.480000 2.178437e-16 6.969580e-18
6826.480000 2.332010e-16 7.431659e-18
6829.480000 2.340826e-16 7.822181e-18
6832.480000 2.213812e-16 7.968775e-18
6835.480000 2.148534e-16 7.959513e-18
6838.480000 2.244029e-16 7.935771e-18
6841.480000 2.296540e-16 7.965974e-18
6844.480000 2.383029e-16 8.011886e-18
6847.480000 2.416284e-16 7.965862e-18
6850.480000 2.210563e-16 7.629646e-18
6853.480000 2.078548e-16 7.380133e-18
6856.480000 2.108713e-16 7.761029e-18
6859.480000 2.204441e-16 7.560399e-18
6862.480000 2.423464e-16 7.839527e-18
6865.480000 2.357615e-16 8.020609e-18
6868.480000 2.240087e-16 7.808104e-18
6871.480000 2.095892e-16 7.362245e-18
6874.480000 2.082422e-16 6.992008e-18
6877.480000 2.111487e-16 6.700275e-18
6880.480000 2.150548e-16 6.473323e-18
6883.480000 2.128995e-16 6.324037e-18
6886.480000 2.127835e-16 6.261450e-18
6889.480000 2.199183e-16 6.230834e-18
6892.480000 2.212359e-16 6.140356e-18
6895.480000 2.174244e-16 6.035298e-18
6898.480000 2.191510e-16 6.008728e-18
6901.480000 2.165405e-16 5.954863e-18
6904.480000 2.105434e-16 5.821539e-18
6907.480000 2.021286e-16 5.740349e-18
6910.480000 2.020238e-16 5.751767e-18
6913.480000 2.029638e-16 5.781887e-18
6916.480000 2.025296e-16 5.799890e-18
6919.480000 2.047465e-16 5.895915e-18
6922.480000 2.035006e-16 6.033015e-18
6925.480000 2.074948e-16 6.062963e-18
6928.480000 2.012297e-16 5.924794e-18
6931.480000 1.932511e-16 5.862294e-18
6934.480000 1.965205e-16 5.958569e-18
6937.480000 2.007007e-16 6.164792e-18
6940.480000 2.006911e-16 6.312972e-18
6943.480000 1.970044e-16 6.470992e-18
6946.480000 1.989308e-16 6.735715e-18
6949.480000 2.073785e-16 6.998030e-18
6952.480000 1.998720e-16 6.981004e-18
6955.480000 2.082236e-16 6.958333e-18
6958.480000 2.063011e-16 6.944132e-18
6961.480000 2.032688e-16 7.008764e-18
6964.480000 1.895913e-16 7.169923e-18
6967.480000 2.023596e-16 7.434183e-18
6970.480000 2.111987e-16 7.627329e-18
6973.480000 2.093854e-16 7.551522e-18
6976.480000 2.013957e-16 7.466392e-18
6979.480000 2.038414e-16 7.387130e-18
6982.480000 2.074066e-16 7.297627e-18
6985.480000 2.027557e-16 6.805748e-18
6988.480000 1.888025e-16 6.564674e-18
6991.480000 2.058116e-16 6.311651e-18
6994.480000 2.047534e-16 6.183126e-18
6997.480000 1.978587e-16 6.047241e-18
7000.480000 1.969223e-16 5.958047e-18
7003.480000 1.922314e-16 5.841821e-18
7006.480000 1.796260e-16 5.711307e-18
7009.480000 1.839781e-16 5.620908e-18
7012.480000 1.943158e-16 5.580717e-18
7015.480000 1.939623e-16 5.459718e-18
7018.480000 1.972391e-16 5.357074e-18
7021.480000 1.971565e-16 5.285985e-18
7024.480000 1.878784e-16 5.212459e-18
7027.480000 1.926772e-16 5.205406e-18
7030.480000 2.027287e-16 5.224488e-18
7033.480000 1.966931e-16 5.202287e-18
7036.480000 2.016042e-16 5.242076e-18
7039.480000 2.024359e-16 5.258994e-18
7042.480000 1.980548e-16 5.305563e-18
7045.480000 2.013919e-16 5.421653e-18
7048.480000 2.000381e-16 5.476856e-18
7051.480000 1.903605e-16 5.508721e-18
7054.480000 1.882815e-16 5.531254e-18
7057.480000 1.902149e-16 5.539703e-18
7060.480000 1.841218e-16 5.573156e-18
7063.480000 1.826853e-16 5.796361e-18
7066.480000 1.838825e-16 6.254451e-18
7069.480000 2.133450e-16 6.137835e-18
7072.480000 2.045152e-16 6.161445e-18
7075.480000 2.122491e-16 6.317294e-18
7078.480000 1.961678e-16 6.367600e-18
7081.480000 1.724841e-16 6.397489e-18
7084.480000 1.863036e-16 6.606803e-18
7087.480000 1.867013e-16 6.772817e-18
7090.480000 1.971124e-16 6.980251e-18
7093.480000 2.029003e-16 7.106264e-18
7096.480000 1.885648e-16 7.038306e-18
7099.480000 1.827333e-16 6.908753e-18
7102.480000 1.841817e-16 6.711491e-18
7105.480000 1.822465e-16 6.527702e-18
7108.480000 1.877838e-16 6.513019e-18
7111.480000 1.817796e-16 6.303368e-18
7114.480000 1.877377e-16 6.185656e-18
7117.480000 1.878539e-16 6.036371e-18
7120.480000 1.912952e-16 5.907568e-18
7123.480000 1.851711e-16 5.770965e-18
7126.480000 1.873814e-16 5.667192e-18
7129.480000 1.918827e-16 5.597745e-18
7132.480000 1.818675e-16 5.445708e-18
7135.480000 1.820235e-16 5.369193e-18
7138.480000 1.778210e-16 5.261697e-18
7141.480000 1.789681e-16 5.230131e-18
7144.480000 1.803490e-16 5.195675e-18
7147.480000 1.811281e-16 5.132254e-18
7150.480000 1.859681e-16 5.093965e-18
7153.480000 1.859123e-16 5.052201e-18
7156.480000 1.841881e-16 5.019775e-18
7159.480000 1.827064e-16 5.027198e-18
7162.480000 1.843404e-16 5.048090e-18
7165.480000 1.897700e-16 5.083673e-18
7168.480000 1.885616e-16 5.093315e-18
7171.480000 1.918971e-16 5.131067e-18
7174.480000 1.893770e-16 5.148549e-18
7177.480000 1.817991e-16 5.181053e-18
7180.480000 1.782592e-16 5.240390e-18
7183.480000 1.801335e-16 5.322252e-18
7186.480000 1.716519e-16 5.362627e-18
7189.480000 1.692843e-16 5.435660e-18
7192.480000 1.799972e-16 5.538693e-18
7195.480000 1.776076e-16 5.644577e-18
7198.480000 1.766811e-16 5.785433e-18
7201.480000 1.789924e-16 5.887138e-18
7204.480000 1.829571e-16 6.016688e-18
7207.480000 1.870185e-16 6.189943e-18
7210.480000 1.943428e-16 6.383311e-18
7213.480000 1.822709e-16 6.494625e-18
7216.480000 1.726963e-16 6.612743e-18
7219.480000 1.796665e-16 6.810187e-18
7222.480000 1.762982e-16 6.803815e-18
7225.480000 1.629214e-16 6.624796e-18
7228.480000 1.670552e-16 6.500842e-18
7231.480000 1.559317e-16 6.368407e-18
7234.480000 1.557395e-16 6.511155e-18
7237.480000 1.648032e-16 6.981539e-18
7240.480000 1.676279e-16 7.480705e-18
7243.480000 1.788906e-16 7.606806e-18
7246.480000 1.812047e-16 7.252205e-18
7249.480000 1.887684e-16 6.625030e-18
7252.480000 1.842321e-16 6.058542e-18
7255.480000 1.797444e-16 5.740922e-18
7258.480000 1.729380e-16 5.479738e-18
7261.480000 1.661735e-16 5.275753e-18
7264.480000 1.626460e-16 5.157713e-18
7267.480000 1.577411e-16 5.158624e-18
7270.480000 1.617263e-16 5.389407e-18
7273.480000 1.745051e-16 5.866614e-18
7276.480000 1.763920e-16 6.272382e-18
7279.480000 1.628866e-16 6.170388e-18
7282.480000 1.674540e-16 5.820149e-18
7285.480000 1.764322e-16 5.573045e-18
7288.480000 1.716273e-16 5.318945e-18
7291.480000 1.663145e-16 5.132446e-18
7294.480000 1.731790e-16 5.140356e-18
7297.480000 1.761591e-16 5.209014e-18
7300.480000 1.734041e-16 5.303832e-18
7303.480000 1.749579e-16 5.440831e-18
7306.480000 1.716260e-16 5.530547e-18
7309.480000 1.613370e-16 5.622265e-18
7312.480000 1.628480e-16 6.013728e-18
7315.480000 1.767460e-16 6.547896e-18
7318.480000 1.714825e-16 6.571572e-18
7321.480000 1.759269e-16 6.253137e-18
7324.480000 1.863996e-16 6.191553e-18
7327.480000 1.886029e-16 6.450854e-18
7330.480000 1.715245e-16 6.644576e-18
7333.480000 1.621656e-16 6.686370e-18
7336.480000 1.697288e-16 7.052799e-18
7339.480000 2.052051e-16 7.933277e-18
7342.480000 1.928266e-16 8.246394e-18
7345.480000 1.737133e-16 7.775877e-18
7348.480000 1.733277e-16 7.118782e-18
7351.480000 1.666526e-16 6.681551e-18
7354.480000 1.747829e-16 6.681086e-18
7357.480000 1.711437e-16 6.924466e-18
7360.480000 1.647005e-16 6.827438e-18
7363.480000 1.596220e-16 6.541177e-18
7366.480000 1.656919e-16 6.620020e-18
7369.480000 1.768686e-16 6.855114e-18
7372.480000 1.626749e-16 6.586445e-18
7375.480000 1.763421e-16 5.986431e-18
7378.480000 1.702157e-16 5.528282e-18
7381.480000 1.588590e-16 5.290638e-18
7384.480000 1.614710e-16 5.228018e-18
7387.480000 1.676687e-16 5.158115e-18
7390.480000 1.702313e-16 5.275521e-18
7393.480000 1.776536e-16 5.311579e-18
7396.480000 1.687943e-16 5.305818e-18
7399.480000 1.567786e-16 5.291572e-18
7402.480000 1.708009e-16 5.402058e-18
7405.480000 1.714192e-16 5.257582e-18
7408.480000 1.668427e-16 4.964483e-18
7411.480000 1.598335e-16 4.787274e-18
7414.480000 1.583355e-16 4.756355e-18
7417.480000 1.615172e-16 4.776296e-18
7420.480000 1.673913e-16 4.847577e-18
7423.480000 1.715635e-16 4.973154e-18
7426.480000 1.737540e-16 5.157256e-18
7429.480000 1.707461e-16 5.398844e-18
7432.480000 1.708412e-16 5.335992e-18
7435.480000 1.698000e-16 5.453277e-18
7438.480000 1.660099e-16 5.568390e-18
7441.480000 1.632520e-16 5.549893e-18
7444.480000 1.616686e-16 5.477362e-18
7447.480000 1.612743e-16 5.466827e-18
7450.480000 1.658109e-16 5.594360e-18
7453.480000 1.651055e-16 5.725837e-18
7456.480000 1.603811e-16 5.876861e-18
7459.480000 1.653061e-16 6.092732e-18
7462.480000 1.622367e-16 6.336510e-18
7465.480000 1.574022e-16 6.560217e-18
7468.480000 1.561636e-16 6.812649e-18
7471.480000 1.547992e-16 7.020526e-18
7474.480000 1.581770e-16 7.057031e-18
7477.480000 1.543204e-16 6.913638e-18
7480.480000 1.612865e-16 6.804853e-18
7483.480000 1.663313e-16 6.670845e-18
7486.480000 1.686441e-16 6.386094e-18
7489.480000 1.676628e-16 6.053060e-18
7492.480000 1.655669e-16 5.838012e-18
7495.480000 1.642333e-16 5.673890e-18
7498.480000 1.624094e-16 5.511314e-18
7501.480000 1.662786e-16 5.462268e-18
7504.480000 1.626629e-16 5.309579e-18
7507.480000 1.624059e-16 5.146462e-18
7510.480000 1.605600e-16 5.084295e-18
7513.480000 1.576153e-16 5.028855e-18
7516.480000 1.528812e-16 5.056438e-18
7519.480000 1.630602e-16 5.288930e-18
7522.480000 1.836710e-16 5.621535e-18
7525.480000 1.818574e-16 5.712175e-18
7528.480000 1.648958e-16 5.436789e-18
7531.480000 1.767134e-16 5.168000e-18
7534.480000 1.807551e-16 4.989877e-18
7537.480000 1.704621e-16 4.863453e-18
7540.480000 1.585696e-16 4.801444e-18
7543.480000 1.570270e-16 4.794544e-18
7546.480000 1.646372e-16 4.805986e-18
7549.480000 1.675587e-16 4.875891e-18
7552.480000 1.636503e-16 4.966022e-18
7555.480000 1.646242e-16 5.101879e-18
7558.480000 1.722681e-16 5.277493e-18
7561.480000 1.756142e-16 5.308838e-18
7564.480000 1.632415e-16 5.354817e-18
7567.480000 1.569569e-16 5.639276e-18
7570.480000 1.748494e-16 6.077431e-18
7573.480000 1.694274e-16 6.197938e-18
7576.480000 1.626673e-16 6.005958e-18
7579.480000 1.638030e-16 5.890637e-18
7582.480000 1.622045e-16 6.013510e-18
7585.480000 1.659861e-16 6.328245e-18
7588.480000 1.690375e-16 6.772443e-18
7591.480000 1.802956e-16 7.287700e-18
7594.480000 1.739510e-16 8.428752e-18
7597.480000 1.621235e-16 9.887257e-18
7600.480000 1.848284e-16 1.149474e-17
7603.480000 1.708989e-16 1.122323e-17
7606.480000 1.635278e-16 1.138324e-17
7609.480000 1.430488e-16 1.012669e-17
7612.480000 1.523745e-16 9.042398e-18
7615.480000 1.820448e-16 8.127196e-18
7618.480000 1.998493e-16 7.697035e-18
7621.480000 1.704998e-16 7.172891e-18
7624.480000 1.640950e-16 7.334750e-18
7627.480000 1.789599e-16 7.625465e-18
7630.480000 1.725226e-16 7.593573e-18
7633.480000 1.615444e-16 7.194648e-18
7636.480000 1.557111e-16 6.678551e-18
7639.480000 1.632267e-16 6.302971e-18
7642.480000 1.703492e-16 6.059701e-18
7645.480000 1.678560e-16 5.866727e-18
7648.480000 1.582441e-16 5.786437e-18
7651.480000 1.518825e-16 5.738290e-18
7654.480000 1.532893e-16 5.441976e-18
7657.480000 1.567268e-16 5.273097e-18
7660.480000 1.532203e-16 5.220695e-18
7663.480000 1.477149e-16 5.164789e-18
7666.480000 1.496498e-16 5.071507e-18
7669.480000 1.532922e-16 4.973835e-18
7672.480000 1.595107e-16 4.927015e-18
7675.480000 1.595106e-16 4.906254e-18
7678.480000 1.616344e-16 4.980062e-18
7681.480000 1.563016e-16 5.079789e-18
7684.480000 1.463456e-16 5.172828e-18
7687.480000 1.396391e-16 5.268179e-18
7690.480000 1.460163e-16 5.390808e-18
7693.480000 1.500674e-16 5.459406e-18
7696.480000 1.455506e-16 5.519307e-18
7699.480000 1.408675e-16 5.600147e-18
7702.480000 1.315250e-16 5.681286e-18
7705.480000 1.189759e-16 5.893032e-18
7708.480000 1.289815e-16 6.586082e-18
7711.480000 1.388473e-16 7.717270e-18
7714.480000 1.427398e-16 8.637620e-18
7717.480000 1.380414e-16 8.736090e-18
7720.480000 1.410423e-16 8.191366e-18
7723.480000 1.475350e-16 7.560947e-18
7726.480000 1.426520e-16 7.134094e-18
7729.480000 1.423600e-16 6.711987e-18
7732.480000 1.466918e-16 6.382542e-18
7735.480000 1.476316e-16 6.201119e-18
7738.480000 1.362466e-16 5.984778e-18
7741.480000 1.317935e-16 5.891392e-18
7744.480000 1.240235e-16 5.995983e-18
7747.480000 1.386622e-16 6.621943e-18
7750.480000 1.512591e-16 7.320903e-18
7753.480000 1.378841e-16 7.145970e-18
7756.480000 1.385472e-16 6.397832e-18
7759.480000 1.449155e-16 5.956588e-18
7762.480000 1.368473e-16 5.690984e-18
7765.480000 1.305206e-16 5.339881e-18
7768.480000 1.341243e-16 5.225269e-18
7771.480000 1.370181e-16 5.392314e-18
7774.480000 1.401036e-16 5.521781e-18
7777.480000 1.434467e-16 5.470515e-18
7780.480000 1.391771e-16 5.324320e-18
7783.480000 1.315184e-16 5.173880e-18
7786.480000 1.214791e-16 5.074809e-18
7789.480000 1.291138e-16 5.352757e-18
7792.480000 1.552429e-16 5.912929e-18
7795.480000 1.556782e-16 6.042677e-18
7798.480000 1.372084e-16 5.598113e-18
7801.480000 1.363863e-16 5.198896e-18
7804.480000 1.437997e-16 5.264418e-18
7807.480000 1.379133e-16 5.516438e-18
7810.480000 1.309631e-16 5.580391e-18
7813.480000 1.244754e-16 5.571796e-18
7816.480000 1.354396e-16 6.046253e-18
7819.480000 1.514544e-16 6.937592e-18
7822.480000 1.421647e-16 7.241234e-18
7825.480000 1.362514e-16 6.745877e-18
7828.480000 1.454597e-16 6.120934e-18
7831.480000 1.471866e-16 5.934535e-18
7834.480000 1.492053e-16 6.069023e-18
7837.480000 1.459261e-16 6.435725e-18
7840.480000 1.425280e-16 6.890960e-18
7843.480000 1.425151e-16 7.144394e-18
7846.480000 1.327995e-16 7.264510e-18
7849.480000 1.396378e-16 7.975975e-18
7852.480000 1.539983e-16 8.832679e-18
7855.480000 1.468777e-16 8.866498e-18
7858.480000 1.575419e-16 8.204784e-18
7861.480000 1.606994e-16 7.575100e-18
7864.480000 1.529402e-16 7.045028e-18
7867.480000 1.525351e-16 6.854957e-18
7870.480000 1.467684e-16 6.905041e-18
7873.480000 1.457627e-16 6.666621e-18
7876.480000 1.522151e-16 6.288603e-18
7879.480000 1.550117e-16 6.152428e-18
7882.480000 1.606817e-16 6.102430e-18
7885.480000 1.629754e-16 5.966979e-18
7888.480000 1.591210e-16 5.974807e-18
7891.480000 1.624883e-16 5.971790e-18
7894.480000 1.667427e-16 5.633533e-18
7897.480000 1.561089e-16 5.140759e-18
7900.480000 1.434941e-16 4.900683e-18
7903.480000 1.367162e-16 4.884790e-18
7906.480000 1.321871e-16 5.139097e-18
7909.480000 1.478595e-16 5.861045e-18
7912.480000 1.610463e-16 6.732147e-18
7915.480000 1.600606e-16 7.009292e-18
7918.480000 1.576082e-16 6.625854e-18
7921.480000 1.587777e-16 6.205524e-18
7924.480000 1.639886e-16 5.843203e-18
7927.480000 1.649088e-16 5.627294e-18
7930.480000 1.674005e-16 5.711590e-18
7933.480000 1.633853e-16 5.671444e-18
7936.480000 1.578359e-16 5.428764e-18
7939.480000 1.550850e-16 5.316025e-18
7942.480000 1.623118e-16 5.466604e-18
7945.480000 1.570170e-16 5.753194e-18
7948.480000 1.493253e-16 6.083246e-18
7951.480000 1.574128e-16 6.181971e-18
7954.480000 1.555348e-16 6.055193e-18
7957.480000 1.513225e-16 6.287621e-18
7960.480000 1.740295e-16 7.039576e-18
7963.480000 1.671990e-16 8.067839e-18
7966.480000 1.600947e-16 8.376034e-18
7969.480000 1.590239e-16 7.768896e-18
7972.480000 1.613789e-16 7.199687e-18
7975.480000 1.622137e-16 7.274491e-18
7978.480000 1.642504e-16 7.551197e-18
7981.480000 1.594994e-16 7.400435e-18
7984.480000 1.589340e-16 6.921296e-18
7987.480000 1.532107e-16 6.737784e-18
7990.480000 1.627693e-16 7.346265e-18
7993.480000 1.763769e-16 7.998821e-18
7996.480000 1.756731e-16 7.662697e-18
7999.480000 1.706058e-16 6.537235e-18
8002.480000 1.631334e-16 5.730181e-18
8005.480000 1.669531e-16 5.465967e-18
8008.480000 1.664438e-16 5.404387e-18
8011.480000 1.641406e-16 5.536020e-18
8014.480000 1.655174e-16 5.731394e-18
8017.480000 1.559103e-16 5.680170e-18
8020.480000 1.558053e-16 5.621513e-18
8023.480000 1.614373e-16 5.920304e-18
8026.480000 1.692240e-16 6.253916e-18
8029.480000 1.772592e-16 6.005529e-18
8032.480000 1.815120e-16 5.411549e-18
8035.480000 1.813109e-16 5.033241e-18
8038.480000 1.727797e-16 5.016030e-18
8041.480000 1.765061e-16 5.116511e-18
8044.480000 1.747047e-16 5.042637e-18
8047.480000 1.662156e-16 5.061486e-18
8050.480000 1.593283e-16 5.270084e-18
8053.480000 1.545027e-16 5.380735e-18
8056.480000 1.485344e-16 5.375847e-18
8059.480000 1.485719e-16 5.619037e-18
8062.480000 1.535234e-16 5.898866e-18
8065.480000 1.556433e-16 5.783782e-18
8068.480000 1.560245e-16 5.543413e-18
8071.480000 1.617105e-16 5.500521e-18
8074.480000 1.724340e-16 5.627623e-18
8077.480000 1.718366e-16 5.751823e-18
8080.480000 1.662239e-16 5.836353e-18
8083.480000 1.627392e-16 5.958409e-18
8086.480000 1.646163e-16 6.112493e-18
8089.480000 1.663090e-16 6.292108e-18
8092.480000 1.679245e-16 6.533261e-18
8095.480000 1.640494e-16 6.788466e-18
8098.480000 1.620044e-16 6.985158e-18
8101.480000 1.659262e-16 7.131825e-18
8104.480000 1.694808e-16 7.023533e-18
8107.480000 1.694646e-16 6.964120e-18
8110.480000 1.590544e-16 6.310717e-18
8113.480000 1.685261e-16 6.134066e-18
8116.480000 1.593118e-16 6.006145e-18
8119.480000 1.596424e-16 5.799869e-18
8122.480000 1.681434e-16 5.711868e-18
8125.480000 1.703857e-16 5.603008e-18
8128.480000 1.713477e-16 5.502561e-18
8131.480000 1.757080e-16 5.451163e-18
8134.480000 1.741308e-16 5.373550e-18
8137.480000 1.686140e-16 5.309819e-18
8140.480000 1.682045e-16 5.264107e-18
8143.480000 1.693119e-16 5.201218e-18
8146.480000 1.664993e-16 5.132795e-18
8149.480000 1.580272e-16 5.027796e-18
8152.480000 1.529335e-16 4.894844e-18
8155.480000 1.595124e-16 4.845798e-18
8158.480000 1.632903e-16 4.828459e-18
8161.480000 1.621826e-16 4.790198e-18
8164.480000 1.616100e-16 4.774827e-18
8167.480000 1.692246e-16 4.802390e-18
8170.480000 1.734366e-16 4.839706e-18
8173.480000 1.681012e-16 4.870733e-18
8176.480000 1.663611e-16 4.907918e-18
8179.480000 1.730134e-16 4.978855e-18
8182.480000 1.781459e-16 5.062511e-18
8185.480000 1.734361e-16 5.132909e-18
8188.480000 1.599309e-16 5.181936e-18
8191.480000 1.582326e-16 5.288227e-18
8194.480000 1.654620e-16 5.450253e-18
8197.480000 1.630894e-16 5.529078e-18
8200.480000 1.684607e-16 5.662461e-18
8203.480000 1.656592e-16 5.790644e-18
8206.480000 1.591607e-16 5.883826e-18
8209.480000 1.714808e-16 6.057388e-18
8212.480000 1.654268e-16 6.138561e-18
8215.480000 1.661168e-16 6.259391e-18
8218.480000 1.626004e-16 6.402891e-18
8221.480000 1.627968e-16 6.531697e-18
8224.480000 1.636101e-16 6.662048e-18
8227.480000 1.630016e-16 6.603713e-18
8230.480000 1.574834e-16 6.397629e-18
8233.480000 1.484861e-16 6.208015e-18
8236.480000 1.578183e-16 6.192640e-18
8239.480000 1.573035e-16 6.079350e-18
8242.480000 1.598517e-16 5.995440e-18
8245.480000 1.618368e-16 5.933062e-18
8248.480000 1.584179e-16 5.788233e-18
8251.480000 1.549791e-16 5.640503e-18
8254.480000 1.571756e-16 5.543504e-18
8257.480000 1.614093e-16 5.549242e-18
8260.480000 1.622172e-16 5.355594e-18
8263.480000 1.596298e-16 5.201349e-18
8266.480000 1.545674e-16 5.159355e-18
8269.480000 1.407877e-16 5.106735e-18
8272.480000 1.390530e-16 5.216147e-18
8275.480000 1.498295e-16 5.652446e-18
8278.480000 1.551086e-16 6.113229e-18
8281.480000 1.778111e-16 6.596845e-18
8284.480000 1.963709e-16 6.848717e-18
8287.480000 1.906874e-16 6.905736e-18
8290.480000 1.861234e-16 6.840534e-18
8293.480000 1.683169e-16 6.661060e-18
8296.480000 1.836908e-16 6.957740e-18
8299.480000 1.946589e-16 7.091004e-18
8302.480000 1.625838e-16 6.478574e-18
8305.480000 1.440322e-16 5.828816e-18
8308.480000 1.580333e-16 5.824925e-18
8311.480000 1.580300e-16 5.913226e-18
8314.480000 1.511272e-16 5.731574e-18
8317.480000 1.556972e-16 5.548152e-18
8320.480000 1.610892e-16 5.590305e-18
8323.480000 1.607445e-16 5.652540e-18
8326.480000 1.639210e-16 5.792252e-18
8329.480000 1.521676e-16 5.854445e-18
8332.480000 1.381965e-16 6.062794e-18
8335.480000 1.210193e-16 6.437142e-18
8338.480000 1.211817e-16 7.559004e-18
8341.480000 1.573741e-16 9.845160e-18
8344.480000 2.297960e-16 1.193524e-17
8347.480000 2.633936e-16 1.183909e-17
8350.480000 1.766724e-16 1.022114e-17
8353.480000 2.011050e-16 9.482451e-18
8356.480000 1.664024e-16 8.405083e-18
8359.480000 1.607270e-16 7.383690e-18
8362.480000 1.603369e-16 7.117065e-18
8365.480000 1.585178e-16 7.073371e-18
8368.480000 1.479262e-16 6.652879e-18
8371.480000 1.415364e-16 6.123812e-18
8374.480000 1.441541e-16 5.915992e-18
8377.480000 1.573335e-16 6.117894e-18
8380.480000 1.715876e-16 6.578964e-18
8383.480000 1.742001e-16 6.784333e-18
8386.480000 1.499894e-16 6.307224e-18
8389.480000 1.223116e-16 5.665414e-18
8392.480000 1.192994e-16 5.698703e-18
8395.480000 1.323924e-16 6.522665e-18
8398.480000 1.704975e-16 7.734003e-18
8401.480000 1.693904e-16 7.834095e-18
8404.480000 1.352966e-16 6.625632e-18
8407.480000 1.309129e-16 5.545249e-18
8410.480000 1.478885e-16 5.503115e-18
8413.480000 1.585659e-16 5.966687e-18
8416.480000 1.501799e-16 6.157859e-18
8419.480000 1.207071e-16 5.788197e-18
8422.480000 1.064671e-16 5.620813e-18
8425.480000 1.244695e-16 6.506228e-18
8428.480000 1.701743e-16 7.989731e-18
8431.480000 1.790225e-16 8.388937e-18
8434.480000 1.408922e-16 7.247998e-18
8437.480000 1.356815e-16 5.979636e-18
8440.480000 1.361673e-16 5.500593e-18
8443.480000 1.286963e-16 5.573535e-18
8446.480000 1.291761e-16 5.978742e-18
8449.480000 1.539844e-16 6.685838e-18
8452.480000 1.505168e-16 7.132624e-18
8455.480000 1.254938e-16 6.911098e-18
8458.480000 1.098198e-16 6.742566e-18
8461.480000 1.302641e-16 7.767627e-18
8464.480000 1.823348e-16 9.327705e-18
8467.480000 1.701463e-16 9.472806e-18
8470.480000 1.177800e-16 8.030843e-18
8473.480000 1.254131e-16 7.115741e-18
8476.480000 1.448422e-16 6.942682e-18
8479.480000 1.374153e-16 6.745834e-18
8482.480000 1.106291e-16 6.385723e-18
8485.480000 1.171493e-16 6.290053e-18
8488.480000 1.125388e-16 6.315714e-18
8491.480000 1.301499e-16 6.694785e-18
8494.480000 1.341784e-16 6.926418e-18
8497.480000 1.206824e-16 6.615558e-18
8500.480000 1.163404e-16 6.450174e-18
8503.480000 1.406230e-16 6.965044e-18
8506.480000 1.278476e-16 7.098010e-18
8509.480000 1.178344e-16 6.354007e-18
8512.480000 1.237612e-16 5.528645e-18
8515.480000 1.313876e-16 5.179186e-18
8518.480000 1.293167e-16 5.063700e-18
8521.480000 1.302233e-16 4.981445e-18
8524.480000 1.282910e-16 4.939196e-18
8527.480000 1.253335e-16 4.848141e-18
8530.480000 1.296746e-16 4.839973e-18
8533.480000 1.335614e-16 4.883244e-18
8536.480000 1.344377e-16 5.009575e-18
8539.480000 1.274448e-16 5.082675e-18
8542.480000 1.173520e-16 5.049250e-18
8545.480000 1.152948e-16 5.156612e-18
8548.480000 1.274412e-16 5.417640e-18
8551.480000 1.329505e-16 5.406695e-18
8554.480000 1.357160e-16 5.191501e-18
8557.480000 1.266787e-16 5.114781e-18
8560.480000 1.177197e-16 5.218320e-18
8563.480000 1.183291e-16 5.236138e-18
8566.480000 1.238542e-16 5.227473e-18
8569.480000 1.313086e-16 5.291956e-18
8572.480000 1.402637e-16 5.473991e-18
8575.480000 1.453505e-16 5.600937e-18
8578.480000 1.303776e-16 5.626526e-18
8581.480000 1.222651e-16 5.722298e-18
8584.480000 1.237489e-16 5.959709e-18
8587.480000 1.248685e-16 6.227753e-18
8590.480000 1.344155e-16 6.443162e-18
8593.480000 1.307285e-16 6.555426e-18
8596.480000 1.379529e-16 6.828754e-18
8599.480000 1.240939e-16 6.932619e-18
8602.480000 1.163407e-16 6.810324e-18
8605.480000 1.286458e-16 6.683842e-18
8608.480000 1.251719e-16 6.541928e-18
8611.480000 1.209201e-16 6.544489e-18
8614.480000 1.212874e-16 6.593336e-18
8617.480000 1.202891e-16 6.694234e-18
8620.480000 1.169392e-16 6.926491e-18
8623.480000 1.184040e-16 7.248442e-18
8626.480000 1.341280e-16 7.422762e-18
8629.480000 1.480890e-16 7.272125e-18
8632.480000 1.349629e-16 7.028674e-18
8635.480000 1.326397e-16 6.706641e-18
8638.480000 1.331297e-16 6.336942e-18
8641.480000 1.227958e-16 5.961531e-18
8644.480000 1.176658e-16 5.725671e-18
8647.480000 1.267171e-16 5.798069e-18
8650.480000 1.328930e-16 6.051790e-18
8653.480000 1.332369e-16 6.253249e-18
8656.480000 1.296947e-16 6.319833e-18
8659.480000 1.310011e-16 6.271300e-18
8662.480000 1.340451e-16 6.193748e-18
8665.480000 1.493955e-16 6.130458e-18
8668.480000 1.572210e-16 6.049603e-18
8671.480000 1.521898e-16 5.991636e-18
8674.480000 1.469356e-16 6.420482e-18
8677.480000 1.385963e-16 6.439246e-18
8680.480000 1.401987e-16 5.886995e-18
8683.480000 1.310962e-16 5.506613e-18
8686.480000 1.372633e-16 5.479885e-18
8689.480000 1.363959e-16 5.483334e-18
8692.480000 1.336626e-16 5.484342e-18
8695.480000 1.322324e-16 5.534955e-18
8698.480000 1.380858e-16 5.673495e-18
8701.480000 1.349460e-16 5.783564e-18
8704.480000 1.357039e-16 5.858694e-18
8707.480000 1.368401e-16 5.964147e-18
8710.480000 1.284508e-16 6.023864e-18
8713.480000 1.295536e-16 6.140010e-18
8716.480000 1.400499e-16 6.228984e-18
8719.480000 1.347992e-16 6.349380e-18
8722.480000 1.258771e-16 6.502458e-18
8725.480000 1.358520e-16 6.953988e-18
8728.480000 1.399821e-16 7.283542e-18
8731.480000 1.405461e-16 6.860865e-18
8734.480000 1.367177e-16 6.554544e-18
8737.480000 1.451118e-16 6.453283e-18
8740.480000 1.416890e-16 6.323176e-18
8743.480000 1.326609e-16 6.177248e-18
8746.480000 1.249959e-16 6.000879e-18
8749.480000 1.150440e-16 5.928855e-18
8752.480000 9.745380e-17 5.923716e-18
8755.480000 1.018093e-16 6.438094e-18
8758.480000 1.285212e-16 7.622655e-18
8761.480000 1.522609e-16 8.736998e-18
8764.480000 1.465126e-16 9.083451e-18
8767.480000 1.606689e-16 9.114579e-18
8770.480000 1.462343e-16 8.626296e-18
8773.480000 1.413813e-16 7.947503e-18
8776.480000 1.824645e-16 8.286111e-18
8779.480000 1.808416e-16 8.421819e-18
8782.480000 1.456625e-16 7.323290e-18
8785.480000 1.418712e-16 6.147303e-18
8788.480000 1.558543e-16 6.018697e-18
8791.480000 1.542836e-16 6.206227e-18
8794.480000 1.428154e-16 5.919764e-18
8797.480000 1.421344e-16 5.441138e-18
8800.480000 1.464224e-16 5.247770e-18
8803.480000 1.418051e-16 5.211542e-18
8806.480000 1.390894e-16 5.281756e-18
8809.480000 1.317392e-16 5.339084e-18
8812.480000 1.434122e-16 5.521750e-18
8815.480000 1.294445e-16 5.631520e-18
8818.480000 9.167588e-17 6.098946e-18
8821.480000 8.439151e-17 7.803149e-18
8824.480000 1.835566e-16 1.093139e-17
8827.480000 1.924364e-16 1.254572e-17
8830.480000 1.217465e-16 1.140938e-17
8833.480000 1.408103e-16 1.005436e-17
8836.480000 1.771599e-16 9.935530e-18
8839.480000 1.453836e-16 9.051997e-18
8842.480000 1.375105e-16 7.775497e-18
8845.480000 1.684207e-16 7.654257e-18
8848.480000 1.768877e-16 8.169471e-18
8851.480000 1.546143e-16 8.354941e-18
8854.480000 1.481375e-16 7.886239e-18
8857.480000 1.488213e-16 7.339666e-18
8860.480000 1.435152e-16 7.229399e-18
8863.480000 1.443026e-16 7.681469e-18
8866.480000 1.786755e-16 8.602666e-18
8869.480000 1.752969e-16 8.711798e-18
8872.480000 1.320246e-16 7.560135e-18
8875.480000 1.097222e-16 6.561629e-18
8878.480000 1.010693e-16 6.496812e-18
8881.480000 1.389167e-16 7.635530e-18
8884.480000 2.482128e-16 9.861026e-18
8887.480000 2.036268e-16 1.049239e-17
8890.480000 1.224457e-16 8.927148e-18
8893.480000 1.350454e-16 6.884982e-18
8896.480000 1.434179e-16 6.197026e-18
8899.480000 1.586619e-16 6.586796e-18
8902.480000 1.777459e-16 7.331728e-18
8905.480000 1.624839e-16 7.382069e-18
8908.480000 1.292323e-16 6.610082e-18
8911.480000 1.145807e-16 6.151364e-18
8914.480000 1.508118e-16 7.112517e-18
8917.480000 2.241748e-16 9.115045e-18
8920.480000 2.187171e-16 1.009684e-17
8923.480000 1.538873e-16 8.920229e-18
8926.480000 1.508182e-16 7.020738e-18
8929.480000 1.702159e-16 6.054153e-18
8932.480000 1.727724e-16 5.858235e-18
8935.480000 1.675963e-16 5.952324e-18
8938.480000 1.656889e-16 6.492543e-18
8941.480000 1.826205e-16 7.460710e-18
8944.480000 1.621376e-16 7.784886e-18
8947.480000 1.230323e-16 7.185021e-18
8950.480000 1.109699e-16 6.891207e-18
8953.480000 1.641787e-16 8.281054e-18
8956.480000 2.358497e-16 1.053100e-17
8959.480000 1.893275e-16 1.106118e-17
8962.480000 1.275429e-16 9.416275e-18
8965.480000 1.593212e-16 7.761694e-18
8968.480000 1.814307e-16 7.324803e-18
8971.480000 1.740981e-16 7.375361e-18
8974.480000 1.653064e-16 7.483799e-18
8977.480000 1.553230e-16 7.605382e-18
8980.480000 1.584344e-16 7.778210e-18
8983.480000 1.710008e-16 8.049150e-18
8986.480000 1.731643e-16 8.658465e-18
8989.480000 1.660153e-16 9.345794e-18
8992.480000 1.347792e-16 8.631472e-18
8995.480000 1.351439e-16 8.694957e-18
8998.480000 1.782323e-16 9.282067e-18
9001.480000 2.217597e-16 9.587967e-18
9004.480000 1.545160e-16 8.845355e-18
9007.480000 1.232715e-16 7.097756e-18
9010.480000 1.439436e-16 6.156522e-18
9013.480000 1.485599e-16 5.901704e-18
9016.480000 1.405746e-16 5.739828e-18
9019.480000 1.504859e-16 5.713980e-18
9022.480000 1.646740e-16 5.733824e-18
9025.480000 1.554883e-16 5.611292e-18
9028.480000 1.552644e-16 5.579358e-18
9031.480000 1.552216e-16 5.641849e-18
9034.480000 1.534120e-16 5.853361e-18
9037.480000 1.612840e-16 6.179201e-18
9040.480000 1.587002e-16 6.250746e-18
9043.480000 1.607676e-16 6.211828e-18
9046.480000 1.749839e-16 6.554354e-18
9049.480000 1.801995e-16 6.901077e-18
9052.480000 1.633617e-16 6.658839e-18
9055.480000 1.519348e-16 6.156283e-18
9058.480000 1.566111e-16 5.953455e-18
9061.480000 1.595223e-16 5.985178e-18
9064.480000 1.614218e-16 6.221882e-18
9067.480000 1.639975e-16 6.483450e-18
9070.480000 1.580871e-16 6.330281e-18
9073.480000 1.589168e-16 6.260748e-18
9076.480000 1.584906e-16 6.337810e-18
9079.480000 1.600901e-16 6.462311e-18
9082.480000 1.637224e-16 6.660156e-18
9085.480000 1.665575e-16 6.888089e-18
9088.480000 1.563643e-16 7.085990e-18
9091.480000 1.549861e-16 7.554851e-18
9094.480000 1.627227e-16 7.861017e-18
9097.480000 1.603926e-16 7.930894e-18
