4020.0 0.9408108172770808
4029.2 -0.6039771057421932
4038.4 2.2517636791405806
4047.6 -1.0919650446317408
4056.8 0.74019128469548
4066.0 -0.7426885421245905
4075.2 2.2437815309096925
4084.4 1.3203093728869726
4093.6 -2.1282850105654867
4102.8 2.274204794974607
4112.0 -2.003630794220006
4121.2 0.5993821736167553
4130.4 1.0315116643249895
4139.6 1.9912547477206097
4148.8 0.500429688913892
4158.0 -0.011444881136576658
4167.2 0.4668879449490064
4176.4 0.45303846809067605
4185.6 1.2880613891478403
4194.8 1.3606639393056965
4204.0 1.9540984023045154
4213.2 0.2701631647221929
4222.4 1.6072908017922538
4231.6 0.0026915677522244743
4240.8 1.2778680050369142
4250.0 1.3845025853798294
4259.2 0.8602004561442074
4268.4 0.9651582001037273
4277.6 0.9979492948445935
4286.8 0.6448535218378489
4296.0 0.664071113757303
4305.2 0.879887665744696
4314.4 -0.4960078204931819
4323.6 0.20822663371283576
4332.8 0.09527056887144124
4342.0 0.26049430796274
4351.2 0.7176985841277712
4360.4 0.8445885727650857
4369.6 1.1016520238937462
4378.8 0.056824257245020264
4388.0 1.5566207638785743
4397.2 0.1172383054952992
4406.4 1.2478076907584281
4415.6 -0.0034075107653688272
4424.8 0.0397249882000586
4434.0 0.91877519411133
4443.2 0.7546502765580207
4452.4 -0.018706266407600505
4461.6 0.4348269977180453
4470.8 0.8835998805316739
4480.0 0.44889474095314663
4489.2 0.669443271461265
4498.4 0.9539141504503127
4507.6 0.43911559604396144
4516.8 0.6731850223826547
4526.0 0.5574594297800016
4535.2 0.650781923516942
4544.4 0.11472921799435185
4553.6 -0.1418473161230982
4562.8 0.9239406025024398
4572.0 0.8009888660961987
4581.2 0.5624392779238698
4590.4 0.29813902015632787
4599.6 0.0447511197583957
4608.8 0.0836374945423052
4618.0 0.2647500358471961
4627.2 0.2823071301044168
4636.4 0.3768001539475971
4645.6 0.6824774432207624
4654.8 0.7561617319204248
4664.0 0.6274797979775361
4673.2 0.6680734016597545
4682.4 0.6920492673640078
4691.6 0.5670703729447913
4700.8 0.9530239677871809
4710.0 0.338375536659827
4719.2 0.8830302260681554
4728.4 0.8704780710959636
4737.6 0.7661579274968868
4746.8 0.4775709810645547
4756.0 0.37284808853231166
4765.2 0.5606200112632479
4774.4 0.07701507593174627
4783.6 0.75724736039826
4792.8 0.5997031308534811
4802.0 0.7445317349192552
4811.2 0.5518393298325942
4820.4 0.5205053887922639
4829.6 0.6003529048212175
4838.8 0.2505196538037758
4848.0 0.362851897973805
4857.2 0.48863132663804854
4866.4 0.5404246874768366
4875.6 0.36242564565954083
4884.8 0.511879534175247
4894.0 0.29235928928074
4903.2 0.6157583653861415
4912.4 0.5570158545103535
4921.6 0.5528618075047241
4930.8 0.35777850890067453
4940.0 0.4895773993686042
4949.2 0.22373921884817816
4958.4 0.47326230656913587
4967.6 0.4237924269895813
4976.8 0.3630727906808152
4986.0 0.5816635754978368
4995.2 0.4541507666553248
5004.4 0.21751693017185483
5013.6 0.36417886690720375
5022.8 0.42301894940366597
5032.0 0.3556874297740952
5041.2 0.31019706153488497
5050.4 0.38900707765620135
5059.6 0.7172486164561573
5068.8 0.35629868537572984
5078.0 0.5068309690838932
5087.2 0.18173835913562522
5096.4 0.32548742337071707
5105.6 0.48277867993598444
5114.8 0.35490863510835713
5124.0 0.30313393097095664
5133.2 0.49244407793041445
5142.4 0.48464050537808256
5151.6 0.5748682237255665
5160.8 0.381783040371223
5170.0 0.4730083442953663
5179.2 0.49893525366423463
5188.4 0.48316549591120256
5197.6 0.42379110708255685
5206.8 0.5434048293381915
5216.0 0.42134835484522565
5225.2 0.6459985462227866
5234.4 0.4520325954773305
5243.6 0.6012825851071703
5252.8 0.30093024543922026
5262.0 0.522791781210828
5271.2 0.6086321710760506
5280.4 0.46355358062034846
5289.6 0.38167470198920206
5298.8 0.6995673994242996
5308.0 0.46094257831685487
5317.2 0.6011742347891346
5326.4 0.4706659647578471
5335.6 0.607110237115023
5344.8 0.5764439375878189
5354.0 0.5884321217474664
5363.2 0.5765855540161857
5372.4 0.6437926532223474
5381.6 0.6118707414478548
5390.8 0.46381898991305087
5400.0 0.5834638148445724
5409.2 0.5003395768370084
5418.4 0.6349036432103421
5427.6 0.42684082663025236
5436.8 0.5400380766721437
5446.0 0.43249335780435205
5455.2 0.50484544655544
5464.4 0.47226839373744095
5473.6 0.5986829606715434
5482.8 0.26442707205455285
5492.0 0.3981885696725845
5501.2 0.5361769855743563
5510.4 0.3711023912273466
5519.6 0.1920871331093078
5528.8 0.2942342517773987
5538.0 0.3567719627274857
5547.2 0.36292529550579017
5556.4 0.41395042880230226
5565.6 0.45877354257100805
5574.8 0.5084555799977677
5584.0 0.06038357724091496
5593.2 0.4672340632251349
5602.4 0.38471130588811825
5611.6 0.4025531129720833
5620.8 0.4826673382182365
5630.0 0.390135511652762
5639.2 0.48013864015975893
5648.4 0.4182866658940348
5657.6 0.32311113852381174
5666.8 0.30017951284990585
5676.0 0.3329005662680875
5685.2 0.41814753029375434
5694.4 0.3225778131473233
5703.6 0.33157789983905916
5712.8 0.36848179901828976
5722.0 0.3968263525890707
5731.2 0.308044540077022
5740.4 0.4069176562715821
5749.6 0.5097853713145062
5758.8 0.4219154666270698
5768.0 0.34282352716475567
5777.2 0.4622513953175266
5786.4 0.49003264231442734
5795.6 0.5559356395566958
5804.8 0.48588517118358027
5814.0 0.4198804943702857
5823.2 0.4743706436302123
5832.4 0.30465841550613854
5841.6 0.5380122478876668
5850.8 0.5559746879307848
5860.0 0.4927182131332454
5869.2 0.5476256483979757
5878.4 0.6163423280162044
5887.6 0.6383410879267626
5896.8 0.3038288204226806
5906.0 0.5518026840575407
5915.2 0.35142623327298345
5924.4 0.5129717890024195
5933.6 0.3932910779742783
5942.8 0.4987620855592037
5952.0 0.4256851522720911
5961.2 0.3687199818070836
5970.4 0.27994174245787495
5979.6 0.37011273594523036
5988.8 0.4843974459647316
5998.0 0.35979830235026333
6007.2 0.5839961418074661
6016.4 0.41392256687427204
6025.6 0.4465066601040576
6034.8 0.321079758321149
6044.0 0.3932743059531118
6053.2 0.4800342549741963
6062.4 0.3382352952806091
6071.6 0.42006764976099975
6080.8 0.40529820186247323
6090.0 0.520400931522941
6099.2 0.4284169983469966
6108.4 0.3765727720900981
6117.6 0.24460043462861422
6126.8 0.45812362598928047
6136.0 0.5359125997431162
6145.2 0.49116799065656985
6154.4 0.5041073408107792
6163.6 0.441789118853195
6172.8 0.42928177989574806
6182.0 0.4586089232255136
6191.2 0.4870473515319252
6200.4 0.44582382498006073
6209.6 0.4702173645798268
6218.8 0.3742599989171632
6228.0 0.5475663681074371
6237.2 0.5117706198052764
6246.4 0.4013822761621821
6255.6 0.4820120819854556
6264.8 0.3346670880671001
6274.0 0.4132536769206098
6283.2 0.08752019004129934
6292.4 0.32966773552184164
6301.6 0.1392194670623585
6310.8 0.3808917952781328
6320.0 0.23723486897943588
6329.2 0.19650466235986142
6338.4 0.17809086548819336
6347.6 0.19922172477986397
6356.8 0.2077921803212794
6366.0 0.3229403771311832
6375.2 0.1517719310177638
6384.4 0.20373497717769704
6393.6 0.1545721953994722
6402.8 0.2371188136478622
6412.0 0.24430323056922593
6421.2 0.31489259650362655
6430.4 0.379277727481302
6439.6 0.3960842654343771
6448.8 0.4320978970983039
6458.0 0.30742169850669415
6467.2 0.41626453607904745
6476.4 0.39537505705027376
6485.6 0.35042625591555066
6494.8 0.39319743139457686
6504.0 0.40718045132131314
6513.2 0.3652502981868408
6522.4 0.3435498200905071
6531.6 0.46125647902498995
6540.8 0.45155833053213157
6550.0 0.3385484339926234
6559.2 0.3850641109497886
6568.4 0.4789340285284933
6577.6 0.5134502395176379
6586.8 0.46778380842724554
6596.0 0.4538585330068066
6605.2 0.455153199650115
6614.4 0.39106150209929863
6623.6 0.44279324073454684
6632.8 0.3648119904092961
6642.0 0.49362391372134323
6651.2 0.3736050105825153
6660.4 0.44125144052853665
6669.6 0.47070268093131984
6678.8 0.44685542379280324
6688.0 0.3819099034312205
6697.2 0.5581268830306985
6706.4 0.4928160814946046
6715.6 0.38432103006643836
6724.8 0.445689960006164
6734.0 0.3245498509356732
6743.2 0.3226855521754453
6752.4 0.26274307580076073
6761.6 0.43419220156521937
6770.8 0.406938501988838
6780.0 0.2683466104042366
6789.2 0.43939789219204817
6798.4 0.43940063046434363
6807.6 0.40833190238820427
6816.8 0.48708200404363766
6826.0 0.3378097654404491
6835.2 0.2760847948718999
6844.4 0.30198676464654206
6853.6 0.1911332994466937
6862.8 0.3079506752761967
6872.0 0.32049058469602554
6881.2 0.3077107177019776
6890.4 0.39515974243697805
6899.6 0.303493464944076
6908.8 0.3456061992022109
6918.0 0.29032881804739086
6927.2 0.30607718996244065
6936.4 0.4031981125604932
6945.6 0.29650935882727125
6954.8 0.29516913124606314
6964.0 0.3265998309131786
6973.2 0.2761006357748991
6982.4 0.3178040107649031
6991.6 0.26313367061869836
7000.8 0.3182956172166057
7010.0 0.28772116556857463
7019.2 0.37706243320160543
7028.4 0.29276896549561154
7037.6 0.2868739904380784
7046.8 0.3938069165569234
7056.0 0.291089296947912
7065.2 0.4197119055820432
7074.4 0.2632103327428162
7083.6 0.3559818689279968
7092.8 0.3793973090689837
7102.0 0.4298870470518118
7111.2 0.36668851866811664
7120.4 0.26688410164322596
7129.6 0.2701214736130241
7138.8 0.27395083793677044
7148.0 0.18817628745090204
7157.2 0.31130277062159306
7166.4 0.23561743173965452
7175.6 0.29450050543970396
7184.8 0.2985916363698165
7194.0 0.23745808205175492
7203.2 0.34936663482677
7212.4 0.21110011723076208
7221.6 0.15671188639813285
7230.8 0.24941414990914107
7240.0 0.2700584487800154
7249.2 0.31974963191189937
7258.4 0.1800806166592357
7267.6 0.15663205130159158
7276.8 0.19823715049544735
7286.0 0.22079880548062605
7295.2 0.3112162589605573
7304.4 0.2645505744868001
7313.6 0.3169867210527691
7322.8 0.14168439519045967
7332.0 0.23540360567330218
7341.2 0.15118133729415723
7350.4 0.12740767492053373
7359.6 0.35048787697497
7368.8 0.2541587250180053
7378.0 0.3843103442376385
7387.2 0.23712530966460094
7396.4 0.21277333100544504
7405.6 0.21075175480072328
7414.8 0.27649253671289004
7424.0 0.16345522812774155
7433.2 0.33722958202691616
7442.4 0.2531912813101784
7451.6 0.18835702612373817
7460.8 0.2356075999632286
7470.0 0.2255894423253759
7479.2 0.22290851430962869
7488.4 0.23671261951596773
7497.6 0.1645384792705656
7506.8 0.23257712972235675
7516.0 0.16260130975574977
7525.2 0.19707825570415444
7534.4 0.20668150201706625
7543.6 0.30632938141645555
7552.8 0.3139635923281271
7562.0 0.23454037271248737
7571.2 0.14373993386480735
7580.4 0.2629256791941741
7589.6 0.22495297762964028
7598.8 0.09469537399169152
7608.0 0.11422215538066223
7617.2 0.2894652713314811
7626.4 0.18849935048627167
7635.6 0.3914266358536667
7644.8 0.09707080314936382
7654.0 0.2771410717438759
7663.2 0.11290910122854649
7672.4 0.24138219519884954
7681.6 0.3523382097090047
7690.8 0.14485201981978255
7700.0 0.35939703029583703
7709.2 0.23181409948678863
7718.4 -0.002618688580149091
7727.6 0.3240659794201689
7736.8 0.1455645555013728
7746.0 0.28806555538294815
7755.2 0.37558829476647404
7764.4 0.17108860147856284
7773.6 -0.09909153335851596
7782.8 0.1496998499345626
7792.0 0.13263281334935517
7801.2 0.20867915223854647
7810.4 0.2578425864302628
7819.6 0.191311183227916
7828.8 0.12315522915860848
7838.0 0.38860400488128477
7847.2 0.1376229836100126
7856.4 0.13525095771121348
7865.6 0.09569262282366327
7874.8 0.29729930716146385
7884.0 0.2643644340437223
7893.2 0.4243322535738612
7902.4 0.0785790537891344
7911.6 0.01960486045409362
7920.8 0.5262928739577981
7930.0 0.16977418726452767
7939.2 0.36533457407189834
7948.4 -0.06575759201019783
7957.6 0.2751139891813135
7966.8 -0.1023502333401725
7976.0 -0.2521773853768616
7985.2 0.11248464983681167
7994.4 0.08872511481299053
8003.6 0.2539964991305104
8012.8 0.19236264859126698
8022.0 0.6201844719766567
8031.2 0.3259734533985558
8040.4 -0.10543872079731749
8049.6 0.13951288993556538
8058.8 -0.2399049342608149
8068.0 0.08915125514400887
8077.2 0.3729692687112835
8086.4 0.3901842823863912
