# TELESCOPE = UH88
# INSTRUMENT = SNIFS
# OBJECT = AT2022klh
# CHANNEL = B+R
# EXPNUM = 22_143_015_003
# MJD-OBS = 59722.356661
# DATE-OBS = 2022-05-23T08:33:15
# EXPTIME = 1800.0s
# AIRMASS = 1.07
# FLUXCAL_RMS_B = 0.313 mag
# FLUXCAL_RMS_R = 0.289 mag
# RA = 15:21:19.26
# DEC = 34:17:47.12
# wl fl err
# [A] [erg/s/cm2/A]
3402.860000 2.162285e-16 6.759469e-17
3405.860000 2.580621e-16 7.064107e-17
3408.860000 2.384671e-16 6.437758e-17
3411.860000 2.310409e-16 5.990566e-17
3414.860000 2.854595e-16 6.612532e-17
3417.860000 2.992955e-16 6.769293e-17
3420.860000 2.071661e-16 5.939948e-17
3423.860000 2.322353e-16 5.805152e-17
3426.860000 2.868404e-16 6.578782e-17
3429.860000 3.343944e-16 6.551644e-17
3432.860000 4.107269e-16 5.852771e-17
3435.860000 2.770888e-16 5.716950e-17
3438.860000 2.401051e-16 6.379858e-17
3441.860000 3.208445e-16 6.271380e-17
3444.860000 3.885887e-16 5.540349e-17
3447.860000 3.488239e-16 5.635478e-17
3450.860000 2.688451e-16 6.050978e-17
3453.860000 3.257858e-16 5.909153e-17
3456.860000 3.673438e-16 5.362395e-17
3459.860000 3.080059e-16 5.598827e-17
3462.860000 3.566750e-16 6.039309e-17
3465.860000 3.348286e-16 5.655272e-17
3468.860000 3.533449e-16 5.213175e-17
3471.860000 3.779830e-16 5.594440e-17
3474.860000 3.260211e-16 5.803381e-17
3477.860000 3.134828e-16 5.364452e-17
3480.860000 2.867648e-16 5.030307e-17
3483.860000 2.802551e-16 5.639289e-17
3486.860000 4.133365e-16 5.977900e-17
3489.860000 4.524441e-16 5.407733e-17
3492.860000 4.473459e-16 5.202897e-17
3495.860000 3.969047e-16 5.730947e-17
3498.860000 4.765505e-16 5.886318e-17
3501.860000 4.606933e-16 5.144566e-17
3504.860000 3.375418e-16 4.936823e-17
3507.860000 3.381177e-16 5.514552e-17
3510.860000 4.166906e-16 5.544338e-17
3513.860000 3.821627e-16 4.807663e-17
3516.860000 3.888093e-16 4.883943e-17
3519.860000 3.790243e-16 5.385462e-17
3522.860000 4.352625e-16 5.176403e-17
3525.860000 3.809872e-16 4.576058e-17
3528.860000 3.743476e-16 4.797685e-17
3531.860000 3.044077e-16 5.048950e-17
3534.860000 4.161865e-16 4.920021e-17
3537.860000 4.630146e-16 4.565864e-17
3540.860000 4.108279e-16 4.862366e-17
3543.860000 3.287991e-16 5.054974e-17
3546.860000 3.767478e-16 4.798967e-17
3549.860000 4.378371e-16 4.610073e-17
3552.860000 4.762817e-16 5.128764e-17
3555.860000 4.466786e-16 5.259074e-17
3558.860000 4.555696e-16 4.778328e-17
3561.860000 4.765270e-16 4.666792e-17
3564.860000 4.136115e-16 5.172830e-17
3567.860000 4.260268e-16 5.225865e-17
3570.860000 4.757189e-16 4.636719e-17
3573.860000 4.971890e-16 4.582328e-17
3576.860000 4.801364e-16 5.115267e-17
3579.860000 4.266943e-16 4.993796e-17
3582.860000 4.611613e-16 4.395519e-17
3585.860000 4.697685e-16 4.492222e-17
3588.860000 4.742853e-16 4.926276e-17
3591.860000 4.735065e-16 4.765221e-17
3594.860000 4.794358e-16 4.254821e-17
3597.860000 4.861406e-16 4.434686e-17
3600.860000 5.443479e-16 4.884174e-17
3603.860000 5.418814e-16 4.589333e-17
3606.860000 5.399467e-16 4.191090e-17
3609.860000 5.779255e-16 4.522790e-17
3612.860000 5.520002e-16 4.758884e-17
3615.860000 5.491835e-16 4.443331e-17
3618.860000 6.014640e-16 4.238766e-17
3621.860000 6.397364e-16 4.669298e-17
3624.860000 6.187605e-16 4.785340e-17
3627.860000 6.363923e-16 4.389416e-17
3630.860000 5.553799e-16 4.137092e-17
3633.860000 5.599728e-16 4.646280e-17
3636.860000 6.597885e-16 4.846093e-17
3639.860000 6.264358e-16 4.270890e-17
3642.860000 6.534198e-16 4.264880e-17
3645.860000 6.919049e-16 4.865810e-17
3648.860000 6.132586e-16 4.765226e-17
3651.860000 6.653417e-16 4.216874e-17
3654.860000 6.691558e-16 4.251968e-17
3657.860000 6.299634e-16 4.650128e-17
3660.860000 6.332772e-16 4.516630e-17
3663.860000 6.345358e-16 4.014393e-17
3666.860000 5.947679e-16 4.096241e-17
3669.860000 6.522525e-16 4.535812e-17
3672.860000 6.660270e-16 4.323107e-17
3675.860000 5.774832e-16 3.858751e-17
3678.860000 6.096616e-16 4.133880e-17
3681.860000 6.087556e-16 4.356562e-17
3684.860000 6.151392e-16 4.074734e-17
3687.860000 6.175928e-16 3.803496e-17
3690.860000 6.125204e-16 4.132785e-17
3693.860000 5.802826e-16 4.276053e-17
3696.860000 5.723907e-16 3.907554e-17
3699.860000 5.570843e-16 3.728336e-17
3702.860000 5.719757e-16 4.164906e-17
3705.860000 5.239404e-16 4.207415e-17
3708.860000 5.773119e-16 3.842978e-17
3711.860000 6.066855e-16 3.817857e-17
3714.860000 6.923641e-16 4.415590e-17
3717.860000 6.795473e-16 4.403158e-17
3720.860000 6.067098e-16 3.782278e-17
3723.860000 5.900284e-16 3.773958e-17
3726.860000 5.702965e-16 4.213937e-17
3729.860000 5.406636e-16 4.104177e-17
3732.860000 5.516668e-16 3.671995e-17
3735.860000 5.986848e-16 3.860535e-17
3738.860000 6.507776e-16 4.283613e-17
3741.860000 6.964628e-16 4.181884e-17
3744.860000 6.708463e-16 3.791028e-17
3747.860000 6.752804e-16 4.042869e-17
3750.860000 6.929425e-16 4.306344e-17
3753.860000 6.575191e-16 4.033703e-17
3756.860000 5.916695e-16 3.664613e-17
3759.860000 6.098873e-16 3.997626e-17
3762.860000 6.281525e-16 4.169287e-17
3765.860000 6.581566e-16 3.837903e-17
3768.860000 6.789811e-16 3.659996e-17
3771.860000 6.575470e-16 4.048832e-17
3774.860000 5.829697e-16 4.060047e-17
3777.860000 6.149376e-16 3.683065e-17
3780.860000 6.476485e-16 3.622451e-17
3783.860000 6.091951e-16 4.034141e-17
3786.860000 5.647109e-16 3.981207e-17
3789.860000 5.458003e-16 3.464969e-17
3792.860000 5.059611e-16 3.426768e-17
3795.860000 4.543272e-16 3.796307e-17
3798.860000 4.352890e-16 3.703760e-17
3801.860000 4.537016e-16 3.250557e-17
3804.860000 4.355196e-16 3.306442e-17
3807.860000 3.795643e-16 3.593580e-17
3810.860000 3.625486e-16 3.450088e-17
3813.860000 3.518678e-16 3.099547e-17
3816.860000 3.816917e-16 3.308414e-17
3819.860000 3.866369e-16 3.573027e-17
3822.860000 3.801397e-16 3.332651e-17
3825.860000 3.599238e-16 3.026784e-17
3828.860000 3.397332e-16 3.230327e-17
3831.860000 3.384177e-16 3.418110e-17
3834.860000 3.502653e-16 3.199684e-17
3837.860000 3.743101e-16 3.058988e-17
3840.860000 3.776163e-16 3.378728e-17
3843.860000 3.422477e-16 3.384984e-17
3846.860000 3.744399e-16 3.116405e-17
3849.860000 3.540532e-16 3.025977e-17
3852.860000 3.725613e-16 3.444139e-17
3855.860000 3.357825e-16 3.428284e-17
3858.860000 2.998777e-16 2.962737e-17
3861.860000 3.167239e-16 2.987506e-17
3864.860000 3.507064e-16 3.405202e-17
3867.860000 3.442808e-16 3.359501e-17
3870.860000 3.294153e-16 2.941214e-17
3873.860000 3.186134e-16 3.017815e-17
3876.860000 3.781656e-16 3.395465e-17
3879.860000 4.104398e-16 3.347358e-17
3882.860000 3.677583e-16 2.947614e-17
3885.860000 3.721008e-16 3.077101e-17
3888.860000 4.275578e-16 3.376272e-17
3891.860000 3.696495e-16 3.152425e-17
3894.860000 3.942333e-16 2.904349e-17
3897.860000 4.491405e-16 3.193211e-17
3900.860000 4.630293e-16 3.394422e-17
3903.860000 4.682724e-16 3.109766e-17
3906.860000 4.630797e-16 2.920472e-17
3909.860000 4.596369e-16 3.202722e-17
3912.860000 4.406252e-16 3.288419e-17
3915.860000 4.403236e-16 2.984650e-17
3918.860000 4.388024e-16 2.885399e-17
3921.860000 4.489077e-16 3.244999e-17
3924.860000 4.897287e-16 3.331930e-17
3927.860000 4.757467e-16 2.940059e-17
3930.860000 5.176058e-16 2.959946e-17
3933.860000 5.746689e-16 3.434913e-17
3936.860000 6.299166e-16 3.470131e-17
3939.860000 5.936433e-16 3.011525e-17
3942.860000 5.728849e-16 3.060158e-17
3945.860000 5.466370e-16 3.385738e-17
3948.860000 5.139170e-16 3.261873e-17
3951.860000 5.654705e-16 2.966785e-17
3954.860000 5.850741e-16 3.113931e-17
3957.860000 6.014575e-16 3.382330e-17
3960.860000 6.026277e-16 3.216487e-17
3963.860000 6.571296e-16 2.994752e-17
3966.860000 6.584395e-16 3.214627e-17
3969.860000 7.015027e-16 3.464961e-17
3972.860000 7.579636e-16 3.294113e-17
3975.860000 7.601704e-16 3.119080e-17
3978.860000 7.515359e-16 3.486990e-17
3981.860000 7.766003e-16 3.674661e-17
3984.860000 8.002680e-16 3.396777e-17
3987.860000 8.146395e-16 3.330263e-17
3990.860000 8.394793e-16 3.793151e-17
3993.860000 8.700243e-16 3.901755e-17
3996.860000 9.280658e-16 3.524907e-17
3999.860000 9.220793e-16 3.435135e-17
4002.860000 9.172617e-16 3.883797e-17
4005.860000 8.630088e-16 3.800663e-17
4008.860000 8.369565e-16 3.244025e-17
4011.860000 8.678865e-16 3.256385e-17
4014.860000 8.392046e-16 3.545823e-17
4017.860000 7.896926e-16 3.398137e-17
4020.860000 7.774044e-16 2.991187e-17
4023.860000 7.616515e-16 3.062311e-17
4026.860000 7.587201e-16 3.318500e-17
4029.860000 7.547243e-16 3.158352e-17
4032.860000 7.514450e-16 2.882988e-17
4035.860000 8.054180e-16 3.127978e-17
4038.860000 8.704579e-16 3.384427e-17
4041.860000 8.295520e-16 3.128924e-17
4044.860000 8.942643e-16 2.972541e-17
4047.860000 9.314341e-16 3.280850e-17
4050.860000 9.576784e-16 3.442028e-17
4053.860000 9.365333e-16 3.129400e-17
4056.860000 9.275423e-16 2.982793e-17
4059.860000 8.355956e-16 3.224246e-17
4062.860000 7.782351e-16 3.242525e-17
4065.860000 7.877004e-16 2.916995e-17
4068.860000 8.734062e-16 2.974730e-17
4071.860000 8.690317e-16 3.410520e-17
4074.860000 9.095525e-16 3.465270e-17
4077.860000 9.128221e-16 3.062837e-17
4080.860000 9.404805e-16 3.130171e-17
4083.860000 8.923521e-16 3.459657e-17
4086.860000 9.092894e-16 3.441004e-17
4089.860000 9.148526e-16 3.075929e-17
4092.860000 8.889008e-16 3.183090e-17
4095.860000 8.511477e-16 3.464887e-17
4098.860000 8.261704e-16 3.304293e-17
4101.860000 7.863927e-16 2.969689e-17
4104.860000 7.901246e-16 3.162841e-17
4107.860000 8.185856e-16 3.366900e-17
4110.860000 8.551170e-16 3.206135e-17
4113.860000 8.445165e-16 2.982840e-17
4116.860000 8.610941e-16 3.227976e-17
4119.860000 8.634619e-16 3.369780e-17
4122.860000 7.815202e-16 3.011629e-17
4125.860000 7.662535e-16 2.820428e-17
4128.860000 7.206757e-16 3.071071e-17
4131.860000 7.406237e-16 3.163064e-17
4134.860000 8.016504e-16 2.885591e-17
4137.860000 7.799736e-16 2.785363e-17
4140.860000 7.669031e-16 3.151284e-17
4143.860000 7.879121e-16 3.191754e-17
4146.860000 7.668650e-16 2.787344e-17
4149.860000 7.893300e-16 2.811743e-17
4152.860000 8.199572e-16 3.190113e-17
4155.860000 8.090914e-16 3.113778e-17
4158.860000 8.652059e-16 2.815167e-17
4161.860000 8.513014e-16 2.901327e-17
4164.860000 8.053605e-16 3.142260e-17
4167.860000 7.860351e-16 3.008342e-17
4170.860000 8.600594e-16 2.803673e-17
4173.860000 8.635245e-16 2.974540e-17
4176.860000 8.472274e-16 3.198076e-17
4179.860000 8.145744e-16 2.965197e-17
4182.860000 8.939175e-16 2.820287e-17
4185.860000 9.630618e-16 3.128604e-17
4188.860000 9.592268e-16 3.231085e-17
4191.860000 9.537042e-16 2.978622e-17
4194.860000 9.284296e-16 2.796804e-17
4197.860000 8.838994e-16 3.052099e-17
4200.860000 9.215686e-16 3.186189e-17
4203.860000 9.397409e-16 2.899923e-17
4206.860000 9.452341e-16 2.823599e-17
4209.860000 9.024927e-16 3.145844e-17
4212.860000 9.209034e-16 3.188886e-17
4215.860000 9.795378e-16 2.871596e-17
4218.860000 9.909877e-16 2.891112e-17
4221.860000 1.020681e-15 3.298041e-17
4224.860000 1.009444e-15 3.254978e-17
4227.860000 9.716528e-16 2.839001e-17
4230.860000 9.240779e-16 2.869708e-17
4233.860000 9.218804e-16 3.162024e-17
4236.860000 8.859254e-16 2.986027e-17
4239.860000 9.185845e-16 2.727083e-17
4242.860000 9.185791e-16 2.885734e-17
4245.860000 9.382888e-16 3.136892e-17
4248.860000 9.562457e-16 2.986101e-17
4251.860000 9.232879e-16 2.720347e-17
4254.860000 9.322093e-16 2.953031e-17
4257.860000 9.248086e-16 3.087979e-17
4260.860000 9.773794e-16 2.915741e-17
4263.860000 9.691448e-16 2.755836e-17
4266.860000 8.972959e-16 2.970351e-17
4269.860000 8.898704e-16 3.069284e-17
4272.860000 8.925832e-16 2.789778e-17
4275.860000 9.146075e-16 2.718814e-17
4278.860000 9.004988e-16 3.048302e-17
4281.860000 9.151226e-16 3.106685e-17
4284.860000 9.062648e-16 2.731237e-17
4287.860000 9.420300e-16 2.769200e-17
4290.860000 9.090710e-16 3.123942e-17
4293.860000 9.003564e-16 3.095314e-17
4296.860000 8.563109e-16 2.696623e-17
4299.860000 8.638073e-16 2.756615e-17
4302.860000 9.375173e-16 3.118487e-17
4305.860000 9.519325e-16 3.006413e-17
4308.860000 9.065653e-16 2.666706e-17
4311.860000 8.881274e-16 2.766332e-17
4314.860000 8.733423e-16 3.003384e-17
4317.860000 8.472910e-16 2.849845e-17
4320.860000 8.391450e-16 2.603226e-17
4323.860000 8.783256e-16 2.817843e-17
4326.860000 8.563315e-16 2.970393e-17
4329.860000 8.872588e-16 2.798220e-17
4332.860000 9.042821e-16 2.636244e-17
4335.860000 9.222621e-16 2.903722e-17
4338.860000 8.820154e-16 2.974725e-17
4341.860000 8.555611e-16 2.698112e-17
4344.860000 8.309133e-16 2.588437e-17
4347.860000 8.357998e-16 2.908088e-17
4350.860000 8.513101e-16 2.975886e-17
4353.860000 8.507366e-16 2.644850e-17
4356.860000 8.840768e-16 2.640075e-17
4359.860000 8.935666e-16 3.020428e-17
4362.860000 8.371296e-16 2.975443e-17
4365.860000 7.963048e-16 2.559125e-17
4368.860000 8.080864e-16 2.604649e-17
4371.860000 8.636217e-16 2.968595e-17
4374.860000 8.576012e-16 2.890640e-17
4377.860000 8.604477e-16 2.575115e-17
4380.860000 8.720215e-16 2.693489e-17
4383.860000 8.793769e-16 2.943502e-17
4386.860000 8.513479e-16 2.806662e-17
4389.860000 8.367702e-16 2.536587e-17
4392.860000 8.375356e-16 2.699934e-17
4395.860000 8.129402e-16 2.867842e-17
4398.860000 8.034682e-16 2.683009e-17
4401.860000 7.949134e-16 2.497532e-17
4404.860000 8.079397e-16 2.751871e-17
4407.860000 8.001691e-16 2.869077e-17
4410.860000 7.645220e-16 2.598289e-17
4413.860000 7.156739e-16 2.447221e-17
4416.860000 7.131709e-16 2.733252e-17
4419.860000 7.410980e-16 2.816820e-17
4422.860000 7.482833e-16 2.531348e-17
4425.860000 7.576940e-16 2.489432e-17
4428.860000 7.256174e-16 2.794889e-17
4431.860000 6.634338e-16 2.744658e-17
4434.860000 6.429914e-16 2.390204e-17
4437.860000 6.479679e-16 2.407229e-17
4440.860000 6.441594e-16 2.677793e-17
4443.860000 6.074833e-16 2.587856e-17
4446.860000 5.910400e-16 2.286575e-17
4449.860000 5.743418e-16 2.365706e-17
4452.860000 5.875775e-16 2.605380e-17
4455.860000 6.540067e-16 2.566693e-17
4458.860000 6.893185e-16 2.372000e-17
4461.860000 7.133914e-16 2.546368e-17
4464.860000 7.171614e-16 2.721168e-17
4467.860000 6.735817e-16 2.526717e-17
4470.860000 6.662379e-16 2.340975e-17
4473.860000 6.960330e-16 2.578191e-17
4476.860000 7.279145e-16 2.725189e-17
4479.860000 7.372891e-16 2.510482e-17
4482.860000 6.966185e-16 2.360719e-17
4485.860000 6.667088e-16 2.601873e-17
4488.860000 7.152053e-16 2.708054e-17
4491.860000 7.234525e-16 2.455577e-17
4494.860000 7.216975e-16 2.399050e-17
4497.860000 7.124688e-16 2.723031e-17
4500.860000 7.051383e-16 2.730009e-17
4503.860000 7.174215e-16 2.424721e-17
4506.860000 7.375385e-16 2.449185e-17
4509.860000 7.338814e-16 2.741803e-17
4512.860000 7.287874e-16 2.702581e-17
4515.860000 7.103705e-16 2.371943e-17
4518.860000 7.168886e-16 2.441934e-17
4521.860000 7.167261e-16 2.681313e-17
4524.860000 7.142275e-16 2.594045e-17
4527.860000 6.827548e-16 2.309241e-17
4530.860000 6.692483e-16 2.441187e-17
4533.860000 7.253730e-16 2.673932e-17
4536.860000 7.706623e-16 2.576449e-17
4539.860000 7.810516e-16 2.408519e-17
4542.860000 7.561728e-16 2.583815e-17
4545.860000 7.694543e-16 2.735144e-17
4548.860000 7.500185e-16 2.512380e-17
4551.860000 7.014916e-16 2.325963e-17
4554.860000 7.687300e-16 2.650780e-17
4557.860000 7.970872e-16 2.765080e-17
4560.860000 8.045760e-16 2.504907e-17
4563.860000 8.043969e-16 2.442743e-17
4566.860000 7.937314e-16 2.758186e-17
4569.860000 8.058591e-16 2.779890e-17
4572.860000 8.237404e-16 2.467244e-17
4575.860000 8.292885e-16 2.469191e-17
4578.860000 8.337561e-16 2.806740e-17
4581.860000 8.394767e-16 2.762265e-17
4584.860000 8.405906e-16 2.432294e-17
4587.860000 8.500754e-16 2.506777e-17
4590.860000 8.696375e-16 2.781263e-17
4593.860000 8.931890e-16 2.713280e-17
4596.860000 9.029165e-16 2.454325e-17
4599.860000 9.005537e-16 2.581590e-17
4602.860000 8.587086e-16 2.734286e-17
4605.860000 8.639981e-16 2.606086e-17
4608.860000 8.565117e-16 2.404855e-17
4611.860000 8.546436e-16 2.598236e-17
4614.860000 8.714258e-16 2.758604e-17
4617.860000 9.010581e-16 2.579226e-17
4620.860000 9.280383e-16 2.458738e-17
4623.860000 9.332701e-16 2.719985e-17
4626.860000 9.252744e-16 2.809966e-17
4629.860000 9.121279e-16 2.542736e-17
4632.860000 9.024892e-16 2.453667e-17
4635.860000 9.154470e-16 2.785526e-17
4638.860000 9.004637e-16 2.807247e-17
4641.860000 8.889505e-16 2.475295e-17
4644.860000 8.951593e-16 2.473439e-17
4647.860000 9.441655e-16 2.853409e-17
4650.860000 9.742039e-16 2.855468e-17
4653.860000 9.591174e-16 2.509743e-17
4656.860000 9.746092e-16 2.560467e-17
4659.860000 9.716796e-16 2.831240e-17
4662.860000 9.427374e-16 2.747794e-17
4665.860000 9.550167e-16 2.471216e-17
4668.860000 9.839946e-16 2.605937e-17
4671.860000 9.961169e-16 2.826688e-17
4674.860000 9.500630e-16 2.665558e-17
4677.860000 9.143954e-16 2.418445e-17
4680.860000 8.920562e-16 2.590069e-17
4683.860000 9.187878e-16 2.775068e-17
4686.860000 9.351227e-16 2.591646e-17
4689.860000 9.486590e-16 2.449439e-17
4692.860000 9.435570e-16 2.682935e-17
4695.860000 9.649960e-16 2.796236e-17
4698.860000 9.568699e-16 2.553227e-17
4701.860000 9.243680e-16 2.439214e-17
4704.860000 9.034596e-16 2.716974e-17
4707.860000 9.623068e-16 2.818651e-17
4710.860000 9.636439e-16 2.524352e-17
4713.860000 9.714745e-16 2.512795e-17
4716.860000 9.535899e-16 2.836008e-17
4719.860000 9.269761e-16 2.809359e-17
4722.860000 9.726375e-16 2.499583e-17
4725.860000 1.003110e-15 2.545701e-17
4728.860000 9.959351e-16 2.823041e-17
4731.860000 9.571686e-16 2.734092e-17
4734.860000 9.704993e-16 2.461634e-17
4737.860000 9.593161e-16 2.562640e-17
4740.860000 9.208323e-16 2.757038e-17
4743.860000 9.090625e-16 2.631259e-17
4746.860000 9.230845e-16 2.407732e-17
4749.860000 9.541797e-16 2.591159e-17
4752.860000 9.385885e-16 2.747502e-17
4755.860000 9.483572e-16 2.577886e-17
4758.860000 9.414230e-16 2.414089e-17
4761.860000 9.509705e-16 2.657970e-17
4764.860000 9.399472e-16 2.767503e-17
4767.860000 9.122903e-16 2.509306e-17
4770.860000 9.261509e-16 2.408406e-17
4773.860000 9.243461e-16 2.689808e-17
4776.860000 9.049475e-16 2.734996e-17
4779.860000 8.733958e-16 2.433427e-17
4782.860000 8.835399e-16 2.399960e-17
4785.860000 8.743115e-16 2.716148e-17
4788.860000 8.366699e-16 2.689471e-17
4791.860000 8.310169e-16 2.354696e-17
4794.860000 8.323552e-16 2.378618e-17
4797.860000 8.316864e-16 2.657297e-17
4800.860000 8.355667e-16 2.617294e-17
4803.860000 8.420313e-16 2.342864e-17
4806.860000 8.250229e-16 2.420591e-17
4809.860000 8.096170e-16 2.629435e-17
4812.860000 8.180628e-16 2.539800e-17
4815.860000 8.135721e-16 2.315683e-17
4818.860000 7.847042e-16 2.426569e-17
4821.860000 7.656016e-16 2.590439e-17
4824.860000 7.719396e-16 2.449026e-17
4827.860000 8.098111e-16 2.310291e-17
4830.860000 8.190748e-16 2.519797e-17
4833.860000 7.857474e-16 2.611208e-17
4836.860000 7.894218e-16 2.411843e-17
4839.860000 8.064958e-16 2.305294e-17
4842.860000 8.245021e-16 2.586231e-17
4845.860000 8.359834e-16 2.664259e-17
4848.860000 7.803203e-16 2.359355e-17
4851.860000 7.469724e-16 2.280515e-17
4854.860000 7.692473e-16 2.620497e-17
4857.860000 7.708030e-16 2.632247e-17
4860.860000 7.783066e-16 2.325377e-17
4863.860000 7.685047e-16 2.324292e-17
4866.860000 7.650399e-16 2.617075e-17
4869.860000 7.927951e-16 2.595633e-17
4872.860000 8.178408e-16 2.329004e-17
4875.860000 8.181165e-16 2.409098e-17
4878.860000 8.120541e-16 2.650396e-17
4881.860000 7.907433e-16 2.550117e-17
4884.860000 7.714651e-16 2.292714e-17
4887.860000 7.637414e-16 2.422703e-17
4890.860000 7.579868e-16 2.609330e-17
4893.860000 7.561515e-16 2.474441e-17
4896.860000 7.715350e-16 2.311067e-17
4899.860000 7.809273e-16 2.519378e-17
4902.860000 7.724979e-16 2.657282e-17
4905.860000 7.542295e-16 2.435004e-17
4908.860000 7.631748e-16 2.323058e-17
4911.860000 7.777541e-16 2.595006e-17
4914.860000 7.623928e-16 2.647640e-17
4917.860000 7.763452e-16 2.412272e-17
4920.860000 7.565200e-16 2.341875e-17
4923.860000 7.623197e-16 2.655255e-17
4926.860000 8.123679e-16 2.729395e-17
4929.860000 8.136599e-16 2.432199e-17
4932.860000 7.481043e-16 2.393029e-17
4935.860000 7.563132e-16 2.732087e-17
4938.860000 7.184609e-16 2.675784e-17
4941.860000 7.581571e-16 2.401418e-17
4944.860000 7.642893e-16 2.481276e-17
4947.860000 7.598470e-16 2.755495e-17
4950.860000 7.739699e-16 2.712778e-17
4953.860000 7.910935e-16 2.482345e-17
4956.860000 7.906945e-16 2.639542e-17
4959.860000 7.514546e-16 2.827070e-17
4962.860000 7.586762e-16 2.713494e-17
4965.860000 8.195543e-16 2.545865e-17
4968.860000 8.404361e-16 2.775933e-17
4971.860000 8.104994e-16 2.944979e-17
4974.860000 8.031212e-16 2.748307e-17
4977.860000 8.279379e-16 2.654086e-17
4980.860000 7.909093e-16 2.921183e-17
4983.860000 7.718445e-16 3.025198e-17
4986.860000 7.714170e-16 2.777784e-17
4989.860000 7.548050e-16 2.712411e-17
4992.860000 7.626624e-16 3.116698e-17
4995.860000 7.310456e-16 3.155868e-17
4998.860000 7.216966e-16 2.817348e-17
5001.860000 7.502043e-16 2.874808e-17
5004.860000 7.376857e-16 3.299035e-17
5007.860000 7.663031e-16 3.323763e-17
5010.860000 7.524128e-16 2.938964e-17
5013.860000 7.522624e-16 3.032820e-17
5016.860000 7.169455e-16 3.362764e-17
5019.860000 6.364073e-16 3.220507e-17
5022.860000 5.996144e-16 2.890183e-17
5025.860000 6.099075e-16 3.077432e-17
5028.860000 6.473219e-16 3.413227e-17
5031.860000 6.724204e-16 3.309852e-17
5034.860000 6.692683e-16 3.059980e-17
5037.860000 6.829128e-16 3.326311e-17
5040.860000 6.921694e-16 3.548863e-17
5043.860000 7.365391e-16 3.357025e-17
5046.860000 7.091006e-16 3.152219e-17
5049.860000 6.464353e-16 3.409280e-17
5052.860000 6.249236e-16 3.529108e-17
5055.860000 6.330913e-16 3.218557e-17
5058.860000 6.524453e-16 3.109900e-17
5061.860000 6.156491e-16 3.433783e-17
5064.860000 6.221072e-16 3.504770e-17
5067.860000 6.209022e-16 3.115654e-17
5070.860000 5.920965e-16 nan
5073.860000 5.590979e-16 nan
5076.860000 5.825620e-16 nan
5079.860000 5.618513e-16 nan
5082.860000 5.360357e-16 nan
5085.860000 5.556359e-16 nan
5088.860000 5.489742e-16 nan
5091.860000 5.752365e-16 nan
5094.860000 6.121632e-16 nan
5097.860000 5.958806e-16 nan
5100.860000 5.687092e-16 nan
5103.860000 5.599448e-16 nan
5106.860000 6.193059e-16 nan
5109.860000 6.511333e-16 nan
5112.860000 5.892365e-16 nan
5115.860000 5.854314e-16 nan
5118.860000 5.697180e-16 nan
5121.860000 1.043467e-15 nan
5124.860000 1.103376e-15 nan
5127.860000 9.657150e-16 nan
5130.860000 8.392039e-16 nan
5133.860000 1.079634e-15 nan
5136.860000 1.184588e-15 nan
5139.860000 1.050578e-15 nan
5142.860000 8.257983e-16 nan
5145.860000 7.390563e-16 nan
5148.860000 7.510796e-16 nan
5151.860000 7.237383e-16 nan
5154.860000 7.882892e-16 nan
5157.860000 8.497329e-16 nan
5160.860000 7.360570e-16 nan
5163.860000 7.338735e-16 nan
5166.860000 7.195884e-16 nan
5169.860000 6.798206e-16 nan
5172.860000 7.329213e-16 4.555981e-17
5175.860000 7.016940e-16 4.337494e-17
5178.860000 6.253561e-16 4.098525e-17
5181.860000 6.375523e-16 3.965247e-17
5184.860000 6.421322e-16 3.875185e-17
5187.860000 5.968628e-16 3.786823e-17
5190.860000 6.480558e-16 3.798064e-17
5193.860000 7.454949e-16 3.898942e-17
5196.860000 7.881843e-16 3.938746e-17
5199.860000 7.925094e-16 3.977187e-17
5202.860000 7.820427e-16 3.991628e-17
5205.860000 8.502405e-16 4.113565e-17
5208.860000 9.460940e-16 4.303959e-17
5211.860000 9.503983e-16 4.331892e-17
5214.860000 9.726567e-16 4.460181e-17
5217.860000 9.397431e-16 4.490558e-17
5220.860000 9.252900e-16 4.578030e-17
5223.860000 9.877397e-16 4.738306e-17
5226.860000 1.031835e-15 4.886068e-17
5229.860000 1.008768e-15 4.967611e-17
5232.860000 1.014593e-15 5.047187e-17
5235.860000 9.754954e-16 5.067099e-17
5238.860000 1.014143e-15 5.127824e-17
5241.860000 9.401883e-16 4.956338e-17
5244.860000 9.593252e-16 4.834379e-17
5247.860000 9.220257e-16 4.657470e-17
5250.860000 9.739703e-16 4.565279e-17
5253.860000 9.810457e-16 4.440833e-17
5256.860000 9.834357e-16 4.329645e-17
5259.860000 9.769017e-16 4.206177e-17
5262.860000 9.539085e-16 4.050951e-17
5265.860000 9.121798e-16 3.871247e-17
5268.860000 8.857474e-16 3.704697e-17
5271.860000 8.748793e-16 3.590594e-17
5274.860000 8.790427e-16 3.508264e-17
5277.860000 8.627302e-16 3.394053e-17
5280.860000 8.531622e-16 3.300089e-17
5283.860000 9.017080e-16 3.274190e-17
5286.860000 8.977327e-16 3.204152e-17
5289.860000 8.717826e-16 3.106884e-17
5292.860000 8.789596e-16 3.048432e-17
5295.860000 8.672302e-16 2.985959e-17
5298.860000 8.468948e-16 2.939648e-17
5301.860000 8.295628e-16 2.900637e-17
5304.860000 8.531980e-16 2.894697e-17
5307.860000 8.701702e-16 2.909004e-17
5310.860000 8.698357e-16 2.912931e-17
5313.860000 8.725035e-16 2.894216e-17
5316.860000 8.605090e-16 2.891512e-17
5319.860000 8.576300e-16 2.903283e-17
5322.860000 8.158424e-16 2.848058e-17
5325.860000 7.975590e-16 2.839768e-17
5328.860000 8.163253e-16 2.893437e-17
5331.860000 8.207521e-16 2.907148e-17
5334.860000 8.232650e-16 2.929431e-17
5337.860000 8.356952e-16 2.979207e-17
5340.860000 7.889616e-16 2.990802e-17
5343.860000 7.886241e-16 3.070082e-17
5346.860000 8.119160e-16 3.155802e-17
5349.860000 8.654632e-16 3.269059e-17
5352.860000 8.446772e-16 3.270502e-17
5355.860000 7.967696e-16 3.281022e-17
5358.860000 8.388935e-16 3.389803e-17
5361.860000 8.669204e-16 3.465967e-17
5364.860000 8.703239e-16 3.387525e-17
5367.860000 9.049552e-16 3.330679e-17
5370.860000 9.014529e-16 3.231464e-17
5373.860000 9.000409e-16 3.136753e-17
5376.860000 8.593260e-16 2.994880e-17
5379.860000 8.350876e-16 2.898369e-17
5382.860000 8.398877e-16 2.823675e-17
5385.860000 8.533055e-16 2.774233e-17
5388.860000 8.418952e-16 2.686675e-17
5391.860000 8.557332e-16 2.625100e-17
5394.860000 8.377048e-16 2.546137e-17
5397.860000 8.264639e-16 2.470864e-17
5400.860000 8.390851e-16 2.426120e-17
5403.860000 8.415463e-16 2.379346e-17
5406.860000 8.462003e-16 2.332483e-17
5409.860000 8.589045e-16 2.312600e-17
5412.860000 8.459674e-16 2.279409e-17
5415.860000 8.228044e-16 2.228305e-17
5418.860000 8.136137e-16 2.194249e-17
5421.860000 7.911661e-16 2.148187e-17
5424.860000 8.067936e-16 2.136882e-17
5427.860000 8.251684e-16 2.136028e-17
5430.860000 8.280270e-16 2.128412e-17
5433.860000 8.166489e-16 2.125424e-17
5436.860000 7.963092e-16 2.106332e-17
5439.860000 7.708682e-16 2.089958e-17
5442.860000 7.858276e-16 2.120695e-17
5445.860000 8.026549e-16 2.148633e-17
5448.860000 8.140540e-16 2.179167e-17
5451.860000 8.159911e-16 2.206469e-17
5454.860000 8.279958e-16 2.258677e-17
5457.860000 8.589540e-16 2.325084e-17
5460.860000 8.937167e-16 2.389143e-17
5463.860000 8.936053e-16 2.426274e-17
5466.860000 8.828842e-16 2.458355e-17
5469.860000 8.561616e-16 2.479079e-17
5472.860000 8.580034e-16 2.518162e-17
5475.860000 8.293048e-16 2.535522e-17
5478.860000 8.453918e-16 2.606525e-17
5481.860000 8.693046e-16 2.684594e-17
5484.860000 8.691960e-16 2.732094e-17
5487.860000 8.946076e-16 2.803592e-17
5490.860000 9.004003e-16 2.802084e-17
5493.860000 8.986512e-16 2.730109e-17
5496.860000 8.549227e-16 2.614576e-17
5499.860000 8.429567e-16 2.527382e-17
5502.860000 8.160075e-16 2.436657e-17
5505.860000 8.407214e-16 2.390035e-17
5508.860000 8.629317e-16 2.363432e-17
5511.860000 8.833204e-16 2.326683e-17
5514.860000 8.830819e-16 2.280806e-17
5517.860000 8.583972e-16 2.210381e-17
5520.860000 8.209333e-16 2.125311e-17
5523.860000 8.266987e-16 2.083766e-17
5526.860000 8.713593e-16 2.082984e-17
5529.860000 9.015495e-16 2.075259e-17
5532.860000 9.221619e-16 2.053320e-17
5535.860000 9.538131e-16 2.048869e-17
5538.860000 9.230994e-16 1.996668e-17
5541.860000 8.863854e-16 1.947792e-17
5544.860000 8.581061e-16 1.915946e-17
5547.860000 8.484545e-16 1.893900e-17
5550.860000 8.697604e-16 1.893729e-17
5553.860000 8.866855e-16 1.900518e-17
5556.860000 8.997869e-16 1.912718e-17
5559.860000 8.760382e-16 1.902431e-17
5562.860000 8.554868e-16 1.897321e-17
5565.860000 8.524351e-16 1.900035e-17
5568.860000 8.304384e-16 1.903112e-17
5571.860000 8.126982e-16 1.939023e-17
5574.860000 7.969873e-16 2.032359e-17
5577.860000 7.730059e-16 2.281160e-17
5580.860000 8.474817e-16 2.734792e-17
5583.860000 9.149202e-16 3.018150e-17
5586.860000 8.437857e-16 2.920822e-17
5589.860000 8.087906e-16 2.554473e-17
5592.860000 7.911858e-16 2.289489e-17
5595.860000 8.133245e-16 2.234863e-17
5598.860000 8.272695e-16 2.244513e-17
5601.860000 7.998461e-16 2.239528e-17
5604.860000 7.845101e-16 2.265886e-17
5607.860000 7.947838e-16 2.310525e-17
5610.860000 7.797280e-16 2.346723e-17
5613.860000 7.703168e-16 2.389475e-17
5616.860000 8.048672e-16 2.412109e-17
5619.860000 8.360362e-16 2.386420e-17
5622.860000 8.360010e-16 2.324294e-17
5625.860000 8.030194e-16 2.223306e-17
5628.860000 8.072004e-16 2.166192e-17
5631.860000 8.059141e-16 2.117954e-17
5634.860000 8.208946e-16 2.078196e-17
5637.860000 7.911645e-16 2.007146e-17
5640.860000 7.737288e-16 1.926807e-17
5643.860000 7.847722e-16 1.894386e-17
5646.860000 7.975039e-16 1.869429e-17
5649.860000 8.338492e-16 1.857220e-17
5652.860000 8.405643e-16 1.824736e-17
5655.860000 7.930366e-16 1.759009e-17
5658.860000 7.593852e-16 1.711120e-17
5661.860000 7.816155e-16 1.699597e-17
5664.860000 8.015674e-16 1.689172e-17
5667.860000 7.971944e-16 1.665808e-17
5670.860000 8.107750e-16 1.659660e-17
5673.860000 8.354636e-16 1.668726e-17
5676.860000 8.423581e-16 1.665596e-17
5679.860000 8.438276e-16 1.664345e-17
5682.860000 8.336735e-16 1.656490e-17
5685.860000 8.276350e-16 1.657512e-17
5688.860000 8.301860e-16 1.664782e-17
5691.860000 8.330883e-16 1.685311e-17
5694.860000 8.312903e-16 1.700237e-17
5697.860000 8.489157e-16 1.733238e-17
5700.860000 8.535010e-16 1.756817e-17
5703.860000 8.250352e-16 1.760969e-17
5706.860000 8.137191e-16 1.776488e-17
5709.860000 8.126274e-16 1.807208e-17
5712.860000 8.148655e-16 1.827894e-17
5715.860000 8.259351e-16 1.856934e-17
5718.860000 8.274060e-16 1.912994e-17
5721.860000 8.510497e-16 1.970480e-17
5724.860000 8.405536e-16 2.003726e-17
5727.860000 8.325349e-16 2.042149e-17
5730.860000 8.643410e-16 2.117400e-17
5733.860000 8.524640e-16 2.144681e-17
5736.860000 8.462363e-16 2.162551e-17
5739.860000 8.327464e-16 2.175549e-17
5742.860000 8.161378e-16 2.127684e-17
5745.860000 8.286871e-16 2.095729e-17
5748.860000 8.484869e-16 2.056949e-17
5751.860000 8.345557e-16 1.993024e-17
5754.860000 8.362101e-16 1.944480e-17
5757.860000 8.448903e-16 1.902139e-17
5760.860000 8.624640e-16 1.864544e-17
5763.860000 9.019519e-16 1.831590e-17
5766.860000 9.108795e-16 1.792400e-17
5769.860000 8.634765e-16 1.740601e-17
5772.860000 8.439658e-16 1.694108e-17
5775.860000 8.440174e-16 1.665968e-17
5778.860000 8.284591e-16 1.620518e-17
5781.860000 8.392956e-16 1.600231e-17
5784.860000 8.418000e-16 1.583579e-17
5787.860000 8.510309e-16 1.565067e-17
5790.860000 8.715504e-16 1.563592e-17
5793.860000 8.723608e-16 1.554583e-17
5796.860000 8.633104e-16 1.533214e-17
5799.860000 8.431306e-16 1.514181e-17
5802.860000 8.137858e-16 1.489047e-17
5805.860000 8.173858e-16 1.489263e-17
5808.860000 8.243455e-16 1.499420e-17
5811.860000 8.327122e-16 1.513942e-17
5814.860000 8.534667e-16 1.536825e-17
5817.860000 8.392147e-16 1.533881e-17
5820.860000 8.285666e-16 1.546244e-17
5823.860000 8.399072e-16 1.575126e-17
5826.860000 8.519853e-16 1.599463e-17
5829.860000 8.651011e-16 1.634407e-17
5832.860000 8.541023e-16 1.651662e-17
5835.860000 8.496362e-16 1.673841e-17
5838.860000 8.587092e-16 1.705996e-17
5841.860000 8.484857e-16 1.728841e-17
5844.860000 8.283875e-16 1.741732e-17
5847.860000 8.140341e-16 1.768243e-17
5850.860000 8.202920e-16 1.828801e-17
5853.860000 8.497116e-16 1.893454e-17
5856.860000 8.518085e-16 1.934966e-17
5859.860000 8.802546e-16 2.002797e-17
5862.860000 8.749823e-16 2.044711e-17
5865.860000 8.685595e-16 2.061946e-17
5868.860000 8.822756e-16 2.050801e-17
5871.860000 8.736356e-16 1.996833e-17
5874.860000 8.375058e-16 1.939652e-17
5877.860000 8.326075e-16 1.877788e-17
5880.860000 8.151685e-16 1.802738e-17
5883.860000 8.047144e-16 1.739815e-17
5886.860000 8.021761e-16 1.704348e-17
5889.860000 7.996392e-16 1.679089e-17
5892.860000 7.867382e-16 1.664633e-17
5895.860000 7.753490e-16 1.654292e-17
5898.860000 7.777227e-16 1.642956e-17
5901.860000 8.054052e-16 1.616672e-17
5904.860000 8.148270e-16 1.581793e-17
5907.860000 8.109753e-16 1.528325e-17
5910.860000 8.095299e-16 1.481835e-17
5913.860000 8.151348e-16 1.457133e-17
5916.860000 8.367238e-16 1.457068e-17
5919.860000 8.462200e-16 1.451526e-17
5922.860000 8.288933e-16 1.428182e-17
5925.860000 8.113133e-16 1.411392e-17
5928.860000 8.060003e-16 1.403316e-17
5931.860000 8.005277e-16 1.397819e-17
5934.860000 7.971163e-16 1.403012e-17
5937.860000 7.929852e-16 1.406700e-17
5940.860000 7.701315e-16 1.396242e-17
5943.860000 7.691663e-16 1.403819e-17
5946.860000 7.701976e-16 1.416010e-17
5949.860000 7.679343e-16 1.430486e-17
5952.860000 7.762939e-16 1.455652e-17
5955.860000 8.109304e-16 1.505795e-17
5958.860000 8.197543e-16 1.534386e-17
5961.860000 7.889512e-16 1.536085e-17
5964.860000 7.754763e-16 1.562355e-17
5967.860000 7.642758e-16 1.577571e-17
5970.860000 7.803642e-16 1.613563e-17
5973.860000 7.499622e-16 1.617758e-17
5976.860000 7.323723e-16 1.643113e-17
5979.860000 7.728373e-16 1.713004e-17
5982.860000 7.998046e-16 1.770218e-17
5985.860000 7.887646e-16 1.806074e-17
5988.860000 8.163351e-16 1.867589e-17
5991.860000 8.224109e-16 1.872966e-17
5994.860000 8.252167e-16 1.845332e-17
5997.860000 8.217473e-16 1.795855e-17
6000.860000 8.284066e-16 1.763072e-17
6003.860000 8.101795e-16 1.705041e-17
6006.860000 7.875926e-16 1.642653e-17
6009.860000 8.093159e-16 1.623961e-17
6012.860000 8.097191e-16 1.589534e-17
6015.860000 8.121130e-16 1.556490e-17
6018.860000 8.206110e-16 1.525177e-17
6021.860000 8.137453e-16 1.487702e-17
6024.860000 8.126264e-16 1.454788e-17
6027.860000 8.201989e-16 1.433458e-17
6030.860000 8.292847e-16 1.416670e-17
6033.860000 8.317857e-16 1.393547e-17
6036.860000 8.202986e-16 1.368312e-17
6039.860000 8.173342e-16 1.346074e-17
6042.860000 8.186182e-16 1.332404e-17
6045.860000 8.057733e-16 1.316872e-17
6048.860000 7.922933e-16 1.297309e-17
6051.860000 8.036599e-16 1.296287e-17
6054.860000 8.070459e-16 1.295097e-17
6057.860000 8.157069e-16 1.301251e-17
6060.860000 8.188108e-16 1.303703e-17
6063.860000 8.316784e-16 1.318329e-17
6066.860000 8.269653e-16 1.325417e-17
6069.860000 8.005705e-16 1.323276e-17
6072.860000 7.836802e-16 1.321616e-17
6075.860000 7.645325e-16 1.321612e-17
6078.860000 7.448865e-16 1.325141e-17
6081.860000 7.130110e-16 1.315936e-17
6084.860000 6.934725e-16 1.323442e-17
6087.860000 6.793135e-16 1.340234e-17
6090.860000 7.048127e-16 1.396194e-17
6093.860000 7.488470e-16 1.456386e-17
6096.860000 7.947018e-16 1.519042e-17
6099.860000 8.101155e-16 1.557062e-17
6102.860000 8.290369e-16 1.604716e-17
6105.860000 8.228820e-16 1.636974e-17
6108.860000 8.077494e-16 1.662252e-17
6111.860000 8.238759e-16 1.708708e-17
6114.860000 8.449735e-16 1.763155e-17
6117.860000 8.413007e-16 1.769470e-17
6120.860000 8.421080e-16 1.734437e-17
6123.860000 8.375685e-16 1.690210e-17
6126.860000 8.145684e-16 1.633983e-17
6129.860000 8.184855e-16 1.596285e-17
6132.860000 8.033285e-16 1.557093e-17
6135.860000 8.368155e-16 1.549369e-17
6138.860000 8.475484e-16 1.528861e-17
6141.860000 8.404517e-16 1.491609e-17
6144.860000 8.463198e-16 1.463785e-17
6147.860000 8.235215e-16 1.427873e-17
6150.860000 8.081063e-16 1.374989e-17
6153.860000 8.317205e-16 1.358330e-17
6156.860000 8.489801e-16 1.344467e-17
6159.860000 8.524456e-16 1.325586e-17
6162.860000 8.518458e-16 1.316657e-17
6165.860000 8.417302e-16 1.295356e-17
6168.860000 8.304464e-16 1.271229e-17
6171.860000 8.148614e-16 1.255675e-17
6174.860000 8.073005e-16 1.245449e-17
6177.860000 8.184673e-16 1.247023e-17
6180.860000 8.086426e-16 1.240319e-17
6183.860000 8.013400e-16 1.235471e-17
6186.860000 8.141205e-16 1.244189e-17
6189.860000 8.319810e-16 1.260778e-17
6192.860000 8.051805e-16 1.251373e-17
6195.860000 8.040548e-16 1.264753e-17
6198.860000 8.196052e-16 1.281242e-17
6201.860000 8.080550e-16 1.289404e-17
6204.860000 7.914497e-16 1.297791e-17
6207.860000 8.076469e-16 1.332326e-17
6210.860000 8.006811e-16 1.350054e-17
6213.860000 7.792243e-16 1.357847e-17
6216.860000 7.731686e-16 1.378236e-17
6219.860000 7.680374e-16 1.395812e-17
6222.860000 7.807900e-16 1.439338e-17
6225.860000 7.872717e-16 1.470955e-17
6228.860000 7.718192e-16 1.496632e-17
6231.860000 7.900502e-16 1.544082e-17
6234.860000 7.786720e-16 1.568757e-17
6237.860000 7.566448e-16 1.600453e-17
6240.860000 7.825594e-16 1.681243e-17
6243.860000 7.412159e-16 1.652768e-17
6246.860000 7.206347e-16 1.598706e-17
6249.860000 7.105556e-16 1.535365e-17
6252.860000 7.339844e-16 1.502960e-17
6255.860000 7.299013e-16 1.454952e-17
6258.860000 7.478047e-16 1.436154e-17
6261.860000 7.623609e-16 1.421363e-17
6264.860000 7.545696e-16 1.392359e-17
6267.860000 7.303927e-16 1.353231e-17
6270.860000 7.341000e-16 1.326405e-17
6273.860000 7.294071e-16 1.293490e-17
6276.860000 7.095549e-16 1.245544e-17
6279.860000 6.971038e-16 1.215618e-17
6282.860000 6.878048e-16 1.190618e-17
6285.860000 6.816771e-16 1.162777e-17
6288.860000 6.875327e-16 1.151390e-17
6291.860000 6.976250e-16 1.151619e-17
6294.860000 6.896601e-16 1.147590e-17
6297.860000 6.767228e-16 1.142162e-17
6300.860000 6.994385e-16 1.178151e-17
6303.860000 7.141197e-16 1.230255e-17
6306.860000 6.993963e-16 1.268576e-17
6309.860000 6.754301e-16 1.258761e-17
6312.860000 6.783035e-16 1.218911e-17
6315.860000 6.829188e-16 1.179597e-17
6318.860000 6.685385e-16 1.151475e-17
6321.860000 6.639326e-16 1.137536e-17
6324.860000 6.652270e-16 1.147407e-17
6327.860000 6.749988e-16 1.165810e-17
6330.860000 6.786522e-16 1.183607e-17
6333.860000 6.814618e-16 1.209178e-17
6336.860000 6.780871e-16 1.231130e-17
6339.860000 6.868286e-16 1.254537e-17
6342.860000 6.976070e-16 1.275812e-17
6345.860000 7.179971e-16 1.313293e-17
6348.860000 7.192348e-16 1.334667e-17
6351.860000 7.118080e-16 1.360377e-17
6354.860000 7.074672e-16 1.387231e-17
6357.860000 6.903642e-16 1.406738e-17
6360.860000 6.806379e-16 1.433286e-17
6363.860000 6.640963e-16 1.467720e-17
6366.860000 6.935794e-16 1.539492e-17
6369.860000 7.003764e-16 1.563510e-17
6372.860000 6.967806e-16 1.527025e-17
6375.860000 7.210319e-16 1.481449e-17
6378.860000 7.322119e-16 1.434954e-17
6381.860000 7.258350e-16 1.382513e-17
6384.860000 7.411362e-16 1.364747e-17
6387.860000 7.086209e-16 1.314736e-17
6390.860000 7.243973e-16 1.296753e-17
6393.860000 7.310716e-16 1.286160e-17
6396.860000 7.334973e-16 1.262216e-17
6399.860000 7.220812e-16 1.223423e-17
6402.860000 7.223016e-16 1.198759e-17
6405.860000 7.407395e-16 1.186503e-17
6408.860000 7.582629e-16 1.180235e-17
6411.860000 7.570505e-16 1.152850e-17
6414.860000 7.404811e-16 1.132910e-17
6417.860000 7.312609e-16 1.110821e-17
6420.860000 7.543389e-16 1.111593e-17
6423.860000 7.604784e-16 1.111234e-17
6426.860000 7.520916e-16 1.107875e-17
6429.860000 7.452159e-16 1.104456e-17
6432.860000 7.399415e-16 1.108780e-17
6435.860000 7.421109e-16 1.112665e-17
6438.860000 7.558998e-16 1.120699e-17
6441.860000 7.626023e-16 1.127417e-17
6444.860000 7.678300e-16 1.139388e-17
6447.860000 7.586718e-16 1.144678e-17
6450.860000 7.480289e-16 1.152565e-17
6453.860000 7.363270e-16 1.149845e-17
6456.860000 7.440362e-16 1.169824e-17
6459.860000 7.643622e-16 1.202186e-17
6462.860000 7.589368e-16 1.220779e-17
6465.860000 7.695970e-16 1.257891e-17
6468.860000 7.928838e-16 1.303622e-17
6471.860000 7.938501e-16 1.336992e-17
6474.860000 7.845583e-16 1.361787e-17
6477.860000 7.708147e-16 1.379834e-17
6480.860000 7.889254e-16 1.416499e-17
6483.860000 7.935029e-16 1.441656e-17
6486.860000 7.916214e-16 1.479917e-17
6489.860000 8.034830e-16 1.514904e-17
6492.860000 8.067768e-16 1.547552e-17
6495.860000 8.220883e-16 1.549925e-17
6498.860000 8.137439e-16 1.506351e-17
6501.860000 8.148877e-16 1.483813e-17
6504.860000 8.111805e-16 1.455786e-17
6507.860000 8.028870e-16 1.416166e-17
6510.860000 7.911010e-16 1.370720e-17
6513.860000 8.018402e-16 1.337831e-17
6516.860000 8.070303e-16 1.300691e-17
6519.860000 8.072056e-16 1.272961e-17
6522.860000 7.757301e-16 1.224481e-17
6525.860000 7.922489e-16 1.211853e-17
6528.860000 8.098791e-16 1.197684e-17
6531.860000 8.140476e-16 1.183984e-17
6534.860000 8.140702e-16 1.168806e-17
6537.860000 8.183913e-16 1.162824e-17
6540.860000 8.062711e-16 1.149581e-17
6543.860000 8.102366e-16 1.146421e-17
6546.860000 8.215345e-16 1.137499e-17
6549.860000 8.283953e-16 1.129605e-17
6552.860000 8.386083e-16 1.130323e-17
6555.860000 8.399091e-16 1.131677e-17
6558.860000 8.298601e-16 1.130394e-17
6561.860000 8.233274e-16 1.122606e-17
6564.860000 8.153825e-16 1.114714e-17
6567.860000 8.014447e-16 1.111585e-17
6570.860000 8.057302e-16 1.123953e-17
6573.860000 8.214009e-16 1.142531e-17
6576.860000 8.361118e-16 1.161241e-17
6579.860000 8.436492e-16 1.179634e-17
6582.860000 8.428628e-16 1.201011e-17
6585.860000 8.315998e-16 1.212644e-17
6588.860000 8.146826e-16 1.219883e-17
6591.860000 8.022863e-16 1.229998e-17
6594.860000 8.101039e-16 1.256966e-17
6597.860000 8.149129e-16 1.283724e-17
6600.860000 8.251522e-16 1.316618e-17
6603.860000 8.245471e-16 1.345877e-17
6606.860000 8.127934e-16 1.369449e-17
6609.860000 7.996593e-16 1.394594e-17
6612.860000 8.058766e-16 1.429405e-17
6615.860000 8.331900e-16 1.477994e-17
6618.860000 8.354000e-16 1.490213e-17
6621.860000 8.228674e-16 1.480566e-17
6624.860000 8.201743e-16 1.445372e-17
6627.860000 8.059932e-16 1.405132e-17
6630.860000 8.112000e-16 1.375765e-17
6633.860000 8.050178e-16 1.342276e-17
6636.860000 8.119272e-16 1.318087e-17
6639.860000 8.193887e-16 1.293193e-17
6642.860000 8.162845e-16 1.249744e-17
6645.860000 8.118084e-16 1.217131e-17
6648.860000 8.096519e-16 1.187776e-17
6651.860000 8.196229e-16 1.185330e-17
6654.860000 8.147922e-16 1.165290e-17
6657.860000 8.065641e-16 1.148920e-17
6660.860000 8.132466e-16 1.132380e-17
6663.860000 8.298037e-16 1.125274e-17
6666.860000 8.205549e-16 1.109206e-17
6669.860000 8.136625e-16 1.095428e-17
6672.860000 8.163297e-16 1.088493e-17
6675.860000 8.211759e-16 1.075039e-17
6678.860000 8.175338e-16 1.056362e-17
6681.860000 8.222800e-16 1.056260e-17
6684.860000 8.305709e-16 1.059281e-17
6687.860000 8.252388e-16 1.057771e-17
6690.860000 8.270598e-16 1.062289e-17
6693.860000 8.344493e-16 1.074162e-17
6696.860000 8.307788e-16 1.080402e-17
6699.860000 8.161305e-16 1.080026e-17
6702.860000 7.904559e-16 1.077072e-17
6705.860000 7.794324e-16 1.089012e-17
6708.860000 7.738486e-16 1.106650e-17
6711.860000 7.831126e-16 1.129408e-17
6714.860000 7.963777e-16 1.156434e-17
6717.860000 8.043428e-16 1.184390e-17
6720.860000 8.092822e-16 1.212551e-17
6723.860000 8.200984e-16 1.241810e-17
6726.860000 8.249697e-16 1.273868e-17
6729.860000 8.182300e-16 1.292956e-17
6732.860000 8.189799e-16 1.322636e-17
6735.860000 8.267188e-16 1.361454e-17
6738.860000 8.098728e-16 1.380651e-17
6741.860000 8.141804e-16 1.417734e-17
6744.860000 7.955806e-16 1.416698e-17
6747.860000 7.952678e-16 1.404117e-17
6750.860000 8.090915e-16 1.387178e-17
6753.860000 8.178033e-16 1.370828e-17
6756.860000 8.240617e-16 1.333241e-17
6759.860000 7.835248e-16 1.278030e-17
6762.860000 7.832383e-16 1.252212e-17
6765.860000 7.620997e-16 1.210390e-17
6768.860000 7.381154e-16 1.164143e-17
6771.860000 7.505587e-16 1.145611e-17
6774.860000 7.448719e-16 1.117642e-17
6777.860000 7.337581e-16 1.089587e-17
6780.860000 7.387114e-16 1.073206e-17
6783.860000 7.642667e-16 1.075116e-17
6786.860000 7.706273e-16 1.059240e-17
6789.860000 7.752039e-16 1.049368e-17
6792.860000 7.835291e-16 1.044613e-17
6795.860000 7.920677e-16 1.042450e-17
6798.860000 8.002747e-16 1.037365e-17
6801.860000 8.035492e-16 1.024717e-17
6804.860000 7.999696e-16 1.015231e-17
6807.860000 7.912820e-16 1.007723e-17
6810.860000 7.837688e-16 1.005672e-17
6813.860000 7.895734e-16 1.011344e-17
6816.860000 7.970534e-16 1.020558e-17
6819.860000 7.899151e-16 1.024575e-17
6822.860000 7.912838e-16 1.034987e-17
6825.860000 7.902238e-16 1.047388e-17
6828.860000 7.961705e-16 1.072042e-17
6831.860000 8.147003e-16 1.115530e-17
6834.860000 8.078597e-16 1.149644e-17
6837.860000 7.869662e-16 1.174539e-17
6840.860000 7.733637e-16 1.189385e-17
6843.860000 7.613016e-16 1.186994e-17
6846.860000 7.541356e-16 1.187269e-17
6849.860000 7.622883e-16 1.203876e-17
6852.860000 7.847409e-16 1.228713e-17
6855.860000 7.836967e-16 1.250408e-17
6858.860000 7.776293e-16 1.278352e-17
6861.860000 7.846380e-16 1.315821e-17
6864.860000 8.069443e-16 1.386254e-17
6867.860000 8.302807e-16 1.488692e-17
6870.860000 8.299716e-16 1.580130e-17
6873.860000 7.866488e-16 1.561654e-17
6876.860000 7.486203e-16 1.508967e-17
6879.860000 7.328519e-16 1.414870e-17
6882.860000 7.373507e-16 1.344868e-17
6885.860000 7.575074e-16 1.298936e-17
6888.860000 7.790408e-16 1.278680e-17
6891.860000 7.791778e-16 1.257438e-17
6894.860000 7.467886e-16 1.213708e-17
6897.860000 7.332704e-16 1.183301e-17
6900.860000 7.452419e-16 1.160187e-17
6903.860000 7.598862e-16 1.142753e-17
6906.860000 7.561850e-16 1.118955e-17
6909.860000 7.523001e-16 1.097634e-17
6912.860000 7.562491e-16 1.073951e-17
6915.860000 7.586014e-16 1.054281e-17
6918.860000 7.515562e-16 1.038101e-17
6921.860000 7.471437e-16 1.025156e-17
6924.860000 7.492804e-16 1.018356e-17
6927.860000 7.546866e-16 1.019386e-17
6930.860000 7.361540e-16 1.013613e-17
6933.860000 7.068761e-16 9.912918e-18
6936.860000 7.135939e-16 9.789166e-18
6939.860000 7.320598e-16 9.885671e-18
6942.860000 7.395131e-16 1.002035e-17
6945.860000 7.400615e-16 1.015715e-17
6948.860000 7.494201e-16 1.034873e-17
6951.860000 7.641871e-16 1.052938e-17
6954.860000 7.670028e-16 1.076610e-17
6957.860000 7.447744e-16 1.087781e-17
6960.860000 7.189731e-16 1.079434e-17
6963.860000 6.930702e-16 1.069586e-17
6966.860000 7.065089e-16 1.088380e-17
6969.860000 7.305594e-16 1.110730e-17
6972.860000 7.364233e-16 1.134889e-17
6975.860000 7.227903e-16 1.156456e-17
6978.860000 7.296923e-16 1.192609e-17
6981.860000 7.378829e-16 1.223506e-17
6984.860000 7.395716e-16 1.258188e-17
6987.860000 7.278553e-16 1.277256e-17
6990.860000 7.309634e-16 1.298535e-17
6993.860000 7.156979e-16 1.309561e-17
6996.860000 7.180308e-16 1.310168e-17
6999.860000 7.335883e-16 1.294143e-17
7002.860000 7.248182e-16 1.267378e-17
7005.860000 7.091446e-16 1.231419e-17
7008.860000 7.339227e-16 1.221586e-17
7011.860000 7.455896e-16 1.204919e-17
7014.860000 7.418501e-16 1.178239e-17
7017.860000 7.414778e-16 1.152827e-17
7020.860000 7.363335e-16 1.125229e-17
7023.860000 7.242525e-16 1.105137e-17
7026.860000 7.319634e-16 1.077584e-17
7029.860000 7.310620e-16 1.056806e-17
7032.860000 7.282690e-16 1.030452e-17
7035.860000 7.189318e-16 1.008874e-17
7038.860000 7.208569e-16 9.929234e-18
7041.860000 7.360992e-16 9.874810e-18
7044.860000 7.518183e-16 9.853650e-18
7047.860000 7.507354e-16 9.751791e-18
7050.860000 7.453942e-16 9.630521e-18
7053.860000 7.465221e-16 9.643947e-18
7056.860000 7.421090e-16 9.629668e-18
7059.860000 7.261852e-16 9.513768e-18
7062.860000 7.245652e-16 9.456247e-18
7065.860000 7.299078e-16 9.479757e-18
7068.860000 7.342256e-16 9.544150e-18
7071.860000 7.260660e-16 9.593588e-18
7074.860000 7.152176e-16 9.640722e-18
7077.860000 7.152575e-16 9.751656e-18
7080.860000 7.204508e-16 9.916750e-18
7083.860000 7.246356e-16 1.008539e-17
7086.860000 7.302686e-16 1.028598e-17
7089.860000 7.340433e-16 1.049999e-17
7092.860000 7.297964e-16 1.066631e-17
7095.860000 7.303977e-16 1.086503e-17
7098.860000 7.321123e-16 1.107548e-17
7101.860000 7.317306e-16 1.127565e-17
7104.860000 7.249097e-16 1.147566e-17
7107.860000 7.219785e-16 1.172012e-17
7110.860000 7.220202e-16 1.196025e-17
7113.860000 7.249671e-16 1.221916e-17
7116.860000 7.321378e-16 1.259077e-17
7119.860000 7.413373e-16 1.294184e-17
7122.860000 7.472409e-16 1.306046e-17
7125.860000 7.447248e-16 1.274098e-17
7128.860000 7.570019e-16 1.249621e-17
7131.860000 7.911219e-16 1.234129e-17
7134.860000 8.113142e-16 1.208424e-17
7137.860000 8.088376e-16 1.175033e-17
7140.860000 7.960972e-16 1.151096e-17
7143.860000 7.515303e-16 1.116366e-17
7146.860000 7.159176e-16 1.081246e-17
7149.860000 7.137380e-16 1.061098e-17
7152.860000 7.182319e-16 1.047678e-17
7155.860000 7.236297e-16 1.022498e-17
7158.860000 7.190473e-16 9.987308e-18
7161.860000 7.156376e-16 9.806045e-18
7164.860000 7.261368e-16 9.718871e-18
7167.860000 7.230256e-16 9.587831e-18
7170.860000 7.116431e-16 9.425221e-18
7173.860000 7.032697e-16 9.300127e-18
7176.860000 6.998368e-16 9.210842e-18
7179.860000 6.974362e-16 9.146721e-18
7182.860000 7.022647e-16 9.149836e-18
7185.860000 7.040297e-16 9.167605e-18
7188.860000 6.988700e-16 9.148772e-18
7191.860000 6.941656e-16 9.118948e-18
7194.860000 6.986152e-16 9.172198e-18
7197.860000 7.041832e-16 9.259805e-18
7200.860000 6.982305e-16 9.323445e-18
7203.860000 6.874875e-16 9.405228e-18
7206.860000 6.827612e-16 9.494332e-18
7209.860000 6.885629e-16 9.660455e-18
7212.860000 7.046123e-16 9.904779e-18
7215.860000 7.160457e-16 1.015894e-17
7218.860000 7.196258e-16 1.035936e-17
7221.860000 7.152220e-16 1.055198e-17
7224.860000 7.131508e-16 1.077623e-17
7227.860000 7.189744e-16 1.107055e-17
7230.860000 7.173123e-16 1.131184e-17
7233.860000 7.125511e-16 1.155102e-17
7236.860000 7.080044e-16 1.186350e-17
7239.860000 7.066949e-16 1.232496e-17
7242.860000 7.040013e-16 1.306635e-17
7245.860000 6.974551e-16 1.405465e-17
7248.860000 7.148351e-16 1.452578e-17
7251.860000 6.937552e-16 1.408634e-17
7254.860000 6.791875e-16 1.325744e-17
7257.860000 6.848541e-16 1.254161e-17
7260.860000 7.000127e-16 1.199501e-17
7263.860000 7.045509e-16 1.159205e-17
7266.860000 7.034597e-16 1.120563e-17
7269.860000 7.084350e-16 1.089692e-17
7272.860000 7.067926e-16 1.067545e-17
7275.860000 7.213724e-16 1.067627e-17
7278.860000 7.486826e-16 1.092945e-17
7281.860000 7.378110e-16 1.125942e-17
7284.860000 6.987898e-16 1.116033e-17
7287.860000 6.636136e-16 1.063080e-17
7290.860000 6.544058e-16 1.008213e-17
7293.860000 6.664621e-16 9.750641e-18
7296.860000 6.774100e-16 9.462457e-18
7299.860000 6.922050e-16 9.309648e-18
7302.860000 7.034166e-16 9.289853e-18
7305.860000 6.970117e-16 9.250295e-18
7308.860000 6.925813e-16 9.248177e-18
7311.860000 6.910655e-16 9.264731e-18
7314.860000 6.827631e-16 9.239456e-18
7317.860000 6.793399e-16 9.398335e-18
7320.860000 6.832945e-16 9.798109e-18
7323.860000 6.723888e-16 9.977240e-18
7326.860000 6.424344e-16 9.734580e-18
7329.860000 6.360870e-16 9.547936e-18
7332.860000 6.591807e-16 9.727405e-18
7335.860000 6.677180e-16 9.976781e-18
7338.860000 6.607405e-16 1.012024e-17
7341.860000 6.690077e-16 1.038669e-17
7344.860000 6.881432e-16 1.105433e-17
7347.860000 6.950883e-16 1.161662e-17
7350.860000 6.636973e-16 1.156419e-17
7353.860000 6.441659e-16 1.118168e-17
7356.860000 6.501478e-16 1.109203e-17
7359.860000 6.645029e-16 1.136824e-17
7362.860000 6.647053e-16 1.176484e-17
7365.860000 6.624325e-16 1.213856e-17
7368.860000 6.625699e-16 1.246786e-17
7371.860000 6.780661e-16 1.288997e-17
7374.860000 6.601048e-16 1.314717e-17
7377.860000 6.424356e-16 1.285838e-17
7380.860000 6.178933e-16 1.210914e-17
7383.860000 6.185067e-16 1.140144e-17
7386.860000 6.235880e-16 1.093264e-17
7389.860000 6.353195e-16 1.068049e-17
7392.860000 6.476677e-16 1.050182e-17
7395.860000 6.580371e-16 1.045795e-17
7398.860000 6.586318e-16 1.040143e-17
7401.860000 6.728856e-16 1.029367e-17
7404.860000 6.817625e-16 1.019484e-17
7407.860000 6.957147e-16 1.021531e-17
7410.860000 7.081797e-16 1.011148e-17
7413.860000 7.088906e-16 9.783967e-18
7416.860000 6.869642e-16 9.343705e-18
7419.860000 6.553638e-16 8.976802e-18
7422.860000 6.503257e-16 8.822048e-18
7425.860000 6.695279e-16 8.841170e-18
7428.860000 6.720344e-16 8.803069e-18
7431.860000 6.609139e-16 8.740586e-18
7434.860000 6.529999e-16 8.765609e-18
7437.860000 6.596962e-16 8.860262e-18
7440.860000 6.723552e-16 9.016609e-18
7443.860000 6.637062e-16 9.125152e-18
7446.860000 6.520787e-16 9.136546e-18
7449.860000 6.495236e-16 9.107279e-18
7452.860000 6.493063e-16 9.100025e-18
7455.860000 6.540129e-16 9.155613e-18
7458.860000 6.733499e-16 9.383950e-18
7461.860000 6.868473e-16 9.549819e-18
7464.860000 6.851333e-16 9.717247e-18
7467.860000 6.734248e-16 9.866728e-18
7470.860000 6.732424e-16 1.014688e-17
7473.860000 6.831657e-16 1.046972e-17
7476.860000 6.790743e-16 1.076838e-17
7479.860000 6.874929e-16 1.112791e-17
7482.860000 6.937114e-16 1.144153e-17
7485.860000 6.804412e-16 1.182762e-17
7488.860000 6.693079e-16 1.198677e-17
7491.860000 6.791064e-16 1.223005e-17
7494.860000 6.776075e-16 1.236774e-17
7497.860000 6.742088e-16 1.240490e-17
7500.860000 6.774078e-16 1.226761e-17
7503.860000 6.871795e-16 1.202726e-17
7506.860000 6.796318e-16 1.154650e-17
7509.860000 6.684023e-16 1.114129e-17
7512.860000 6.772796e-16 1.090081e-17
7515.860000 6.718761e-16 1.065285e-17
7518.860000 6.671054e-16 1.040753e-17
7521.860000 6.724990e-16 1.027212e-17
7524.860000 6.715193e-16 1.030539e-17
7527.860000 6.632428e-16 1.034528e-17
7530.860000 6.627137e-16 1.040695e-17
7533.860000 6.751379e-16 1.029920e-17
7536.860000 6.844248e-16 1.001418e-17
7539.860000 6.744503e-16 9.611904e-18
7542.860000 6.808261e-16 9.355362e-18
7545.860000 6.767843e-16 9.088842e-18
7548.860000 6.758496e-16 8.959828e-18
7551.860000 6.711267e-16 8.851711e-18
7554.860000 6.759121e-16 8.792503e-18
7557.860000 6.838166e-16 8.808078e-18
7560.860000 6.773634e-16 8.830665e-18
7563.860000 6.690561e-16 8.851293e-18
7566.860000 6.666381e-16 8.898240e-18
7569.860000 6.692140e-16 8.961235e-18
7572.860000 6.872426e-16 9.166213e-18
7575.860000 6.911220e-16 9.465105e-18
7578.860000 6.916452e-16 9.720179e-18
7581.860000 6.881722e-16 9.712726e-18
7584.860000 6.718795e-16 9.575980e-18
7587.860000 6.767186e-16 9.682497e-18
7590.860000 6.892976e-16 1.012192e-17
7593.860000 6.980087e-16 1.062302e-17
7596.860000 7.092384e-16 1.152402e-17
7599.860000 7.422283e-16 1.303134e-17
7602.860000 7.584131e-16 1.503594e-17
7605.860000 7.388655e-16 1.723112e-17
7608.860000 6.711923e-16 1.778396e-17
7611.860000 6.450170e-16 1.782711e-17
7614.860000 6.354063e-16 1.691304e-17
7617.860000 6.245678e-16 1.577477e-17
7620.860000 6.381865e-16 1.508159e-17
7623.860000 6.873663e-16 1.511087e-17
7626.860000 6.898112e-16 1.484480e-17
7629.860000 6.955074e-16 1.514418e-17
7632.860000 6.892182e-16 1.521250e-17
7635.860000 6.860015e-16 1.519083e-17
7638.860000 6.661052e-16 1.450839e-17
7641.860000 6.517181e-16 1.365991e-17
7644.860000 6.631906e-16 1.296958e-17
7647.860000 6.713487e-16 1.244193e-17
7650.860000 6.508170e-16 1.175730e-17
7653.860000 6.579106e-16 1.131560e-17
7656.860000 6.659135e-16 1.097949e-17
7659.860000 6.740106e-16 1.065744e-17
7662.860000 6.769046e-16 1.034149e-17
7665.860000 7.012141e-16 1.021196e-17
7668.860000 7.031276e-16 1.002059e-17
7671.860000 6.870483e-16 9.704351e-18
7674.860000 6.804685e-16 9.445998e-18
7677.860000 6.653471e-16 9.161649e-18
7680.860000 6.595861e-16 8.982268e-18
7683.860000 6.766880e-16 9.002993e-18
7686.860000 6.890530e-16 9.035647e-18
7689.860000 6.960412e-16 9.088304e-18
7692.860000 6.970375e-16 9.134577e-18
7695.860000 6.811250e-16 9.084754e-18
7698.860000 6.743559e-16 9.100557e-18
7701.860000 6.725716e-16 9.179282e-18
7704.860000 6.734430e-16 9.319554e-18
7707.860000 6.747352e-16 9.490971e-18
7710.860000 6.734214e-16 9.710572e-18
7713.860000 6.846511e-16 1.022267e-17
7716.860000 6.861035e-16 1.116046e-17
7719.860000 6.885897e-16 1.213674e-17
7722.860000 6.893397e-16 1.253489e-17
7725.860000 6.570748e-16 1.222138e-17
7728.860000 6.524818e-16 1.178995e-17
7731.860000 6.528639e-16 1.160913e-17
7734.860000 6.533900e-16 1.156063e-17
7737.860000 6.586350e-16 1.162023e-17
7740.860000 6.781448e-16 1.192834e-17
7743.860000 6.652464e-16 1.206791e-17
7746.860000 6.652400e-16 1.236883e-17
7749.860000 6.842197e-16 1.273907e-17
7752.860000 6.893864e-16 1.325853e-17
7755.860000 6.996706e-16 1.402951e-17
7758.860000 7.124128e-16 1.407253e-17
7761.860000 6.885276e-16 1.324734e-17
7764.860000 6.847547e-16 1.239114e-17
7767.860000 6.868611e-16 1.193119e-17
7770.860000 6.702280e-16 1.128883e-17
7773.860000 6.933554e-16 1.099771e-17
7776.860000 7.118754e-16 1.100429e-17
7779.860000 7.274881e-16 1.118435e-17
7782.860000 7.252234e-16 1.110457e-17
7785.860000 7.144205e-16 1.072471e-17
7788.860000 7.051947e-16 1.033345e-17
7791.860000 6.945968e-16 9.975249e-18
7794.860000 7.032292e-16 9.939976e-18
7797.860000 7.151733e-16 1.023094e-17
7800.860000 7.143825e-16 1.053497e-17
7803.860000 6.855898e-16 1.029929e-17
7806.860000 6.742227e-16 9.762112e-18
7809.860000 7.018906e-16 9.557031e-18
7812.860000 7.176958e-16 9.659571e-18
7815.860000 7.070103e-16 9.748751e-18
7818.860000 6.802184e-16 9.676069e-18
7821.860000 6.859955e-16 9.822213e-18
7824.860000 7.074995e-16 1.040284e-17
7827.860000 7.065710e-16 1.090249e-17
7830.860000 6.765178e-16 1.077161e-17
7833.860000 6.594742e-16 1.023253e-17
7836.860000 6.597853e-16 9.925193e-18
7839.860000 6.689601e-16 9.982234e-18
7842.860000 6.761828e-16 1.022522e-17
7845.860000 6.663968e-16 1.058854e-17
7848.860000 6.556856e-16 1.094665e-17
7851.860000 6.670533e-16 1.129349e-17
7854.860000 6.951417e-16 1.201456e-17
7857.860000 7.013698e-16 1.308270e-17
7860.860000 7.037990e-16 1.382002e-17
7863.860000 6.712585e-16 1.372391e-17
7866.860000 6.569084e-16 1.350781e-17
7869.860000 6.655091e-16 1.338068e-17
7872.860000 6.723358e-16 1.355041e-17
7875.860000 7.001734e-16 1.385999e-17
7878.860000 6.819213e-16 1.359187e-17
7881.860000 6.662192e-16 1.300596e-17
7884.860000 6.832565e-16 1.271648e-17
7887.860000 6.954794e-16 1.255916e-17
7890.860000 6.849139e-16 1.218996e-17
7893.860000 6.873517e-16 1.203921e-17
7896.860000 6.848440e-16 1.200702e-17
7899.860000 6.632115e-16 1.151805e-17
7902.860000 6.538085e-16 1.083588e-17
7905.860000 6.540225e-16 1.031498e-17
7908.860000 6.391874e-16 9.916750e-18
7911.860000 6.382284e-16 9.832778e-18
7914.860000 6.429286e-16 1.009503e-17
7917.860000 6.702241e-16 1.089663e-17
7920.860000 6.869329e-16 1.150088e-17
7923.860000 6.587545e-16 1.125630e-17
7926.860000 6.400180e-16 1.070107e-17
7929.860000 6.313098e-16 1.018732e-17
7932.860000 6.417378e-16 9.827363e-18
7935.860000 6.566660e-16 9.732769e-18
7938.860000 6.615376e-16 9.728003e-18
7941.860000 6.584168e-16 9.568056e-18
7944.860000 6.522893e-16 9.332308e-18
7947.860000 6.440258e-16 9.235974e-18
7950.860000 6.414640e-16 9.348840e-18
7953.860000 6.719998e-16 9.769477e-18
7956.860000 6.726747e-16 9.917610e-18
7959.860000 6.561526e-16 9.915011e-18
7962.860000 6.505257e-16 9.955731e-18
7965.860000 6.607453e-16 1.042954e-17
7968.860000 6.699219e-16 1.133272e-17
7971.860000 6.794164e-16 1.198753e-17
7974.860000 6.542517e-16 1.176829e-17
7977.860000 6.380104e-16 1.140677e-17
7980.860000 6.889349e-16 1.169670e-17
7983.860000 6.979517e-16 1.213806e-17
7986.860000 6.883351e-16 1.248820e-17
7989.860000 6.720242e-16 1.267847e-17
7992.860000 6.634942e-16 1.276025e-17
7995.860000 6.764944e-16 1.354135e-17
7998.860000 6.749606e-16 1.479090e-17
8001.860000 7.012482e-16 1.510438e-17
8004.860000 6.547570e-16 1.374465e-17
8007.860000 6.517200e-16 1.276631e-17
8010.860000 6.723695e-16 1.221465e-17
8013.860000 6.726741e-16 1.171744e-17
8016.860000 6.973991e-16 1.173769e-17
8019.860000 7.143888e-16 1.191888e-17
8022.860000 6.922059e-16 1.175009e-17
8025.860000 6.747012e-16 1.138747e-17
8028.860000 6.992331e-16 1.142193e-17
8031.860000 7.084427e-16 1.170098e-17
8034.860000 6.805459e-16 1.139532e-17
8037.860000 6.626797e-16 1.073893e-17
8040.860000 6.473950e-16 1.005231e-17
8043.860000 6.598848e-16 9.709158e-18
8046.860000 6.671136e-16 9.528237e-18
8049.860000 6.701353e-16 9.406315e-18
8052.860000 6.781071e-16 9.422086e-18
8055.860000 6.820454e-16 9.508597e-18
8058.860000 6.851385e-16 9.600037e-18
8061.860000 6.861610e-16 9.618221e-18
8064.860000 6.907678e-16 9.695341e-18
8067.860000 7.072981e-16 9.935143e-18
8070.860000 6.999211e-16 9.960708e-18
8073.860000 6.665812e-16 9.695910e-18
8076.860000 6.624184e-16 9.573026e-18
8079.860000 6.809442e-16 9.656179e-18
8082.860000 6.799343e-16 9.745620e-18
8085.860000 6.635843e-16 9.795301e-18
8088.860000 6.747292e-16 1.000039e-17
8091.860000 6.755699e-16 1.014991e-17
8094.860000 6.714994e-16 1.036802e-17
8097.860000 6.896225e-16 1.072485e-17
8100.860000 6.834148e-16 1.095482e-17
8103.860000 6.720727e-16 1.117197e-17
8106.860000 6.683298e-16 1.144320e-17
8109.860000 6.748057e-16 1.181623e-17
8112.860000 6.790820e-16 1.203741e-17
8115.860000 6.694191e-16 1.208379e-17
8118.860000 6.799691e-16 1.234297e-17
8121.860000 6.776537e-16 1.253779e-17
8124.860000 6.609248e-16 1.272893e-17
8127.860000 6.683350e-16 1.273830e-17
8130.860000 6.653048e-16 1.243577e-17
8133.860000 6.482910e-16 1.207920e-17
8136.860000 6.524617e-16 1.184292e-17
8139.860000 6.494436e-16 1.159249e-17
8142.860000 6.639648e-16 1.143237e-17
8145.860000 6.647315e-16 1.124850e-17
8148.860000 6.600197e-16 1.109649e-17
8151.860000 6.490574e-16 1.078133e-17
8154.860000 6.420065e-16 1.053503e-17
8157.860000 6.310330e-16 1.024142e-17
8160.860000 6.344217e-16 1.013700e-17
8163.860000 6.171677e-16 9.754379e-18
8166.860000 5.968723e-16 9.468321e-18
8169.860000 5.916811e-16 9.301449e-18
8172.860000 5.904996e-16 9.185550e-18
8175.860000 5.990380e-16 9.127369e-18
8178.860000 6.154222e-16 9.148042e-18
8181.860000 6.158910e-16 9.097721e-18
8184.860000 6.057670e-16 9.088647e-18
8187.860000 6.004320e-16 9.023065e-18
8190.860000 6.057162e-16 9.053187e-18
8193.860000 6.110940e-16 9.141260e-18
8196.860000 6.093728e-16 9.197991e-18
8199.860000 6.078327e-16 9.271142e-18
8202.860000 6.036649e-16 9.305843e-18
8205.860000 6.054744e-16 9.396717e-18
8208.860000 6.211847e-16 9.597561e-18
8211.860000 6.348993e-16 9.806393e-18
8214.860000 6.468291e-16 1.004873e-17
8217.860000 6.414284e-16 1.018360e-17
8220.860000 6.237685e-16 1.025430e-17
8223.860000 6.247893e-16 1.047661e-17
8226.860000 6.241112e-16 1.062749e-17
8229.860000 6.159461e-16 1.070492e-17
8232.860000 6.024712e-16 1.087203e-17
8235.860000 5.895682e-16 1.103996e-17
8238.860000 5.923533e-16 1.131056e-17
8241.860000 6.238156e-16 1.177446e-17
8244.860000 6.428889e-16 1.222169e-17
8247.860000 6.356471e-16 1.247117e-17
8250.860000 6.189884e-16 1.264130e-17
8253.860000 6.249676e-16 1.265071e-17
8256.860000 6.160469e-16 1.229972e-17
8259.860000 5.965307e-16 1.188071e-17
8262.860000 6.054949e-16 1.163640e-17
8265.860000 6.071241e-16 1.139708e-17
8268.860000 6.322183e-16 1.130978e-17
8271.860000 6.471686e-16 1.117101e-17
8274.860000 6.526227e-16 1.102219e-17
8277.860000 6.402166e-16 1.084355e-17
8280.860000 6.146925e-16 1.068286e-17
8283.860000 6.026270e-16 1.086936e-17
8286.860000 6.248132e-16 1.140264e-17
8289.860000 6.345655e-16 1.167429e-17
8292.860000 6.572433e-16 1.178811e-17
8295.860000 6.562050e-16 1.174672e-17
8298.860000 6.174520e-16 1.128802e-17
8301.860000 6.402160e-16 1.115150e-17
8304.860000 6.604599e-16 1.134387e-17
8307.860000 6.170212e-16 1.098394e-17
8310.860000 5.948549e-16 1.029503e-17
8313.860000 6.117569e-16 9.923921e-18
8316.860000 6.443821e-16 9.988338e-18
8319.860000 6.616055e-16 1.000765e-17
8322.860000 6.354178e-16 9.717966e-18
8325.860000 6.196743e-16 9.533837e-18
8328.860000 6.220658e-16 9.564115e-18
8331.860000 6.294464e-16 9.675162e-18
8334.860000 6.299831e-16 9.804365e-18
8337.860000 6.175222e-16 9.943825e-18
8340.860000 6.104453e-16 1.025649e-17
8343.860000 6.160461e-16 1.100405e-17
8346.860000 6.163536e-16 1.273097e-17
8349.860000 6.695880e-16 1.477472e-17
8352.860000 6.563072e-16 1.517732e-17
8355.860000 6.214033e-16 1.426307e-17
8358.860000 6.041007e-16 1.375047e-17
8361.860000 6.008726e-16 1.331813e-17
8364.860000 6.033500e-16 1.303284e-17
8367.860000 6.110736e-16 1.305635e-17
8370.860000 6.403209e-16 1.353877e-17
8373.860000 6.307476e-16 1.368437e-17
8376.860000 6.000486e-16 1.336824e-17
8379.860000 6.058937e-16 1.310533e-17
8382.860000 6.336394e-16 1.297478e-17
8385.860000 6.501133e-16 1.310057e-17
8388.860000 6.641924e-16 1.337786e-17
8391.860000 6.179885e-16 1.282956e-17
8394.860000 6.107546e-16 1.211804e-17
8397.860000 6.181433e-16 1.175919e-17
8400.860000 6.322412e-16 1.212169e-17
8403.860000 6.652159e-16 1.328753e-17
8406.860000 6.781880e-16 1.380749e-17
8409.860000 6.284809e-16 1.277015e-17
8412.860000 6.255744e-16 1.130865e-17
8415.860000 6.300390e-16 1.065442e-17
8418.860000 6.518510e-16 1.075890e-17
8421.860000 6.529376e-16 1.097878e-17
8424.860000 6.385075e-16 1.083140e-17
8427.860000 6.261494e-16 1.041663e-17
8430.860000 6.468501e-16 1.065590e-17
8433.860000 6.787361e-16 1.173614e-17
8436.860000 6.939427e-16 1.261348e-17
8439.860000 6.634187e-16 1.211527e-17
8442.860000 6.243599e-16 1.078040e-17
8445.860000 6.068045e-16 9.848365e-18
8448.860000 6.111422e-16 9.644607e-18
8451.860000 6.275197e-16 9.894634e-18
8454.860000 6.409166e-16 1.039248e-17
8457.860000 6.384200e-16 1.087147e-17
8460.860000 6.103361e-16 1.084676e-17
8463.860000 5.884773e-16 1.070176e-17
8466.860000 6.156295e-16 1.128120e-17
8469.860000 6.576012e-16 1.252161e-17
8472.860000 6.447622e-16 1.307798e-17
8475.860000 6.161498e-16 1.248181e-17
8478.860000 6.095136e-16 1.187464e-17
8481.860000 6.134676e-16 1.168816e-17
8484.860000 6.178110e-16 1.169693e-17
8487.860000 6.112293e-16 1.175632e-17
8490.860000 6.251490e-16 1.213256e-17
8493.860000 6.429918e-16 1.267515e-17
8496.860000 6.635070e-16 1.340338e-17
8499.860000 6.851130e-16 1.415895e-17
8502.860000 6.815097e-16 1.444466e-17
8505.860000 6.497298e-16 1.406545e-17
8508.860000 6.650071e-16 1.413981e-17
8511.860000 6.533761e-16 1.420591e-17
8514.860000 5.900197e-16 1.321974e-17
8517.860000 5.983030e-16 1.226507e-17
8520.860000 6.257266e-16 1.180235e-17
8523.860000 6.263952e-16 1.143753e-17
8526.860000 6.133110e-16 1.113011e-17
8529.860000 6.123566e-16 1.079893e-17
8532.860000 6.264733e-16 1.058818e-17
8535.860000 6.348874e-16 1.047044e-17
8538.860000 6.409960e-16 1.049169e-17
8541.860000 6.505624e-16 1.052884e-17
8544.860000 6.479518e-16 1.054573e-17
8547.860000 6.339375e-16 1.041706e-17
8550.860000 6.319310e-16 1.023872e-17
8553.860000 6.302162e-16 1.020948e-17
8556.860000 6.144821e-16 1.009477e-17
8559.860000 6.072942e-16 9.834038e-18
8562.860000 6.193641e-16 9.626125e-18
8565.860000 6.300269e-16 9.559871e-18
8568.860000 6.172431e-16 9.456136e-18
8571.860000 6.038381e-16 9.375746e-18
8574.860000 5.987335e-16 9.382889e-18
8577.860000 6.077948e-16 9.500691e-18
8580.860000 6.107861e-16 9.623267e-18
8583.860000 6.241357e-16 9.867014e-18
8586.860000 6.372218e-16 1.010135e-17
8589.860000 6.311916e-16 1.027083e-17
8592.860000 6.281711e-16 1.049770e-17
8595.860000 6.082080e-16 1.053988e-17
8598.860000 6.052980e-16 1.071049e-17
8601.860000 6.080232e-16 1.099300e-17
8604.860000 6.048897e-16 1.123272e-17
8607.860000 6.001455e-16 1.141806e-17
8610.860000 6.242004e-16 1.177824e-17
8613.860000 6.186811e-16 1.200021e-17
8616.860000 6.146344e-16 1.239039e-17
8619.860000 6.317583e-16 1.306902e-17
8622.860000 6.376612e-16 1.385987e-17
8625.860000 6.493333e-16 1.482034e-17
8628.860000 6.667180e-16 1.561709e-17
8631.860000 6.539780e-16 1.580737e-17
8634.860000 6.208128e-16 1.560774e-17
8637.860000 6.353106e-16 1.532449e-17
8640.860000 6.192577e-16 1.476824e-17
8643.860000 6.215848e-16 1.403437e-17
8646.860000 6.373039e-16 1.334893e-17
8649.860000 6.321498e-16 1.277203e-17
8652.860000 6.191531e-16 1.246726e-17
8655.860000 6.193721e-16 1.255929e-17
8658.860000 6.173480e-16 1.273578e-17
8661.860000 6.239235e-16 1.265990e-17
8664.860000 6.510443e-16 1.272961e-17
8667.860000 6.549459e-16 1.263471e-17
8670.860000 6.479407e-16 1.237546e-17
8673.860000 6.508923e-16 1.208291e-17
8676.860000 6.478633e-16 1.172890e-17
8679.860000 6.326090e-16 1.129801e-17
8682.860000 6.141543e-16 1.084320e-17
8685.860000 6.130997e-16 1.052646e-17
8688.860000 6.272456e-16 1.034769e-17
8691.860000 6.390622e-16 1.029155e-17
8694.860000 6.438548e-16 1.026706e-17
8697.860000 6.376181e-16 1.018253e-17
8700.860000 6.199019e-16 1.004747e-17
8703.860000 6.081944e-16 1.001519e-17
8706.860000 6.106817e-16 1.008194e-17
8709.860000 6.177442e-16 1.022244e-17
8712.860000 6.172736e-16 1.031623e-17
8715.860000 6.233939e-16 1.052252e-17
8718.860000 6.326681e-16 1.072544e-17
8721.860000 6.247399e-16 1.090265e-17
8724.860000 6.326206e-16 1.107066e-17
8727.860000 6.264188e-16 1.108986e-17
8730.860000 6.043794e-16 1.117485e-17
8733.860000 6.020934e-16 1.151929e-17
8736.860000 6.251280e-16 1.199636e-17
8739.860000 6.263963e-16 1.232218e-17
8742.860000 6.122394e-16 1.254590e-17
8745.860000 6.176173e-16 1.290961e-17
8748.860000 6.291425e-16 1.321085e-17
8751.860000 6.407054e-16 1.343462e-17
8754.860000 6.236290e-16 1.337321e-17
8757.860000 6.213945e-16 1.326460e-17
8760.860000 6.261116e-16 1.358675e-17
8763.860000 6.356415e-16 1.453971e-17
8766.860000 6.347137e-16 1.565772e-17
8769.860000 6.329521e-16 1.605876e-17
8772.860000 6.046063e-16 1.594665e-17
8775.860000 5.822911e-16 1.541945e-17
8778.860000 5.723969e-16 1.433703e-17
8781.860000 6.428641e-16 1.425899e-17
8784.860000 6.584308e-16 1.458650e-17
8787.860000 6.092878e-16 1.369501e-17
8790.860000 5.977267e-16 1.204493e-17
8793.860000 5.980849e-16 1.121985e-17
8796.860000 6.378774e-16 1.128804e-17
8799.860000 6.279684e-16 1.115358e-17
8802.860000 6.089896e-16 1.063551e-17
8805.860000 6.104872e-16 1.015760e-17
8808.860000 6.033236e-16 9.850980e-18
8811.860000 5.664719e-16 9.510288e-18
8814.860000 5.164695e-16 9.167566e-18
8817.860000 4.903485e-16 8.991602e-18
8820.860000 4.982587e-16 9.120938e-18
8823.860000 5.332591e-16 9.680954e-18
8826.860000 5.652712e-16 1.103363e-17
8829.860000 6.224151e-16 1.380927e-17
8832.860000 6.848396e-16 1.595190e-17
8835.860000 5.790128e-16 1.565884e-17
8838.860000 5.606668e-16 1.437118e-17
8841.860000 5.711292e-16 1.368623e-17
8844.860000 5.697496e-16 1.315804e-17
8847.860000 6.218698e-16 1.254155e-17
8850.860000 6.371239e-16 1.221658e-17
8853.860000 6.313283e-16 1.242287e-17
8856.860000 6.222540e-16 1.261041e-17
8859.860000 5.844924e-16 1.235293e-17
8862.860000 5.785841e-16 1.218958e-17
8865.860000 6.092846e-16 1.256169e-17
8868.860000 6.563888e-16 1.369627e-17
8871.860000 7.092759e-16 1.525836e-17
8874.860000 6.931421e-16 1.612781e-17
8877.860000 6.278741e-16 1.577254e-17
8880.860000 5.999824e-16 1.467995e-17
8883.860000 5.868843e-16 1.382330e-17
8886.860000 6.155894e-16 1.442847e-17
8889.860000 6.469547e-16 1.654112e-17
8892.860000 7.376834e-16 1.819364e-17
8895.860000 6.911048e-16 1.706966e-17
8898.860000 6.767795e-16 1.456247e-17
8901.860000 6.381011e-16 1.299062e-17
8904.860000 6.440329e-16 1.260112e-17
8907.860000 6.544394e-16 1.307834e-17
8910.860000 6.317995e-16 1.323432e-17
8913.860000 5.876151e-16 1.247025e-17
8916.860000 5.889960e-16 1.164544e-17
8919.860000 6.272012e-16 1.184651e-17
8922.860000 6.818383e-16 1.342104e-17
8925.860000 7.035672e-16 1.506381e-17
8928.860000 6.842661e-16 1.476558e-17
8931.860000 6.360923e-16 1.274170e-17
8934.860000 5.961244e-16 1.091044e-17
8937.860000 5.528625e-16 1.006152e-17
8940.860000 5.349792e-16 9.745658e-18
8943.860000 5.464157e-16 9.992199e-18
8946.860000 5.910590e-16 1.086544e-17
8949.860000 6.310759e-16 1.168066e-17
8952.860000 6.104927e-16 1.162221e-17
8955.860000 5.928369e-16 1.124676e-17
8958.860000 6.199115e-16 1.171743e-17
8961.860000 6.439676e-16 1.343545e-17
8964.860000 6.460021e-16 1.452474e-17
8967.860000 5.910126e-16 1.369718e-17
8970.860000 5.918008e-16 1.224324e-17
8973.860000 5.992081e-16 1.168195e-17
8976.860000 6.127608e-16 1.174263e-17
8979.860000 6.128351e-16 1.189802e-17
8982.860000 6.073927e-16 1.208935e-17
8985.860000 6.028802e-16 1.240217e-17
8988.860000 6.120830e-16 1.297668e-17
8991.860000 5.983139e-16 1.377200e-17
8994.860000 5.920580e-16 1.457940e-17
8997.860000 5.918230e-16 1.487046e-17
9000.860000 6.032647e-16 1.505024e-17
9003.860000 6.415808e-16 1.602980e-17
9006.860000 6.879709e-16 1.744150e-17
9009.860000 6.700820e-16 1.719088e-17
9012.860000 6.358007e-16 1.555022e-17
9015.860000 6.180899e-16 1.403064e-17
9018.860000 6.194105e-16 1.315187e-17
9021.860000 6.039729e-16 1.255262e-17
9024.860000 6.075996e-16 1.230189e-17
9027.860000 6.246220e-16 1.226323e-17
9030.860000 6.169180e-16 1.206017e-17
9033.860000 6.320826e-16 1.198238e-17
9036.860000 6.582945e-16 1.201694e-17
9039.860000 6.849850e-16 1.214692e-17
9042.860000 6.958816e-16 1.220952e-17
9045.860000 6.590933e-16 1.204452e-17
9048.860000 6.101038e-16 1.157109e-17
9051.860000 6.264046e-16 1.150937e-17
9054.860000 6.641298e-16 1.192736e-17
9057.860000 6.672837e-16 1.210816e-17
9060.860000 6.652595e-16 1.183415e-17
9063.860000 6.736012e-16 1.147937e-17
9066.860000 6.720059e-16 1.125799e-17
9069.860000 6.607036e-16 1.110286e-17
9072.860000 6.305044e-16 1.093110e-17
9075.860000 5.996302e-16 1.080417e-17
9078.860000 5.971670e-16 1.085737e-17
9081.860000 6.038234e-16 1.103115e-17
9084.860000 6.070670e-16 1.129713e-17
9087.860000 6.324026e-16 1.168663e-17
9090.860000 6.434823e-16 1.201405e-17
9093.860000 6.475611e-16 1.219080e-17
9096.860000 6.440633e-16 1.248977e-17
9099.860000 6.362888e-16 1.273940e-17
