5996.23291016001  3.763856E-16
6000.44252682108  3.794375E-16
6004.65214348215  3.702722E-16
6008.86176014322  3.792172E-16
6013.07137680429  3.914884E-16
6017.28099346536  3.843964E-16
6021.49061012643  3.896375E-16
6025.7002267875  3.957596E-16
6029.90984344857  4.001567E-16
6034.11946010964  3.999780E-16
6038.32907677071  4.015180E-16
6042.53869343178  4.092976E-16
6046.74831009285  3.962657E-16
6050.95792675392  4.022352E-16
6055.16754341499  4.126913E-16
6059.37716007606  4.174321E-16
6063.58677673713  4.089062E-16
6067.7963933982  4.017566E-16
6072.00601005926  3.947493E-16
6076.21562672034  4.076474E-16
6080.42524338141  4.018932E-16
6084.63486004248  4.079856E-16
6088.84447670355  4.076396E-16
6093.05409336462  4.074758E-16
6097.26371002568  4.058249E-16
6101.47332668676  3.943329E-16
6105.68294334783  3.931814E-16
6109.8925600089  3.923096E-16
6114.10217666997  3.915726E-16
6118.31179333104  3.920790E-16
6122.52140999211  4.009002E-16
6126.73102665318  3.832490E-16
6130.94064331425  3.822618E-16
6135.15025997532  3.811544E-16
6139.35987663639  3.905084E-16
6143.56949329746  3.833413E-16
6147.77910995853  3.711468E-16
6151.9887266196  3.831941E-16
6156.19834328067  3.784669E-16
6160.40795994174  3.799814E-16
6164.61757660281  3.780098E-16
6168.82719326388  3.763154E-16
6173.03680992494  3.764648E-16
6177.24642658602  3.810212E-16
6181.45604324709  3.743368E-16
6185.66565990816  3.830891E-16
6189.87527656923  3.717432E-16
6194.0848932303  3.808611E-16
6198.29450989137  3.716208E-16
6202.50412655244  3.708110E-16
6206.71374321351  3.816745E-16
6210.92335987458  3.815877E-16
6215.13297653565  3.785838E-16
6219.34259319672  3.801487E-16
6223.55220985779  3.722712E-16
6227.76182651886  3.644117E-16
6231.97144317993  3.697041E-16
6236.181059841  3.774050E-16
6240.39067650207  3.676381E-16
6244.60029316314  3.647941E-16
6248.80990982421  3.618093E-16
6253.01952648528  3.678151E-16
6257.22914314635  3.594360E-16
6261.43875980742  3.672101E-16
6265.64837646849  3.617136E-16
6269.85799312956  3.591539E-16
6274.06760979063  3.555021E-16
6278.2772264517  3.577170E-16
6282.48684311277  3.654721E-16
6286.69645977384  3.510059E-16
6290.90607643491  3.563050E-16
6295.11569309598  3.600838E-16
6299.32530975705  3.700844E-16
6303.53492641812  3.604366E-16
6307.74454307919  3.589019E-16
6311.95415974026  3.629931E-16
6316.16377640133  3.545041E-16
6320.3733930624  3.345609E-16
6324.58300972347  3.092385E-16
6328.79262638454  2.960343E-16
6333.00224304561  2.775799E-16
6337.21185970668  2.567291E-16
6341.42147636775  2.466162E-16
6345.63109302882  2.335568E-16
6349.84070968989  2.214589E-16
6354.05032635096  2.148553E-16
6358.25994301203  2.047891E-16
6362.4695596731  2.108750E-16
6366.67917633417  2.059470E-16
6370.88879299524  1.969825E-16
6375.09840965631  1.906506E-16
6379.30802631738  1.889072E-16
6383.51764297845  1.984965E-16
6387.72725963952  1.969808E-16
6391.93687630059  2.030466E-16
6396.14649296166  2.169779E-16
6400.35610962273  2.248056E-16
6404.5657262838  2.278882E-16
6408.77534294487  2.375966E-16
6412.98495960594  2.354407E-16
6417.19457626701  2.399448E-16
6421.40419292808  2.481925E-16
6425.61380958915  2.585331E-16
6429.82342625022  2.715053E-16
6434.03304291129  2.611293E-16
6438.24265957236  2.708730E-16
6442.45227623343  2.796373E-16
6446.6618928945  2.766344E-16
6450.87150955557  2.853933E-16
6455.08112621664  2.793127E-16
6459.29074287771  2.869358E-16
6463.50035953878  2.975695E-16
6467.70997619985  3.024245E-16
6471.91959286092  3.049304E-16
6476.12920952199  3.081052E-16
6480.33882618306  2.995620E-16
6484.54844284413  3.114731E-16
6488.7580595052  3.191372E-16
6492.96767616626  3.186945E-16
6497.17729282734  3.181935E-16
6501.38690948841  3.226090E-16
6505.59652614948  3.267111E-16
6509.80614281055  3.285350E-16
6514.01575947162  3.338984E-16
6518.22537613269  3.332288E-16
6522.43499279376  3.311792E-16
6526.64460945483  3.375222E-16
6530.8542261159  3.357154E-16
6535.06384277697  3.403620E-16
6539.27345943804  3.420637E-16
6543.48307609911  3.447897E-16
6547.69269276018  3.429857E-16
6551.90230942125  3.488145E-16
6556.11192608232  3.520927E-16
6560.32154274339  3.527413E-16
6564.53115940446  3.474808E-16
6568.74077606553  3.555829E-16
6572.9503927266  3.555775E-16
6577.16000938767  3.607859E-16
6581.36962604874  3.659330E-16
6585.57924270981  3.587658E-16
6589.78885937088  3.538051E-16
6593.99847603195  3.547057E-16
6598.20809269302  3.462463E-16
6602.41770935409  3.557601E-16
6606.62732601516  3.455660E-16
6610.83694267623  3.533091E-16
6615.0465593373  3.469769E-16
6619.25617599837  3.457964E-16
6623.46579265944  3.504576E-16
6627.67540932051  3.503592E-16
6631.88502598158  3.461374E-16
6636.09464264265  3.465019E-16
6640.30425930372  3.531919E-16
6644.51387596479  3.537104E-16
6648.72349262586  3.559079E-16
6652.93310928693  3.625729E-16
6657.142725948  3.613096E-16
6661.35234260907  3.566201E-16
6665.56195927014  3.552595E-16
6669.77157593121  3.573676E-16
6673.98119259228  3.610911E-16
6678.19080925335  3.549094E-16
6682.40042591442  3.599015E-16
6686.61004257549  3.588173E-16
6690.81965923656  3.531736E-16
6695.02927589763  3.491207E-16
6699.2388925587  3.445322E-16
6703.44850921977  3.529146E-16
6707.65812588084  3.533073E-16
6711.86774254191  3.538254E-16
6716.07735920298  3.478317E-16
6720.28697586405  3.493379E-16
6724.49659252512  3.565687E-16
6728.70620918619  3.434907E-16
6732.91582584726  3.524902E-16
6737.12544250833  3.529963E-16
6741.3350591694  3.512585E-16
6745.54467583047  3.424972E-16
6749.75429249154  3.398146E-16
6753.96390915261  3.348658E-16
6758.17352581368  3.399312E-16
6762.38314247475  3.385146E-16
6766.59275913582  3.400064E-16
6770.80237579689  3.380832E-16
6775.01199245796  3.337305E-16
6779.22160911903  3.381577E-16
6783.4312257801  3.364020E-16
6787.64084244117  3.307605E-16
6791.85045910224  3.265469E-16
6796.06007576331  3.297489E-16
6800.26969242438  3.289837E-16
6804.47930908545  3.250504E-16
6808.68892574652  3.158816E-16
6812.89854240759  3.209236E-16
6817.10815906866  3.103526E-16
6821.31777572973  3.057617E-16
6825.5273923908  3.070881E-16
6829.73700905187  3.098970E-16
6833.94662571294  3.048855E-16
6838.15624237401  3.158220E-16
6842.36585903508  3.152670E-16
6846.57547569615  3.133791E-16
6850.78509235722  3.082448E-16
6854.99470901829  3.159961E-16
6859.20432567936  3.071353E-16
6863.41394234043  2.991294E-16
6867.6235590015  2.810066E-16
6871.83317566257  2.809032E-16
6876.04279232364  2.993262E-16
6880.25240898471  2.975350E-16
6884.46202564578  2.980219E-16
6888.67164230685  2.984925E-16
6892.88125896792  2.736654E-16
6897.09087562899  2.827031E-16
6901.30049229006  2.848863E-16
6905.51010895113  2.784304E-16
6909.7197256122  2.826966E-16
6913.92934227327  2.823274E-16
6918.13895893434  2.732062E-16
6922.34857559541  2.753342E-16
6926.55819225648  2.722319E-16
6930.76780891755  2.745360E-16
6934.97742557862  2.716946E-16
6939.18704223969  2.693551E-16
6943.39665890076  2.734056E-16
6947.60627556183  2.721998E-16
6951.8158922229  2.662499E-16
6956.02550888397  2.627049E-16
6960.23512554504  2.710795E-16
6964.44474220611  2.670255E-16
6968.65435886718  2.693076E-16
6972.86397552825  2.673834E-16
6977.07359218932  2.604417E-16
6981.28320885039  2.631011E-16
6985.49282551146  2.619848E-16
6989.70244217253  2.592439E-16
6993.9120588336  2.523167E-16
6998.12167549467  2.557759E-16
7002.33129215574  2.491276E-16
7006.54090881681  2.534595E-16
7010.75052547788  2.425206E-16
7014.96014213895  2.486200E-16
7019.16975880002  2.487247E-16
7023.37937546109  2.516734E-16
7027.58899212216  2.599710E-16
7031.79860878323  2.458168E-16
7036.0082254443  2.400400E-16
7040.21784210537  2.412845E-16
7044.42745876644  2.457024E-16
7048.63707542751  2.372214E-16
7052.84669208858  2.374946E-16
7057.05630874965  2.318137E-16
7061.26592541072  2.279075E-16
7065.47554207179  2.346410E-16
7069.68515873286  2.383448E-16
7073.89477539393  2.375754E-16
7078.104392055  2.407702E-16
7082.31400871607  2.386532E-16
7086.52362537714  2.333935E-16
7090.73324203821  2.316553E-16
7094.94285869928  2.267168E-16
7099.15247536035  2.329932E-16
7103.36209202142  2.353938E-16
7107.57170868249  2.328293E-16
7111.78132534356  2.366304E-16
7115.99094200463  2.254199E-16
7120.2005586657  2.253185E-16
7124.41017532677  2.203654E-16
7128.61979198784  2.347331E-16
7132.82940864891  2.285903E-16
7137.03902530998  2.161432E-16
7141.24864197105  2.297262E-16
7145.45825863212  2.180764E-16
7149.66787529319  2.171621E-16
7153.87749195426  2.199015E-16
7158.08710861533  2.198818E-16
7162.2967252764  2.189364E-16
7166.50634193747  2.129312E-16
7170.71595859854  2.068414E-16
7174.92557525961  2.093945E-16
7179.13519192068  2.134234E-16
7183.34480858175  2.096996E-16
7187.55442524282  2.107873E-16
7191.76404190389  2.141171E-16
7195.97365856496  2.129621E-16
7200.18327522603  2.126329E-16
7204.3928918871  2.033099E-16
7208.60250854817  2.084915E-16
7212.81212520924  2.140326E-16
7217.02174187031  2.086932E-16
7221.23135853138  2.137788E-16
7225.44097519245  2.107977E-16
7229.65059185352  1.987403E-16
7233.86020851459  2.060312E-16
7238.06982517566  2.014892E-16
7242.27944183673  1.999329E-16
7246.4890584978  2.016526E-16
7250.69867515887  1.982760E-16
7254.90829181994  1.982116E-16
7259.11790848101  1.964811E-16
7263.32752514208  2.049611E-16
7267.53714180315  2.017474E-16
7271.74675846422  2.034326E-16
7275.95637512529  1.992445E-16
7280.16599178636  2.021796E-16
7284.37560844743  2.020731E-16
7288.5852251085  1.993534E-16
7292.79484176957  1.959750E-16
7297.00445843064  2.014183E-16
7301.21407509171  1.917207E-16
7305.42369175278  1.980315E-16
7309.63330841385  1.933685E-16
7313.84292507492  1.890855E-16
7318.05254173599  1.982652E-16
7322.26215839706  1.937436E-16
7326.47177505813  1.890117E-16
7330.6813917192  1.898293E-16
7334.89100838027  1.904707E-16
7339.10062504134  1.953671E-16
7343.31024170241  1.970422E-16
7347.51985836348  1.960410E-16
7351.72947502455  1.946741E-16
7355.93909168562  1.902370E-16
7360.14870834669  1.842864E-16
7364.35832500776  1.942862E-16
7368.56794166883  1.901267E-16
7372.7775583299  1.858344E-16
7376.98717499097  1.966472E-16
7381.19679165204  1.892003E-16
7385.40640831311  1.851668E-16
7389.61602497418  1.953608E-16
7393.82564163525  1.919067E-16
7398.03525829632  1.950279E-16
7402.24487495739  1.855981E-16
7406.45449161846  1.876050E-16
7410.66410827953  1.831130E-16
7414.8737249406  1.913765E-16
7419.08334160167  1.904925E-16
7423.29295826274  1.883402E-16
7427.50257492381  1.874729E-16
7431.71219158488  1.940149E-16
7435.92180824595  1.940294E-16
7440.13142490702  1.910623E-16
7444.34104156809  1.906868E-16
7448.55065822916  1.886589E-16
7452.76027489023  1.929392E-16
7456.9698915513  1.903908E-16
7461.17950821237  1.905008E-16
7465.38912487344  1.848650E-16
7469.59874153451  1.877870E-16
7473.80835819558  1.757730E-16
7478.01797485665  1.910078E-16
7482.22759151772  1.848599E-16
7486.43720817879  1.886084E-16
7490.64682483986  1.801215E-16
7494.85644150093  1.840822E-16
7499.066058162  1.843897E-16
7503.27567482307  1.819577E-16
7507.48529148414  1.847412E-16
7511.69490814521  1.837570E-16
7515.90452480628  1.811483E-16
7520.11414146735  1.895060E-16
7524.32375812842  1.864498E-16
7528.53337478949  1.814921E-16
7532.74299145056  1.821763E-16
7536.95260811163  1.708128E-16
7541.1622247727  1.851358E-16
7545.37184143377  1.906807E-16
7549.58145809484  1.745512E-16
7553.79107475591  1.790896E-16
7558.00069141698  1.806585E-16
7562.21030807805  1.881268E-16
7566.41992473912  1.738015E-16
7570.62954140019  1.799913E-16
7574.83915806126  1.760392E-16
7579.04877472233  1.776519E-16
7583.2583913834  1.871320E-16
7587.46800804447  1.964881E-16
7591.67762470554  1.899114E-16
7595.88724136661  1.550595E-16
7600.09685802768  1.575879E-16
7604.30647468875  1.522641E-16
7608.51609134982  1.749606E-16
7612.72570801089  1.953708E-16
7616.93532467196  1.972490E-16
7621.14494133303  1.967137E-16
7625.3545579941  1.811196E-16
7629.56417465517  1.630951E-16
7633.77379131624  1.785228E-16
7637.98340797731  1.649637E-16
7642.19302463838  1.696056E-16
7646.40264129945  1.597338E-16
7650.61225796052  1.618540E-16
7654.82187462159  1.657058E-16
7659.03149128266  1.712619E-16
7663.24110794373  1.629082E-16
7667.4507246048  1.620376E-16
7671.66034126587  1.678329E-16
7675.86995792694  1.637699E-16
7680.07957458801  1.590846E-16
7684.28919124908  1.595219E-16
7688.49880791015  1.544426E-16
7692.70842457122  1.551116E-16
7696.91804123229  1.563125E-16
7701.12765789336  1.539371E-16
7705.33727455443  1.551760E-16
7709.5468912155  1.391931E-16
7713.75650787657  1.538534E-16
7717.96612453764  1.442834E-16
7722.17574119871  1.464946E-16
7726.38535785978  1.522948E-16
7730.59497452085  1.473407E-16
7734.80459118192  1.364209E-16
7739.01420784299  1.516643E-16
7743.22382450406  1.365919E-16
7747.43344116513  1.382554E-16
7751.6430578262  1.279583E-16
7755.85267448727  1.230226E-16
7760.06229114834  1.309388E-16
7764.27190780941  1.298464E-16
7768.48152447048  1.303424E-16
7772.69114113155  1.339026E-16
7776.90075779262  1.336968E-16
7781.11037445369  1.334833E-16
7785.31999111476  1.395995E-16
7789.52960777583  1.266789E-16
7793.7392244369  1.388786E-16
7797.94884109797  1.355159E-16
7802.15845775904  1.284763E-16
7806.36807442011  1.330146E-16
7810.57769108118  1.361467E-16
7814.78730774225  1.345675E-16
7818.99692440332  1.253233E-16
7823.20654106439  1.256987E-16
7827.41615772546  1.318261E-16
7831.62577438653  1.311907E-16
7835.8353910476  1.345908E-16
7840.04500770867  1.288273E-16
7844.25462436974  1.379828E-16
7848.46424103081  1.310456E-16
7852.67385769188  1.327667E-16
7856.88347435295  1.325329E-16
7861.09309101402  1.231105E-16
7865.30270767509  1.297298E-16
7869.51232433616  1.316164E-16
7873.72194099723  1.363277E-16
7877.9315576583  1.335608E-16
7882.14117431937  1.280706E-16
7886.35079098044  1.323436E-16
7890.56040764151  1.317869E-16
7894.77002430258  1.280947E-16
7898.97964096365  1.249966E-16
7903.18925762472  1.250035E-16
7907.39887428579  1.265070E-16
7911.60849094686  1.238001E-16
7915.81810760793  1.300592E-16
7920.027724269  1.258689E-16
7924.23734093007  1.269773E-16
7928.44695759114  1.278587E-16
7932.65657425221  1.372241E-16
7936.86619091328  1.387825E-16
7941.07580757435  1.243814E-16
7945.28542423542  1.402046E-16
7949.49504089649  1.383675E-16
7953.70465755756  1.291127E-16
7957.91427421863  1.346376E-16
7962.1238908797  1.385598E-16
7966.33350754077  1.357407E-16
7970.54312420184  1.326127E-16
7974.75274086291  1.275629E-16
7978.96235752398  1.300559E-16
7983.17197418505  1.357116E-16
7987.38159084612  1.274492E-16
7991.59120750719  1.323873E-16
7995.80082416826  1.384968E-16
8000.01044082933  1.372058E-16
8004.2200574904  1.308313E-16
8008.42967415147  1.305849E-16
8012.63929081254  1.390598E-16
8016.84890747361  1.328879E-16
8021.05852413468  1.373850E-16
8025.26814079575  1.409397E-16
8029.47775745682  1.363556E-16
8033.68737411789  1.383085E-16
8037.89699077896  1.427175E-16
8042.10660744003  1.343786E-16
8046.3162241011  1.390264E-16
8050.52584076217  1.373458E-16
8054.73545742324  1.414721E-16
8058.94507408431  1.348964E-16
8063.15469074538  1.409234E-16
8067.36430740645  1.394898E-16
8071.57392406752  1.429728E-16
8075.78354072859  1.379373E-16
8079.99315738966  1.447775E-16
8084.20277405073  1.372061E-16
8088.4123907118  1.479846E-16
8092.62200737287  1.436461E-16
8096.83162403394  1.425065E-16
8101.04124069501  1.446870E-16
8105.25085735608  1.404873E-16
8109.46047401715  1.483780E-16
8113.67009067822  1.378896E-16
8117.87970733929  1.503779E-16
8122.08932400036  1.474499E-16
8126.29894066143  1.484330E-16
8130.5085573225  1.390618E-16
8134.71817398357  1.406548E-16
8138.92779064464  1.417394E-16
8143.13740730571  1.415326E-16
8147.34702396678  1.443997E-16
8151.55664062785  1.444314E-16
8155.76625728892  1.455736E-16
8159.97587394999  1.446406E-16
8164.18549061106  1.462356E-16
8168.39510727213  1.458072E-16
8172.6047239332  1.376279E-16
8176.81434059427  1.463172E-16
8181.02395725534  1.418549E-16
8185.23357391641  1.458495E-16
8189.44319057748  1.484135E-16
8193.65280723855  1.533136E-16
8197.86242389962  1.497555E-16
8202.07204056069  1.489924E-16
8206.28165722176  1.527175E-16
8210.49127388283  1.434612E-16
8214.7008905439  1.393229E-16
8218.91050720497  1.478358E-16
8223.12012386604  1.417969E-16
8227.32974052711  1.410135E-16
8231.53935718818  1.414623E-16
8235.74897384925  1.421763E-16
8239.95859051032  1.448940E-16
8244.16820717139  1.429368E-16
8248.37782383246  1.502317E-16
8252.58744049353  1.489739E-16
8256.7970571546  1.453360E-16
8261.00667381567  1.423430E-16
8265.21629047674  1.344823E-16
8269.42590713781  1.381830E-16
8273.63552379888  1.429906E-16
8277.84514045995  1.414573E-16
8282.05475712102  1.472360E-16
8286.26437378209  1.397688E-16
8290.47399044316  1.390897E-16
8294.68360710423  1.420441E-16
8298.8932237653  1.367924E-16
8303.10284042637  1.433385E-16
8307.31245708744  1.395068E-16
8311.52207374851  1.364534E-16
8315.73169040958  1.363943E-16
8319.94130707065  1.404927E-16
8324.15092373172  1.428791E-16
8328.36054039279  1.375190E-16
8332.57015705386  1.341532E-16
8336.77977371493  1.432872E-16
8340.989390376  1.474566E-16
8345.19900703707  1.420451E-16
8349.40862369814  1.314151E-16
8353.61824035921  1.276693E-16
8357.82785702028  1.282859E-16
8362.03747368135  1.266697E-16
8366.24709034242  1.330287E-16
8370.45670700349  1.287779E-16
8374.66632366456  1.302572E-16
8378.87594032563  1.340386E-16
8383.0855569867  1.318995E-16
8387.29517364777  1.304512E-16
8391.50479030884  1.312236E-16
8395.71440696991  1.305551E-16
8399.92402363098  1.263416E-16
8404.13364029205  1.248889E-16
8408.34325695312  1.247347E-16
8412.55287361419  1.311842E-16
8416.76249027526  1.389147E-16
8420.97210693633  1.298979E-16
8425.1817235974  1.294079E-16
8429.39134025847  1.302983E-16
8433.60095691954  1.281303E-16
8437.81057358061  1.138021E-16
8442.02019024168  1.269947E-16
8446.22980690275  1.375507E-16
8450.43942356382  1.273205E-16
8454.64904022489  1.276806E-16
8458.85865688596  1.275225E-16
8463.06827354703  1.331516E-16
8467.2778902081  1.290835E-16
8471.48750686917  1.186175E-16
8475.69712353024  1.162015E-16
8479.90674019131  1.163242E-16
8484.11635685238  1.111957E-16
8488.32597351345  1.073627E-16
8492.53559017452  1.055300E-16
8496.74520683559  1.114071E-16
8500.95482349666  1.132337E-16
8505.16444015773  1.136649E-16
8509.3740568188  1.056231E-16
8513.58367347987  1.023290E-16
8517.79329014094  1.009362E-16
8522.00290680201  9.819855E-17
8526.21252346308  8.529252E-17
8530.42214012415  9.566580E-17
8534.63175678522  9.056658E-17
8538.84137344629  8.905581E-17
8543.05099010736  9.008629E-17
8547.26060676843  8.507252E-17
8551.4702234295  9.123185E-17
8555.67984009057  9.043498E-17
8559.88945675164  9.067689E-17
8564.09907341271  9.036380E-17
8568.30869007378  8.361914E-17
8572.51830673485  9.218791E-17
8576.72792339592  9.731823E-17
8580.93754005699  9.735682E-17
8585.14715671806  9.780342E-17
8589.35677337913  1.007364E-16
8593.5663900402  1.095572E-16
8597.77600670127  1.029991E-16
8601.98562336234  1.032867E-16
8606.19524002341  1.154205E-16
8610.40485668448  1.201995E-16
8614.61447334555  1.203594E-16
8618.82409000662  1.189569E-16
8623.03370666769  1.220415E-16
8627.24332332876  1.110440E-16
8631.45293998983  1.015921E-16
8635.6625566509  1.196501E-16
8639.87217331197  1.150802E-16
8644.08178997304  1.036188E-16
8648.29140663411  9.395732E-17
8652.50102329518  7.613419E-17
8656.71063995625  9.414158E-17
8660.92025661732  9.416797E-17
8665.12987327839  9.029992E-17
8669.33948993946  8.869532E-17
8673.54910660053  9.287977E-17
8677.7587232616  1.035994E-16
8681.96833992267  9.558588E-17
8686.17795658374  9.603081E-17
8690.38757324481  9.555336E-17
8694.59718990588  9.062973E-17
8698.80680656695  1.000716E-16
8703.01642322802  1.006001E-16
8707.22603988909  1.075254E-16
8711.43565655016  1.010274E-16
8715.64527321123  1.161478E-16
8719.8548898723  1.233879E-16
8724.06450653337  1.137709E-16
8728.27412319444  1.175275E-16
8732.48373985551  1.145104E-16
8736.69335651658  1.150025E-16
8740.90297317765  1.247890E-16
8745.11258983872  1.242558E-16
8749.32220649979  1.311407E-16
8753.53182316086  1.249908E-16
8757.74143982193  1.251721E-16
8761.951056483  1.270716E-16
8766.16067314407  1.308484E-16
8770.37028980514  1.317979E-16
8774.57990646621  1.321868E-16
8778.78952312728  1.342895E-16
8782.99913978835  1.265440E-16
8787.20875644942  1.267921E-16
8791.41837311049  1.327575E-16
8795.62798977156  1.298457E-16
8799.83760643263  1.324724E-16
8804.0472230937  1.345142E-16
8808.25683975477  1.396825E-16
8812.46645641584  1.447277E-16
8816.67607307691  1.538706E-16
8820.88568973798  1.402941E-16
8825.09530639905  1.292532E-16
8829.30492306012  1.331132E-16
8833.51453972119  1.143550E-16
8837.72415638226  1.249206E-16
8841.93377304333  1.412210E-16
8846.1433897044  1.342163E-16
8850.35300636547  1.297996E-16
8854.56262302654  1.396775E-16
8858.77223968761  1.352643E-16
8862.98185634868  1.409863E-16
8867.19147300975  1.410961E-16
8871.40108967082  1.458585E-16
8875.61070633189  1.368030E-16
8879.82032299296  1.486942E-16
8884.02993965403  1.479202E-16
8888.2395563151  1.311759E-16
8892.44917297617  1.313136E-16
8896.65878963724  1.288560E-16
8900.86840629831  1.501811E-16
8905.07802295938  1.387828E-16
8909.28763962045  1.433538E-16
8913.49725628152  1.356048E-16
8917.70687294259  1.349363E-16
8921.91648960366  1.352811E-16
8926.12610626473  1.326970E-16
8930.3357229258  1.380837E-16
8934.54533958687  1.378764E-16
8938.75495624794  1.424137E-16
8942.96457290901  1.484927E-16
8947.17418957008  1.354514E-16
8951.38380623115  1.260155E-16
8955.59342289222  1.423627E-16
8959.80303955329  1.451870E-16
8964.01265621436  1.526240E-16
8968.22227287543  1.400674E-16
8972.4318895365  1.388217E-16
8976.64150619757  1.494872E-16
8980.85112285864  1.506605E-16
8985.06073951971  1.350464E-16
8989.27035618078  1.379256E-16
8993.47997284185  1.322606E-16
8997.68958950292  1.540385E-16
9001.89920616399  1.523535E-16
9006.10882282506  1.308796E-16
9010.31843948613  1.395955E-16
9014.5280561472  1.424925E-16
9018.73767280827  1.446111E-16
9022.94728946934  1.426012E-16
9027.15690613041  1.251834E-16
9031.36652279148  1.333544E-16
9035.57613945255  1.411881E-16
9039.78575611362  1.423036E-16
9043.99537277469  1.362825E-16
9048.20498943576  1.420345E-16
9052.41460609683  1.351066E-16
9056.6242227579  1.329912E-16
9060.83383941897  1.397615E-16
9065.04345608004  1.463387E-16
9069.25307274111  1.437090E-16
9073.46268940218  1.318537E-16
9077.67230606325  1.401559E-16
9081.88192272432  1.403952E-16
9086.09153938539  1.365896E-16
9090.30115604646  1.379044E-16
9094.51077270753  1.360234E-16
9098.7203893686  1.349121E-16
9102.93000602967  1.324914E-16
9107.13962269074  1.267894E-16
9111.34923935181  1.294009E-16
9115.55885601288  1.375513E-16
9119.76847267395  1.183831E-16
9123.97808933502  1.367252E-16
9128.18770599609  1.362667E-16
9132.39732265716  1.374527E-16
9136.60693931823  1.263102E-16
9140.8165559793  1.317430E-16
9145.02617264037  1.372237E-16
9149.23578930144  1.316296E-16
9153.44540596251  1.233715E-16
9157.65502262358  1.290928E-16
9161.86463928465  1.230549E-16
9166.07425594572  1.367937E-16
9170.28387260679  1.315701E-16
9174.49348926786  1.286171E-16
9178.70310592893  1.274335E-16
9182.91272259  1.332129E-16
9187.12233925107  1.314173E-16
9191.33195591214  1.254282E-16
9195.54157257321  1.214534E-16
9199.75118923428  1.029694E-16
9203.96080589535  1.101054E-16
9208.17042255642  1.248737E-16
9212.38003921749  1.191893E-16
9216.58965587856  1.196513E-16
9220.79927253963  1.214169E-16
9225.0088892007  1.109422E-16
9229.21850586177  1.070030E-16
9233.42812252284  1.033946E-16
9237.63773918391  1.049752E-16
9241.84735584498  1.138383E-16
9246.05697250605  1.028566E-16
9250.26658916712  1.020376E-16
9254.47620582819  9.397076E-17
9258.68582248926  1.059654E-16
9262.89543915033  1.153052E-16
9267.1050558114  1.132985E-16
9271.31467247247  1.042378E-16
9275.52428913354  1.221380E-16
9279.73390579461  1.065445E-16
9283.94352245568  1.044081E-16
9288.15313911675  9.661818E-17
9292.36275577782  9.375164E-17
9296.57237243889  1.028035E-16
9300.78198909996  9.251949E-17
9304.99160576103  1.058318E-16
9309.2012224221  1.176648E-16
9313.41083908317  9.937283E-17
9317.62045574424  9.798740E-17
9321.83007240531  9.168404E-17
9326.03968906638  1.014347E-16
9330.24930572745  1.147233E-16
9334.45892238852  1.023183E-16
9338.66853904959  1.073271E-16
9342.87815571066  1.091247E-16
9347.08777237173  1.080696E-16
9351.2973890328  1.095761E-16
9355.50700569387  1.159656E-16
9359.71662235494  1.025879E-16
9363.92623901601  1.086545E-16
9368.13585567708  1.173993E-16
9372.34547233815  1.047327E-16
9376.55508899922  1.233109E-16
9380.76470566029  1.327958E-16
9384.97432232136  1.151768E-16
9389.18393898243  1.438965E-16
9393.3935556435  1.091848E-16
9397.60317230457  9.558814E-17
9401.81278896564  1.103282E-16
9406.02240562671  1.099678E-16
9410.23202228778  7.926919E-17
9414.44163894885  9.301302E-17
9418.65125560992  9.064694E-17
9422.86087227099  1.062556E-16
9427.07048893206  9.170324E-17
9431.28010559313  1.143025E-16
9435.4897222542  1.087024E-16
9439.69933891527  9.808845E-17
9443.90895557634  1.025069E-16
9448.11857223741  1.055597E-16
9452.32818889848  9.773841E-17
9456.53780555955  7.645443E-17
9460.74742222062  7.551068E-17
9464.95703888169  9.993205E-17
9469.16665554276  1.153604E-16
9473.37627220383  1.087331E-16
9477.5858888649  9.360269E-17
9481.79550552597  1.157950E-16
9486.00512218704  6.877563E-17
9490.21473884811  8.784008E-17
9494.42435550918  9.297972E-17
9498.63397217025  7.031895E-17
9502.84358883132  9.844188E-17
9507.05320549239  9.260473E-17
9511.26282215346  1.184176E-16
9515.47243881453  1.231146E-16
9519.6820554756  7.430428E-17
9523.89167213667  6.610661E-17
9528.10128879774  8.701681E-17
9532.31090545881  8.851337E-17
9536.52052211988  7.670086E-17
9540.73013878095  8.377501E-17
9544.93975544202  1.117091E-16
9549.14937210309  9.784505E-17
9553.35898876416  7.267951E-17
9557.56860542523  7.747581E-17
9561.7782220863  9.339212E-17
9565.98783874737  9.065142E-17
9570.19745540844  1.007667E-16
9574.40707206951  8.880980E-17
9578.61668873058  8.898820E-17
9582.82630539165  9.460609E-17
9587.03592205272  8.440288E-17
9591.24553871379  9.717793E-17
9595.45515537486  7.193394E-17
9599.66477203593  6.755926E-17
9603.874388697  9.471767E-17
9608.08400535807  7.146489E-17
9612.29362201914  7.080857E-17
9616.50323868021  8.546868E-17
9620.71285534128  8.741074E-17
9624.92247200235  7.261501E-17
9629.13208866342  8.250899E-17
9633.34170532449  1.054611E-16
9637.55132198556  9.944111E-17
9641.76093864663  9.242055E-17
9645.9705553077  9.107174E-17
9650.18017196877  8.498698E-17
9654.38978862984  9.448528E-17
9658.59940529091  7.652953E-17
9662.80902195198  9.680642E-17
9667.01863861305  7.560903E-17
9671.22825527412  1.118107E-16
9675.43787193519  1.000111E-16
9679.64748859626  8.251220E-17
9683.85710525733  9.178935E-17
9688.0667219184  9.196885E-17
9692.27633857947  9.719363E-17
9696.48595524054  8.443587E-17
9700.69557190161  8.740217E-17
9704.90518856268  8.269829E-17
9709.11480522375  7.979402E-17
9713.32442188482  9.341916E-17
9717.53403854589  7.906562E-17
9721.74365520696  8.056192E-17
9725.95327186803  8.500290E-17
9730.1628885291  9.659437E-17
9734.37250519017  7.904334E-17
9738.58212185124  5.415476E-17
9742.79173851231  7.420097E-17
9747.00135517338  7.863859E-17
9751.21097183445  8.754563E-17
9755.42058849552  8.689222E-17
9759.63020515659  7.520236E-17
9763.83982181766  9.101313E-17
9768.04943847873  7.876698E-17
9772.2590551398  8.526152E-17
9776.46867180087  6.309375E-17
9780.67828846194  6.789847E-17
9784.88790512301  8.799789E-17
9789.09752178408  8.996612E-17
9793.30713844515  7.373937E-17
9797.51675510622  6.574965E-17
9801.72637176729  9.625997E-17
9805.93598842836  8.821487E-17
9810.14560508943  7.293294E-17
9814.3552217505  8.637155E-17
9818.56483841157  9.287618E-17
9822.77445507264  8.352075E-17
9826.98407173371  7.487246E-17
9831.19368839478  5.441595E-17
9835.40330505585  4.293750E-17
9839.61292171692  7.288491E-17
9843.82253837799  5.476664E-17
9848.03215503906  3.194001E-17
9852.24177170013  6.526698E-17
9856.4513883612  6.404937E-17
9860.66100502227  7.973547E-17
9864.87062168334  8.056769E-17
9869.08023834441  6.901159E-17
9873.28985500548  6.435316E-17
9877.49947166655  4.080744E-17
9881.70908832762  6.950453E-17
9885.91870498869  6.762057E-17
9890.12832164976  5.519725E-17
9894.33793831083  9.007905E-17
9898.5475549719  5.346366E-17
9902.75717163297  6.137496E-17
9906.96678829404  7.813302E-17
9911.17640495511  5.669201E-17
9915.38602161618  5.657362E-17
9919.59563827725  7.075792E-17
9923.80525493832  8.188473E-17
9928.01487159939  7.053157E-17
9932.22448826046  4.419292E-17
9936.43410492153  4.297461E-17
9940.6437215826  6.308428E-17
9944.85333824367  7.161505E-17
9949.06295490474  1.051467E-16
9953.27257156581  5.779343E-17
9957.48218822688  7.653681E-17
9961.69180488795  1.019046E-16
9965.90142154902  4.148862E-17
9970.11103821009  6.404881E-17
9974.32065487116  6.341818E-17
9978.53027153223  5.540165E-17
9982.7398881933  7.198559E-17
9986.94950485437  8.447188E-17
9991.15912151544  8.528521E-17
