# TELESCOPE = UH88
# INSTRUMENT = SNIFS
# OBJECT = 2025bdp
# CHANNEL = B+R
# EXPNUM = 25_047_034_002
# MJD-OBS = 60722.536719
# DATE-OBS = 2025-02-16T12:52:37
# EXPTIME = 1800.0s
# AIRMASS = 1.11
# FLUXCAL_RMS_B = 0.105 mag
# FLUXCAL_RMS_R = 0.074 mag
# RA = 13:57:50.10
# DEC = 11:56:01.78
# wl fl err
# [A] [erg/s/cm2/A]
3400.480000 9.660249e-18 3.671183e-17
3403.480000 1.011000e-16 3.912502e-17
3406.480000 9.887847e-17 3.522189e-17
3409.480000 7.676716e-17 3.263365e-17
3412.480000 7.391485e-17 3.566151e-17
3415.480000 8.507321e-17 3.588116e-17
3418.480000 5.121351e-17 3.158529e-17
3421.480000 6.836786e-17 3.117854e-17
3424.480000 8.414846e-17 3.532821e-17
3427.480000 5.558547e-17 3.536036e-17
3430.480000 6.409822e-17 3.075963e-17
3433.480000 1.360145e-16 3.138363e-17
3436.480000 9.979499e-17 3.457563e-17
3439.480000 7.457737e-17 3.357412e-17
3442.480000 1.116230e-16 2.892423e-17
3445.480000 1.559037e-16 2.943035e-17
3448.480000 1.027138e-16 3.206047e-17
3451.480000 1.077380e-16 3.336252e-17
3454.480000 6.856418e-17 2.919838e-17
3457.480000 1.176501e-16 3.033905e-17
3460.480000 8.728303e-17 3.162949e-17
3463.480000 1.142186e-16 2.970948e-17
3466.480000 1.196738e-16 2.724882e-17
3469.480000 1.060616e-16 2.944897e-17
3472.480000 1.207409e-16 3.097966e-17
3475.480000 1.233249e-16 2.821610e-17
3478.480000 1.097762e-16 2.623024e-17
3481.480000 7.826740e-17 2.898769e-17
3484.480000 1.339046e-16 3.056742e-17
3487.480000 1.230855e-16 2.752981e-17
3490.480000 1.099130e-16 2.651865e-17
3493.480000 1.257641e-16 3.014159e-17
3496.480000 1.513089e-16 3.055363e-17
3499.480000 7.529068e-17 2.580357e-17
3502.480000 4.667501e-17 2.640923e-17
3505.480000 8.447061e-17 2.977881e-17
3508.480000 6.643390e-17 2.915226e-17
3511.480000 1.224727e-16 2.555864e-17
3514.480000 4.135845e-17 2.501108e-17
3517.480000 1.327785e-17 2.734174e-17
3520.480000 5.756300e-17 2.703321e-17
3523.480000 9.436258e-17 2.420236e-17
3526.480000 1.284507e-16 2.531163e-17
3529.480000 1.267014e-16 2.710957e-17
3532.480000 1.390808e-16 2.631902e-17
3535.480000 1.014591e-16 2.424437e-17
3538.480000 1.085065e-16 2.664704e-17
3541.480000 1.300915e-16 2.850213e-17
3544.480000 9.385394e-17 2.640273e-17
3547.480000 7.744058e-17 2.484104e-17
3550.480000 1.019200e-16 2.741976e-17
3553.480000 1.146281e-16 2.823025e-17
3556.480000 5.431499e-17 2.485071e-17
3559.480000 4.289078e-17 2.322400e-17
3562.480000 6.657597e-17 2.608516e-17
3565.480000 1.076206e-16 2.633608e-17
3568.480000 8.422792e-17 2.259261e-17
3571.480000 5.062573e-17 2.159653e-17
3574.480000 2.369110e-17 2.412465e-17
3577.480000 3.272846e-17 2.408695e-17
3580.480000 6.117763e-17 2.166979e-17
3583.480000 6.568242e-17 2.248238e-17
3586.480000 3.690033e-17 2.305775e-17
3589.480000 6.532141e-17 2.288767e-17
3592.480000 5.893156e-17 2.117113e-17
3595.480000 5.382352e-17 2.298722e-17
3598.480000 8.306390e-17 2.563762e-17
3601.480000 9.843230e-17 2.493503e-17
3604.480000 7.786930e-17 2.265523e-17
3607.480000 9.738617e-17 2.381315e-17
3610.480000 1.039705e-16 2.472015e-17
3613.480000 9.824143e-17 2.304592e-17
3616.480000 8.567546e-17 2.180268e-17
3619.480000 9.045728e-17 2.375136e-17
3622.480000 1.089162e-16 2.427613e-17
3625.480000 5.599485e-17 2.189813e-17
3628.480000 7.531589e-17 2.173187e-17
3631.480000 1.205647e-16 2.463354e-17
3634.480000 8.555418e-17 2.424080e-17
3637.480000 6.401278e-17 2.119790e-17
3640.480000 6.283792e-17 2.111751e-17
3643.480000 8.428124e-17 2.437612e-17
3646.480000 9.082955e-17 2.399505e-17
3649.480000 6.248443e-17 2.045526e-17
3652.480000 4.480014e-17 2.057029e-17
3655.480000 5.189337e-17 2.334003e-17
3658.480000 8.654703e-17 2.358714e-17
3661.480000 8.871642e-17 2.131760e-17
3664.480000 9.365837e-17 2.225834e-17
3667.480000 1.266817e-16 2.433806e-17
3670.480000 1.006553e-16 2.303074e-17
3673.480000 8.207453e-17 2.087096e-17
3676.480000 9.280190e-17 2.235941e-17
3679.480000 1.112869e-16 2.379177e-17
3682.480000 8.794009e-17 2.185673e-17
3685.480000 8.828116e-17 2.015251e-17
3688.480000 8.752457e-17 2.183656e-17
3691.480000 8.059644e-17 2.278960e-17
3694.480000 1.224279e-16 2.136269e-17
3697.480000 1.016575e-16 2.047551e-17
3700.480000 7.777748e-17 2.270885e-17
3703.480000 1.140609e-16 2.336708e-17
3706.480000 1.150278e-16 2.044457e-17
3709.480000 1.071431e-16 1.944365e-17
3712.480000 7.820082e-17 2.189550e-17
3715.480000 6.700717e-17 2.240566e-17
3718.480000 1.069567e-16 2.009947e-17
3721.480000 1.457833e-16 1.991471e-17
3724.480000 1.328936e-16 2.147706e-17
3727.480000 1.056562e-16 2.116677e-17
3730.480000 1.007014e-16 1.890675e-17
3733.480000 1.354334e-16 1.960614e-17
3736.480000 1.471475e-16 2.099911e-17
3739.480000 1.170855e-16 1.977784e-17
3742.480000 1.062084e-16 1.833727e-17
3745.480000 1.289162e-16 1.988583e-17
3748.480000 1.103596e-16 2.071351e-17
3751.480000 7.009430e-17 1.892320e-17
3754.480000 6.919182e-17 1.805007e-17
3757.480000 9.047027e-17 2.051531e-17
3760.480000 1.160791e-16 2.147559e-17
3763.480000 1.136527e-16 1.948722e-17
3766.480000 1.160172e-16 1.866917e-17
3769.480000 1.144851e-16 2.084943e-17
3772.480000 1.160335e-16 2.147039e-17
3775.480000 1.195714e-16 1.977724e-17
3778.480000 1.159952e-16 1.960318e-17
3781.480000 1.212283e-16 2.240143e-17
3784.480000 1.507433e-16 2.277531e-17
3787.480000 1.492908e-16 1.993645e-17
3790.480000 1.442725e-16 1.949204e-17
3793.480000 1.211649e-16 2.139226e-17
3796.480000 1.534966e-16 2.079370e-17
3799.480000 1.530179e-16 1.835973e-17
3802.480000 1.148824e-16 1.872884e-17
3805.480000 1.162716e-16 2.096994e-17
3808.480000 1.510292e-16 2.067732e-17
3811.480000 1.507045e-16 1.890676e-17
3814.480000 1.328769e-16 1.949561e-17
3817.480000 1.636753e-16 2.050758e-17
3820.480000 1.782858e-16 1.912979e-17
3823.480000 1.483242e-16 1.713537e-17
3826.480000 1.408721e-16 1.812357e-17
3829.480000 1.361738e-16 1.875574e-17
3832.480000 1.379976e-16 1.712561e-17
3835.480000 1.719675e-16 1.631355e-17
3838.480000 1.369782e-16 1.767927e-17
3841.480000 1.208097e-16 1.806377e-17
3844.480000 1.156560e-16 1.658433e-17
3847.480000 1.117954e-16 1.668290e-17
3850.480000 1.344124e-16 1.917744e-17
3853.480000 1.355608e-16 1.915518e-17
3856.480000 1.477617e-16 1.681762e-17
3859.480000 1.721447e-16 1.659887e-17
3862.480000 1.581117e-16 1.835800e-17
3865.480000 1.107388e-16 1.804448e-17
3868.480000 1.128713e-16 1.597805e-17
3871.480000 1.351747e-16 1.630351e-17
3874.480000 1.312031e-16 1.774176e-17
3877.480000 1.283366e-16 1.734289e-17
3880.480000 1.291243e-16 1.554692e-17
3883.480000 1.455666e-16 1.635589e-17
3886.480000 1.571789e-16 1.756967e-17
3889.480000 1.280214e-16 1.642679e-17
3892.480000 1.266912e-16 1.531550e-17
3895.480000 1.404098e-16 1.707532e-17
3898.480000 1.470153e-16 1.837756e-17
3901.480000 1.304842e-16 1.697478e-17
3904.480000 1.225027e-16 1.600927e-17
3907.480000 1.281120e-16 1.762167e-17
3910.480000 1.289849e-16 1.850373e-17
3913.480000 1.269086e-16 1.715493e-17
3916.480000 1.458501e-16 1.692528e-17
3919.480000 1.929150e-16 1.921386e-17
3922.480000 1.963709e-16 1.910739e-17
3925.480000 1.588917e-16 1.641439e-17
3928.480000 1.455212e-16 1.579073e-17
3931.480000 1.765331e-16 1.734119e-17
3934.480000 1.711746e-16 1.640867e-17
3937.480000 1.596571e-16 1.403754e-17
3940.480000 1.380248e-16 1.449862e-17
3943.480000 1.429684e-16 1.683104e-17
3946.480000 1.284890e-16 1.681189e-17
3949.480000 1.178905e-16 1.534567e-17
3952.480000 1.189940e-16 1.634264e-17
3955.480000 1.255372e-16 1.789472e-17
3958.480000 1.378940e-16 1.699598e-17
3961.480000 1.406571e-16 1.529135e-17
3964.480000 1.605985e-16 1.613627e-17
3967.480000 1.630147e-16 1.629824e-17
3970.480000 1.595801e-16 1.455576e-17
3973.480000 1.614969e-16 1.378922e-17
3976.480000 1.325343e-16 1.563737e-17
3979.480000 1.306444e-16 1.702283e-17
3982.480000 1.596212e-16 1.630053e-17
3985.480000 1.693908e-16 1.611065e-17
3988.480000 1.664370e-16 1.823328e-17
3991.480000 1.675026e-16 1.865663e-17
3994.480000 1.700773e-16 1.669097e-17
3997.480000 1.716895e-16 1.642025e-17
4000.480000 1.409632e-16 1.834976e-17
4003.480000 1.106472e-16 1.829336e-17
4006.480000 9.858162e-17 1.584541e-17
4009.480000 7.346162e-17 1.584941e-17
4012.480000 3.373781e-17 1.755167e-17
4015.480000 2.722256e-17 1.728870e-17
4018.480000 1.645676e-17 1.544010e-17
4021.480000 3.873693e-17 1.626007e-17
4024.480000 7.239457e-17 1.797443e-17
4027.480000 7.949352e-17 1.739301e-17
4030.480000 9.489121e-17 1.605249e-17
4033.480000 1.528839e-16 1.749803e-17
4036.480000 1.655392e-16 1.882565e-17
4039.480000 1.740326e-16 1.810835e-17
4042.480000 1.755699e-16 1.726128e-17
4045.480000 1.736190e-16 1.885518e-17
4048.480000 2.094544e-16 1.961382e-17
4051.480000 1.659599e-16 1.778362e-17
4054.480000 1.373524e-16 1.679073e-17
4057.480000 1.284679e-16 1.836702e-17
4060.480000 1.283610e-16 1.847559e-17
4063.480000 1.017706e-16 1.610299e-17
4066.480000 1.050018e-16 1.554328e-17
4069.480000 9.841946e-17 1.747260e-17
4072.480000 7.672367e-17 1.727613e-17
4075.480000 8.683987e-17 1.510469e-17
4078.480000 6.491523e-17 1.490863e-17
4081.480000 6.480810e-17 1.660005e-17
4084.480000 7.767242e-17 1.656184e-17
4087.480000 7.247964e-17 1.474171e-17
4090.480000 7.200347e-17 1.526870e-17
4093.480000 7.187092e-17 1.676422e-17
4096.480000 8.222084e-17 1.594433e-17
4099.480000 9.169724e-17 1.423143e-17
4102.480000 7.443094e-17 1.460207e-17
4105.480000 5.004520e-17 1.529693e-17
4108.480000 4.817315e-17 1.455393e-17
4111.480000 5.199300e-17 1.390598e-17
4114.480000 4.077200e-17 1.522931e-17
4117.480000 5.400328e-17 1.613583e-17
4120.480000 4.504694e-17 1.491453e-17
4123.480000 4.974736e-17 1.446723e-17
4126.480000 6.904534e-17 1.747731e-17
4129.480000 5.992996e-17 1.908837e-17
4132.480000 6.642512e-17 1.551979e-17
4135.480000 8.386545e-17 1.476980e-17
4138.480000 6.802651e-17 1.685848e-17
4141.480000 8.566060e-17 1.730989e-17
4144.480000 9.484746e-17 1.535211e-17
4147.480000 8.571636e-17 1.536414e-17
4150.480000 7.271155e-17 1.714616e-17
4153.480000 8.970392e-17 1.690438e-17
4156.480000 1.072271e-16 1.502135e-17
4159.480000 9.996065e-17 1.555474e-17
4162.480000 9.098255e-17 1.702512e-17
4165.480000 1.000109e-16 1.629591e-17
4168.480000 1.073904e-16 1.464980e-17
4171.480000 1.044639e-16 1.527754e-17
4174.480000 9.824023e-17 1.616356e-17
4177.480000 8.713326e-17 1.502085e-17
4180.480000 1.033149e-16 1.394304e-17
4183.480000 1.288665e-16 1.520396e-17
4186.480000 9.958480e-17 1.572359e-17
4189.480000 1.206026e-16 1.456431e-17
4192.480000 1.364679e-16 1.400517e-17
4195.480000 1.425547e-16 1.564554e-17
4198.480000 1.757499e-16 1.624650e-17
4201.480000 1.595249e-16 1.428747e-17
4204.480000 1.487129e-16 1.386277e-17
4207.480000 1.439999e-16 1.588673e-17
4210.480000 1.590046e-16 1.623118e-17
4213.480000 1.644896e-16 1.429534e-17
4216.480000 1.795892e-16 1.432884e-17
4219.480000 1.889302e-16 1.614495e-17
4222.480000 1.954662e-16 1.606973e-17
4225.480000 2.138240e-16 1.414619e-17
4228.480000 2.000973e-16 1.409880e-17
4231.480000 1.912384e-16 1.567351e-17
4234.480000 2.116254e-16 1.552353e-17
4237.480000 2.139970e-16 1.403354e-17
4240.480000 1.922909e-16 1.454077e-17
4243.480000 2.106892e-16 1.586962e-17
4246.480000 2.179190e-16 1.510390e-17
4249.480000 2.198196e-16 1.385142e-17
4252.480000 2.106733e-16 1.465273e-17
4255.480000 2.067508e-16 1.554901e-17
4258.480000 2.086349e-16 1.443632e-17
4261.480000 2.064647e-16 1.363200e-17
4264.480000 2.036098e-16 1.497259e-17
4267.480000 2.030954e-16 1.554245e-17
4270.480000 2.191463e-16 1.417183e-17
4273.480000 2.070438e-16 1.340828e-17
4276.480000 1.982314e-16 1.492158e-17
4279.480000 2.087277e-16 1.530305e-17
4282.480000 2.280132e-16 1.376221e-17
4285.480000 2.422907e-16 1.378064e-17
4288.480000 2.376034e-16 1.554725e-17
4291.480000 2.147154e-16 1.514444e-17
4294.480000 2.174587e-16 1.331356e-17
4297.480000 2.117967e-16 1.346182e-17
4300.480000 2.035670e-16 1.466108e-17
4303.480000 1.864869e-16 1.388634e-17
4306.480000 1.729826e-16 1.219591e-17
4309.480000 1.647244e-16 1.265800e-17
4312.480000 1.510279e-16 1.379500e-17
4315.480000 1.480953e-16 1.343419e-17
4318.480000 1.521681e-16 1.278122e-17
4321.480000 1.615280e-16 1.404970e-17
4324.480000 1.760649e-16 1.490022e-17
4327.480000 1.818928e-16 1.364687e-17
4330.480000 1.458386e-16 1.258357e-17
4333.480000 1.359357e-16 1.402534e-17
4336.480000 1.458456e-16 1.472642e-17
4339.480000 1.590220e-16 1.334900e-17
4342.480000 1.494443e-16 1.244142e-17
4345.480000 1.369705e-16 1.390775e-17
4348.480000 1.428295e-16 1.443770e-17
4351.480000 1.519287e-16 1.313272e-17
4354.480000 1.619825e-16 1.301201e-17
4357.480000 1.558724e-16 1.469770e-17
4360.480000 1.396460e-16 1.470869e-17
4363.480000 1.281025e-16 1.292656e-17
4366.480000 1.367664e-16 1.324002e-17
4369.480000 1.499912e-16 1.482474e-17
4372.480000 1.622268e-16 1.444739e-17
4375.480000 1.626062e-16 1.283062e-17
4378.480000 1.634984e-16 1.333487e-17
4381.480000 1.563258e-16 1.444003e-17
4384.480000 1.726195e-16 1.378757e-17
4387.480000 1.607798e-16 1.232769e-17
4390.480000 1.697312e-16 1.330263e-17
4393.480000 1.800974e-16 1.439051e-17
4396.480000 1.830850e-16 1.368637e-17
4399.480000 1.901468e-16 1.292418e-17
4402.480000 1.809955e-16 1.403465e-17
4405.480000 1.786930e-16 1.450161e-17
4408.480000 2.037922e-16 1.348878e-17
4411.480000 1.760900e-16 1.285126e-17
4414.480000 1.831602e-16 1.457902e-17
4417.480000 2.106265e-16 1.504066e-17
4420.480000 2.019001e-16 1.346342e-17
4423.480000 1.871746e-16 1.317989e-17
4426.480000 1.955042e-16 1.507933e-17
4429.480000 2.149407e-16 1.517773e-17
4432.480000 2.074793e-16 1.326329e-17
4435.480000 1.966530e-16 1.326512e-17
4438.480000 1.880784e-16 1.476170e-17
4441.480000 1.933423e-16 1.453142e-17
4444.480000 2.039717e-16 1.306040e-17
4447.480000 2.027316e-16 1.355367e-17
4450.480000 2.191231e-16 1.494081e-17
4453.480000 2.245083e-16 1.442058e-17
4456.480000 2.245093e-16 1.299964e-17
4459.480000 2.160125e-16 1.358610e-17
4462.480000 2.081080e-16 1.437537e-17
4465.480000 2.073177e-16 1.366365e-17
4468.480000 1.998024e-16 1.280916e-17
4471.480000 2.012061e-16 1.401109e-17
4474.480000 2.147431e-16 1.476241e-17
4477.480000 1.868679e-16 1.349765e-17
4480.480000 1.621883e-16 1.269545e-17
4483.480000 1.619216e-16 1.405625e-17
4486.480000 1.818370e-16 1.448690e-17
4489.480000 1.889393e-16 1.314868e-17
4492.480000 2.004082e-16 1.294828e-17
4495.480000 1.949343e-16 1.454936e-17
4498.480000 2.033391e-16 1.469514e-17
4501.480000 1.932759e-16 1.292905e-17
4504.480000 1.792374e-16 1.299304e-17
4507.480000 1.857400e-16 1.471445e-17
4510.480000 1.749113e-16 1.444442e-17
4513.480000 1.756826e-16 1.276396e-17
4516.480000 1.793930e-16 1.316658e-17
4519.480000 1.853572e-16 1.444288e-17
4522.480000 1.721508e-16 1.385510e-17
4525.480000 1.786699e-16 1.256821e-17
4528.480000 1.839939e-16 1.322276e-17
4531.480000 1.884130e-16 1.414772e-17
4534.480000 1.873731e-16 1.335550e-17
4537.480000 1.755128e-16 1.237531e-17
4540.480000 1.775030e-16 1.346068e-17
4543.480000 1.632099e-16 1.412172e-17
4546.480000 1.671050e-16 1.309854e-17
4549.480000 1.742497e-16 1.239527e-17
4552.480000 1.596426e-16 1.353070e-17
4555.480000 1.569037e-16 1.400002e-17
4558.480000 1.479468e-16 1.260728e-17
4561.480000 1.626691e-16 1.241987e-17
4564.480000 1.947239e-16 1.425795e-17
4567.480000 1.792223e-16 1.423810e-17
4570.480000 1.838020e-16 1.259285e-17
4573.480000 1.824659e-16 1.260760e-17
4576.480000 1.779904e-16 1.421357e-17
4579.480000 1.640812e-16 1.400436e-17
4582.480000 1.590402e-16 1.225699e-17
4585.480000 1.546583e-16 1.248462e-17
4588.480000 1.701302e-16 1.393680e-17
4591.480000 1.475986e-16 1.340053e-17
4594.480000 1.472188e-16 1.204967e-17
4597.480000 1.660100e-16 1.277887e-17
4600.480000 1.819953e-16 1.385394e-17
4603.480000 1.628266e-16 1.300321e-17
4606.480000 1.466327e-16 1.193871e-17
4609.480000 1.292628e-16 1.283566e-17
4612.480000 1.383857e-16 1.371701e-17
4615.480000 1.387390e-16 1.269627e-17
4618.480000 1.463894e-16 1.199790e-17
4621.480000 1.532225e-16 1.325453e-17
4624.480000 1.500962e-16 1.401364e-17
4627.480000 1.231049e-16 1.247122e-17
4630.480000 1.359928e-16 1.207381e-17
4633.480000 1.437716e-16 1.364980e-17
4636.480000 1.494841e-16 1.381929e-17
4639.480000 1.305565e-16 1.202929e-17
4642.480000 1.319300e-16 1.188955e-17
4645.480000 1.457127e-16 1.359156e-17
4648.480000 1.419960e-16 1.346365e-17
4651.480000 1.267777e-16 1.167684e-17
4654.480000 1.281317e-16 1.195309e-17
4657.480000 1.092126e-16 1.321080e-17
4660.480000 1.026312e-16 1.289041e-17
4663.480000 1.033684e-16 1.157131e-17
4666.480000 9.269397e-17 1.195416e-17
4669.480000 1.147379e-16 1.300939e-17
4672.480000 9.509157e-17 1.224124e-17
4675.480000 7.551238e-17 1.120548e-17
4678.480000 8.471239e-17 1.215391e-17
4681.480000 9.826335e-17 1.291635e-17
4684.480000 7.750634e-17 1.193419e-17
4687.480000 8.065264e-17 1.132489e-17
4690.480000 8.832063e-17 1.247965e-17
4693.480000 1.031079e-16 1.302445e-17
4696.480000 9.525076e-17 1.183442e-17
4699.480000 9.872685e-17 1.139424e-17
4702.480000 9.804648e-17 1.269000e-17
4705.480000 1.036226e-16 1.289754e-17
4708.480000 9.688016e-17 1.144943e-17
4711.480000 1.000401e-16 1.135327e-17
4714.480000 8.501843e-17 1.289708e-17
4717.480000 1.020676e-16 1.294414e-17
4720.480000 1.116503e-16 1.146916e-17
4723.480000 1.068689e-16 1.167931e-17
4726.480000 8.782385e-17 1.294279e-17
4729.480000 1.075791e-16 1.273801e-17
4732.480000 1.276750e-16 1.143800e-17
4735.480000 1.198879e-16 1.180653e-17
4738.480000 1.084938e-16 1.289147e-17
4741.480000 9.773416e-17 1.228804e-17
4744.480000 1.189669e-16 1.133822e-17
4747.480000 1.333281e-16 1.223687e-17
4750.480000 1.217305e-16 1.302575e-17
4753.480000 1.298544e-16 1.216462e-17
4756.480000 1.295506e-16 1.131691e-17
4759.480000 1.274930e-16 1.238429e-17
4762.480000 1.242237e-16 1.289342e-17
4765.480000 9.970819e-17 1.168069e-17
4768.480000 9.058674e-17 1.105773e-17
4771.480000 1.089387e-16 1.256714e-17
4774.480000 1.089258e-16 1.287770e-17
4777.480000 1.079020e-16 1.155196e-17
4780.480000 1.128464e-16 1.144284e-17
4783.480000 1.252199e-16 1.309791e-17
4786.480000 1.326638e-16 1.312093e-17
4789.480000 1.270248e-16 1.148112e-17
4792.480000 1.273358e-16 1.158170e-17
4795.480000 1.154865e-16 1.293771e-17
4798.480000 1.165411e-16 1.274500e-17
4801.480000 1.091545e-16 1.132245e-17
4804.480000 1.016928e-16 1.181502e-17
4807.480000 1.040686e-16 1.308526e-17
4810.480000 1.055354e-16 1.234900e-17
4813.480000 1.179108e-16 1.119304e-17
4816.480000 1.099883e-16 1.191850e-17
4819.480000 1.207735e-16 1.290254e-17
4822.480000 1.330642e-16 1.220845e-17
4825.480000 1.263906e-16 1.128974e-17
4828.480000 1.112176e-16 1.211945e-17
4831.480000 1.100750e-16 1.267923e-17
4834.480000 1.186873e-16 1.176398e-17
4837.480000 1.275577e-16 1.128424e-17
4840.480000 1.183252e-16 1.249848e-17
4843.480000 1.230155e-16 1.282130e-17
4846.480000 1.304571e-16 1.155354e-17
4849.480000 1.150964e-16 1.121869e-17
4852.480000 1.265477e-16 1.279940e-17
4855.480000 1.132427e-16 1.266273e-17
4858.480000 1.328416e-16 1.108340e-17
4861.480000 1.603134e-16 1.112184e-17
4864.480000 1.458795e-16 1.230021e-17
4867.480000 1.150927e-16 1.202212e-17
4870.480000 1.081556e-16 1.077223e-17
4873.480000 1.258349e-16 1.133330e-17
4876.480000 1.297327e-16 1.249235e-17
4879.480000 1.366898e-16 1.222111e-17
4882.480000 1.746827e-16 1.143992e-17
4885.480000 1.566435e-16 1.192613e-17
4888.480000 1.364001e-16 1.263548e-17
4891.480000 1.294306e-16 1.191065e-17
4894.480000 1.333215e-16 1.107139e-17
4897.480000 1.481172e-16 1.219982e-17
4900.480000 1.510021e-16 1.289261e-17
4903.480000 1.400479e-16 1.187550e-17
4906.480000 1.485227e-16 1.133337e-17
4909.480000 1.470966e-16 1.257178e-17
4912.480000 1.377265e-16 1.286940e-17
4915.480000 1.323416e-16 1.159705e-17
4918.480000 1.453409e-16 1.131120e-17
4921.480000 1.556516e-16 1.280196e-17
4924.480000 1.571856e-16 1.284726e-17
4927.480000 1.417096e-16 1.127039e-17
4930.480000 1.512498e-16 1.150023e-17
4933.480000 1.508048e-16 1.300318e-17
4936.480000 1.608607e-16 1.297900e-17
4939.480000 1.601185e-16 1.150247e-17
4942.480000 1.462190e-16 1.167448e-17
4945.480000 1.443427e-16 1.297403e-17
4948.480000 1.356854e-16 1.260404e-17
4951.480000 1.318047e-16 1.144875e-17
4954.480000 1.427099e-16 1.210326e-17
4957.480000 1.319983e-16 1.289684e-17
4960.480000 1.291039e-16 1.223079e-17
4963.480000 1.246644e-16 1.131941e-17
4966.480000 1.183812e-16 1.228473e-17
4969.480000 1.266557e-16 1.302804e-17
4972.480000 1.301215e-16 1.206655e-17
4975.480000 1.580975e-16 1.167674e-17
4978.480000 1.235403e-16 1.272195e-17
4981.480000 1.139910e-16 1.309523e-17
4984.480000 1.444645e-16 1.213413e-17
4987.480000 1.387914e-16 1.180772e-17
4990.480000 1.231444e-16 1.331949e-17
4993.480000 1.155911e-16 1.353636e-17
4996.480000 1.316031e-16 1.224670e-17
4999.480000 1.338515e-16 1.225630e-17
5002.480000 1.248032e-16 1.394257e-17
5005.480000 1.379462e-16 1.404381e-17
5008.480000 1.373389e-16 1.244410e-17
5011.480000 1.287357e-16 1.273247e-17
5014.480000 1.275886e-16 1.435115e-17
5017.480000 1.246902e-16 1.405655e-17
5020.480000 1.042753e-16 1.255260e-17
5023.480000 9.940151e-17 1.328030e-17
5026.480000 1.053559e-16 1.473443e-17
5029.480000 1.044253e-16 1.420219e-17
5032.480000 1.136222e-16 1.325385e-17
5035.480000 1.138683e-16 1.443494e-17
5038.480000 1.109103e-16 1.547537e-17
5041.480000 1.026869e-16 1.450471e-17
5044.480000 9.154339e-17 1.367838e-17
5047.480000 7.982304e-17 1.520304e-17
5050.480000 7.309332e-17 1.589901e-17
5053.480000 7.415611e-17 1.471884e-17
5056.480000 7.450589e-17 1.441301e-17
5059.480000 7.133756e-17 1.644206e-17
5062.480000 9.480793e-17 1.709920e-17
5065.480000 1.012804e-16 1.568359e-17
5068.480000 1.096643e-16 1.557971e-17
5071.480000 1.085056e-16 nan
5074.480000 1.152088e-16 nan
5077.480000 1.130339e-16 nan
5080.480000 9.766589e-17 nan
5083.480000 9.161222e-17 nan
5086.480000 1.086025e-16 nan
5089.480000 1.030503e-16 nan
5092.480000 1.003389e-16 nan
5095.480000 1.051475e-16 nan
5098.480000 9.674938e-17 nan
5101.480000 1.156327e-16 nan
5104.480000 1.156372e-16 nan
5107.480000 1.222279e-16 nan
5110.480000 1.263691e-16 nan
5113.480000 1.238637e-16 nan
5116.480000 1.413464e-16 nan
5119.480000 1.237336e-16 nan
5122.480000 1.414602e-16 nan
5125.480000 1.302128e-16 nan
5128.480000 1.598218e-16 nan
5131.480000 1.515334e-16 nan
5134.480000 1.422131e-16 nan
5137.480000 1.767016e-16 nan
5140.480000 1.942828e-16 nan
5143.480000 1.811236e-16 nan
5146.480000 1.660459e-16 nan
5149.480000 1.098042e-16 nan
5152.480000 6.295265e-17 nan
5155.480000 9.183862e-17 nan
5158.480000 1.178260e-16 nan
5161.480000 1.530007e-16 nan
5164.480000 1.900459e-16 nan
5167.480000 1.489032e-16 nan
5170.480000 1.240085e-16 2.575737e-17
5173.480000 1.528386e-16 2.597388e-17
5176.480000 1.757734e-16 2.606472e-17
5179.480000 1.414572e-16 2.563778e-17
5182.480000 1.389536e-16 2.546721e-17
5185.480000 1.690933e-16 2.542444e-17
5188.480000 1.805263e-16 2.546589e-17
5191.480000 1.791438e-16 2.586801e-17
5194.480000 1.743067e-16 2.595729e-17
5197.480000 2.323301e-16 2.626254e-17
5200.480000 2.143327e-16 2.596409e-17
5203.480000 2.329084e-16 2.566283e-17
5206.480000 1.621543e-16 2.432771e-17
5209.480000 1.482354e-16 2.370652e-17
5212.480000 1.377960e-16 2.324849e-17
5215.480000 1.368766e-16 2.223578e-17
5218.480000 1.124308e-16 2.101385e-17
5221.480000 7.898341e-17 1.972784e-17
5224.480000 9.187222e-17 1.894739e-17
5227.480000 9.920104e-17 1.815734e-17
5230.480000 8.417791e-17 1.732000e-17
5233.480000 8.193508e-17 1.681760e-17
5236.480000 9.558721e-17 1.656026e-17
5239.480000 8.925376e-17 1.607164e-17
5242.480000 6.333688e-17 1.550456e-17
5245.480000 7.685085e-17 1.528017e-17
5248.480000 8.556537e-17 1.503511e-17
5251.480000 8.732212e-17 1.473821e-17
5254.480000 6.820611e-17 1.441187e-17
5257.480000 6.417401e-17 1.403714e-17
5260.480000 6.811563e-17 1.391581e-17
5263.480000 6.826978e-17 1.373239e-17
5266.480000 6.216243e-17 1.343960e-17
5269.480000 5.152407e-17 1.332090e-17
5272.480000 7.148942e-17 1.335224e-17
5275.480000 8.070239e-17 1.340881e-17
5278.480000 7.461204e-17 1.339200e-17
5281.480000 7.863353e-17 1.368237e-17
5284.480000 7.772656e-17 1.357263e-17
5287.480000 8.778551e-17 1.357899e-17
5290.480000 9.233385e-17 1.374963e-17
5293.480000 9.032160e-17 1.391003e-17
5296.480000 8.741352e-17 1.399708e-17
5299.480000 7.911570e-17 1.404532e-17
5302.480000 7.912278e-17 1.415988e-17
5305.480000 9.474543e-17 1.447154e-17
5308.480000 8.862245e-17 1.468401e-17
5311.480000 7.531532e-17 1.485362e-17
5314.480000 8.910634e-17 1.518420e-17
5317.480000 8.148696e-17 1.499793e-17
5320.480000 7.245493e-17 1.516697e-17
5323.480000 7.735145e-17 1.529916e-17
5326.480000 9.351833e-17 1.555292e-17
5329.480000 9.268960e-17 1.568792e-17
5332.480000 1.015837e-16 1.611911e-17
5335.480000 1.004380e-16 1.632063e-17
5338.480000 9.934639e-17 1.622369e-17
5341.480000 8.513240e-17 1.546618e-17
5344.480000 1.019338e-16 1.528500e-17
5347.480000 9.123355e-17 1.470649e-17
5350.480000 8.637258e-17 1.431278e-17
5353.480000 8.088729e-17 1.382324e-17
5356.480000 1.021343e-16 1.363828e-17
5359.480000 9.762849e-17 1.327228e-17
5362.480000 9.377484e-17 1.277676e-17
5365.480000 9.890389e-17 1.243072e-17
5368.480000 7.760884e-17 1.181694e-17
5371.480000 7.533696e-17 1.147220e-17
5374.480000 8.580253e-17 1.125808e-17
5377.480000 9.028855e-17 1.115291e-17
5380.480000 1.023710e-16 1.103729e-17
5383.480000 1.035503e-16 1.087432e-17
5386.480000 9.471859e-17 1.057719e-17
5389.480000 9.103845e-17 1.033106e-17
5392.480000 9.081791e-17 1.015220e-17
5395.480000 8.009191e-17 9.949602e-18
5398.480000 7.380304e-17 9.795258e-18
5401.480000 7.798433e-17 9.751506e-18
5404.480000 7.879060e-17 9.705935e-18
5407.480000 8.507016e-17 9.742466e-18
5410.480000 7.974920e-17 9.702826e-18
5413.480000 8.553692e-17 9.803420e-18
5416.480000 8.990482e-17 9.930701e-18
5419.480000 9.293823e-17 1.007383e-17
5422.480000 1.004578e-16 1.016729e-17
5425.480000 9.782803e-17 1.025549e-17
5428.480000 8.741044e-17 1.071308e-17
5431.480000 6.071448e-17 1.199682e-17
5434.480000 7.645194e-17 1.086032e-17
5437.480000 8.354066e-17 1.234270e-17
5440.480000 1.132753e-16 1.133294e-17
5443.480000 1.111569e-16 1.130685e-17
5446.480000 1.064434e-16 1.146975e-17
5449.480000 1.069348e-16 1.161970e-17
5452.480000 9.847040e-17 1.174561e-17
5455.480000 9.712684e-17 1.196994e-17
5458.480000 1.080536e-16 1.226068e-17
5461.480000 9.887479e-17 1.238776e-17
5464.480000 9.752211e-17 1.236363e-17
5467.480000 1.050091e-16 1.211871e-17
5470.480000 1.017206e-16 1.176183e-17
5473.480000 8.603857e-17 1.135252e-17
5476.480000 8.772620e-17 1.096344e-17
5479.480000 7.161688e-17 1.043435e-17
5482.480000 9.898892e-17 1.044254e-17
5485.480000 1.044467e-16 1.028500e-17
5488.480000 1.037377e-16 1.007295e-17
5491.480000 9.417232e-17 9.761799e-18
5494.480000 9.370189e-17 9.542634e-18
5497.480000 1.038911e-16 9.475645e-18
5500.480000 9.908092e-17 9.269191e-18
5503.480000 1.032592e-16 9.087867e-18
5506.480000 1.054068e-16 8.929034e-18
5509.480000 1.082483e-16 8.795618e-18
5512.480000 1.027099e-16 8.651355e-18
5515.480000 9.688690e-17 8.575639e-18
5518.480000 1.036664e-16 8.501003e-18
5521.480000 1.082364e-16 8.423604e-18
5524.480000 9.842974e-17 8.277904e-18
5527.480000 1.027052e-16 8.282090e-18
5530.480000 1.091009e-16 8.359212e-18
5533.480000 1.157427e-16 8.502272e-18
5536.480000 1.170452e-16 8.503616e-18
5539.480000 1.023295e-16 8.402464e-18
5542.480000 9.498654e-17 8.511403e-18
5545.480000 1.093446e-16 8.672555e-18
5548.480000 1.081594e-16 8.690077e-18
5551.480000 1.130727e-16 8.868210e-18
5554.480000 1.112476e-16 8.984692e-18
5557.480000 1.003501e-16 9.014441e-18
5560.480000 1.080643e-16 9.209714e-18
5563.480000 1.163454e-16 9.470266e-18
5566.480000 1.023645e-16 9.722600e-18
5569.480000 9.847884e-17 1.085619e-17
5572.480000 1.055467e-16 1.330595e-17
5575.480000 1.607879e-16 1.656918e-17
5578.480000 1.874377e-16 1.799339e-17
5581.480000 1.241612e-16 1.620732e-17
5584.480000 8.761348e-17 1.313085e-17
5587.480000 9.374093e-17 1.149717e-17
5590.480000 1.125527e-16 1.099817e-17
5593.480000 1.073166e-16 1.049702e-17
5596.480000 1.056884e-16 1.020170e-17
5599.480000 1.186948e-16 9.996029e-18
5602.480000 1.054585e-16 9.706189e-18
5605.480000 9.352663e-17 9.411953e-18
5608.480000 9.622113e-17 9.203710e-18
5611.480000 9.257097e-17 8.955190e-18
5614.480000 9.718390e-17 8.707204e-18
5617.480000 9.767312e-17 8.492522e-18
5620.480000 9.494369e-17 8.429694e-18
5623.480000 9.839803e-17 8.291439e-18
5626.480000 9.332379e-17 8.279796e-18
5629.480000 1.046706e-16 8.873613e-18
5632.480000 1.121181e-16 8.556007e-18
5635.480000 9.987192e-17 7.664093e-18
5638.480000 1.028598e-16 7.528981e-18
5641.480000 1.128918e-16 7.543505e-18
5644.480000 1.075163e-16 7.454732e-18
5647.480000 1.006655e-16 7.399566e-18
5650.480000 9.819534e-17 7.394240e-18
5653.480000 9.907915e-17 7.399873e-18
5656.480000 1.014730e-16 7.344593e-18
5659.480000 1.005344e-16 7.284234e-18
5662.480000 9.314269e-17 7.238225e-18
5665.480000 9.740275e-17 7.399349e-18
5668.480000 9.814796e-17 7.486381e-18
5671.480000 9.716648e-17 7.572190e-18
5674.480000 9.529320e-17 7.670412e-18
5677.480000 9.785553e-17 7.768749e-18
5680.480000 1.057054e-16 7.795264e-18
5683.480000 9.285503e-17 7.768713e-18
5686.480000 8.769280e-17 7.897699e-18
5689.480000 8.429278e-17 8.036350e-18
5692.480000 8.868825e-17 8.247665e-18
5695.480000 7.896650e-17 8.322446e-18
5698.480000 8.058695e-17 8.451336e-18
5701.480000 9.314945e-17 8.678378e-18
5704.480000 8.250028e-17 8.740432e-18
5707.480000 7.677771e-17 8.901699e-18
5710.480000 7.520561e-17 9.017580e-18
5713.480000 6.794362e-17 9.105983e-18
5716.480000 6.404286e-17 9.074921e-18
5719.480000 8.218893e-17 9.007838e-18
5722.480000 8.249477e-17 8.809093e-18
5725.480000 7.260106e-17 8.520956e-18
5728.480000 7.501900e-17 8.296621e-18
5731.480000 7.347049e-17 8.067014e-18
5734.480000 7.106634e-17 7.836925e-18
5737.480000 6.771621e-17 7.675882e-18
5740.480000 6.414977e-17 7.458410e-18
5743.480000 6.006208e-17 7.217603e-18
5746.480000 6.874974e-17 7.128916e-18
5749.480000 7.319851e-17 6.908776e-18
5752.480000 7.779354e-17 6.832916e-18
5755.480000 7.521462e-17 6.692190e-18
5758.480000 7.252443e-17 6.573013e-18
5761.480000 7.641135e-17 6.545024e-18
5764.480000 7.092532e-17 6.420862e-18
5767.480000 6.723402e-17 6.335534e-18
5770.480000 6.841169e-17 6.275807e-18
5773.480000 7.052612e-17 6.243294e-18
5776.480000 6.245137e-17 6.175220e-18
5779.480000 6.052344e-17 6.126486e-18
5782.480000 6.936336e-17 6.167375e-18
5785.480000 7.108395e-17 6.176230e-18
5788.480000 6.429556e-17 6.178339e-18
5791.480000 7.727497e-17 6.313736e-18
5794.480000 7.833904e-17 6.344994e-18
5797.480000 6.504006e-17 6.332383e-18
5800.480000 5.962208e-17 6.408839e-18
5803.480000 6.366744e-17 6.542402e-18
5806.480000 6.401918e-17 6.650966e-18
5809.480000 7.266766e-17 6.798354e-18
5812.480000 7.634354e-17 6.921936e-18
5815.480000 8.132005e-17 7.121384e-18
5818.480000 7.474836e-17 7.195320e-18
5821.480000 7.420735e-17 7.288531e-18
5824.480000 6.752101e-17 7.439038e-18
5827.480000 6.824693e-17 7.629134e-18
5830.480000 7.547003e-17 7.836842e-18
5833.480000 7.853368e-17 7.995042e-18
5836.480000 7.072483e-17 8.082804e-18
5839.480000 7.586545e-17 8.216878e-18
5842.480000 7.208588e-17 8.132990e-18
5845.480000 8.037841e-17 7.957418e-18
5848.480000 8.035862e-17 7.785654e-18
5851.480000 9.137393e-17 7.668593e-18
5854.480000 7.800275e-17 7.340187e-18
5857.480000 8.516430e-17 7.200410e-18
5860.480000 7.781135e-17 7.027298e-18
5863.480000 6.826340e-17 6.993407e-18
5866.480000 6.111615e-17 6.831668e-18
5869.480000 6.339919e-17 6.642752e-18
5872.480000 5.866945e-17 6.421806e-18
5875.480000 6.860113e-17 6.293842e-18
5878.480000 7.851455e-17 6.268309e-18
5881.480000 7.211996e-17 6.133318e-18
5884.480000 6.517937e-17 6.016448e-18
5887.480000 6.233692e-17 5.999878e-18
5890.480000 5.990997e-17 5.945461e-18
5893.480000 5.785479e-17 5.831935e-18
5896.480000 5.764529e-17 5.748825e-18
5899.480000 6.054014e-17 5.710815e-18
5902.480000 5.653331e-17 5.648544e-18
5905.480000 5.263211e-17 5.745244e-18
5908.480000 5.771958e-17 5.746664e-18
5911.480000 6.242836e-17 5.673114e-18
5914.480000 5.724011e-17 5.662895e-18
5917.480000 5.283097e-17 5.678485e-18
5920.480000 5.305932e-17 5.738915e-18
5923.480000 6.129927e-17 5.845500e-18
5926.480000 6.832787e-17 5.943803e-18
5929.480000 6.187832e-17 6.008320e-18
5932.480000 5.692223e-17 6.067761e-18
5935.480000 6.037802e-17 6.226375e-18
5938.480000 5.628255e-17 6.242487e-18
5941.480000 5.773289e-17 6.354769e-18
5944.480000 5.177678e-17 6.438799e-18
5947.480000 5.172250e-17 6.593411e-18
5950.480000 5.608540e-17 6.768272e-18
5953.480000 6.193574e-17 6.962943e-18
5956.480000 6.690150e-17 7.217464e-18
5959.480000 6.207382e-17 7.293596e-18
5962.480000 6.001869e-17 7.393842e-18
5965.480000 5.537582e-17 7.435397e-18
5968.480000 6.515340e-17 7.442036e-18
5971.480000 6.877300e-17 7.297234e-18
5974.480000 6.128972e-17 7.078857e-18
5977.480000 6.454513e-17 6.978931e-18
5980.480000 6.563321e-17 6.852581e-18
5983.480000 6.078575e-17 6.590317e-18
5986.480000 7.026587e-17 6.443243e-18
5989.480000 7.817392e-17 6.301546e-18
5992.480000 7.093317e-17 6.153086e-18
5995.480000 6.518551e-17 5.986821e-18
5998.480000 6.536621e-17 5.858802e-18
6001.480000 6.696378e-17 5.732023e-18
6004.480000 7.590332e-17 5.685553e-18
6007.480000 7.509699e-17 5.601084e-18
6010.480000 7.515932e-17 5.528343e-18
6013.480000 8.144817e-17 5.537819e-18
6016.480000 7.714008e-17 5.498709e-18
6019.480000 7.833052e-17 5.457289e-18
6022.480000 7.068422e-17 5.312792e-18
6025.480000 7.865195e-17 5.298228e-18
6028.480000 9.028705e-17 5.348477e-18
6031.480000 8.316763e-17 5.345150e-18
6034.480000 8.207792e-17 5.356526e-18
6037.480000 8.453223e-17 5.366128e-18
6040.480000 8.705128e-17 5.420724e-18
6043.480000 8.675429e-17 5.434573e-18
6046.480000 8.152315e-17 5.440305e-18
6049.480000 7.843052e-17 5.489050e-18
6052.480000 7.137771e-17 5.515395e-18
6055.480000 8.144941e-17 5.664235e-18
6058.480000 8.614229e-17 5.772286e-18
6061.480000 9.230393e-17 5.920803e-18
6064.480000 9.122879e-17 6.018476e-18
6067.480000 9.266171e-17 6.110111e-18
6070.480000 7.908407e-17 6.104378e-18
6073.480000 7.914057e-17 6.275138e-18
6076.480000 8.621898e-17 6.457546e-18
6079.480000 9.052157e-17 6.564316e-18
6082.480000 8.867151e-17 6.673326e-18
6085.480000 8.894163e-17 6.819558e-18
6088.480000 7.757865e-17 6.864533e-18
6091.480000 7.632571e-17 6.922007e-18
6094.480000 8.757620e-17 6.872669e-18
6097.480000 9.473325e-17 6.767263e-18
6100.480000 8.157659e-17 6.507575e-18
6103.480000 8.793169e-17 6.371368e-18
6106.480000 8.398625e-17 6.352302e-18
6109.480000 8.387634e-17 6.720667e-18
6112.480000 7.332001e-17 6.661261e-18
6115.480000 7.968989e-17 5.913306e-18
6118.480000 8.065024e-17 5.685458e-18
6121.480000 8.516926e-17 5.535393e-18
6124.480000 8.387876e-17 5.472637e-18
6127.480000 8.526171e-17 5.397251e-18
6130.480000 9.181657e-17 5.357766e-18
6133.480000 9.561610e-17 5.245855e-18
6136.480000 8.738906e-17 5.109771e-18
6139.480000 8.541016e-17 5.024553e-18
6142.480000 7.898815e-17 4.950907e-18
6145.480000 7.722891e-17 4.900077e-18
6148.480000 7.722681e-17 4.874461e-18
6151.480000 7.315230e-17 4.829311e-18
6154.480000 7.304659e-17 4.793876e-18
6157.480000 7.456024e-17 4.791911e-18
6160.480000 7.611801e-17 4.801367e-18
6163.480000 7.993540e-17 4.826608e-18
6166.480000 7.476109e-17 4.811938e-18
6169.480000 7.547069e-17 4.889911e-18
6172.480000 8.027199e-17 4.982438e-18
6175.480000 7.950614e-17 5.038305e-18
6178.480000 8.144197e-17 5.157290e-18
6181.480000 8.640676e-17 5.282088e-18
6184.480000 8.190175e-17 5.319904e-18
6187.480000 7.786566e-17 5.384261e-18
6190.480000 8.144397e-17 5.487835e-18
6193.480000 7.909223e-17 5.568231e-18
6196.480000 8.537014e-17 5.720752e-18
6199.480000 7.775111e-17 5.807364e-18
6202.480000 7.605540e-17 5.950869e-18
6205.480000 8.605184e-17 6.153371e-18
6208.480000 9.073094e-17 6.275101e-18
6211.480000 7.236673e-17 6.268664e-18
6214.480000 7.423687e-17 6.450150e-18
6217.480000 6.442601e-17 6.370467e-18
6220.480000 6.412295e-17 6.253440e-18
6223.480000 7.068729e-17 6.159855e-18
6226.480000 6.749116e-17 5.973255e-18
6229.480000 6.601426e-17 5.837404e-18
6232.480000 6.272135e-17 5.673240e-18
6235.480000 6.979628e-17 5.715044e-18
6238.480000 5.858923e-17 5.580920e-18
6241.480000 5.921836e-17 5.416583e-18
6244.480000 5.881223e-17 5.240301e-18
6247.480000 6.956358e-17 5.127646e-18
6250.480000 8.355055e-17 5.101059e-18
6253.480000 7.021318e-17 4.949930e-18
6256.480000 5.755599e-17 4.818330e-18
6259.480000 5.174541e-17 4.728795e-18
6262.480000 5.856544e-17 4.684003e-18
6265.480000 6.654073e-17 4.671943e-18
6268.480000 6.154624e-17 4.564887e-18
6271.480000 6.310474e-17 4.509728e-18
6274.480000 6.287372e-17 4.474809e-18
6277.480000 6.031855e-17 4.428781e-18
6280.480000 6.127388e-17 4.412537e-18
6283.480000 6.311149e-17 4.442373e-18
6286.480000 5.817771e-17 4.472799e-18
6289.480000 5.283787e-17 4.553691e-18
6292.480000 5.231658e-17 4.840537e-18
6295.480000 5.707945e-17 5.600312e-18
6298.480000 7.993782e-17 6.580755e-18
6301.480000 8.221593e-17 6.811561e-18
6304.480000 7.224923e-17 6.220800e-18
6307.480000 6.635225e-17 5.460277e-18
6310.480000 6.338562e-17 5.095611e-18
6313.480000 6.482210e-17 5.006188e-18
6316.480000 6.345753e-17 5.184858e-18
6319.480000 6.330257e-17 5.096255e-18
6322.480000 6.846543e-17 5.252837e-18
6325.480000 7.648348e-17 5.474055e-18
6328.480000 7.662878e-17 5.618616e-18
6331.480000 7.245293e-17 5.680847e-18
6334.480000 7.448224e-17 5.770655e-18
6337.480000 7.278744e-17 5.826710e-18
6340.480000 7.971893e-17 6.003927e-18
6343.480000 7.321456e-17 5.934474e-18
6346.480000 7.123004e-17 5.813475e-18
6349.480000 7.444529e-17 5.731528e-18
6352.480000 6.617606e-17 5.568392e-18
6355.480000 6.790918e-17 5.499892e-18
6358.480000 7.501516e-17 5.594939e-18
6361.480000 8.332575e-17 5.856497e-18
6364.480000 7.358323e-17 5.917590e-18
6367.480000 6.676290e-17 5.600456e-18
6370.480000 6.300647e-17 5.086218e-18
6373.480000 6.350881e-17 4.742004e-18
6376.480000 7.160695e-17 4.601482e-18
6379.480000 7.813506e-17 4.584043e-18
6382.480000 7.649377e-17 4.521554e-18
6385.480000 7.070564e-17 4.421723e-18
6388.480000 6.946333e-17 4.329339e-18
6391.480000 7.318624e-17 4.276852e-18
6394.480000 7.581035e-17 4.225392e-18
6397.480000 7.637742e-17 4.194225e-18
6400.480000 7.138301e-17 4.128462e-18
6403.480000 7.370808e-17 4.129923e-18
6406.480000 7.762850e-17 4.155321e-18
6409.480000 7.689651e-17 4.139760e-18
6412.480000 7.518075e-17 4.141468e-18
6415.480000 7.446129e-17 4.179265e-18
6418.480000 7.383835e-17 4.211058e-18
6421.480000 7.437249e-17 4.270167e-18
6424.480000 7.466142e-17 4.315731e-18
6427.480000 7.629379e-17 4.369805e-18
6430.480000 7.777697e-17 4.416366e-18
6433.480000 7.796776e-17 4.494335e-18
6436.480000 7.639823e-17 4.571160e-18
6439.480000 7.280250e-17 4.608563e-18
6442.480000 7.440165e-17 4.738548e-18
6445.480000 7.687294e-17 4.862494e-18
6448.480000 7.694811e-17 4.953164e-18
6451.480000 7.897433e-17 5.066067e-18
6454.480000 7.976260e-17 5.196976e-18
6457.480000 7.580142e-17 5.288377e-18
6460.480000 7.111514e-17 5.411892e-18
6463.480000 7.058244e-17 5.537120e-18
6466.480000 7.920716e-17 5.755660e-18
6469.480000 7.088313e-17 5.681846e-18
6472.480000 6.863738e-17 5.529003e-18
6475.480000 7.249099e-17 5.398792e-18
6478.480000 7.170630e-17 5.227759e-18
6481.480000 7.062490e-17 5.072165e-18
6484.480000 6.994874e-17 4.907671e-18
6487.480000 7.847721e-17 4.871328e-18
6490.480000 7.689650e-17 4.747835e-18
6493.480000 7.447436e-17 4.643103e-18
6496.480000 7.482957e-17 4.584362e-18
6499.480000 7.880182e-17 4.585348e-18
6502.480000 7.474992e-17 4.543073e-18
6505.480000 8.051715e-17 4.461828e-18
6508.480000 8.498325e-17 4.371179e-18
6511.480000 7.093074e-17 4.175598e-18
6514.480000 6.519133e-17 4.060600e-18
6517.480000 6.531519e-17 3.990235e-18
6520.480000 6.824811e-17 3.991005e-18
6523.480000 6.951593e-17 3.997352e-18
6526.480000 7.374242e-17 3.998600e-18
6529.480000 7.796864e-17 4.027911e-18
6532.480000 7.870587e-17 4.055504e-18
6535.480000 7.502319e-17 4.032528e-18
6538.480000 6.727424e-17 3.974684e-18
6541.480000 6.647963e-17 3.975046e-18
6544.480000 7.038560e-17 4.030518e-18
6547.480000 7.284982e-17 4.093685e-18
6550.480000 7.089318e-17 4.127515e-18
6553.480000 6.764305e-17 4.166502e-18
6556.480000 5.934357e-17 4.122756e-18
6559.480000 6.417579e-17 4.172379e-18
6562.480000 6.802571e-17 4.237657e-18
6565.480000 6.646482e-17 4.300265e-18
6568.480000 6.285503e-17 4.375853e-18
6571.480000 6.277805e-17 4.530477e-18
6574.480000 6.145559e-17 4.655391e-18
6577.480000 6.279984e-17 4.778047e-18
6580.480000 6.003326e-17 4.842818e-18
6583.480000 5.161198e-17 4.852344e-18
6586.480000 4.762725e-17 4.883436e-18
6589.480000 4.852130e-17 4.988207e-18
6592.480000 4.636796e-17 5.039896e-18
6595.480000 4.314211e-17 4.996270e-18
6598.480000 3.742132e-17 4.841161e-18
6601.480000 4.587575e-17 4.829735e-18
6604.480000 3.610975e-17 4.711613e-18
6607.480000 3.297298e-17 4.592395e-18
6610.480000 3.328568e-17 4.425265e-18
6613.480000 3.793117e-17 4.239004e-18
6616.480000 3.363562e-17 4.164820e-18
6619.480000 2.952409e-17 4.034585e-18
6622.480000 2.829310e-17 3.948832e-18
6625.480000 3.034771e-17 3.890508e-18
6628.480000 2.800722e-17 3.803791e-18
6631.480000 2.469729e-17 3.705076e-18
6634.480000 2.437648e-17 3.632373e-18
6637.480000 2.375625e-17 3.577423e-18
6640.480000 2.331190e-17 3.526104e-18
6643.480000 2.182837e-17 3.455956e-18
6646.480000 2.489071e-17 3.459514e-18
6649.480000 2.008648e-17 3.415945e-18
6652.480000 1.689705e-17 3.365223e-18
6655.480000 1.830633e-17 3.361712e-18
6658.480000 1.901817e-17 3.372430e-18
6661.480000 2.183524e-17 3.395407e-18
6664.480000 2.613630e-17 3.424735e-18
6667.480000 2.325552e-17 3.422120e-18
6670.480000 2.143862e-17 3.419498e-18
6673.480000 2.521744e-17 3.473487e-18
6676.480000 2.505391e-17 3.518213e-18
6679.480000 2.255663e-17 3.568853e-18
6682.480000 2.247078e-17 3.701574e-18
6685.480000 2.374240e-17 3.725138e-18
6688.480000 2.862254e-17 3.797403e-18
6691.480000 2.510945e-17 3.832309e-18
6694.480000 2.334276e-17 3.867941e-18
6697.480000 2.518635e-17 3.970816e-18
6700.480000 2.774104e-17 4.066265e-18
6703.480000 2.412603e-17 4.103404e-18
6706.480000 2.714284e-17 4.215704e-18
6709.480000 2.962752e-17 4.331405e-18
6712.480000 3.216092e-17 4.451705e-18
6715.480000 3.302600e-17 4.550052e-18
6718.480000 2.962783e-17 4.578083e-18
6721.480000 3.390882e-17 4.555990e-18
6724.480000 3.686986e-17 4.477904e-18
6727.480000 3.487213e-17 4.353636e-18
6730.480000 3.497546e-17 4.253116e-18
6733.480000 3.816507e-17 4.206962e-18
6736.480000 3.942559e-17 4.101627e-18
6739.480000 3.573032e-17 3.985267e-18
6742.480000 3.681673e-17 3.898421e-18
6745.480000 4.590566e-17 3.881326e-18
6748.480000 4.874872e-17 3.828915e-18
6751.480000 4.764530e-17 3.726224e-18
6754.480000 4.418698e-17 3.641490e-18
6757.480000 4.121910e-17 3.572199e-18
6760.480000 4.611956e-17 3.542363e-18
6763.480000 4.715982e-17 3.505502e-18
6766.480000 4.302131e-17 3.445116e-18
6769.480000 4.397416e-17 3.401782e-18
6772.480000 4.704816e-17 3.391042e-18
6775.480000 5.032634e-17 3.423946e-18
6778.480000 5.050421e-17 3.431140e-18
6781.480000 5.037425e-17 3.392583e-18
6784.480000 5.574729e-17 3.427910e-18
6787.480000 5.892552e-17 3.483454e-18
6790.480000 5.790972e-17 3.663765e-18
6793.480000 5.743487e-17 3.834743e-18
6796.480000 5.209778e-17 3.819249e-18
6799.480000 5.677206e-17 3.943455e-18
6802.480000 6.396966e-17 4.098054e-18
6805.480000 6.464971e-17 4.041897e-18
6808.480000 7.768887e-17 3.859439e-18
6811.480000 6.803781e-17 3.752514e-18
6814.480000 6.035653e-17 3.801880e-18
6817.480000 6.131630e-17 3.889004e-18
6820.480000 6.060195e-17 3.965995e-18
6823.480000 6.421451e-17 4.159008e-18
6826.480000 6.570824e-17 4.376448e-18
6829.480000 6.709063e-17 4.567614e-18
6832.480000 6.436821e-17 4.690312e-18
6835.480000 6.094550e-17 4.720024e-18
6838.480000 6.349114e-17 4.707817e-18
6841.480000 6.823055e-17 4.747312e-18
6844.480000 6.459731e-17 4.721309e-18
6847.480000 6.458076e-17 4.637929e-18
6850.480000 6.596816e-17 4.527207e-18
6853.480000 7.003040e-17 4.465910e-18
6856.480000 7.359465e-17 4.417517e-18
6859.480000 7.121601e-17 4.441073e-18
6862.480000 7.398549e-17 4.575498e-18
6865.480000 7.009602e-17 4.688343e-18
6868.480000 6.344213e-17 4.577666e-18
6871.480000 5.789498e-17 4.379208e-18
6874.480000 5.942955e-17 4.186259e-18
6877.480000 6.536569e-17 4.046912e-18
6880.480000 6.677672e-17 3.935871e-18
6883.480000 6.812363e-17 3.835256e-18
6886.480000 6.973225e-17 3.800002e-18
6889.480000 6.515296e-17 3.722886e-18
6892.480000 6.423419e-17 3.679978e-18
6895.480000 6.733832e-17 3.666909e-18
6898.480000 6.833600e-17 3.659647e-18
6901.480000 6.455921e-17 3.623171e-18
6904.480000 6.436181e-17 3.566109e-18
6907.480000 6.576427e-17 3.523306e-18
6910.480000 6.469325e-17 3.529980e-18
6913.480000 6.386698e-17 3.520564e-18
6916.480000 6.260042e-17 3.491448e-18
6919.480000 6.143565e-17 3.523105e-18
6922.480000 6.105155e-17 3.588227e-18
6925.480000 6.164180e-17 3.618375e-18
6928.480000 6.583389e-17 3.618722e-18
6931.480000 6.769184e-17 3.602266e-18
6934.480000 6.296828e-17 3.627212e-18
6937.480000 6.166085e-17 3.713707e-18
6940.480000 6.137141e-17 3.803858e-18
6943.480000 6.393059e-17 3.916895e-18
6946.480000 5.625451e-17 4.069672e-18
6949.480000 5.891871e-17 4.252979e-18
6952.480000 5.947810e-17 4.280547e-18
6955.480000 5.915884e-17 4.296533e-18
6958.480000 6.081455e-17 4.330521e-18
6961.480000 6.296021e-17 4.365684e-18
6964.480000 6.569553e-17 4.421125e-18
6967.480000 6.705308e-17 4.570369e-18
6970.480000 6.821281e-17 4.646010e-18
6973.480000 7.241743e-17 4.606584e-18
6976.480000 6.902647e-17 4.501164e-18
6979.480000 6.235476e-17 4.363566e-18
6982.480000 5.873410e-17 4.194376e-18
6985.480000 5.648686e-17 4.022184e-18
6988.480000 5.700147e-17 3.898424e-18
6991.480000 6.047870e-17 3.847942e-18
6994.480000 5.911953e-17 3.767206e-18
6997.480000 5.678943e-17 3.665481e-18
7000.480000 5.853149e-17 3.604353e-18
7003.480000 5.945092e-17 3.550393e-18
7006.480000 6.035718e-17 3.493928e-18
7009.480000 6.161102e-17 3.450210e-18
7012.480000 5.880065e-17 3.377437e-18
7015.480000 5.472293e-17 3.286281e-18
7018.480000 5.626622e-17 3.231686e-18
7021.480000 5.716312e-17 3.200853e-18
7024.480000 5.641007e-17 3.163175e-18
7027.480000 5.500999e-17 3.136403e-18
7030.480000 5.095837e-17 3.110700e-18
7033.480000 5.407974e-17 3.129391e-18
7036.480000 6.256073e-17 3.196095e-18
7039.480000 6.443173e-17 3.233608e-18
7042.480000 5.861236e-17 3.231144e-18
7045.480000 5.075891e-17 3.242360e-18
7048.480000 4.821205e-17 3.279490e-18
7051.480000 5.092241e-17 3.320945e-18
7054.480000 5.189904e-17 3.330486e-18
7057.480000 5.270979e-17 3.367484e-18
7060.480000 5.337883e-17 3.417239e-18
7063.480000 4.821681e-17 3.459036e-18
7066.480000 4.894284e-17 3.535262e-18
7069.480000 5.280250e-17 3.621939e-18
7072.480000 5.251127e-17 3.688067e-18
7075.480000 5.013890e-17 3.745234e-18
7078.480000 4.975343e-17 3.834577e-18
7081.480000 4.626482e-17 3.910542e-18
7084.480000 4.906561e-17 3.999224e-18
7087.480000 4.752851e-17 4.066551e-18
7090.480000 4.624989e-17 4.144327e-18
7093.480000 4.660831e-17 4.254014e-18
7096.480000 4.871609e-17 4.276369e-18
7099.480000 4.994347e-17 4.174489e-18
7102.480000 4.645589e-17 4.059295e-18
7105.480000 4.918976e-17 3.989694e-18
7108.480000 4.755239e-17 4.095446e-18
7111.480000 4.397317e-17 3.867605e-18
7114.480000 5.374388e-17 3.721521e-18
7117.480000 4.904078e-17 3.614643e-18
7120.480000 4.554111e-17 3.499008e-18
7123.480000 4.241536e-17 3.418335e-18
7126.480000 4.137251e-17 3.345799e-18
7129.480000 4.252148e-17 3.294604e-18
7132.480000 4.230968e-17 3.250396e-18
7135.480000 4.096989e-17 3.193835e-18
7138.480000 3.952664e-17 3.148072e-18
7141.480000 4.193610e-17 3.125045e-18
7144.480000 4.243089e-17 3.090952e-18
7147.480000 4.314755e-17 3.064096e-18
7150.480000 4.448344e-17 3.041020e-18
7153.480000 4.380378e-17 3.012200e-18
7156.480000 4.317383e-17 2.999006e-18
7159.480000 4.542990e-17 3.011515e-18
7162.480000 4.764982e-17 3.017181e-18
7165.480000 4.665052e-17 2.998157e-18
7168.480000 4.364777e-17 2.992678e-18
7171.480000 4.131314e-17 3.002210e-18
7174.480000 3.979156e-17 3.018159e-18
7177.480000 4.168371e-17 3.050877e-18
7180.480000 4.335369e-17 3.087527e-18
7183.480000 4.313247e-17 3.113500e-18
7186.480000 4.120701e-17 3.138950e-18
7189.480000 3.958245e-17 3.181063e-18
7192.480000 4.161566e-17 3.237572e-18
7195.480000 3.874946e-17 3.288466e-18
7198.480000 3.568537e-17 3.331507e-18
7201.480000 3.625937e-17 3.403514e-18
7204.480000 3.776602e-17 3.508357e-18
7207.480000 3.576670e-17 3.600484e-18
7210.480000 3.663691e-17 3.696243e-18
7213.480000 3.770728e-17 3.807822e-18
7216.480000 3.846449e-17 3.931056e-18
7219.480000 4.171208e-17 4.053136e-18
7222.480000 4.012660e-17 4.049308e-18
7225.480000 4.073068e-17 3.963557e-18
7228.480000 3.731430e-17 3.865153e-18
7231.480000 3.503057e-17 3.763198e-18
7234.480000 3.207053e-17 3.782013e-18
7237.480000 3.209219e-17 3.969978e-18
7240.480000 3.299999e-17 4.196885e-18
7243.480000 3.241330e-17 4.229248e-18
7246.480000 3.294616e-17 4.048852e-18
7249.480000 3.670059e-17 3.769916e-18
7252.480000 3.923650e-17 3.499433e-18
7255.480000 3.969499e-17 3.326393e-18
7258.480000 3.807109e-17 3.200345e-18
7261.480000 3.490890e-17 3.067142e-18
7264.480000 3.372088e-17 2.985782e-18
7267.480000 3.579987e-17 3.006273e-18
7270.480000 3.759860e-17 3.128891e-18
7273.480000 3.849814e-17 3.334374e-18
7276.480000 3.614848e-17 3.488367e-18
7279.480000 3.308058e-17 3.455900e-18
7282.480000 3.378689e-17 3.307729e-18
7285.480000 3.595618e-17 3.184862e-18
7288.480000 3.454996e-17 3.062432e-18
7291.480000 3.346188e-17 2.964813e-18
7294.480000 3.435507e-17 2.960786e-18
7297.480000 3.718217e-17 3.026201e-18
7300.480000 3.903331e-17 3.094485e-18
7303.480000 3.410201e-17 3.121368e-18
7306.480000 2.964320e-17 3.140653e-18
7309.480000 3.165035e-17 3.227249e-18
7312.480000 3.535917e-17 3.452635e-18
7315.480000 3.618435e-17 3.674039e-18
7318.480000 2.961533e-17 3.674733e-18
7321.480000 2.807509e-17 3.543314e-18
7324.480000 3.198449e-17 3.526295e-18
7327.480000 3.362438e-17 3.660608e-18
7330.480000 3.269599e-17 3.782497e-18
7333.480000 2.911997e-17 3.851207e-18
7336.480000 3.141802e-17 4.038366e-18
7339.480000 2.800353e-17 4.386241e-18
7342.480000 3.055782e-17 4.569008e-18
7345.480000 2.839889e-17 4.410545e-18
7348.480000 2.697807e-17 4.081683e-18
7351.480000 3.052289e-17 3.918103e-18
7354.480000 3.596251e-17 3.890715e-18
7357.480000 3.585370e-17 3.898407e-18
7360.480000 3.143823e-17 3.832534e-18
7363.480000 3.067977e-17 3.736781e-18
7366.480000 3.212079e-17 3.751257e-18
7369.480000 3.203032e-17 3.842361e-18
7372.480000 3.346467e-17 3.745645e-18
7375.480000 3.487324e-17 3.472057e-18
7378.480000 3.275637e-17 3.241621e-18
7381.480000 3.538576e-17 3.118811e-18
7384.480000 3.791562e-17 3.065162e-18
7387.480000 3.277821e-17 3.027328e-18
7390.480000 3.336575e-17 3.041698e-18
7393.480000 3.404112e-17 3.067767e-18
7396.480000 3.242715e-17 3.043622e-18
7399.480000 2.840225e-17 3.036025e-18
7402.480000 2.725206e-17 3.061970e-18
7405.480000 3.241386e-17 3.014902e-18
7408.480000 3.661915e-17 2.902495e-18
7411.480000 3.833917e-17 2.829750e-18
7414.480000 3.491579e-17 2.795382e-18
7417.480000 3.151461e-17 2.785417e-18
7420.480000 2.938977e-17 2.784025e-18
7423.480000 2.759276e-17 2.806487e-18
7426.480000 2.927466e-17 2.892658e-18
7429.480000 2.925551e-17 2.982105e-18
7432.480000 2.890130e-17 3.050599e-18
7435.480000 2.639097e-17 3.107236e-18
7438.480000 2.650749e-17 3.196022e-18
7441.480000 2.783480e-17 3.221645e-18
7444.480000 3.042163e-17 3.184258e-18
7447.480000 3.000559e-17 3.183834e-18
7450.480000 2.598116e-17 3.212668e-18
7453.480000 2.303615e-17 3.264907e-18
7456.480000 2.735548e-17 3.390176e-18
7459.480000 3.230486e-17 3.533534e-18
7462.480000 3.201755e-17 3.662847e-18
7465.480000 2.868272e-17 3.769629e-18
7468.480000 2.982340e-17 3.905072e-18
7471.480000 3.047120e-17 4.035887e-18
7474.480000 2.952366e-17 4.054025e-18
7477.480000 2.731932e-17 3.943192e-18
7480.480000 2.963086e-17 3.881236e-18
7483.480000 2.951143e-17 3.795559e-18
7486.480000 2.726016e-17 3.620560e-18
7489.480000 2.601090e-17 3.434636e-18
7492.480000 2.908512e-17 3.307538e-18
7495.480000 3.171124e-17 3.248503e-18
7498.480000 2.772546e-17 3.145847e-18
7501.480000 2.545136e-17 3.050976e-18
7504.480000 2.734421e-17 2.986696e-18
7507.480000 2.669444e-17 2.919922e-18
7510.480000 2.683658e-17 2.861677e-18
7513.480000 2.902739e-17 2.873482e-18
7516.480000 2.994332e-17 2.901837e-18
7519.480000 2.825030e-17 2.970397e-18
7522.480000 2.578813e-17 3.079507e-18
7525.480000 2.555811e-17 3.131049e-18
7528.480000 2.695483e-17 3.052481e-18
7531.480000 2.820952e-17 2.909402e-18
7534.480000 3.275481e-17 2.820913e-18
7537.480000 3.401826e-17 2.780691e-18
7540.480000 2.904064e-17 2.735049e-18
7543.480000 2.435545e-17 2.689610e-18
7546.480000 2.507151e-17 2.698022e-18
7549.480000 2.744273e-17 2.748004e-18
7552.480000 2.771575e-17 2.801758e-18
7555.480000 2.924711e-17 2.882620e-18
7558.480000 2.944564e-17 2.933006e-18
7561.480000 2.892118e-17 2.957423e-18
7564.480000 2.845040e-17 3.007590e-18
7567.480000 2.757420e-17 3.143168e-18
7570.480000 2.552415e-17 3.312681e-18
7573.480000 2.889506e-17 3.414533e-18
7576.480000 2.772187e-17 3.394841e-18
7579.480000 2.396768e-17 3.318652e-18
7582.480000 2.597542e-17 3.434561e-18
7585.480000 3.244143e-17 3.557073e-18
7588.480000 3.573919e-17 3.810470e-18
7591.480000 3.130277e-17 4.064487e-18
7594.480000 2.880626e-17 4.703597e-18
7597.480000 2.566249e-17 5.489004e-18
7600.480000 2.333768e-17 6.278928e-18
7603.480000 3.312597e-17 6.335728e-18
7606.480000 2.589512e-17 6.024912e-18
7609.480000 1.783813e-17 5.279497e-18
7612.480000 1.965392e-17 4.717050e-18
7615.480000 2.828174e-17 4.232387e-18
7618.480000 3.367538e-17 4.107515e-18
7621.480000 2.790723e-17 3.952605e-18
7624.480000 2.580858e-17 4.065790e-18
7627.480000 2.491398e-17 4.170115e-18
7630.480000 2.257681e-17 4.160843e-18
7633.480000 2.131822e-17 3.946715e-18
7636.480000 2.457317e-17 3.694933e-18
7639.480000 2.765854e-17 3.537737e-18
7642.480000 2.613241e-17 3.374194e-18
7645.480000 2.257935e-17 3.219536e-18
7648.480000 2.019569e-17 3.085351e-18
7651.480000 1.941358e-17 3.003933e-18
7654.480000 2.250547e-17 2.943486e-18
7657.480000 2.401151e-17 2.891701e-18
7660.480000 2.327780e-17 2.847039e-18
7663.480000 2.465503e-17 2.819758e-18
7666.480000 2.602231e-17 2.776502e-18
7669.480000 2.554948e-17 2.716714e-18
7672.480000 2.170751e-17 2.671938e-18
7675.480000 2.199686e-17 2.690656e-18
7678.480000 2.648117e-17 2.751063e-18
7681.480000 2.523668e-17 2.803430e-18
7684.480000 2.454572e-17 2.874640e-18
7687.480000 2.643792e-17 2.926997e-18
7690.480000 2.348497e-17 2.935139e-18
7693.480000 2.353737e-17 2.982442e-18
7696.480000 2.515808e-17 3.043484e-18
7699.480000 2.484805e-17 3.114315e-18
7702.480000 2.294084e-17 3.175735e-18
7705.480000 2.172367e-17 3.288514e-18
7708.480000 2.317901e-17 3.645690e-18
7711.480000 2.510694e-17 4.222244e-18
7714.480000 2.486645e-17 4.702044e-18
7717.480000 2.237658e-17 4.771197e-18
7720.480000 1.745832e-17 4.420274e-18
7723.480000 1.629849e-17 4.100311e-18
7726.480000 1.825287e-17 3.913186e-18
7729.480000 2.698244e-17 3.755084e-18
7732.480000 2.275989e-17 3.510341e-18
7735.480000 2.429787e-17 3.415889e-18
7738.480000 2.096522e-17 3.290013e-18
7741.480000 1.967078e-17 3.236739e-18
7744.480000 2.040018e-17 3.301222e-18
7747.480000 2.445120e-17 3.618035e-18
7750.480000 2.768125e-17 3.967438e-18
7753.480000 2.517916e-17 3.879856e-18
7756.480000 1.921834e-17 3.460901e-18
7759.480000 1.851929e-17 3.214279e-18
7762.480000 1.885629e-17 3.097826e-18
7765.480000 1.682008e-17 2.927715e-18
7768.480000 1.859345e-17 2.841141e-18
7771.480000 2.307943e-17 2.893875e-18
7774.480000 2.640327e-17 2.958551e-18
7777.480000 2.602452e-17 2.938436e-18
7780.480000 1.985637e-17 2.859769e-18
7783.480000 1.501894e-17 2.782034e-18
7786.480000 1.683462e-17 2.768008e-18
7789.480000 2.192376e-17 2.920523e-18
7792.480000 2.925367e-17 3.207826e-18
7795.480000 2.963138e-17 3.289809e-18
7798.480000 2.092404e-17 3.041231e-18
7801.480000 1.886637e-17 2.840096e-18
7804.480000 2.245033e-17 2.895118e-18
7807.480000 2.559401e-17 3.064998e-18
7810.480000 2.440168e-17 3.120255e-18
7813.480000 1.908983e-17 3.087850e-18
7816.480000 2.053459e-17 3.287944e-18
7819.480000 2.779770e-17 3.732787e-18
7822.480000 3.577716e-17 3.978441e-18
7825.480000 2.992787e-17 3.707096e-18
7828.480000 1.999706e-17 3.329483e-18
7831.480000 2.083345e-17 3.254470e-18
7834.480000 2.339911e-17 3.310830e-18
7837.480000 2.402858e-17 3.513225e-18
7840.480000 2.550320e-17 3.778877e-18
7843.480000 2.540805e-17 3.915170e-18
7846.480000 1.643943e-17 3.946301e-18
7849.480000 1.735496e-17 4.309467e-18
7852.480000 2.657781e-17 4.787199e-18
7855.480000 2.773779e-17 4.814961e-18
7858.480000 2.054144e-17 4.378908e-18
7861.480000 2.499692e-17 4.038001e-18
7864.480000 2.607089e-17 3.802885e-18
7867.480000 2.442524e-17 3.683986e-18
7870.480000 2.348525e-17 3.704087e-18
7873.480000 2.085080e-17 3.590235e-18
7876.480000 1.853057e-17 3.372949e-18
7879.480000 2.272463e-17 3.348438e-18
7882.480000 2.064022e-17 3.319279e-18
7885.480000 1.758763e-17 3.241566e-18
7888.480000 2.287651e-17 3.302080e-18
7891.480000 2.751222e-17 3.318822e-18
7894.480000 1.980167e-17 3.066641e-18
7897.480000 1.719514e-17 2.798934e-18
7900.480000 2.035388e-17 2.693929e-18
7903.480000 1.844123e-17 2.660274e-18
7906.480000 1.636070e-17 2.762052e-18
7909.480000 1.625030e-17 3.090698e-18
7912.480000 2.506387e-17 3.536237e-18
7915.480000 2.698382e-17 3.666122e-18
7918.480000 1.868495e-17 3.476730e-18
7921.480000 1.890099e-17 3.305104e-18
7924.480000 2.034457e-17 3.140581e-18
7927.480000 2.115413e-17 3.049071e-18
7930.480000 2.388742e-17 3.111181e-18
7933.480000 2.441946e-17 3.096636e-18
7936.480000 1.914058e-17 2.921783e-18
7939.480000 1.755300e-17 2.853618e-18
7942.480000 1.646333e-17 2.891520e-18
7945.480000 1.819383e-17 3.065869e-18
7948.480000 2.122289e-17 3.278290e-18
7951.480000 2.297691e-17 3.301273e-18
7954.480000 1.652168e-17 3.179269e-18
7957.480000 1.687954e-17 3.271234e-18
7960.480000 1.396751e-17 3.606560e-18
7963.480000 2.349176e-17 4.204141e-18
7966.480000 2.738868e-17 4.438762e-18
7969.480000 2.061769e-17 4.206275e-18
7972.480000 1.781112e-17 3.923563e-18
7975.480000 2.093097e-17 4.130663e-18
7978.480000 2.432632e-17 4.083706e-18
7981.480000 2.251847e-17 3.974934e-18
7984.480000 2.186806e-17 3.682034e-18
7987.480000 1.790090e-17 3.542501e-18
7990.480000 2.361837e-17 3.875837e-18
7993.480000 3.287783e-17 4.268500e-18
7996.480000 2.032789e-17 4.007057e-18
7999.480000 1.268046e-17 3.399484e-18
8002.480000 1.317363e-17 3.031946e-18
8005.480000 1.369103e-17 2.899207e-18
8008.480000 1.718159e-17 2.884323e-18
8011.480000 1.734355e-17 2.935026e-18
8014.480000 1.505822e-17 2.999318e-18
8017.480000 1.245415e-17 2.972531e-18
8020.480000 8.854025e-18 2.934068e-18
8023.480000 1.882221e-17 3.130067e-18
8026.480000 2.841109e-17 3.350816e-18
8029.480000 2.196273e-17 3.183946e-18
8032.480000 1.493970e-17 2.826182e-18
8035.480000 1.415657e-17 2.621113e-18
8038.480000 1.620268e-17 2.583178e-18
8041.480000 1.999668e-17 2.586176e-18
8044.480000 1.909045e-17 2.587559e-18
8047.480000 1.431228e-17 2.630287e-18
8050.480000 1.507333e-17 2.751342e-18
8053.480000 1.508730e-17 2.806527e-18
8056.480000 1.105162e-17 2.817797e-18
8059.480000 1.402238e-17 2.971163e-18
8062.480000 1.193373e-17 3.078868e-18
8065.480000 4.223501e-18 2.987213e-18
8068.480000 -9.525070e-19 2.832799e-18
8071.480000 8.667309e-18 2.867637e-18
8074.480000 1.224792e-17 2.920280e-18
8077.480000 1.097642e-17 2.978243e-18
8080.480000 1.028708e-17 3.044743e-18
8083.480000 8.061983e-18 3.083019e-18
8086.480000 1.107413e-17 3.179539e-18
8089.480000 5.896495e-18 3.238318e-18
8092.480000 7.822128e-18 3.382965e-18
8095.480000 8.859240e-18 3.477424e-18
8098.480000 8.832331e-18 3.572786e-18
8101.480000 9.373110e-18 3.680023e-18
8104.480000 7.867497e-18 3.605703e-18
8107.480000 4.618817e-18 3.393711e-18
8110.480000 7.173679e-18 3.254326e-18
8113.480000 8.188985e-18 3.118616e-18
8116.480000 1.057711e-17 3.059738e-18
8119.480000 1.384161e-17 3.029371e-18
8122.480000 1.224535e-17 2.925220e-18
8125.480000 1.720756e-17 2.944864e-18
8128.480000 1.082896e-17 2.860874e-18
8131.480000 9.518245e-18 2.784636e-18
8134.480000 1.069676e-17 2.747205e-18
8137.480000 1.062015e-17 2.731028e-18
8140.480000 6.878369e-18 2.679899e-18
8143.480000 3.290634e-18 2.587347e-18
8146.480000 7.267163e-18 2.586269e-18
8149.480000 4.872939e-18 2.514975e-18
8152.480000 5.815777e-18 2.476563e-18
8155.480000 8.128419e-18 2.441131e-18
8158.480000 7.003104e-18 2.404404e-18
8161.480000 2.432069e-18 2.365816e-18
8164.480000 3.493331e-18 2.352616e-18
8167.480000 8.761774e-18 2.376382e-18
8170.480000 1.008436e-17 2.426524e-18
8173.480000 7.039566e-18 2.459998e-18
8176.480000 7.750071e-18 2.542673e-18
8179.480000 8.291301e-18 2.624757e-18
8182.480000 9.937175e-18 2.713519e-18
8185.480000 1.358790e-17 2.660655e-18
8188.480000 1.548965e-17 2.704841e-18
8191.480000 1.418554e-17 2.723067e-18
8194.480000 8.030687e-18 2.704953e-18
8197.480000 1.065666e-17 2.788848e-18
8200.480000 1.427292e-17 2.869927e-18
8203.480000 1.437197e-17 2.960344e-18
8206.480000 9.776262e-18 2.982805e-18
8209.480000 1.040368e-17 3.066920e-18
8212.480000 1.059392e-17 3.159059e-18
8215.480000 8.389899e-18 3.189616e-18
8218.480000 1.171357e-17 3.269593e-18
8221.480000 1.576027e-17 3.365600e-18
8224.480000 1.074999e-17 3.346710e-18
8227.480000 7.986959e-18 3.266903e-18
8230.480000 8.126365e-18 3.206102e-18
8233.480000 1.031752e-17 3.199147e-18
8236.480000 1.432020e-17 3.216342e-18
8239.480000 1.105946e-17 3.134434e-18
8242.480000 9.564729e-18 3.069825e-18
8245.480000 1.475156e-17 3.042234e-18
8248.480000 1.840020e-17 3.021622e-18
8251.480000 1.546200e-17 2.937791e-18
8254.480000 1.068576e-17 2.830301e-18
8257.480000 1.156777e-17 2.779254e-18
8260.480000 1.193513e-17 2.732570e-18
8263.480000 1.155687e-17 2.671320e-18
8266.480000 1.260411e-17 2.660199e-18
8269.480000 1.360412e-17 2.649518e-18
8272.480000 1.377774e-17 2.688124e-18
8275.480000 1.388088e-17 2.838117e-18
8278.480000 1.676590e-17 3.141483e-18
8281.480000 1.469032e-17 3.373597e-18
8284.480000 9.603936e-18 3.460778e-18
8287.480000 1.339560e-17 3.521163e-18
8290.480000 1.260859e-17 3.457649e-18
8293.480000 8.901869e-18 3.353465e-18
8296.480000 1.583982e-17 3.512859e-18
8299.480000 1.981729e-17 3.612106e-18
8302.480000 1.363720e-17 3.307436e-18
8305.480000 1.143390e-17 2.993201e-18
8308.480000 1.722316e-17 2.995976e-18
8311.480000 1.984406e-17 3.076209e-18
8314.480000 1.945152e-17 3.011847e-18
8317.480000 1.397172e-17 2.872997e-18
8320.480000 1.335567e-17 2.841047e-18
8323.480000 1.423352e-17 2.852412e-18
8326.480000 1.480223e-17 2.893019e-18
8329.480000 1.714204e-17 2.954255e-18
8332.480000 1.470792e-17 3.057433e-18
8335.480000 1.252766e-17 3.283367e-18
8338.480000 1.113324e-17 3.834756e-18
8341.480000 1.933557e-17 4.961877e-18
8344.480000 3.347442e-17 5.923540e-18
8347.480000 5.171179e-18 5.702162e-18
8350.480000 1.119536e-17 5.088574e-18
8353.480000 1.815378e-17 4.743943e-18
8356.480000 1.080280e-17 4.204234e-18
8359.480000 1.203215e-17 3.755422e-18
8362.480000 1.863414e-17 3.687563e-18
8365.480000 2.163612e-17 3.688724e-18
8368.480000 1.294225e-17 3.426713e-18
8371.480000 1.096571e-17 3.362881e-18
8374.480000 1.217245e-17 3.318318e-18
8377.480000 2.111552e-17 3.235869e-18
8380.480000 2.533580e-17 3.428176e-18
8383.480000 1.568164e-17 3.435220e-18
8386.480000 1.090459e-17 3.154172e-18
8389.480000 1.196804e-17 2.905149e-18
8392.480000 1.280653e-17 2.938079e-18
8395.480000 2.013206e-17 3.373412e-18
8398.480000 2.821960e-17 3.926618e-18
8401.480000 1.557339e-17 3.892872e-18
8404.480000 5.019087e-18 3.279850e-18
8407.480000 1.013941e-17 2.808859e-18
8410.480000 1.822518e-17 2.814887e-18
8413.480000 2.592548e-17 3.077554e-18
8416.480000 2.006430e-17 3.178588e-18
8419.480000 1.120977e-17 3.015940e-18
8422.480000 1.068211e-17 3.037836e-18
8425.480000 2.106475e-17 3.406451e-18
8428.480000 3.580797e-17 4.075232e-18
8431.480000 3.821696e-17 4.285151e-18
8434.480000 1.962443e-17 3.682648e-18
8437.480000 1.276976e-17 3.045643e-18
8440.480000 1.498649e-17 2.838192e-18
8443.480000 2.096536e-17 2.892487e-18
8446.480000 1.743852e-17 3.019480e-18
8449.480000 2.305888e-17 3.393635e-18
8452.480000 2.008695e-17 3.639374e-18
8455.480000 1.183749e-17 3.540005e-18
8458.480000 1.504113e-17 3.531169e-18
8461.480000 2.339597e-17 4.071141e-18
8464.480000 3.126365e-17 4.773001e-18
8467.480000 2.214839e-17 4.765302e-18
8470.480000 1.198825e-17 4.142019e-18
8473.480000 1.869970e-17 3.731840e-18
8476.480000 1.804254e-17 3.632743e-18
8479.480000 2.542071e-17 3.604056e-18
8482.480000 2.546986e-17 3.471480e-18
8485.480000 2.018498e-17 3.335863e-18
8488.480000 1.819285e-17 3.298681e-18
8491.480000 2.730682e-17 3.547357e-18
8494.480000 1.608438e-17 3.546568e-18
8497.480000 9.221616e-18 3.389912e-18
8500.480000 1.545542e-17 3.360864e-18
8503.480000 2.015891e-17 3.637351e-18
8506.480000 1.843810e-17 3.665892e-18
8509.480000 1.046065e-17 3.254027e-18
8512.480000 1.621344e-17 2.866483e-18
8515.480000 2.156503e-17 2.710741e-18
8518.480000 2.575521e-17 2.688918e-18
8521.480000 2.276489e-17 2.647113e-18
8524.480000 1.910035e-17 2.587687e-18
8527.480000 1.972607e-17 2.553805e-18
8530.480000 2.062598e-17 2.537087e-18
8533.480000 1.922972e-17 2.547167e-18
8536.480000 2.053966e-17 2.608158e-18
8539.480000 2.070182e-17 2.640899e-18
8542.480000 1.927961e-17 2.630405e-18
8545.480000 1.895582e-17 2.709476e-18
8548.480000 2.044289e-17 2.843953e-18
8551.480000 1.746733e-17 2.846623e-18
8554.480000 1.596719e-17 2.723318e-18
8557.480000 1.773415e-17 2.671374e-18
8560.480000 1.769564e-17 2.906427e-18
8563.480000 1.780080e-17 3.060779e-18
8566.480000 1.905542e-17 2.857578e-18
8569.480000 1.748728e-17 2.772702e-18
8572.480000 1.427203e-17 2.824019e-18
8575.480000 1.761525e-17 2.926846e-18
8578.480000 1.918142e-17 2.989639e-18
8581.480000 2.095957e-17 3.063467e-18
8584.480000 1.856855e-17 3.105790e-18
8587.480000 1.300366e-17 3.209194e-18
8590.480000 1.447807e-17 3.313715e-18
8593.480000 1.551634e-17 3.399428e-18
8596.480000 1.791668e-17 3.546279e-18
8599.480000 2.046227e-17 3.649469e-18
8602.480000 1.933039e-17 3.624362e-18
8605.480000 2.162638e-17 3.592890e-18
8608.480000 1.865846e-17 3.565376e-18
8611.480000 1.425088e-17 3.598574e-18
8614.480000 1.441880e-17 3.720140e-18
8617.480000 1.837308e-17 3.992851e-18
8620.480000 1.794755e-17 4.215546e-18
8623.480000 1.746937e-17 4.412826e-18
8626.480000 2.465686e-17 4.573389e-18
8629.480000 2.443223e-17 4.567810e-18
8632.480000 1.883123e-17 4.403162e-18
8635.480000 1.737328e-17 4.142357e-18
8638.480000 1.884804e-17 3.788822e-18
8641.480000 1.795631e-17 3.472278e-18
8644.480000 1.323730e-17 3.243174e-18
8647.480000 1.150760e-17 3.309914e-18
8650.480000 8.536904e-18 3.578729e-18
8653.480000 9.835992e-18 3.785793e-18
8656.480000 1.408198e-17 3.860485e-18
8659.480000 1.633457e-17 3.843841e-18
8662.480000 1.744858e-17 3.796840e-18
8665.480000 1.820044e-17 3.744345e-18
8668.480000 1.604680e-17 3.672555e-18
8671.480000 1.408662e-17 3.571565e-18
8674.480000 1.508142e-17 3.454376e-18
8677.480000 1.751097e-17 3.359523e-18
8680.480000 1.738126e-17 3.240910e-18
8683.480000 1.686795e-17 3.130820e-18
8686.480000 1.722253e-17 3.044622e-18
8689.480000 1.478719e-17 2.975599e-18
8692.480000 1.423971e-17 2.969108e-18
8695.480000 1.390507e-17 2.971741e-18
8698.480000 1.588976e-17 3.025407e-18
8701.480000 1.775927e-17 3.064034e-18
8704.480000 1.780780e-17 3.111089e-18
8707.480000 1.496795e-17 3.142676e-18
8710.480000 1.231782e-17 3.133154e-18
8713.480000 1.188218e-17 3.142766e-18
8716.480000 8.869976e-18 3.154900e-18
8719.480000 1.316476e-17 3.280901e-18
8722.480000 2.213221e-17 3.464095e-18
8725.480000 1.908845e-17 3.534917e-18
8728.480000 1.089684e-17 3.490096e-18
8731.480000 1.177417e-17 3.581272e-18
8734.480000 1.287302e-17 3.638640e-18
8737.480000 1.483714e-17 3.485226e-18
8740.480000 1.475854e-17 3.239205e-18
8743.480000 1.608191e-17 3.192261e-18
8746.480000 1.266377e-17 3.087362e-18
8749.480000 1.013822e-17 3.061333e-18
8752.480000 1.034999e-17 3.188664e-18
8755.480000 1.053992e-17 3.364698e-18
8758.480000 1.740298e-17 3.991978e-18
8761.480000 1.525888e-17 4.505079e-18
8764.480000 1.519277e-17 4.682301e-18
8767.480000 2.100610e-17 4.683299e-18
8770.480000 1.399769e-17 4.375300e-18
8773.480000 1.264537e-17 4.051675e-18
8776.480000 2.674252e-17 4.255949e-18
8779.480000 1.818421e-17 4.275397e-18
8782.480000 7.928858e-18 3.719075e-18
8785.480000 1.048062e-17 3.139229e-18
8788.480000 1.498575e-17 3.070158e-18
8791.480000 1.788954e-17 3.154746e-18
8794.480000 1.868537e-17 3.024394e-18
8797.480000 1.581479e-17 2.785276e-18
8800.480000 1.382781e-17 2.654428e-18
8803.480000 1.527929e-17 2.653772e-18
8806.480000 1.458772e-17 2.690686e-18
8809.480000 1.424966e-17 2.750035e-18
8812.480000 1.441033e-17 2.789894e-18
8815.480000 1.580864e-17 2.850564e-18
8818.480000 1.071465e-17 3.091359e-18
8821.480000 8.577290e-18 3.985487e-18
8824.480000 2.254957e-17 5.534979e-18
8827.480000 3.290144e-17 6.365960e-18
8830.480000 1.885517e-17 5.873346e-18
8833.480000 1.606572e-17 5.173701e-18
8836.480000 8.974993e-18 4.956641e-18
8839.480000 4.424229e-18 4.517263e-18
8842.480000 9.180303e-18 3.936651e-18
8845.480000 1.310966e-17 3.835926e-18
8848.480000 1.970491e-17 4.164407e-18
8851.480000 1.496235e-17 4.282761e-18
8854.480000 1.390739e-17 4.033214e-18
8857.480000 1.297674e-17 3.733180e-18
8860.480000 5.986287e-18 3.632430e-18
8863.480000 4.493786e-18 3.836009e-18
8866.480000 9.901985e-18 4.316100e-18
8869.480000 6.179467e-18 4.306648e-18
8872.480000 -5.179685e-19 3.735772e-18
8875.480000 -1.444059e-18 3.226112e-18
8878.480000 -4.020555e-19 3.219870e-18
8881.480000 8.018771e-18 3.847016e-18
8884.480000 2.043148e-17 4.874956e-18
8887.480000 1.915238e-17 5.248325e-18
8890.480000 1.035979e-17 4.526921e-18
8893.480000 8.074683e-18 3.487053e-18
8896.480000 7.468999e-18 3.092908e-18
8899.480000 1.119983e-17 3.311098e-18
8902.480000 1.192773e-17 3.712854e-18
8905.480000 6.298515e-18 3.708651e-18
8908.480000 5.099243e-19 3.268265e-18
8911.480000 -1.786221e-18 3.035314e-18
8914.480000 8.056373e-18 3.589194e-18
8917.480000 2.695353e-17 4.609794e-18
8920.480000 2.576410e-17 5.057713e-18
8923.480000 1.321418e-17 4.480855e-18
8926.480000 1.184914e-17 3.541041e-18
8929.480000 9.762451e-18 3.018892e-18
8932.480000 8.610633e-18 2.902034e-18
8935.480000 9.245929e-18 3.023937e-18
8938.480000 1.261895e-17 3.435613e-18
8941.480000 1.460788e-17 3.984604e-18
8944.480000 1.032068e-17 4.026383e-18
8947.480000 1.309465e-18 3.682031e-18
8950.480000 1.590765e-18 3.584272e-18
8953.480000 1.095839e-17 4.244815e-18
8956.480000 1.962227e-17 5.395941e-18
8959.480000 1.318680e-17 5.700746e-18
8962.480000 2.505537e-19 4.855778e-18
8965.480000 2.971997e-18 3.879442e-18
8968.480000 3.681381e-18 3.617352e-18
8971.480000 7.759254e-18 3.653265e-18
8974.480000 9.168490e-18 3.769354e-18
8977.480000 1.039282e-17 3.864927e-18
8980.480000 1.181350e-17 3.997463e-18
8983.480000 8.139689e-18 4.103181e-18
8986.480000 8.416070e-18 4.366771e-18
8989.480000 5.779826e-18 4.483626e-18
8992.480000 4.109167e-18 4.195002e-18
8995.480000 6.044339e-18 3.957567e-18
8998.480000 1.575567e-17 4.409316e-18
9001.480000 8.776247e-18 4.858976e-18
9004.480000 2.990747e-18 4.596238e-18
9007.480000 7.786428e-18 3.827185e-18
9010.480000 8.519844e-18 3.256550e-18
9013.480000 7.723797e-18 3.075481e-18
9016.480000 9.020574e-18 3.015308e-18
9019.480000 9.876700e-18 2.998656e-18
9022.480000 9.590563e-18 2.977616e-18
9025.480000 5.456034e-18 2.901716e-18
9028.480000 3.714726e-18 2.857002e-18
9031.480000 5.740324e-18 2.964212e-18
9034.480000 1.084071e-17 3.190648e-18
9037.480000 1.373723e-17 3.424143e-18
9040.480000 1.268892e-17 3.480439e-18
9043.480000 9.761200e-18 3.417590e-18
9046.480000 1.386412e-17 3.549255e-18
9049.480000 1.327292e-17 3.723352e-18
9052.480000 5.062604e-18 3.575766e-18
9055.480000 5.909924e-18 3.267375e-18
9058.480000 7.379264e-18 3.084964e-18
9061.480000 4.593212e-18 3.083824e-18
9064.480000 4.163457e-18 3.135410e-18
9067.480000 4.547752e-18 3.173303e-18
9070.480000 2.447059e-18 3.172676e-18
9073.480000 9.926428e-19 3.131706e-18
9076.480000 3.314975e-18 3.162117e-18
9079.480000 1.159095e-17 3.311418e-18
9082.480000 9.240359e-18 3.381194e-18
9085.480000 8.447947e-18 3.524154e-18
9088.480000 1.004643e-17 3.736010e-18
9091.480000 1.025181e-17 3.960157e-18
9094.480000 6.424417e-18 4.032603e-18
9097.480000 5.490450e-18 4.092678e-18
