# TELESCOPE = UH88
# INSTRUMENT = SNIFS
# OBJECT = 23ibn
# CHANNEL = B+R
# EXPNUM = 23_145_052_003
# MJD-OBS = 60089.563964
# DATE-OBS = 2023-05-25T13:32:08
# EXPTIME = 900.0s
# AIRMASS = 1.18
# FLUXCAL_RMS_B = 0.034 mag
# FLUXCAL_RMS_R = 0.035 mag
# RA = 19:43:24.01
# DEC = 51:32:31.13
# wl fl err
# [A] [erg/s/cm2/A]
3400.480000 -1.268626e-16 1.078273e-16
3403.480000 -1.230303e-17 1.148315e-16
3406.480000 1.121155e-16 1.060064e-16
3409.480000 -3.151735e-17 9.829649e-17
3412.480000 -5.626779e-17 1.067471e-16
3415.480000 -1.704557e-16 1.079781e-16
3418.480000 -1.104204e-16 9.653528e-17
3421.480000 -4.982796e-17 9.389904e-17
3424.480000 -1.180936e-17 1.062446e-16
3427.480000 -2.265760e-17 1.058240e-16
3430.480000 -5.088881e-17 9.168426e-17
3433.480000 5.082590e-17 9.310745e-17
3436.480000 9.373310e-17 1.038246e-16
3439.480000 -2.947496e-17 1.009626e-16
3442.480000 3.425298e-17 8.946935e-17
3445.480000 9.171924e-17 9.312964e-17
3448.480000 -7.761467e-17 1.014264e-16
3451.480000 -4.011880e-17 9.738578e-17
3454.480000 -3.908451e-17 8.762081e-17
3457.480000 -1.273075e-16 9.049227e-17
3460.480000 1.041966e-17 9.732863e-17
3463.480000 6.050123e-17 9.182923e-17
3466.480000 1.818811e-17 8.303734e-17
3469.480000 6.477001e-17 9.051981e-17
3472.480000 2.825554e-17 9.401774e-17
3475.480000 -3.951646e-17 8.584193e-17
3478.480000 -2.930809e-17 8.258120e-17
3481.480000 -5.057906e-17 8.938119e-17
3484.480000 7.904273e-17 9.337944e-17
3487.480000 -4.449059e-17 8.322958e-17
3490.480000 -4.641926e-17 8.389250e-17
3493.480000 2.168944e-17 9.118226e-17
3496.480000 3.466138e-17 9.072853e-17
3499.480000 8.776006e-17 8.029943e-17
3502.480000 9.635404e-17 8.035251e-17
3505.480000 5.840057e-17 8.981104e-17
3508.480000 4.406053e-17 8.913902e-17
3511.480000 5.062697e-17 7.899763e-17
3514.480000 1.658401e-16 7.924428e-17
3517.480000 7.865118e-17 8.616611e-17
3520.480000 1.489874e-18 8.489348e-17
3523.480000 -1.078371e-16 7.508312e-17
3526.480000 -5.432184e-17 7.775553e-17
3529.480000 9.552637e-18 8.415199e-17
3532.480000 9.587894e-18 8.032360e-17
3535.480000 -3.103316e-17 7.889561e-17
3538.480000 -7.367191e-19 8.199854e-17
3541.480000 1.223362e-17 8.472502e-17
3544.480000 2.540506e-17 7.883358e-17
3547.480000 1.571798e-17 7.517397e-17
3550.480000 -4.071871e-17 8.209348e-17
3553.480000 -5.338423e-17 8.274212e-17
3556.480000 -1.178320e-16 7.371176e-17
3559.480000 8.658972e-18 7.118681e-17
3562.480000 9.319728e-17 8.053060e-17
3565.480000 7.285181e-17 8.084111e-17
3568.480000 3.312653e-17 7.034074e-17
3571.480000 6.574975e-17 7.073048e-17
3574.480000 2.713387e-17 8.093463e-17
3577.480000 -1.565491e-17 7.833887e-17
3580.480000 1.107237e-17 6.859222e-17
3583.480000 -3.666151e-17 6.879931e-17
3586.480000 -3.157073e-17 7.643565e-17
3589.480000 1.067990e-16 7.520130e-17
3592.480000 9.410832e-17 6.782923e-17
3595.480000 -1.998017e-17 7.043853e-17
3598.480000 3.405026e-18 7.607271e-17
3601.480000 6.320752e-17 7.361708e-17
3604.480000 1.025909e-16 6.791084e-17
3607.480000 3.835605e-17 7.130161e-17
3610.480000 -3.535096e-17 7.439439e-17
3613.480000 -3.545306e-17 6.931784e-17
3616.480000 -9.633979e-17 6.471296e-17
3619.480000 -8.536969e-17 7.065157e-17
3622.480000 1.192740e-17 7.339948e-17
3625.480000 -6.382514e-18 6.584785e-17
3628.480000 8.155156e-17 6.393702e-17
3631.480000 1.101398e-16 7.126148e-17
3634.480000 -3.620796e-17 7.154619e-17
3637.480000 -1.064841e-16 6.258563e-17
3640.480000 -4.219353e-17 6.123617e-17
3643.480000 3.339910e-17 6.884814e-17
3646.480000 -6.898857e-17 6.791195e-17
3649.480000 -3.439961e-17 5.893803e-17
3652.480000 3.172301e-17 6.022238e-17
3655.480000 2.175739e-17 6.697892e-17
3658.480000 -6.717713e-18 6.476033e-17
3661.480000 -5.894158e-18 5.718188e-17
3664.480000 -8.169085e-18 6.104047e-17
3667.480000 -2.275385e-17 6.561397e-17
3670.480000 6.451444e-18 6.169838e-17
3673.480000 -7.495285e-17 5.556869e-17
3676.480000 -1.431039e-17 5.999387e-17
3679.480000 -2.243797e-17 6.323541e-17
3682.480000 -7.195293e-18 5.915219e-17
3685.480000 -4.005529e-18 5.488052e-17
3688.480000 1.900268e-18 5.994738e-17
3691.480000 -3.324047e-17 6.181066e-17
3694.480000 -2.307124e-17 5.602521e-17
3697.480000 -2.600804e-17 5.298089e-17
3700.480000 1.389947e-17 5.896810e-17
3703.480000 1.388638e-17 5.963985e-17
3706.480000 4.388500e-17 5.343668e-17
3709.480000 4.208164e-17 5.213945e-17
3712.480000 6.662175e-17 5.921078e-17
3715.480000 -5.290680e-17 5.784007e-17
3718.480000 1.164899e-18 5.146587e-17
3721.480000 -4.964907e-17 5.087304e-17
3724.480000 1.430791e-17 5.729038e-17
3727.480000 6.087856e-17 5.588717e-17
3730.480000 3.287789e-17 4.986117e-17
3733.480000 -1.238526e-17 5.101465e-17
3736.480000 9.307112e-18 5.595021e-17
3739.480000 -1.894010e-17 5.346394e-17
3742.480000 -8.486002e-18 4.972394e-17
3745.480000 2.934917e-17 5.195527e-17
3748.480000 8.375584e-17 5.558378e-17
3751.480000 3.736429e-18 5.208749e-17
3754.480000 2.201359e-17 4.831572e-17
3757.480000 1.097097e-16 5.314104e-17
3760.480000 -9.648625e-18 5.490775e-17
3763.480000 -2.695104e-17 5.015186e-17
3766.480000 -9.350388e-18 4.804206e-17
3769.480000 6.122872e-17 5.372732e-17
3772.480000 -1.057076e-17 5.483676e-17
3775.480000 -2.385760e-17 4.975092e-17
3778.480000 6.979204e-17 4.885536e-17
3781.480000 8.925757e-17 5.514983e-17
3784.480000 1.105260e-16 5.462626e-17
3787.480000 1.226174e-16 4.821253e-17
3790.480000 1.094965e-16 4.846685e-17
3793.480000 1.347114e-16 5.404723e-17
3796.480000 6.042215e-17 5.291854e-17
3799.480000 3.347064e-17 4.635527e-17
3802.480000 1.925779e-17 4.696205e-17
3805.480000 3.189522e-17 5.157327e-17
3808.480000 6.071563e-17 4.993798e-17
3811.480000 1.014846e-16 4.517368e-17
3814.480000 3.325969e-17 4.697180e-17
3817.480000 -2.169241e-18 4.994679e-17
3820.480000 -1.567861e-17 4.731415e-17
3823.480000 -3.005464e-17 4.386741e-17
3826.480000 -7.902435e-18 4.776384e-17
3829.480000 -4.570158e-17 4.942005e-17
3832.480000 -1.483052e-17 4.593994e-17
3835.480000 4.060251e-17 4.372347e-17
3838.480000 4.518935e-17 4.733442e-17
3841.480000 7.704046e-17 4.895252e-17
3844.480000 2.849704e-17 4.364079e-17
3847.480000 4.128693e-17 4.199911e-17
3850.480000 9.146858e-17 4.738303e-17
3853.480000 5.605522e-17 4.822111e-17
3856.480000 6.701934e-17 4.194015e-17
3859.480000 1.452413e-16 4.210150e-17
3862.480000 8.309804e-17 4.678035e-17
3865.480000 1.227441e-16 4.677845e-17
3868.480000 7.042601e-17 4.065995e-17
3871.480000 2.028799e-17 4.106100e-17
3874.480000 -9.604727e-18 4.501120e-17
3877.480000 8.238887e-17 4.415142e-17
3880.480000 6.035432e-17 3.942602e-17
3883.480000 4.022952e-17 4.088821e-17
3886.480000 2.475464e-17 4.483978e-17
3889.480000 2.971945e-17 4.261315e-17
3892.480000 1.023535e-17 3.893441e-17
3895.480000 1.830782e-17 4.201367e-17
3898.480000 -9.570540e-18 4.403540e-17
3901.480000 4.669477e-18 4.132749e-17
3904.480000 8.974444e-17 3.984095e-17
3907.480000 4.279222e-17 4.387518e-17
3910.480000 3.870806e-17 4.583660e-17
3913.480000 6.726909e-17 4.167976e-17
3916.480000 3.628744e-17 4.008933e-17
3919.480000 3.057426e-17 4.531760e-17
3922.480000 4.312613e-17 4.582717e-17
3925.480000 3.714154e-17 4.062757e-17
3928.480000 7.241460e-17 4.081600e-17
3931.480000 1.056844e-16 4.632074e-17
3934.480000 1.352591e-16 4.622019e-17
3937.480000 1.110671e-16 4.055623e-17
3940.480000 1.097034e-16 4.075044e-17
3943.480000 3.927430e-17 4.426236e-17
3946.480000 -7.550061e-18 4.272041e-17
3949.480000 2.663603e-17 3.851536e-17
3952.480000 1.843488e-17 4.032774e-17
3955.480000 6.534494e-17 4.373303e-17
3958.480000 1.130689e-16 4.157234e-17
3961.480000 1.077441e-16 3.786785e-17
3964.480000 9.913906e-17 4.067471e-17
3967.480000 5.299595e-17 4.293901e-17
3970.480000 1.587128e-17 3.970762e-17
3973.480000 1.833759e-17 3.746089e-17
3976.480000 -1.769582e-18 4.109756e-17
3979.480000 1.038763e-18 4.269202e-17
3982.480000 6.551637e-17 3.941047e-17
3985.480000 7.035185e-17 3.764430e-17
3988.480000 1.599650e-17 4.175403e-17
3991.480000 5.659939e-17 4.282712e-17
3994.480000 5.033060e-17 3.821710e-17
3997.480000 6.005679e-17 3.767994e-17
4000.480000 2.593635e-17 4.263666e-17
4003.480000 -1.105378e-17 4.220353e-17
4006.480000 6.067172e-17 3.717345e-17
4009.480000 9.824809e-17 3.788289e-17
4012.480000 4.350069e-17 4.154905e-17
4015.480000 7.237040e-17 4.106216e-17
4018.480000 -1.454730e-17 3.614308e-17
4021.480000 3.195470e-18 3.769665e-17
4024.480000 2.403739e-17 4.110004e-17
4027.480000 2.845323e-19 3.973281e-17
4030.480000 5.035796e-17 3.711680e-17
4033.480000 3.556295e-17 4.011829e-17
4036.480000 1.583964e-17 4.294139e-17
4039.480000 -1.482821e-17 4.065676e-17
4042.480000 1.619776e-17 3.861301e-17
4045.480000 -7.802867e-18 4.202863e-17
4048.480000 2.754574e-17 4.380412e-17
4051.480000 5.368379e-17 4.000942e-17
4054.480000 3.482368e-17 3.802138e-17
4057.480000 -6.613117e-19 4.115791e-17
4060.480000 2.677603e-17 4.216725e-17
4063.480000 2.203001e-17 3.716781e-17
4066.480000 3.049955e-17 3.597601e-17
4069.480000 2.544471e-17 4.024223e-17
4072.480000 1.185327e-16 4.065244e-17
4075.480000 5.386689e-17 3.458686e-17
4078.480000 3.284019e-17 3.439865e-17
4081.480000 3.364743e-17 3.871495e-17
4084.480000 2.322119e-17 3.731246e-17
4087.480000 1.154399e-17 3.331092e-17
4090.480000 6.166581e-18 3.394680e-17
4093.480000 2.813193e-17 3.682393e-17
4096.480000 4.664522e-17 3.595433e-17
4099.480000 8.499352e-17 3.268886e-17
4102.480000 1.010949e-16 3.491812e-17
4105.480000 6.929081e-17 3.676152e-17
4108.480000 -7.824940e-18 3.412872e-17
4111.480000 1.492019e-17 3.183352e-17
4114.480000 1.244607e-17 3.471877e-17
4117.480000 3.226488e-18 3.658922e-17
4120.480000 6.400034e-18 3.387119e-17
4123.480000 3.558695e-17 3.250362e-17
4126.480000 5.313802e-17 3.629276e-17
4129.480000 7.957432e-17 3.773261e-17
4132.480000 6.553796e-17 3.445527e-17
4135.480000 4.139748e-17 3.385303e-17
4138.480000 3.906664e-17 3.877942e-17
4141.480000 7.961701e-17 3.940229e-17
4144.480000 6.007528e-17 3.461756e-17
4147.480000 6.964432e-17 3.485536e-17
4150.480000 2.953408e-17 3.925611e-17
4153.480000 7.802388e-17 3.870992e-17
4156.480000 9.489239e-17 3.409485e-17
4159.480000 5.777324e-17 3.441211e-17
4162.480000 7.097534e-17 3.733196e-17
4165.480000 1.645846e-16 3.641031e-17
4168.480000 6.623906e-17 3.226536e-17
4171.480000 1.026273e-16 3.419192e-17
4174.480000 1.213823e-16 3.694312e-17
4177.480000 4.703177e-17 3.370925e-17
4180.480000 4.813208e-17 3.137252e-17
4183.480000 5.582254e-17 3.345873e-17
4186.480000 3.757160e-17 3.479772e-17
4189.480000 8.475173e-17 3.236015e-17
4192.480000 9.779858e-17 3.080474e-17
4195.480000 4.475033e-17 3.388445e-17
4198.480000 7.726712e-17 3.505010e-17
4201.480000 7.868888e-17 3.149610e-17
4204.480000 7.179920e-17 3.050994e-17
4207.480000 1.111172e-16 3.481368e-17
4210.480000 9.611015e-17 3.506033e-17
4213.480000 8.065175e-17 3.098670e-17
4216.480000 6.494482e-17 3.082785e-17
4219.480000 4.328650e-17 3.443567e-17
4222.480000 1.031696e-16 3.432856e-17
4225.480000 5.349438e-17 3.024228e-17
4228.480000 6.993548e-17 3.121003e-17
4231.480000 8.100942e-17 3.625775e-17
4234.480000 9.438797e-17 3.955104e-17
4237.480000 6.341337e-17 3.439873e-17
4240.480000 8.872961e-17 3.137510e-17
4243.480000 1.171413e-16 3.397466e-17
4246.480000 1.026354e-16 3.226466e-17
4249.480000 8.281040e-17 2.960346e-17
4252.480000 1.165960e-16 3.181263e-17
4255.480000 1.543896e-16 3.387029e-17
4258.480000 1.149276e-16 3.138768e-17
4261.480000 9.788518e-17 2.936084e-17
4264.480000 1.247573e-16 3.241172e-17
4267.480000 1.271916e-16 3.357199e-17
4270.480000 1.032481e-16 3.035011e-17
4273.480000 1.323080e-16 2.943397e-17
4276.480000 1.539637e-16 3.305173e-17
4279.480000 1.605528e-16 3.379590e-17
4282.480000 1.125108e-16 2.958278e-17
4285.480000 9.176519e-17 2.941487e-17
4288.480000 1.058580e-16 3.329274e-17
4291.480000 1.115555e-16 3.342209e-17
4294.480000 7.827393e-17 2.898008e-17
4297.480000 5.553609e-17 2.917777e-17
4300.480000 8.249763e-17 3.271072e-17
4303.480000 5.025513e-17 3.130984e-17
4306.480000 8.732784e-17 2.799139e-17
4309.480000 8.687530e-17 2.962512e-17
4312.480000 4.954192e-17 3.188141e-17
4315.480000 4.067950e-17 3.058499e-17
4318.480000 4.559915e-17 2.784626e-17
4321.480000 4.383290e-17 2.985611e-17
4324.480000 8.170896e-17 3.200100e-17
4327.480000 6.431574e-17 2.957564e-17
4330.480000 2.392990e-17 2.761538e-17
4333.480000 5.426653e-17 3.058803e-17
4336.480000 3.663522e-17 3.181167e-17
4339.480000 4.546929e-17 2.876985e-17
4342.480000 7.830341e-17 2.779034e-17
4345.480000 7.579381e-17 3.117255e-17
4348.480000 5.557275e-17 3.149908e-17
4351.480000 4.056892e-17 2.804628e-17
4354.480000 4.322470e-17 2.785305e-17
4357.480000 6.632286e-17 3.197027e-17
4360.480000 7.679372e-17 3.227176e-17
4363.480000 1.069382e-16 2.834737e-17
4366.480000 9.117958e-17 2.874768e-17
4369.480000 1.046760e-16 3.185247e-17
4372.480000 9.668182e-17 3.097870e-17
4375.480000 8.643210e-17 2.766420e-17
4378.480000 9.312769e-17 2.891591e-17
4381.480000 9.300968e-17 3.122141e-17
4384.480000 1.219085e-16 3.024242e-17
4387.480000 1.367551e-16 2.762424e-17
4390.480000 9.280409e-17 2.923215e-17
4393.480000 6.269329e-17 3.076849e-17
4396.480000 7.976481e-17 2.913416e-17
4399.480000 5.534595e-17 2.749139e-17
4402.480000 5.190248e-17 2.958344e-17
4405.480000 6.029574e-17 3.088801e-17
4408.480000 6.493610e-17 2.859137e-17
4411.480000 6.285723e-17 2.730805e-17
4414.480000 8.969683e-17 3.069857e-17
4417.480000 1.113342e-16 3.137261e-17
4420.480000 1.092898e-16 2.802650e-17
4423.480000 6.676297e-17 2.739183e-17
4426.480000 6.212855e-17 3.110544e-17
4429.480000 1.029170e-16 3.143181e-17
4432.480000 1.267398e-16 2.749866e-17
4435.480000 1.069993e-16 2.764698e-17
4438.480000 1.011506e-16 3.090711e-17
4441.480000 1.114068e-16 3.040489e-17
4444.480000 8.922338e-17 2.695942e-17
4447.480000 1.006803e-16 2.818408e-17
4450.480000 8.838071e-17 3.075919e-17
4453.480000 9.122927e-17 2.939953e-17
4456.480000 9.202239e-17 2.657486e-17
4459.480000 6.050962e-17 2.817044e-17
4462.480000 1.303939e-16 3.059189e-17
4465.480000 1.445673e-16 2.862781e-17
4468.480000 1.179141e-16 2.658426e-17
4471.480000 1.142178e-16 2.898654e-17
4474.480000 9.712692e-17 3.053154e-17
4477.480000 8.109743e-17 2.778859e-17
4480.480000 9.955956e-17 2.676394e-17
4483.480000 1.309245e-16 3.014644e-17
4486.480000 1.477980e-16 3.077545e-17
4489.480000 1.334591e-16 2.765312e-17
4492.480000 1.273305e-16 2.686516e-17
4495.480000 1.221132e-16 3.039528e-17
4498.480000 1.306466e-16 3.072635e-17
4501.480000 1.276600e-16 2.699940e-17
4504.480000 1.202426e-16 2.709093e-17
4507.480000 1.142822e-16 3.050200e-17
4510.480000 1.183142e-16 3.003049e-17
4513.480000 1.107633e-16 2.645044e-17
4516.480000 9.199288e-17 2.732151e-17
4519.480000 9.918511e-17 3.006056e-17
4522.480000 9.896603e-17 2.908231e-17
4525.480000 8.993969e-17 2.630842e-17
4528.480000 8.324400e-17 2.772097e-17
4531.480000 1.401311e-16 2.999861e-17
4534.480000 1.340118e-16 2.832651e-17
4537.480000 1.098877e-16 2.600394e-17
4540.480000 6.930812e-17 2.812048e-17
4543.480000 1.070625e-16 2.963855e-17
4546.480000 1.145642e-16 2.736032e-17
4549.480000 1.033229e-16 2.601449e-17
4552.480000 9.810181e-17 2.874853e-17
4555.480000 7.704544e-17 2.947541e-17
4558.480000 1.271200e-16 2.694925e-17
4561.480000 1.488076e-16 2.615072e-17
4564.480000 1.086809e-16 2.934987e-17
4567.480000 1.011283e-16 2.998083e-17
4570.480000 1.051547e-16 2.653885e-17
4573.480000 7.789789e-17 2.634864e-17
4576.480000 8.715224e-17 2.954527e-17
4579.480000 2.222986e-17 2.883013e-17
4582.480000 5.881071e-17 2.567633e-17
4585.480000 1.141460e-16 2.675379e-17
4588.480000 1.343018e-16 2.956397e-17
4591.480000 1.297600e-16 2.877665e-17
4594.480000 1.240864e-16 2.587981e-17
4597.480000 8.264493e-17 2.732426e-17
4600.480000 7.122835e-17 2.900248e-17
4603.480000 9.537858e-17 2.785322e-17
4606.480000 6.826621e-17 2.545789e-17
4609.480000 5.172419e-17 2.704211e-17
4612.480000 7.243524e-17 2.864640e-17
4615.480000 2.830076e-17 2.631771e-17
4618.480000 3.696696e-17 2.479993e-17
4621.480000 5.331880e-17 2.752298e-17
4624.480000 3.989877e-17 2.848358e-17
4627.480000 5.219314e-17 2.557750e-17
4630.480000 6.527900e-17 2.503557e-17
4633.480000 8.353360e-17 2.829783e-17
4636.480000 8.034813e-17 2.853852e-17
4639.480000 5.912915e-17 2.531496e-17
4642.480000 6.264160e-17 2.530409e-17
4645.480000 6.934024e-17 2.871648e-17
4648.480000 5.530459e-17 2.826991e-17
4651.480000 7.130847e-17 2.483843e-17
4654.480000 9.777891e-17 2.579079e-17
4657.480000 9.553934e-17 2.889341e-17
4660.480000 4.377054e-17 2.758402e-17
4663.480000 8.379294e-17 2.491938e-17
4666.480000 7.117837e-17 2.616599e-17
4669.480000 7.600712e-17 2.841288e-17
4672.480000 6.532616e-17 2.684669e-17
4675.480000 4.152707e-17 2.459333e-17
4678.480000 7.770028e-17 2.657137e-17
4681.480000 4.142490e-17 2.765825e-17
4684.480000 8.121625e-17 2.634400e-17
4687.480000 1.204503e-16 2.512103e-17
4690.480000 9.299207e-17 2.741737e-17
4693.480000 4.899458e-17 2.790319e-17
4696.480000 6.528150e-17 2.553083e-17
4699.480000 6.881601e-17 2.464468e-17
4702.480000 7.572168e-17 2.764164e-17
4705.480000 8.132669e-17 2.809500e-17
4708.480000 8.092930e-17 2.509185e-17
4711.480000 6.902959e-17 2.473853e-17
4714.480000 7.811936e-17 2.827147e-17
4717.480000 7.835634e-17 2.821018e-17
4720.480000 7.973475e-17 2.469113e-17
4723.480000 6.632964e-17 2.490111e-17
4726.480000 5.176232e-17 2.760651e-17
4729.480000 8.148413e-17 2.770478e-17
4732.480000 9.047037e-17 2.478816e-17
4735.480000 8.011914e-17 2.554277e-17
4738.480000 6.534613e-17 2.804133e-17
4741.480000 5.155472e-17 2.887768e-17
4744.480000 4.077498e-17 2.634707e-17
4747.480000 3.659190e-17 2.662361e-17
4750.480000 6.523760e-17 2.799797e-17
4753.480000 6.691917e-17 2.679177e-17
4756.480000 7.486179e-17 2.887279e-17
4759.480000 7.348283e-17 2.903354e-17
4762.480000 6.244164e-17 2.817136e-17
4765.480000 5.920461e-17 2.521139e-17
4768.480000 6.472442e-17 2.426773e-17
4771.480000 8.795048e-17 2.730581e-17
4774.480000 7.508050e-17 2.783454e-17
4777.480000 7.839568e-17 2.491842e-17
4780.480000 9.794624e-17 2.482465e-17
4783.480000 1.065815e-16 2.841953e-17
4786.480000 8.941212e-17 2.826540e-17
4789.480000 6.514708e-17 2.447376e-17
4792.480000 6.736071e-17 2.483477e-17
4795.480000 5.983710e-17 2.775906e-17
4798.480000 5.481667e-17 2.734261e-17
4801.480000 7.402445e-17 2.452370e-17
4804.480000 6.930128e-17 2.544976e-17
4807.480000 6.264476e-17 2.778599e-17
4810.480000 6.629728e-17 2.666122e-17
4813.480000 1.064779e-16 2.446732e-17
4816.480000 7.143728e-17 2.611027e-17
4819.480000 4.692272e-17 2.800619e-17
4822.480000 7.106429e-17 2.625860e-17
4825.480000 6.798365e-17 2.430031e-17
4828.480000 7.808330e-17 2.675125e-17
4831.480000 7.385752e-17 2.812502e-17
4834.480000 3.917432e-17 2.549422e-17
4837.480000 5.420341e-17 2.445376e-17
4840.480000 7.194369e-17 2.724419e-17
4843.480000 5.114440e-17 2.840344e-17
4846.480000 4.988222e-17 2.513837e-17
4849.480000 7.054136e-17 2.477670e-17
4852.480000 1.262026e-16 2.851925e-17
4855.480000 8.414961e-17 2.836814e-17
4858.480000 7.606111e-17 2.477577e-17
4861.480000 8.421683e-17 2.517778e-17
4864.480000 9.629317e-17 2.850479e-17
4867.480000 1.344324e-16 2.804055e-17
4870.480000 1.490442e-16 2.513433e-17
4873.480000 1.246155e-16 2.576637e-17
4876.480000 7.839895e-17 2.822050e-17
4879.480000 9.784970e-17 2.745732e-17
4882.480000 8.684374e-17 2.466555e-17
4885.480000 7.085704e-17 2.627322e-17
4888.480000 9.932565e-17 2.856239e-17
4891.480000 1.115860e-16 2.717202e-17
4894.480000 1.047579e-16 2.502227e-17
4897.480000 8.815697e-17 2.683857e-17
4900.480000 9.062917e-17 2.818000e-17
4903.480000 6.031260e-17 2.617707e-17
4906.480000 4.926354e-17 2.479485e-17
4909.480000 6.777368e-17 2.781086e-17
4912.480000 1.182927e-16 2.883479e-17
4915.480000 1.151492e-16 2.625072e-17
4918.480000 1.202780e-16 2.548870e-17
4921.480000 9.789894e-17 2.839130e-17
4924.480000 1.148799e-16 2.903829e-17
4927.480000 1.063468e-16 2.573713e-17
4930.480000 6.997416e-17 2.549271e-17
4933.480000 8.638834e-17 2.912709e-17
4936.480000 1.009506e-16 2.878882e-17
4939.480000 7.136821e-17 2.542135e-17
4942.480000 7.194191e-17 2.634913e-17
4945.480000 5.628531e-17 2.899653e-17
4948.480000 8.336443e-17 2.849161e-17
4951.480000 1.201893e-16 2.611908e-17
4954.480000 9.926028e-17 2.742776e-17
4957.480000 4.452553e-17 2.904827e-17
4960.480000 4.734004e-17 2.755818e-17
4963.480000 1.154565e-16 2.623313e-17
4966.480000 1.018708e-16 2.883407e-17
4969.480000 8.324753e-17 3.050316e-17
4972.480000 8.685995e-17 2.852389e-17
4975.480000 1.112493e-16 2.689000e-17
4978.480000 1.012164e-16 2.969168e-17
4981.480000 9.686252e-17 3.105179e-17
4984.480000 1.505637e-16 2.891363e-17
4987.480000 1.604243e-16 2.828971e-17
4990.480000 1.133044e-16 3.181425e-17
4993.480000 7.329870e-17 3.211588e-17
4996.480000 9.925696e-17 2.899959e-17
4999.480000 1.004093e-16 2.952544e-17
5002.480000 5.351564e-17 3.374187e-17
5005.480000 3.124642e-17 3.372980e-17
5008.480000 5.643963e-17 2.994797e-17
5011.480000 8.868649e-17 3.152332e-17
5014.480000 8.809661e-17 3.524523e-17
5017.480000 9.617413e-17 3.503299e-17
5020.480000 9.690073e-17 3.168163e-17
5023.480000 9.993258e-17 3.373200e-17
5026.480000 1.036988e-16 3.685274e-17
5029.480000 7.000775e-17 3.540444e-17
5032.480000 1.157438e-16 3.337566e-17
5035.480000 6.103062e-17 3.665308e-17
5038.480000 3.796178e-17 3.957405e-17
5041.480000 3.863464e-17 3.689213e-17
5044.480000 3.466386e-17 3.532597e-17
5047.480000 3.869225e-17 3.970177e-17
5050.480000 5.852917e-17 4.414562e-17
5053.480000 8.230374e-17 4.654665e-17
5056.480000 6.574207e-17 3.825000e-17
5059.480000 3.396118e-17 4.357177e-17
5062.480000 3.920902e-17 4.424987e-17
5065.480000 1.164660e-16 3.994844e-17
5068.480000 1.253369e-16 4.005533e-17
5071.480000 1.279875e-16 nan
5074.480000 9.796493e-17 nan
5077.480000 8.482775e-17 nan
5080.480000 1.886552e-17 nan
5083.480000 2.876695e-17 nan
5086.480000 7.825564e-17 nan
5089.480000 9.684219e-17 nan
5092.480000 7.373916e-17 nan
5095.480000 5.817940e-17 nan
5098.480000 7.238295e-17 nan
5101.480000 6.790005e-17 nan
5104.480000 4.591618e-17 nan
5107.480000 4.460637e-17 nan
5110.480000 6.162278e-17 nan
5113.480000 7.131763e-17 nan
5116.480000 7.199258e-17 nan
5119.480000 7.167385e-17 nan
5122.480000 1.156180e-16 nan
5125.480000 2.125801e-16 nan
5128.480000 1.895180e-16 nan
5131.480000 9.928417e-17 nan
5134.480000 7.457149e-17 nan
5137.480000 5.544873e-17 nan
5140.480000 5.421080e-17 nan
5143.480000 9.011319e-17 nan
5146.480000 1.549906e-16 nan
5149.480000 2.972295e-16 nan
5152.480000 2.905024e-16 nan
5155.480000 1.841909e-16 nan
5158.480000 2.100598e-16 nan
5161.480000 1.145114e-16 nan
5164.480000 4.071529e-17 nan
5167.480000 6.197947e-17 nan
5170.480000 1.195135e-16 7.695665e-17
5173.480000 1.696615e-16 7.603207e-17
5176.480000 2.533034e-16 7.557003e-17
5179.480000 2.953259e-16 7.416598e-17
5182.480000 3.041171e-16 7.342988e-17
5185.480000 2.115776e-16 7.155888e-17
5188.480000 1.570244e-16 6.973252e-17
5191.480000 1.778238e-16 6.877782e-17
5194.480000 7.964239e-17 6.751102e-17
5197.480000 1.059288e-16 6.684016e-17
5200.480000 2.352992e-16 6.662752e-17
5203.480000 2.400800e-16 6.495913e-17
5206.480000 2.062020e-16 6.372018e-17
5209.480000 1.233604e-16 6.231428e-17
5212.480000 1.114374e-16 6.022857e-17
5215.480000 1.776323e-16 5.786903e-17
5218.480000 2.543524e-16 5.559913e-17
5221.480000 2.467846e-16 5.279736e-17
5224.480000 1.238905e-16 4.940708e-17
5227.480000 8.649005e-17 4.728105e-17
5230.480000 8.988161e-17 4.639435e-17
5233.480000 8.837147e-17 4.419320e-17
5236.480000 8.844557e-17 4.237927e-17
5239.480000 1.257804e-16 4.127305e-17
5242.480000 1.279594e-16 4.051183e-17
5245.480000 1.360364e-16 3.999077e-17
5248.480000 1.494831e-16 3.918189e-17
5251.480000 1.176881e-16 3.823399e-17
5254.480000 9.476362e-17 3.738635e-17
5257.480000 1.121079e-16 3.662769e-17
5260.480000 1.603614e-16 3.662699e-17
5263.480000 1.599721e-16 3.617355e-17
5266.480000 1.552304e-16 3.575507e-17
5269.480000 1.007185e-16 3.508998e-17
5272.480000 1.256478e-16 3.485277e-17
5275.480000 1.283878e-16 3.454811e-17
5278.480000 7.568983e-17 3.415773e-17
5281.480000 8.658683e-17 3.429730e-17
5284.480000 9.002065e-17 3.432278e-17
5287.480000 1.022072e-16 3.412612e-17
5290.480000 1.162370e-16 3.436638e-17
5293.480000 1.233445e-16 3.445633e-17
5296.480000 1.075824e-16 3.437203e-17
5299.480000 1.443460e-16 3.499015e-17
5302.480000 1.316470e-16 3.515883e-17
5305.480000 1.086836e-16 3.552273e-17
5308.480000 1.020560e-16 3.564319e-17
5311.480000 1.409087e-16 3.660351e-17
5314.480000 1.184737e-16 3.700252e-17
5317.480000 7.760695e-17 3.720014e-17
5320.480000 9.062768e-17 3.721431e-17
5323.480000 1.261183e-16 3.827524e-17
5326.480000 1.395634e-16 3.841458e-17
5329.480000 1.345296e-16 3.868385e-17
5332.480000 1.519309e-16 3.942137e-17
5335.480000 1.623875e-16 3.947258e-17
5338.480000 1.975370e-16 3.970840e-17
5341.480000 1.243265e-16 3.796495e-17
5344.480000 1.025018e-16 3.657366e-17
5347.480000 1.656393e-16 3.560181e-17
5350.480000 1.556929e-16 3.457601e-17
5353.480000 7.392611e-17 3.271479e-17
5356.480000 7.213619e-17 3.111387e-17
5359.480000 1.073076e-16 3.041740e-17
5362.480000 8.648781e-17 2.922567e-17
5365.480000 1.148816e-16 2.850097e-17
5368.480000 1.036913e-16 2.774078e-17
5371.480000 1.152052e-16 2.718925e-17
5374.480000 1.252939e-16 2.705914e-17
5377.480000 1.062282e-16 2.724539e-17
5380.480000 6.562305e-17 2.514892e-17
5383.480000 8.789686e-17 2.445420e-17
5386.480000 1.114893e-16 2.432919e-17
5389.480000 1.121811e-16 2.387667e-17
5392.480000 1.299597e-16 2.345783e-17
5395.480000 1.377346e-16 2.324662e-17
5398.480000 1.495575e-16 2.330879e-17
5401.480000 1.373130e-16 2.320284e-17
5404.480000 9.494717e-17 2.305086e-17
5407.480000 5.846028e-17 2.278217e-17
5410.480000 4.998101e-17 2.249092e-17
5413.480000 5.559705e-17 2.253914e-17
5416.480000 6.623708e-17 2.280175e-17
5419.480000 7.928876e-17 2.263236e-17
5422.480000 1.001953e-16 2.283943e-17
5425.480000 7.515943e-17 2.287435e-17
5428.480000 6.262330e-17 2.328347e-17
5431.480000 1.042294e-16 2.417504e-17
5434.480000 9.031683e-17 2.374404e-17
5437.480000 8.908426e-17 2.420476e-17
5440.480000 9.675571e-17 2.449678e-17
5443.480000 1.144283e-16 2.528678e-17
5446.480000 1.091466e-16 2.543335e-17
5449.480000 1.170301e-16 2.574435e-17
5452.480000 1.274777e-16 2.614902e-17
5455.480000 9.751085e-17 2.638960e-17
5458.480000 6.656321e-17 2.668233e-17
5461.480000 5.751994e-17 2.720163e-17
5464.480000 6.831299e-17 2.744047e-17
5467.480000 8.173401e-17 2.649340e-17
5470.480000 8.289239e-17 2.561121e-17
5473.480000 7.020684e-17 2.452845e-17
5476.480000 6.052297e-17 2.382315e-17
5479.480000 7.593199e-17 2.304837e-17
5482.480000 7.755999e-17 2.252137e-17
5485.480000 5.926577e-17 2.190046e-17
5488.480000 9.730616e-17 2.178163e-17
5491.480000 1.310843e-16 2.159525e-17
5494.480000 1.256870e-16 2.096860e-17
5497.480000 9.197008e-17 2.028390e-17
5500.480000 8.177917e-17 1.981967e-17
5503.480000 8.476049e-17 1.944633e-17
5506.480000 8.890773e-17 1.903236e-17
5509.480000 1.016692e-16 1.878682e-17
5512.480000 1.193794e-16 1.878227e-17
5515.480000 1.267513e-16 1.859679e-17
5518.480000 1.229528e-16 1.823234e-17
5521.480000 1.089569e-16 1.803330e-17
5524.480000 1.005118e-16 1.822066e-17
5527.480000 1.072285e-16 1.828680e-17
5530.480000 1.242165e-16 1.813429e-17
5533.480000 1.293087e-16 1.819640e-17
5536.480000 1.350074e-16 1.830799e-17
5539.480000 1.409311e-16 1.840308e-17
5542.480000 1.600029e-16 1.858889e-17
5545.480000 1.558313e-16 1.866200e-17
5548.480000 1.364284e-16 1.883281e-17
5551.480000 1.225815e-16 1.899135e-17
5554.480000 1.064567e-16 1.936945e-17
5557.480000 9.111380e-17 1.963579e-17
5560.480000 1.003549e-16 1.962256e-17
5563.480000 1.165981e-16 2.021045e-17
5566.480000 1.223949e-16 2.115664e-17
5569.480000 8.420625e-17 2.292990e-17
5572.480000 1.348411e-16 2.818317e-17
5575.480000 1.732445e-16 3.423912e-17
5578.480000 1.813183e-16 3.533706e-17
5581.480000 9.973270e-17 3.211743e-17
5584.480000 6.116542e-17 2.727661e-17
5587.480000 1.134006e-16 2.469042e-17
5590.480000 1.015598e-16 2.349369e-17
5593.480000 1.258432e-16 2.251163e-17
5596.480000 1.397734e-16 2.224387e-17
5599.480000 1.400195e-16 2.212053e-17
5602.480000 1.355952e-16 2.311715e-17
5605.480000 1.182035e-16 2.052675e-17
5608.480000 1.190774e-16 2.069150e-17
5611.480000 9.097965e-17 2.033636e-17
5614.480000 5.937876e-17 1.892767e-17
5617.480000 8.749367e-17 1.811670e-17
5620.480000 1.191813e-16 1.791167e-17
5623.480000 1.287783e-16 1.770277e-17
5626.480000 1.305977e-16 1.736942e-17
5629.480000 1.308763e-16 1.698318e-17
5632.480000 1.478725e-16 1.681161e-17
5635.480000 1.650960e-16 1.651591e-17
5638.480000 1.670808e-16 1.628872e-17
5641.480000 1.471602e-16 1.593917e-17
5644.480000 1.590963e-16 1.579150e-17
5647.480000 1.397820e-16 1.570083e-17
5650.480000 9.212836e-17 1.530253e-17
5653.480000 9.441230e-17 1.523409e-17
5656.480000 1.253996e-16 1.549846e-17
5659.480000 1.486283e-16 1.566020e-17
5662.480000 1.392076e-16 1.556033e-17
5665.480000 1.288322e-16 1.547041e-17
5668.480000 1.228770e-16 1.544095e-17
5671.480000 1.150990e-16 1.545693e-17
5674.480000 1.221644e-16 1.582184e-17
5677.480000 1.100310e-16 1.602321e-17
5680.480000 1.185548e-16 1.629636e-17
5683.480000 1.162919e-16 1.650975e-17
5686.480000 1.198472e-16 1.672639e-17
5689.480000 1.160567e-16 1.690102e-17
5692.480000 1.371339e-16 1.747649e-17
5695.480000 1.407481e-16 1.767891e-17
5698.480000 1.169410e-16 1.778743e-17
5701.480000 9.005984e-17 1.794741e-17
5704.480000 8.729238e-17 1.820592e-17
5707.480000 1.023657e-16 1.864574e-17
5710.480000 1.100694e-16 1.915632e-17
5713.480000 1.001567e-16 1.963599e-17
5716.480000 1.027503e-16 1.953375e-17
5719.480000 9.160585e-17 1.856372e-17
5722.480000 9.775551e-17 1.815306e-17
5725.480000 1.032084e-16 1.764008e-17
5728.480000 7.549942e-17 1.713891e-17
5731.480000 5.825004e-17 1.656469e-17
5734.480000 8.765954e-17 1.628489e-17
5737.480000 1.005096e-16 1.613864e-17
5740.480000 8.836714e-17 1.568643e-17
5743.480000 9.552992e-17 1.531373e-17
5746.480000 8.023674e-17 1.510497e-17
5749.480000 7.863590e-17 1.473761e-17
5752.480000 8.647022e-17 1.438460e-17
5755.480000 8.378519e-17 1.402472e-17
5758.480000 8.407150e-17 1.378696e-17
5761.480000 8.262815e-17 1.359043e-17
5764.480000 9.679777e-17 1.347838e-17
5767.480000 8.593903e-17 1.320359e-17
5770.480000 7.997707e-17 1.296029e-17
5773.480000 1.021975e-16 1.296270e-17
5776.480000 1.057424e-16 1.295884e-17
5779.480000 1.182934e-16 1.295768e-17
5782.480000 1.245043e-16 1.288384e-17
5785.480000 1.034234e-16 1.270250e-17
5788.480000 9.833909e-17 1.283615e-17
5791.480000 1.020553e-16 1.304740e-17
5794.480000 1.029722e-16 1.309005e-17
5797.480000 1.213035e-16 1.333299e-17
5800.480000 1.240879e-16 1.357509e-17
5803.480000 1.105669e-16 1.362936e-17
5806.480000 9.124622e-17 1.365070e-17
5809.480000 7.032711e-17 1.381347e-17
5812.480000 6.075993e-17 1.410387e-17
5815.480000 7.909664e-17 1.463376e-17
5818.480000 7.654329e-17 1.471000e-17
5821.480000 8.338280e-17 1.519099e-17
5824.480000 9.485005e-17 1.555233e-17
5827.480000 9.515669e-17 1.580860e-17
5830.480000 9.417320e-17 1.636671e-17
5833.480000 6.964205e-17 1.653492e-17
5836.480000 7.920020e-17 1.663721e-17
5839.480000 7.546750e-17 1.663689e-17
5842.480000 6.969784e-17 1.661775e-17
5845.480000 8.797767e-17 1.640436e-17
5848.480000 1.012362e-16 1.635058e-17
5851.480000 1.004919e-16 1.606396e-17
5854.480000 1.109482e-16 1.553233e-17
5857.480000 1.263223e-16 1.511131e-17
5860.480000 1.158343e-16 1.474906e-17
5863.480000 7.485285e-17 1.429795e-17
5866.480000 6.854842e-17 1.404792e-17
5869.480000 7.746403e-17 1.387930e-17
5872.480000 7.686860e-17 1.344209e-17
5875.480000 6.633159e-17 1.296559e-17
5878.480000 5.841805e-17 1.258513e-17
5881.480000 7.237128e-17 1.264690e-17
5884.480000 8.080318e-17 1.283739e-17
5887.480000 7.790877e-17 1.309881e-17
5890.480000 7.938624e-17 1.325794e-17
5893.480000 8.712372e-17 1.317028e-17
5896.480000 8.018200e-17 1.278263e-17
5899.480000 6.791345e-17 1.220616e-17
5902.480000 9.457241e-17 1.233941e-17
5905.480000 9.982034e-17 1.236435e-17
5908.480000 8.374571e-17 1.197483e-17
5911.480000 6.581845e-17 1.198074e-17
5914.480000 7.392147e-17 1.221748e-17
5917.480000 6.837018e-17 1.242030e-17
5920.480000 5.131711e-17 1.269628e-17
5923.480000 5.907113e-17 1.241948e-17
5926.480000 6.036811e-17 1.251768e-17
5929.480000 6.701402e-17 1.250126e-17
5932.480000 7.604112e-17 1.280026e-17
5935.480000 6.842064e-17 1.287569e-17
5938.480000 7.677944e-17 1.321197e-17
5941.480000 8.676100e-17 1.347211e-17
5944.480000 7.988840e-17 1.366122e-17
5947.480000 9.109337e-17 1.398701e-17
5950.480000 9.345557e-17 1.449370e-17
5953.480000 9.058151e-17 1.492917e-17
5956.480000 7.736906e-17 1.494382e-17
5959.480000 8.797386e-17 1.527572e-17
5962.480000 7.237469e-17 1.537797e-17
5965.480000 5.591565e-17 1.545172e-17
5968.480000 8.596982e-17 1.534669e-17
5971.480000 9.763026e-17 1.513041e-17
5974.480000 8.505083e-17 1.477112e-17
5977.480000 8.644667e-17 1.435323e-17
5980.480000 9.831912e-17 1.402046e-17
5983.480000 9.832927e-17 1.374093e-17
5986.480000 9.452965e-17 1.328130e-17
5989.480000 8.158877e-17 1.282297e-17
5992.480000 1.048975e-16 1.266236e-17
5995.480000 1.013282e-16 1.242154e-17
5998.480000 8.773044e-17 1.212156e-17
6001.480000 9.711522e-17 1.202815e-17
6004.480000 7.862438e-17 1.182049e-17
6007.480000 8.137174e-17 1.146235e-17
6010.480000 9.263742e-17 1.127978e-17
6013.480000 1.034257e-16 1.124791e-17
6016.480000 9.998941e-17 1.138974e-17
6019.480000 9.166637e-17 1.161337e-17
6022.480000 9.484737e-17 1.118675e-17
6025.480000 9.907419e-17 1.081733e-17
6028.480000 9.903219e-17 1.074863e-17
6031.480000 1.011241e-16 1.075411e-17
6034.480000 9.801234e-17 1.076530e-17
6037.480000 7.767723e-17 1.072052e-17
6040.480000 7.132786e-17 1.077074e-17
6043.480000 8.687696e-17 1.088565e-17
6046.480000 9.107291e-17 1.094967e-17
6049.480000 7.869386e-17 1.089327e-17
6052.480000 7.909789e-17 1.114146e-17
6055.480000 8.412192e-17 1.123286e-17
6058.480000 9.565623e-17 1.149184e-17
6061.480000 9.255257e-17 1.175381e-17
6064.480000 1.104474e-16 1.206602e-17
6067.480000 9.801342e-17 1.234108e-17
6070.480000 9.302295e-17 1.253737e-17
6073.480000 9.955477e-17 1.277373e-17
6076.480000 9.060558e-17 1.286582e-17
6079.480000 7.801946e-17 1.301161e-17
6082.480000 8.322746e-17 1.340169e-17
6085.480000 1.199207e-16 1.394051e-17
6088.480000 9.203925e-17 1.398531e-17
6091.480000 9.276389e-17 1.402349e-17
6094.480000 6.092130e-17 1.347940e-17
6097.480000 8.316161e-17 1.348991e-17
6100.480000 8.521030e-17 1.309540e-17
6103.480000 9.161578e-17 1.278161e-17
6106.480000 9.248724e-17 1.236630e-17
6109.480000 1.047644e-16 1.222109e-17
6112.480000 1.122534e-16 1.201030e-17
6115.480000 8.899244e-17 1.167349e-17
6118.480000 8.245175e-17 1.134333e-17
6121.480000 8.766061e-17 1.110897e-17
6124.480000 8.343151e-17 1.072491e-17
6127.480000 9.148305e-17 1.068677e-17
6130.480000 9.850536e-17 1.057029e-17
6133.480000 1.086573e-16 1.038615e-17
6136.480000 1.093758e-16 1.038549e-17
6139.480000 1.029903e-16 1.028967e-17
6142.480000 1.019835e-16 1.019714e-17
6145.480000 9.336421e-17 1.006212e-17
6148.480000 8.314166e-17 9.845251e-18
6151.480000 7.756393e-17 9.757297e-18
6154.480000 7.879923e-17 9.757573e-18
6157.480000 7.538134e-17 9.748868e-18
6160.480000 6.906239e-17 9.719569e-18
6163.480000 6.631336e-17 9.759955e-18
6166.480000 6.371941e-17 9.866972e-18
6169.480000 7.405516e-17 1.012053e-17
6172.480000 6.860719e-17 1.021516e-17
6175.480000 4.772056e-17 1.001918e-17
6178.480000 6.742330e-17 1.021614e-17
6181.480000 7.216454e-17 1.036819e-17
6184.480000 6.719026e-17 1.042697e-17
6187.480000 7.823818e-17 1.071412e-17
6190.480000 7.811742e-17 1.097782e-17
6193.480000 8.641580e-17 1.148588e-17
6196.480000 6.494240e-17 1.146668e-17
6199.480000 7.883053e-17 1.162110e-17
6202.480000 7.478171e-17 1.199067e-17
6205.480000 8.309616e-17 1.234865e-17
6208.480000 8.946156e-17 1.246677e-17
6211.480000 6.819140e-17 1.255124e-17
6214.480000 5.759844e-17 1.279275e-17
6217.480000 4.145951e-17 1.259544e-17
6220.480000 6.344107e-17 1.295237e-17
6223.480000 4.873245e-17 1.242398e-17
6226.480000 5.923741e-17 1.185421e-17
6229.480000 6.205029e-17 1.181194e-17
6232.480000 8.838573e-17 1.200954e-17
6235.480000 9.870056e-17 1.223593e-17
6238.480000 6.598908e-17 1.178175e-17
6241.480000 5.930252e-17 1.125978e-17
6244.480000 8.049802e-17 1.094660e-17
6247.480000 8.804967e-17 1.056617e-17
6250.480000 6.945492e-17 1.021514e-17
6253.480000 6.664146e-17 1.017385e-17
6256.480000 7.917205e-17 1.033154e-17
6259.480000 9.296380e-17 1.026290e-17
6262.480000 8.943020e-17 9.991428e-18
6265.480000 6.723618e-17 9.604717e-18
6268.480000 6.744576e-17 9.411876e-18
6271.480000 7.052463e-17 9.404405e-18
6274.480000 7.416628e-17 9.429848e-18
6277.480000 8.290124e-17 9.339441e-18
6280.480000 8.624586e-17 9.204077e-18
6283.480000 9.386630e-17 9.333187e-18
6286.480000 1.143001e-16 9.683458e-18
6289.480000 1.058156e-16 9.786548e-18
6292.480000 8.655132e-17 9.883820e-18
6295.480000 8.443894e-17 1.054649e-17
6298.480000 1.025091e-16 1.167293e-17
6301.480000 9.927950e-17 1.200595e-17
6304.480000 8.191114e-17 1.148435e-17
6307.480000 8.840979e-17 1.080126e-17
6310.480000 9.073900e-17 1.039905e-17
6313.480000 8.512143e-17 1.022982e-17
6316.480000 8.116627e-17 1.029678e-17
6319.480000 9.781578e-17 1.061697e-17
6322.480000 7.433581e-17 1.071767e-17
6325.480000 9.182253e-17 1.123174e-17
6328.480000 1.088131e-16 1.171733e-17
6331.480000 1.067033e-16 1.191747e-17
6334.480000 9.600610e-17 1.193127e-17
6337.480000 8.672400e-17 1.189757e-17
6340.480000 1.021578e-16 1.208921e-17
6343.480000 1.063099e-16 1.221619e-17
6346.480000 9.004297e-17 1.182300e-17
6349.480000 7.084351e-17 1.152129e-17
6352.480000 9.490391e-17 1.151927e-17
6355.480000 9.041456e-17 1.141258e-17
6358.480000 9.649897e-17 1.142005e-17
6361.480000 1.253337e-16 1.151821e-17
6364.480000 1.119456e-16 1.128325e-17
6367.480000 9.075949e-17 1.065698e-17
6370.480000 6.832044e-17 9.833014e-18
6373.480000 8.632547e-17 9.477317e-18
6376.480000 1.061864e-16 9.419003e-18
6379.480000 9.461485e-17 9.278664e-18
6382.480000 8.044974e-17 9.148169e-18
6385.480000 8.251612e-17 9.001047e-18
6388.480000 8.516469e-17 8.890627e-18
6391.480000 8.006450e-17 8.673666e-18
6394.480000 7.526071e-17 8.482044e-18
6397.480000 7.527163e-17 8.469349e-18
6400.480000 8.152237e-17 8.390184e-18
6403.480000 7.952441e-17 8.294246e-18
6406.480000 7.790278e-17 8.294427e-18
6409.480000 8.206217e-17 8.338315e-18
6412.480000 7.652307e-17 8.412768e-18
6415.480000 7.254925e-17 8.460302e-18
6418.480000 8.183906e-17 8.518669e-18
6421.480000 9.366533e-17 8.681237e-18
6424.480000 8.851713e-17 8.808841e-18
6427.480000 9.543630e-17 9.219695e-18
6430.480000 1.008013e-16 9.391118e-18
6433.480000 9.700570e-17 9.449989e-18
6436.480000 8.287629e-17 9.377097e-18
6439.480000 7.868930e-17 9.460224e-18
6442.480000 9.166900e-17 9.578403e-18
6445.480000 8.318869e-17 9.755499e-18
6448.480000 8.294863e-17 9.967355e-18
6451.480000 9.155413e-17 1.026223e-17
6454.480000 9.635542e-17 1.060733e-17
6457.480000 9.575277e-17 1.090786e-17
6460.480000 9.429726e-17 1.122171e-17
6463.480000 1.077587e-16 1.184791e-17
6466.480000 9.857290e-17 1.232777e-17
6469.480000 1.052431e-16 1.240419e-17
6472.480000 9.926084e-17 1.177901e-17
6475.480000 8.282119e-17 1.123693e-17
6478.480000 7.358949e-17 1.063238e-17
6481.480000 7.954363e-17 1.037830e-17
6484.480000 9.648281e-17 1.016222e-17
6487.480000 8.299279e-17 9.764009e-18
6490.480000 8.623449e-17 9.616786e-18
6493.480000 1.030966e-16 9.759594e-18
6496.480000 1.042004e-16 9.804381e-18
6499.480000 8.882250e-17 9.762954e-18
6502.480000 6.610903e-17 9.549857e-18
6505.480000 6.194432e-17 9.111553e-18
6508.480000 6.674146e-17 9.048380e-18
6511.480000 7.884378e-17 8.913377e-18
6514.480000 6.934425e-17 8.556464e-18
6517.480000 6.680972e-17 8.369178e-18
6520.480000 7.260190e-17 8.320106e-18
6523.480000 7.263747e-17 8.292330e-18
6526.480000 6.889236e-17 8.247309e-18
6529.480000 7.104703e-17 8.333140e-18
6532.480000 8.374197e-17 8.461889e-18
6535.480000 8.710919e-17 8.448677e-18
6538.480000 8.381820e-17 8.330190e-18
6541.480000 9.070257e-17 8.387014e-18
6544.480000 8.367781e-17 8.589219e-18
6547.480000 7.591776e-17 8.523539e-18
6550.480000 6.508782e-17 8.643123e-18
6553.480000 7.215093e-17 8.955267e-18
6556.480000 7.747724e-17 9.092514e-18
6559.480000 7.932457e-17 9.447245e-18
6562.480000 9.131100e-17 9.864642e-18
6565.480000 7.915642e-17 9.724422e-18
6568.480000 8.096947e-17 9.705613e-18
6571.480000 8.513937e-17 9.879818e-18
6574.480000 7.125197e-17 9.885511e-18
6577.480000 7.715770e-17 1.012749e-17
6580.480000 6.378626e-17 1.020809e-17
6583.480000 6.129128e-17 1.017792e-17
6586.480000 7.811311e-17 1.032067e-17
6589.480000 8.052546e-17 1.051975e-17
6592.480000 5.893210e-17 1.043861e-17
6595.480000 6.545701e-17 1.048969e-17
6598.480000 6.778978e-17 1.035963e-17
6601.480000 7.321345e-17 1.030438e-17
6604.480000 6.377572e-17 9.961903e-18
6607.480000 4.530522e-17 9.462413e-18
6610.480000 5.524321e-17 9.295524e-18
6613.480000 4.129044e-17 8.932265e-18
6616.480000 4.521656e-17 8.679310e-18
6619.480000 5.842738e-17 8.571401e-18
6622.480000 6.291437e-17 8.453304e-18
6625.480000 4.461830e-17 8.110224e-18
6628.480000 3.086806e-17 7.889722e-18
6631.480000 3.506548e-17 7.863177e-18
6634.480000 3.643454e-17 7.801470e-18
6637.480000 2.788211e-17 7.563172e-18
6640.480000 2.670133e-17 7.345241e-18
6643.480000 3.271802e-17 7.269393e-18
6646.480000 3.887248e-17 7.265142e-18
6649.480000 4.217860e-17 7.227609e-18
6652.480000 3.997495e-17 7.116760e-18
6655.480000 4.004935e-17 7.080934e-18
6658.480000 4.849680e-17 7.178268e-18
6661.480000 5.308566e-17 7.194440e-18
6664.480000 3.478278e-17 7.105353e-18
6667.480000 2.490843e-17 7.159548e-18
6670.480000 3.275120e-17 7.297074e-18
6673.480000 3.448700e-17 7.356555e-18
6676.480000 4.450039e-17 7.393408e-18
6679.480000 3.657972e-17 7.415745e-18
6682.480000 3.600546e-17 7.640056e-18
6685.480000 3.999662e-17 7.776918e-18
6688.480000 3.873492e-17 7.901230e-18
6691.480000 2.247383e-17 7.806999e-18
6694.480000 2.927720e-17 8.029991e-18
6697.480000 3.440589e-17 8.274039e-18
6700.480000 3.790121e-17 8.574930e-18
6703.480000 4.555929e-17 8.792431e-18
6706.480000 6.150867e-17 9.073645e-18
6709.480000 7.653437e-17 9.547715e-18
6712.480000 8.089336e-17 9.679639e-18
6715.480000 7.605662e-17 9.868349e-18
6718.480000 6.821700e-17 9.852406e-18
6721.480000 3.611965e-17 9.463628e-18
6724.480000 3.088616e-17 9.217073e-18
6727.480000 5.938380e-17 9.283098e-18
6730.480000 5.763389e-17 9.127870e-18
6733.480000 5.092358e-17 8.769549e-18
6736.480000 5.857311e-17 8.632985e-18
6739.480000 5.920904e-17 8.432261e-18
6742.480000 6.031499e-17 8.240412e-18
6745.480000 7.774877e-17 8.182877e-18
6748.480000 6.453274e-17 7.978235e-18
6751.480000 4.755640e-17 7.673312e-18
6754.480000 4.316353e-17 7.439541e-18
6757.480000 5.246313e-17 7.372734e-18
6760.480000 6.054463e-17 7.334819e-18
6763.480000 6.190280e-17 7.250479e-18
6766.480000 7.221638e-17 7.230739e-18
6769.480000 5.702301e-17 7.115856e-18
6772.480000 4.864088e-17 6.965019e-18
6775.480000 5.923164e-17 6.974330e-18
6778.480000 6.570832e-17 6.995685e-18
6781.480000 6.843996e-17 6.974140e-18
6784.480000 7.463457e-17 7.031191e-18
6787.480000 7.359117e-17 7.156995e-18
6790.480000 6.723553e-17 7.189025e-18
6793.480000 5.782502e-17 7.208359e-18
6796.480000 4.964369e-17 7.173393e-18
6799.480000 5.631728e-17 7.218409e-18
6802.480000 6.620561e-17 7.351604e-18
6805.480000 6.150566e-17 7.366552e-18
6808.480000 5.330757e-17 7.400267e-18
6811.480000 5.687602e-17 7.592613e-18
6814.480000 6.429256e-17 7.736105e-18
6817.480000 6.209911e-17 7.992659e-18
6820.480000 5.429681e-17 8.192309e-18
6823.480000 5.358319e-17 8.735104e-18
6826.480000 7.657020e-17 9.609643e-18
6829.480000 7.162963e-17 1.020596e-17
6832.480000 6.190004e-17 1.049997e-17
6835.480000 5.396646e-17 1.045425e-17
6838.480000 4.533049e-17 1.012610e-17
6841.480000 4.632752e-17 9.883630e-18
6844.480000 6.457367e-17 9.909597e-18
6847.480000 6.987570e-17 9.684671e-18
6850.480000 5.966952e-17 9.218282e-18
6853.480000 6.700996e-17 9.057751e-18
6856.480000 8.318181e-17 9.201106e-18
6859.480000 6.720882e-17 9.465076e-18
6862.480000 6.522081e-17 1.000194e-17
6865.480000 6.928598e-17 1.023988e-17
6868.480000 5.118082e-17 9.633147e-18
6871.480000 4.885268e-17 9.204025e-18
6874.480000 6.103594e-17 9.236527e-18
6877.480000 6.877532e-17 9.237965e-18
6880.480000 7.471824e-17 9.052206e-18
6883.480000 7.584903e-17 8.746768e-18
6886.480000 7.288061e-17 8.405248e-18
6889.480000 6.694587e-17 8.228471e-18
6892.480000 7.969228e-17 8.160526e-18
6895.480000 6.953913e-17 8.028634e-18
6898.480000 5.342687e-17 7.948767e-18
6901.480000 5.151873e-17 7.831489e-18
6904.480000 5.549937e-17 7.688310e-18
6907.480000 6.025928e-17 7.608226e-18
6910.480000 7.146721e-17 7.717980e-18
6913.480000 7.579066e-17 7.777592e-18
6916.480000 6.154424e-17 7.706406e-18
6919.480000 5.909147e-17 7.940799e-18
6922.480000 6.221704e-17 8.205431e-18
6925.480000 6.928793e-17 8.235990e-18
6928.480000 7.248068e-17 7.909286e-18
6931.480000 6.852627e-17 7.692248e-18
6934.480000 6.842985e-17 7.882832e-18
6937.480000 7.520791e-17 8.180782e-18
6940.480000 7.259556e-17 8.398235e-18
6943.480000 6.841335e-17 8.714939e-18
6946.480000 7.453641e-17 9.228988e-18
6949.480000 7.512469e-17 9.538268e-18
6952.480000 6.546052e-17 9.363670e-18
6955.480000 6.838334e-17 9.054264e-18
6958.480000 5.711918e-17 8.839846e-18
6961.480000 7.688883e-17 9.076526e-18
6964.480000 7.853111e-17 9.321849e-18
6967.480000 6.553357e-17 9.615909e-18
6970.480000 5.916838e-17 9.846068e-18
6973.480000 8.091276e-17 9.903868e-18
6976.480000 7.784568e-17 9.882589e-18
6979.480000 8.432636e-17 9.759742e-18
6982.480000 6.648486e-17 9.332062e-18
6985.480000 6.622668e-17 8.928630e-18
6988.480000 7.576129e-17 8.438668e-18
6991.480000 7.232003e-17 8.037660e-18
6994.480000 8.442569e-17 8.023843e-18
6997.480000 8.667792e-17 7.949113e-18
7000.480000 8.166078e-17 7.823400e-18
7003.480000 6.846419e-17 7.600416e-18
7006.480000 7.706995e-17 7.542795e-18
7009.480000 9.337320e-17 7.591844e-18
7012.480000 8.759668e-17 7.410631e-18
7015.480000 7.244362e-17 7.156829e-18
7018.480000 6.767879e-17 6.936675e-18
7021.480000 5.747272e-17 6.738013e-18
7024.480000 5.485569e-17 6.655806e-18
7027.480000 6.095065e-17 6.676255e-18
7030.480000 6.212192e-17 6.697281e-18
7033.480000 6.259351e-17 6.689070e-18
7036.480000 6.910038e-17 6.735970e-18
7039.480000 7.953562e-17 6.830761e-18
7042.480000 8.986260e-17 7.048636e-18
7045.480000 8.823729e-17 7.304666e-18
7048.480000 7.867288e-17 7.481348e-18
7051.480000 6.588456e-17 8.415169e-18
7054.480000 6.112232e-17 8.515219e-18
7057.480000 5.859211e-17 8.523855e-18
7060.480000 5.720060e-17 7.390265e-18
7063.480000 6.047717e-17 7.390634e-18
7066.480000 6.674163e-17 7.571847e-18
7069.480000 6.222844e-17 7.695164e-18
7072.480000 6.361280e-17 7.866627e-18
7075.480000 7.852035e-17 8.075385e-18
7078.480000 8.032173e-17 8.281867e-18
7081.480000 7.270108e-17 8.542586e-18
7084.480000 6.117480e-17 8.678270e-18
7087.480000 6.128599e-17 8.802197e-18
7090.480000 6.870878e-17 8.887827e-18
7093.480000 6.135291e-17 9.030873e-18
7096.480000 5.661669e-17 9.002654e-18
7099.480000 6.386633e-17 8.893920e-18
7102.480000 6.091602e-17 8.653357e-18
7105.480000 6.005229e-17 8.401160e-18
7108.480000 4.937544e-17 8.336511e-18
7111.480000 4.759315e-17 8.358973e-18
7114.480000 5.495338e-17 9.034658e-18
7117.480000 5.649164e-17 8.297790e-18
7120.480000 7.222467e-17 7.957761e-18
7123.480000 6.999766e-17 7.654236e-18
7126.480000 7.205986e-17 7.495778e-18
7129.480000 4.728346e-17 7.403890e-18
7132.480000 4.219917e-17 7.300009e-18
7135.480000 5.344444e-17 7.186569e-18
7138.480000 5.504369e-17 6.971111e-18
7141.480000 5.308573e-17 6.875706e-18
7144.480000 4.582715e-17 6.819182e-18
7147.480000 5.154322e-17 6.753576e-18
7150.480000 5.549624e-17 6.649355e-18
7153.480000 6.009324e-17 6.541121e-18
7156.480000 5.925539e-17 6.513164e-18
7159.480000 5.892423e-17 6.542178e-18
7162.480000 5.922053e-17 6.555942e-18
7165.480000 5.002646e-17 6.482590e-18
7168.480000 4.432018e-17 6.464221e-18
7171.480000 4.646689e-17 6.528683e-18
7174.480000 4.686598e-17 6.596148e-18
7177.480000 4.507939e-17 6.699596e-18
7180.480000 4.371333e-17 6.753502e-18
7183.480000 3.768470e-17 6.803442e-18
7186.480000 4.461202e-17 6.853921e-18
7189.480000 5.178016e-17 7.000895e-18
7192.480000 4.831553e-17 7.127921e-18
7195.480000 5.270655e-17 7.258628e-18
7198.480000 5.039193e-17 7.376770e-18
7201.480000 4.596689e-17 7.481148e-18
7204.480000 4.644552e-17 7.668964e-18
7207.480000 5.084107e-17 7.947106e-18
7210.480000 5.000533e-17 8.135972e-18
7213.480000 5.492294e-17 8.316684e-18
7216.480000 5.558956e-17 8.598687e-18
7219.480000 5.602716e-17 8.820083e-18
7222.480000 4.482985e-17 8.816634e-18
7225.480000 4.523752e-17 8.690988e-18
7228.480000 4.568209e-17 8.533815e-18
7231.480000 4.776172e-17 8.536957e-18
7234.480000 4.840658e-17 9.072383e-18
7237.480000 6.081046e-17 1.010600e-17
7240.480000 5.117386e-17 1.109134e-17
7243.480000 3.503731e-17 1.124275e-17
7246.480000 3.729928e-17 1.053208e-17
7249.480000 5.205728e-17 9.372438e-18
7252.480000 5.105334e-17 8.378801e-18
7255.480000 5.528184e-17 7.822189e-18
7258.480000 5.162984e-17 7.383078e-18
7261.480000 5.300917e-17 7.077785e-18
7264.480000 4.337555e-17 6.909510e-18
7267.480000 4.404539e-17 7.072995e-18
7270.480000 5.263910e-17 7.684598e-18
7273.480000 5.457142e-17 8.748173e-18
7276.480000 6.368544e-17 9.494712e-18
7279.480000 6.532699e-17 9.307036e-18
7282.480000 5.082011e-17 8.591772e-18
7285.480000 4.354711e-17 7.966515e-18
7288.480000 4.808638e-17 7.429520e-18
7291.480000 5.593325e-17 7.069019e-18
7294.480000 4.908857e-17 7.048885e-18
7297.480000 4.958735e-17 7.206214e-18
7300.480000 6.397612e-17 7.397381e-18
7303.480000 6.485029e-17 7.656599e-18
7306.480000 6.011543e-17 7.775365e-18
7309.480000 5.790311e-17 8.034288e-18
7312.480000 7.354030e-17 8.997237e-18
7315.480000 8.108423e-17 9.863607e-18
7318.480000 4.759742e-17 9.675642e-18
7321.480000 5.455783e-17 8.882227e-18
7324.480000 6.839083e-17 8.769258e-18
7327.480000 8.134362e-17 9.263557e-18
7330.480000 6.988374e-17 9.557214e-18
7333.480000 6.468520e-17 9.592663e-18
7336.480000 7.601589e-17 1.050436e-17
7339.480000 9.168466e-17 1.213621e-17
7342.480000 7.958163e-17 1.247523e-17
7345.480000 5.628596e-17 1.119849e-17
7348.480000 3.426178e-17 9.667619e-18
7351.480000 3.783642e-17 9.005277e-18
7354.480000 5.759675e-17 9.145897e-18
7357.480000 7.009269e-17 9.544198e-18
7360.480000 6.483145e-17 9.511355e-18
7363.480000 6.741092e-17 9.400075e-18
7366.480000 8.722244e-17 9.819848e-18
7369.480000 8.159667e-17 1.029703e-17
7372.480000 6.663103e-17 9.723644e-18
7375.480000 5.900571e-17 8.474669e-18
7378.480000 6.747442e-17 7.616603e-18
7381.480000 5.089609e-17 7.147950e-18
7384.480000 4.912969e-17 6.982024e-18
7387.480000 6.981265e-17 7.112179e-18
7390.480000 7.264890e-17 7.349768e-18
7393.480000 6.167619e-17 7.370963e-18
7396.480000 6.104628e-17 7.325529e-18
7399.480000 6.933569e-17 7.539006e-18
7402.480000 6.705133e-17 7.729659e-18
7405.480000 5.821419e-17 7.414529e-18
7408.480000 4.932752e-17 6.839551e-18
7411.480000 4.867042e-17 6.527302e-18
7414.480000 6.034025e-17 6.532262e-18
7417.480000 7.124383e-17 6.679028e-18
7420.480000 7.302094e-17 6.724125e-18
7423.480000 6.597667e-17 6.809445e-18
7426.480000 6.173596e-17 6.938285e-18
7429.480000 6.074386e-17 7.124856e-18
7432.480000 5.481401e-17 7.302154e-18
7435.480000 6.055853e-17 7.685171e-18
7438.480000 6.636073e-17 8.070670e-18
7441.480000 5.689303e-17 7.787709e-18
7444.480000 5.840836e-17 7.568793e-18
7447.480000 4.499308e-17 7.474950e-18
7450.480000 4.580926e-17 7.474634e-18
7453.480000 4.693002e-17 7.655433e-18
7456.480000 6.413547e-17 7.973724e-18
7459.480000 6.361974e-17 8.221806e-18
7462.480000 6.460359e-17 8.639227e-18
7465.480000 5.596518e-17 9.029156e-18
7468.480000 6.335952e-17 9.552669e-18
7471.480000 6.995886e-17 9.981125e-18
7474.480000 5.925991e-17 1.000321e-17
7477.480000 5.415364e-17 9.726849e-18
7480.480000 5.813111e-17 9.663025e-18
7483.480000 6.140756e-17 9.498517e-18
7486.480000 5.235492e-17 8.912189e-18
7489.480000 4.709021e-17 8.274274e-18
7492.480000 4.971530e-17 7.893691e-18
7495.480000 5.750150e-17 7.678618e-18
7498.480000 6.826867e-17 7.538292e-18
7501.480000 6.756393e-17 7.321196e-18
7504.480000 6.011654e-17 7.152650e-18
7507.480000 5.671544e-17 6.917275e-18
7510.480000 5.298834e-17 6.726197e-18
7513.480000 4.502465e-17 6.698887e-18
7516.480000 5.204561e-17 6.927037e-18
7519.480000 5.616215e-17 7.429557e-18
7522.480000 6.761180e-17 8.152514e-18
7525.480000 6.703275e-17 8.381307e-18
7528.480000 6.669003e-17 7.946827e-18
7531.480000 6.726255e-17 7.396821e-18
7534.480000 6.655216e-17 6.969717e-18
7537.480000 6.635871e-17 6.681130e-18
7540.480000 5.955666e-17 6.578803e-18
7543.480000 5.248403e-17 6.508215e-18
7546.480000 5.423353e-17 6.499604e-18
7549.480000 5.402701e-17 6.530127e-18
7552.480000 5.209211e-17 6.794592e-18
7555.480000 5.341052e-17 7.176472e-18
7558.480000 5.214300e-17 7.220332e-18
7561.480000 5.245066e-17 7.173866e-18
7564.480000 5.897452e-17 7.434745e-18
7567.480000 6.240806e-17 7.996780e-18
7570.480000 6.352711e-17 8.706797e-18
7573.480000 5.294991e-17 8.772773e-18
7576.480000 2.914398e-17 8.166713e-18
7579.480000 4.839659e-17 7.998099e-18
7582.480000 6.136590e-17 8.294367e-18
7585.480000 5.773063e-17 8.620151e-18
7588.480000 3.185310e-17 8.646092e-18
7591.480000 3.080166e-17 8.723268e-18
7594.480000 2.982689e-17 9.341147e-18
7597.480000 1.886999e-17 1.075410e-17
7600.480000 2.845390e-17 1.235258e-17
7603.480000 2.866925e-17 1.371077e-17
7606.480000 2.536296e-17 1.565392e-17
7609.480000 2.607663e-17 1.671130e-17
7612.480000 2.924737e-17 1.680613e-17
7615.480000 3.328157e-17 1.570159e-17
7618.480000 7.522872e-17 1.391552e-17
7621.480000 4.795632e-17 1.176702e-17
7624.480000 4.599945e-17 1.057743e-17
7627.480000 5.109138e-17 1.040397e-17
7630.480000 3.175873e-17 1.088180e-17
7633.480000 3.557474e-17 1.086815e-17
7636.480000 3.509621e-17 1.031124e-17
7639.480000 3.802642e-17 9.852885e-18
7642.480000 4.350911e-17 9.527643e-18
7645.480000 4.381618e-17 9.059478e-18
7648.480000 3.971017e-17 8.691641e-18
7651.480000 3.859251e-17 8.386233e-18
7654.480000 3.004501e-17 8.097100e-18
7657.480000 2.412347e-17 7.740172e-18
7660.480000 4.120550e-17 7.691704e-18
7663.480000 4.043258e-17 7.575711e-18
7666.480000 3.865633e-17 7.250891e-18
7669.480000 3.861600e-17 6.914867e-18
7672.480000 3.055458e-17 6.711657e-18
7675.480000 3.411251e-17 6.696989e-18
7678.480000 4.875795e-17 6.795584e-18
7681.480000 4.959381e-17 6.866459e-18
7684.480000 4.495282e-17 6.955869e-18
7687.480000 4.347697e-17 7.137011e-18
7690.480000 5.279503e-17 7.300763e-18
7693.480000 4.652747e-17 7.322973e-18
7696.480000 3.662543e-17 7.492262e-18
7699.480000 3.660387e-17 7.652045e-18
7702.480000 3.676065e-17 7.872014e-18
7705.480000 2.497278e-17 8.347104e-18
7708.480000 3.417096e-17 9.855535e-18
7711.480000 4.714822e-17 1.212147e-17
7714.480000 6.410346e-17 1.366507e-17
7717.480000 3.785420e-17 1.355631e-17
7720.480000 2.379691e-17 1.215720e-17
7723.480000 4.173074e-17 1.094102e-17
7726.480000 4.625805e-17 1.027318e-17
7729.480000 4.720705e-17 9.478747e-18
7732.480000 2.896273e-17 8.778806e-18
7735.480000 2.744757e-17 8.352867e-18
7738.480000 3.767267e-17 8.228914e-18
7741.480000 3.101082e-17 8.075053e-18
7744.480000 3.453339e-17 8.536320e-18
7747.480000 6.152572e-17 1.023468e-17
7750.480000 7.940900e-17 1.167532e-17
7753.480000 4.868460e-17 1.118142e-17
7756.480000 3.968857e-17 9.692695e-18
7759.480000 4.829583e-17 8.859981e-18
7762.480000 3.969886e-17 8.291447e-18
7765.480000 3.299337e-17 7.533860e-18
7768.480000 4.553514e-17 7.214865e-18
7771.480000 5.499502e-17 7.392868e-18
7774.480000 5.351251e-17 7.663694e-18
7777.480000 5.597696e-17 7.782913e-18
7780.480000 5.803753e-17 7.875063e-18
7783.480000 4.102002e-17 7.659898e-18
7786.480000 2.587320e-17 7.520625e-18
7789.480000 3.456231e-17 8.209357e-18
7792.480000 4.742370e-17 9.194812e-18
7795.480000 5.516235e-17 9.278127e-18
7798.480000 3.713383e-17 8.216789e-18
7801.480000 2.260623e-17 7.424740e-18
7804.480000 2.754171e-17 7.612422e-18
7807.480000 4.455307e-17 8.288670e-18
7810.480000 4.854324e-17 8.436103e-18
7813.480000 3.261234e-17 8.203965e-18
7816.480000 4.705480e-17 9.065118e-18
7819.480000 6.425515e-17 1.072055e-17
7822.480000 5.845166e-17 1.114359e-17
7825.480000 1.456942e-17 9.810801e-18
7828.480000 1.739089e-17 8.553306e-18
7831.480000 2.607869e-17 8.208604e-18
7834.480000 3.227810e-17 8.376448e-18
7837.480000 6.188590e-17 9.256596e-18
7840.480000 5.820397e-17 1.009944e-17
7843.480000 5.972940e-17 1.044855e-17
7846.480000 1.952045e-17 1.058943e-17
7849.480000 4.768154e-17 1.224692e-17
7852.480000 7.118032e-17 1.396054e-17
7855.480000 6.865151e-17 1.388437e-17
7858.480000 5.248669e-17 1.245444e-17
7861.480000 6.104600e-17 1.134261e-17
7864.480000 5.041443e-17 1.046635e-17
7867.480000 4.013704e-17 1.031564e-17
7870.480000 4.914774e-17 1.055954e-17
7873.480000 3.692641e-17 1.000202e-17
7876.480000 4.005718e-17 9.243552e-18
7879.480000 4.846908e-17 9.151960e-18
7882.480000 3.651863e-17 9.007725e-18
7885.480000 2.062124e-17 8.766863e-18
7888.480000 4.100078e-17 9.058042e-18
7891.480000 5.206220e-17 9.164827e-18
7894.480000 3.694143e-17 8.319851e-18
7897.480000 3.389909e-17 7.408207e-18
7900.480000 4.736848e-17 7.074949e-18
7903.480000 4.946900e-17 7.111182e-18
7906.480000 3.237113e-17 7.635058e-18
7909.480000 3.394427e-17 9.170578e-18
7912.480000 6.673981e-17 1.137803e-17
7915.480000 7.866759e-17 1.221473e-17
7918.480000 5.277093e-17 1.090819e-17
7921.480000 5.084680e-17 9.618610e-18
7924.480000 5.857856e-17 8.810239e-18
7927.480000 4.531317e-17 8.345614e-18
7930.480000 5.320757e-17 8.566969e-18
7933.480000 5.582422e-17 8.396912e-18
7936.480000 4.358877e-17 7.793647e-18
7939.480000 3.479129e-17 7.491062e-18
7942.480000 3.761951e-17 7.677909e-18
7945.480000 3.550437e-17 8.297430e-18
7948.480000 3.773191e-17 8.923708e-18
7951.480000 3.553597e-17 8.953493e-18
7954.480000 2.908700e-17 8.495488e-18
7957.480000 2.237386e-17 8.831766e-18
7960.480000 4.326853e-17 1.059740e-17
7963.480000 7.130841e-17 1.278980e-17
7966.480000 6.521296e-17 1.313144e-17
7969.480000 2.618343e-17 1.152717e-17
7972.480000 3.719654e-17 1.046428e-17
7975.480000 5.479358e-17 1.075696e-17
7978.480000 6.169235e-17 1.134346e-17
7981.480000 4.949730e-17 1.104170e-17
7984.480000 2.342524e-17 1.004821e-17
7987.480000 3.510545e-17 9.916220e-18
7990.480000 6.879667e-17 1.160453e-17
7993.480000 9.112489e-17 1.280185e-17
7996.480000 4.840494e-17 1.181019e-17
7999.480000 2.949493e-17 9.489849e-18
8002.480000 4.189757e-17 8.183415e-18
8005.480000 4.383367e-17 7.697010e-18
8008.480000 3.963427e-17 7.649859e-18
8011.480000 5.611071e-17 8.115724e-18
8014.480000 7.002760e-17 8.565083e-18
8017.480000 4.401002e-17 8.397147e-18
8020.480000 4.565801e-17 8.409197e-18
8023.480000 7.182139e-17 9.131215e-18
8026.480000 7.030624e-17 9.673306e-18
8029.480000 4.897157e-17 8.961254e-18
8032.480000 3.759734e-17 7.730405e-18
8035.480000 3.617162e-17 7.019960e-18
8038.480000 4.757992e-17 6.905760e-18
8041.480000 5.326192e-17 6.911659e-18
8044.480000 4.682293e-17 6.887163e-18
8047.480000 5.499860e-17 7.194588e-18
8050.480000 6.199790e-17 7.585179e-18
8053.480000 4.701060e-17 7.676530e-18
8056.480000 4.579045e-17 7.768916e-18
8059.480000 6.227527e-17 8.322388e-18
8062.480000 5.912873e-17 8.739166e-18
8065.480000 4.347056e-17 8.397186e-18
8068.480000 3.802026e-17 7.829417e-18
8071.480000 2.972461e-17 7.651144e-18
8074.480000 4.192690e-17 7.864728e-18
8077.480000 5.428678e-17 8.069745e-18
8080.480000 4.147796e-17 8.221137e-18
8083.480000 4.826977e-17 8.430559e-18
8086.480000 3.848730e-17 8.560129e-18
8089.480000 3.856130e-17 8.915139e-18
8092.480000 4.123521e-17 9.304494e-18
8095.480000 3.496716e-17 9.694461e-18
8098.480000 5.200879e-17 1.019703e-17
8101.480000 5.478491e-17 1.037956e-17
8104.480000 4.508691e-17 1.005746e-17
8107.480000 3.251703e-17 9.312887e-18
8110.480000 3.384246e-17 8.901059e-18
8113.480000 3.543389e-17 8.480534e-18
8116.480000 4.267449e-17 8.357681e-18
8119.480000 4.586025e-17 8.143285e-18
8122.480000 3.436035e-17 7.929234e-18
8125.480000 3.123984e-17 7.749090e-18
8128.480000 2.890980e-17 7.566572e-18
8131.480000 2.710179e-17 7.431762e-18
8134.480000 3.893973e-17 7.533815e-18
8137.480000 4.484044e-17 7.560085e-18
8140.480000 3.709960e-17 7.394937e-18
8143.480000 4.772165e-17 7.362299e-18
8146.480000 4.874329e-17 7.297072e-18
8149.480000 5.443415e-17 7.204893e-18
8152.480000 4.785051e-17 6.961127e-18
8155.480000 4.579524e-17 6.779035e-18
8158.480000 4.824191e-17 6.770625e-18
8161.480000 5.147574e-17 6.766081e-18
8164.480000 4.384050e-17 6.742260e-18
8167.480000 3.556804e-17 6.751283e-18
8170.480000 4.640114e-17 6.835774e-18
8173.480000 4.979599e-17 6.868401e-18
8176.480000 4.906239e-17 6.911866e-18
8179.480000 5.570245e-17 7.080986e-18
8182.480000 4.459886e-17 7.096685e-18
8185.480000 3.659657e-17 7.213843e-18
8188.480000 2.070977e-17 7.218650e-18
8191.480000 2.361482e-17 7.410271e-18
8194.480000 2.247401e-17 7.572994e-18
8197.480000 2.607224e-17 7.691710e-18
8200.480000 2.755688e-17 7.655062e-18
8203.480000 3.089063e-17 7.931456e-18
8206.480000 4.624349e-17 8.347447e-18
8209.480000 3.504459e-17 8.378671e-18
8212.480000 4.228957e-17 8.681196e-18
8215.480000 5.455583e-17 9.026819e-18
8218.480000 3.980628e-17 9.052659e-18
8221.480000 4.786300e-17 9.332980e-18
8224.480000 5.391463e-17 9.617524e-18
8227.480000 6.159937e-17 9.555181e-18
8230.480000 5.793805e-17 9.343056e-18
8233.480000 3.724650e-17 8.978079e-18
8236.480000 3.971619e-17 8.780500e-18
8239.480000 3.207575e-17 8.598414e-18
8242.480000 5.277614e-17 8.728582e-18
8245.480000 4.853045e-17 8.557286e-18
8248.480000 5.253915e-17 8.376228e-18
8251.480000 3.986919e-17 8.090496e-18
8254.480000 3.979095e-17 7.945705e-18
8257.480000 3.039915e-17 7.722058e-18
8260.480000 3.922615e-17 7.560580e-18
8263.480000 4.631206e-17 7.469325e-18
8266.480000 5.072218e-17 7.448420e-18
8269.480000 3.511631e-17 7.298293e-18
8272.480000 2.785750e-17 7.419584e-18
8275.480000 3.163078e-17 8.152767e-18
8278.480000 3.926572e-17 9.250745e-18
8281.480000 5.075083e-17 1.015138e-17
8284.480000 5.938276e-17 1.056931e-17
8287.480000 6.121693e-17 1.075253e-17
8290.480000 4.198793e-17 1.049311e-17
8293.480000 2.693645e-17 1.024966e-17
8296.480000 6.089855e-17 1.097724e-17
8299.480000 6.608041e-17 1.117533e-17
8302.480000 3.854409e-17 9.972417e-18
8305.480000 2.677100e-17 8.753564e-18
8308.480000 4.030070e-17 8.687509e-18
8311.480000 4.187121e-17 8.820982e-18
8314.480000 3.743529e-17 8.496744e-18
8317.480000 4.435009e-17 8.095279e-18
8320.480000 5.392697e-17 8.011996e-18
8323.480000 4.000453e-17 7.896038e-18
8326.480000 3.690211e-17 7.975593e-18
8329.480000 2.720337e-17 8.136335e-18
8332.480000 1.232320e-17 8.531656e-18
8335.480000 -4.490426e-18 9.444158e-18
8338.480000 1.194209e-17 1.208163e-17
8341.480000 7.288295e-17 1.662614e-17
8344.480000 1.429229e-16 1.978376e-17
8347.480000 6.370401e-17 1.880883e-17
8350.480000 4.535665e-17 1.623264e-17
8353.480000 7.450208e-17 1.486434e-17
8356.480000 3.722449e-17 1.282629e-17
8359.480000 3.462536e-17 1.100769e-17
8362.480000 3.644259e-17 1.059124e-17
8365.480000 2.259064e-17 1.041881e-17
8368.480000 2.992393e-17 9.810377e-18
8371.480000 3.062367e-17 8.964761e-18
8374.480000 2.776012e-17 8.608240e-18
8377.480000 3.133631e-17 9.029379e-18
8380.480000 5.361924e-17 9.980635e-18
8383.480000 4.884846e-17 1.019472e-17
8386.480000 3.012597e-17 9.336194e-18
8389.480000 1.447949e-17 8.410056e-18
8392.480000 1.592505e-17 8.697630e-18
8395.480000 4.321866e-17 1.055947e-17
8398.480000 1.006963e-16 1.280411e-17
8401.480000 8.492611e-17 1.276259e-17
8404.480000 2.191059e-17 1.026955e-17
8407.480000 1.631443e-17 8.298683e-18
8410.480000 4.459586e-17 8.324326e-18
8413.480000 6.950132e-17 9.269749e-18
8416.480000 5.248949e-17 9.464038e-18
8419.480000 1.273425e-17 8.725918e-18
8422.480000 7.307372e-18 8.636292e-18
8425.480000 5.603817e-17 1.066477e-17
8428.480000 1.123788e-16 1.325043e-17
8431.480000 7.862207e-17 1.346595e-17
8434.480000 1.298917e-17 1.115446e-17
8437.480000 2.507056e-17 9.016796e-18
8440.480000 3.476484e-17 8.201994e-18
8443.480000 1.989822e-17 8.113554e-18
8446.480000 3.363305e-17 8.924602e-18
8449.480000 5.269474e-17 1.028522e-17
8452.480000 6.633474e-17 1.111137e-17
8455.480000 3.822688e-17 1.053792e-17
8458.480000 1.550926e-17 1.030353e-17
8461.480000 5.231011e-17 1.246498e-17
8464.480000 8.423682e-17 1.491909e-17
8467.480000 5.528986e-17 1.465138e-17
8470.480000 1.221625e-17 1.208207e-17
8473.480000 2.005092e-17 1.046442e-17
8476.480000 3.971048e-17 1.006894e-17
8479.480000 4.003159e-17 9.815146e-18
8482.480000 4.414718e-17 9.679156e-18
8485.480000 3.151734e-17 9.546318e-18
8488.480000 4.801841e-17 1.002203e-17
8491.480000 7.421912e-17 1.044586e-17
8494.480000 5.842725e-17 1.061343e-17
8497.480000 4.041436e-17 1.015620e-17
8500.480000 3.546614e-17 1.004802e-17
8503.480000 6.421756e-17 1.106341e-17
8506.480000 5.083313e-17 1.104939e-17
8509.480000 2.851655e-17 9.600296e-18
8512.480000 3.574516e-17 8.211164e-18
8515.480000 5.258244e-17 7.739327e-18
8518.480000 4.907206e-17 7.566077e-18
8521.480000 3.804807e-17 7.378157e-18
8524.480000 3.751574e-17 7.281064e-18
8527.480000 3.272061e-17 7.120120e-18
8530.480000 4.105281e-17 7.111480e-18
8533.480000 4.788660e-17 7.233193e-18
8536.480000 5.038259e-17 7.582027e-18
8539.480000 4.633320e-17 7.794620e-18
8542.480000 4.468989e-17 7.839988e-18
8545.480000 5.944183e-17 8.176281e-18
8548.480000 6.591180e-17 8.549147e-18
8551.480000 4.411422e-17 8.280212e-18
8554.480000 3.142862e-17 7.699228e-18
8557.480000 3.249149e-17 7.467895e-18
8560.480000 3.682599e-17 7.509503e-18
8563.480000 3.827879e-17 7.700590e-18
8566.480000 3.828144e-17 7.946817e-18
8569.480000 4.527099e-17 8.126369e-18
8572.480000 5.403760e-17 8.162590e-18
8575.480000 5.009619e-17 8.263415e-18
8578.480000 5.763500e-17 8.471167e-18
8581.480000 5.493567e-17 8.668352e-18
8584.480000 4.490516e-17 9.094702e-18
8587.480000 4.654611e-17 9.565167e-18
8590.480000 3.418598e-17 9.622191e-18
8593.480000 3.390142e-17 9.886759e-18
8596.480000 4.353891e-17 1.031768e-17
8599.480000 3.698210e-17 1.033544e-17
8602.480000 3.350419e-17 1.020558e-17
8605.480000 4.112078e-17 1.001084e-17
8608.480000 4.017862e-17 9.917085e-18
8611.480000 3.746005e-17 9.947349e-18
8614.480000 4.016865e-17 1.013157e-17
8617.480000 4.703902e-17 1.058066e-17
8620.480000 4.081564e-17 1.094929e-17
8623.480000 6.268151e-17 1.150500e-17
8626.480000 4.996056e-17 1.162783e-17
8629.480000 3.338232e-17 1.152567e-17
8632.480000 3.337723e-17 1.126025e-17
8635.480000 4.682801e-17 1.079615e-17
8638.480000 4.443488e-17 1.013907e-17
8641.480000 3.460132e-17 9.363596e-18
8644.480000 3.742058e-17 8.969135e-18
8647.480000 4.812365e-17 9.231734e-18
8650.480000 5.223264e-17 9.783758e-18
8653.480000 5.100016e-17 1.013342e-17
8656.480000 5.037465e-17 1.018478e-17
8659.480000 3.507265e-17 1.004157e-17
8662.480000 1.837607e-17 9.825620e-18
8665.480000 2.964603e-17 9.711807e-18
8668.480000 4.193378e-17 9.574106e-18
8671.480000 4.091619e-17 9.329694e-18
8674.480000 4.004773e-17 9.081309e-18
8677.480000 4.483310e-17 8.836535e-18
8680.480000 4.389853e-17 8.558003e-18
8683.480000 3.720013e-17 8.356412e-18
8686.480000 2.875602e-17 8.307124e-18
8689.480000 3.849339e-17 8.405860e-18
8692.480000 5.453397e-17 8.474067e-18
8695.480000 3.458241e-17 8.370341e-18
8698.480000 2.192421e-17 8.418550e-18
8701.480000 2.722028e-17 8.711207e-18
8704.480000 3.622674e-17 8.942996e-18
8707.480000 4.173677e-17 9.117825e-18
8710.480000 3.181642e-17 9.197201e-18
8713.480000 3.515467e-17 9.266340e-18
8716.480000 2.896902e-17 9.269096e-18
8719.480000 2.797082e-17 9.538816e-18
8722.480000 3.216025e-17 9.805804e-18
8725.480000 3.803003e-17 1.025480e-17
8728.480000 4.466577e-17 1.047091e-17
8731.480000 3.747050e-17 1.020042e-17
8734.480000 3.013253e-17 9.921116e-18
8737.480000 3.736285e-17 9.847197e-18
8740.480000 5.791612e-17 9.798028e-18
8743.480000 3.767899e-17 9.407495e-18
8746.480000 2.582491e-17 9.073576e-18
8749.480000 1.032519e-17 8.934432e-18
8752.480000 4.565348e-18 9.150194e-18
8755.480000 6.174965e-18 1.024786e-17
8758.480000 3.814171e-17 1.244219e-17
8761.480000 6.482804e-17 1.430223e-17
8764.480000 8.333814e-17 1.490792e-17
8767.480000 7.721167e-17 1.489622e-17
8770.480000 2.138405e-17 1.391064e-17
8773.480000 3.309476e-17 1.304887e-17
8776.480000 9.190202e-17 1.381926e-17
8779.480000 7.078784e-17 1.372105e-17
8782.480000 2.104523e-17 1.163645e-17
8785.480000 3.129507e-17 9.742916e-18
8788.480000 5.339655e-17 9.613291e-18
8791.480000 5.088324e-17 9.828946e-18
8794.480000 3.483358e-17 9.225282e-18
8797.480000 3.041205e-17 8.277785e-18
8800.480000 2.796008e-17 7.786349e-18
8803.480000 2.162383e-17 7.761851e-18
8806.480000 3.955391e-17 8.143873e-18
8809.480000 5.319060e-17 8.407158e-18
8812.480000 4.866725e-17 8.506267e-18
8815.480000 2.243790e-17 8.593828e-18
8818.480000 6.419975e-18 9.738092e-18
8821.480000 3.022544e-17 1.356178e-17
8824.480000 1.518115e-16 1.913460e-17
8827.480000 1.928218e-16 2.150290e-17
8830.480000 2.489800e-17 1.900151e-17
8833.480000 5.184666e-17 1.670464e-17
8836.480000 8.016309e-17 1.634158e-17
8839.480000 1.863175e-17 1.435069e-17
8842.480000 2.053988e-17 1.219771e-17
8845.480000 5.191039e-17 1.195706e-17
8848.480000 5.172644e-17 1.275041e-17
8851.480000 1.291122e-17 1.275304e-17
8854.480000 -6.358131e-19 1.184460e-17
8857.480000 1.815621e-17 1.103019e-17
8860.480000 3.978070e-17 1.117573e-17
8863.480000 5.245413e-17 1.234056e-17
8866.480000 6.147578e-17 1.387869e-17
8869.480000 3.327811e-17 1.363043e-17
8872.480000 5.447647e-18 1.158444e-17
8875.480000 -9.933405e-18 1.002276e-17
8878.480000 -5.771895e-18 1.031474e-17
8881.480000 7.285804e-17 1.299241e-17
8884.480000 1.621156e-16 1.687737e-17
8887.480000 1.098963e-16 1.753117e-17
8890.480000 6.811994e-18 1.431835e-17
8893.480000 -1.418174e-18 1.076830e-17
8896.480000 2.061329e-17 9.759444e-18
8899.480000 6.104453e-17 1.073315e-17
8902.480000 8.792672e-17 1.202077e-17
8905.480000 4.614129e-17 1.180774e-17
8908.480000 -2.232255e-17 1.013543e-17
8911.480000 -2.307327e-17 9.589890e-18
8914.480000 3.028302e-17 1.188156e-17
8917.480000 1.212832e-16 1.549649e-17
8920.480000 1.004693e-16 1.670923e-17
8923.480000 1.079712e-17 1.421847e-17
8926.480000 9.739470e-19 1.077472e-17
8929.480000 1.976836e-17 9.125245e-18
8932.480000 2.943708e-17 8.834995e-18
8935.480000 3.540428e-17 9.219033e-18
8938.480000 6.139576e-17 1.052467e-17
8941.480000 9.328912e-17 1.218590e-17
8944.480000 7.135101e-17 1.245683e-17
8947.480000 1.357600e-17 1.132412e-17
8950.480000 -6.648176e-19 1.104732e-17
8953.480000 5.352698e-17 1.399925e-17
8956.480000 1.066913e-16 1.771218e-17
8959.480000 5.581889e-17 1.813786e-17
8962.480000 2.125942e-17 1.505972e-17
8965.480000 1.258285e-17 1.194658e-17
8968.480000 2.239123e-17 1.116650e-17
8971.480000 3.459671e-17 1.149467e-17
8974.480000 3.161092e-17 1.163279e-17
8977.480000 3.570980e-17 1.194601e-17
8980.480000 3.044142e-17 1.207104e-17
8983.480000 4.097067e-17 1.271360e-17
8986.480000 8.512859e-17 1.385530e-17
8989.480000 6.918437e-17 1.412915e-17
8992.480000 1.700213e-17 1.292886e-17
8995.480000 2.329285e-17 1.241947e-17
8998.480000 7.327116e-17 1.396755e-17
9001.480000 8.504665e-17 1.536552e-17
9004.480000 4.775101e-17 1.427416e-17
9007.480000 1.788355e-17 1.153184e-17
9010.480000 1.891299e-17 9.917190e-18
9013.480000 1.947004e-17 9.397316e-18
9016.480000 2.341461e-17 9.177184e-18
9019.480000 3.461799e-17 9.233824e-18
9022.480000 3.264831e-17 9.116698e-18
9025.480000 3.210957e-17 8.863231e-18
9028.480000 2.534175e-17 8.713486e-18
9031.480000 3.205815e-17 8.877273e-18
9034.480000 4.807928e-17 9.409924e-18
9037.480000 4.659014e-17 9.949800e-18
9040.480000 3.561429e-17 1.010662e-17
9043.480000 3.349446e-17 1.017863e-17
9046.480000 4.388716e-17 1.066523e-17
9049.480000 5.550572e-17 1.137931e-17
9052.480000 4.700794e-17 1.106684e-17
9055.480000 3.806915e-17 9.871767e-18
9058.480000 2.145347e-17 9.255090e-18
9061.480000 2.151344e-17 9.369176e-18
9064.480000 2.982000e-17 9.592238e-18
9067.480000 2.864683e-17 9.605082e-18
9070.480000 2.456309e-17 9.630806e-18
9073.480000 1.395913e-17 9.565500e-18
9076.480000 1.130289e-17 9.609960e-18
9079.480000 2.594841e-17 9.957293e-18
9082.480000 4.006040e-17 1.047701e-17
9085.480000 4.187163e-17 1.097606e-17
9088.480000 2.693556e-17 1.142860e-17
9091.480000 2.599039e-17 1.196177e-17
9094.480000 9.642344e-18 1.222197e-17
9097.480000 3.740791e-17 1.256387e-17
