# TELESCOPE = UH88
# INSTRUMENT = SNIFS
# OBJECT = 2024ijp
# CHANNEL = B+R
# EXPNUM = 24_131_015_002
# MJD-OBS = 60440.441638
# DATE-OBS = 2024-05-10T10:35:59
# EXPTIME = 1800.0s
# AIRMASS = 1.24
# FLUXCAL_RMS_B = 0.082 mag
# FLUXCAL_RMS_R = 0.069 mag
# RA = 13:10:24.99
# DEC = 06:20:03.99
# wl fl err
# [A] [erg/s/cm2/A]
3400.480000 1.978370e-16 6.791510e-17
3403.480000 2.863674e-16 7.018766e-17
3406.480000 3.266219e-16 6.217082e-17
3409.480000 3.037517e-16 5.596289e-17
3412.480000 1.835481e-16 6.063023e-17
3415.480000 2.029474e-16 6.084120e-17
3418.480000 2.700679e-16 5.452719e-17
3421.480000 2.881454e-16 5.317753e-17
3424.480000 2.302008e-16 5.859953e-17
3427.480000 2.116691e-16 5.791332e-17
3430.480000 2.061173e-16 5.031362e-17
3433.480000 2.819059e-16 5.071617e-17
3436.480000 2.514897e-16 5.653021e-17
3439.480000 2.628144e-16 5.560382e-17
3442.480000 2.686706e-16 4.948848e-17
3445.480000 2.300937e-16 5.057980e-17
3448.480000 1.749772e-16 5.469699e-17
3451.480000 3.005711e-16 5.192473e-17
3454.480000 3.374380e-16 4.718194e-17
3457.480000 2.705009e-16 4.884777e-17
3460.480000 3.461655e-16 5.235644e-17
3463.480000 4.158262e-16 4.913983e-17
3466.480000 3.721784e-16 4.452612e-17
3469.480000 3.486792e-16 4.698847e-17
3472.480000 3.116866e-16 4.841893e-17
3475.480000 3.659131e-16 4.524085e-17
3478.480000 2.905351e-16 4.237206e-17
3481.480000 3.094405e-16 4.743586e-17
3484.480000 2.987826e-16 4.918552e-17
3487.480000 3.807331e-16 4.467870e-17
3490.480000 3.763002e-16 4.254493e-17
3493.480000 3.854127e-16 4.785322e-17
3496.480000 3.666903e-16 4.772375e-17
3499.480000 3.343184e-16 4.182120e-17
3502.480000 3.268059e-16 4.118761e-17
3505.480000 3.362585e-16 4.623705e-17
3508.480000 3.771366e-16 4.579479e-17
3511.480000 4.052756e-16 4.034022e-17
3514.480000 4.238170e-16 4.160206e-17
3517.480000 3.806343e-16 4.613823e-17
3520.480000 3.847715e-16 4.468963e-17
3523.480000 3.613807e-16 3.988002e-17
3526.480000 3.637307e-16 4.217198e-17
3529.480000 3.505045e-16 4.473572e-17
3532.480000 4.075143e-16 4.254151e-17
3535.480000 4.019398e-16 3.934067e-17
3538.480000 3.839037e-16 4.187773e-17
3541.480000 4.444751e-16 4.411001e-17
3544.480000 4.569626e-16 4.134577e-17
3547.480000 4.019546e-16 3.944523e-17
3550.480000 3.465252e-16 4.534849e-17
3553.480000 3.313489e-16 4.451064e-17
3556.480000 3.945778e-16 4.007045e-17
3559.480000 4.484059e-16 3.906421e-17
3562.480000 4.576848e-16 4.355045e-17
3565.480000 4.592352e-16 4.361705e-17
3568.480000 4.677597e-16 3.885172e-17
3571.480000 4.792346e-16 3.820082e-17
3574.480000 4.802604e-16 4.296144e-17
3577.480000 4.223069e-16 4.244112e-17
3580.480000 5.200188e-16 3.764690e-17
3583.480000 5.091261e-16 3.795020e-17
3586.480000 5.049713e-16 4.167165e-17
3589.480000 5.468942e-16 4.059160e-17
3592.480000 5.388760e-16 3.660701e-17
3595.480000 4.777805e-16 3.774397e-17
3598.480000 5.190952e-16 4.125233e-17
3601.480000 5.443718e-16 3.969879e-17
3604.480000 5.111837e-16 3.614296e-17
3607.480000 5.423599e-16 3.894489e-17
3610.480000 5.584185e-16 4.121787e-17
3613.480000 5.923899e-16 3.916912e-17
3616.480000 5.710677e-16 3.617231e-17
3619.480000 6.713303e-16 4.054909e-17
3622.480000 6.386147e-16 4.176122e-17
3625.480000 5.503798e-16 3.755487e-17
3628.480000 6.123001e-16 3.619973e-17
3631.480000 6.024164e-16 3.989941e-17
3634.480000 6.134298e-16 4.050543e-17
3637.480000 5.566017e-16 3.601560e-17
3640.480000 6.000030e-16 3.535528e-17
3643.480000 5.662018e-16 3.950088e-17
3646.480000 5.910568e-16 3.934784e-17
3649.480000 6.047453e-16 3.417518e-17
3652.480000 5.878017e-16 3.455652e-17
3655.480000 5.762361e-16 3.820595e-17
3658.480000 5.835886e-16 3.764146e-17
3661.480000 5.914635e-16 3.398004e-17
3664.480000 5.833716e-16 3.564164e-17
3667.480000 5.936609e-16 3.859941e-17
3670.480000 6.364882e-16 3.687153e-17
3673.480000 6.084437e-16 3.347544e-17
3676.480000 5.423336e-16 3.521046e-17
3679.480000 5.568760e-16 3.770572e-17
3682.480000 6.279983e-16 3.574527e-17
3685.480000 6.433130e-16 3.340058e-17
3688.480000 6.894273e-16 3.679988e-17
3691.480000 6.649513e-16 3.769018e-17
3694.480000 6.042805e-16 3.406355e-17
3697.480000 6.631154e-16 3.240196e-17
3700.480000 6.344001e-16 3.592322e-17
3703.480000 6.226916e-16 3.691747e-17
3706.480000 6.418551e-16 3.280499e-17
3709.480000 6.675608e-16 3.207323e-17
3712.480000 6.476632e-16 3.647228e-17
3715.480000 5.853493e-16 3.577966e-17
3718.480000 6.003038e-16 3.114095e-17
3721.480000 6.452979e-16 3.133127e-17
3724.480000 6.013631e-16 3.441383e-17
3727.480000 6.388654e-16 3.399514e-17
3730.480000 6.290337e-16 3.028817e-17
3733.480000 6.136252e-16 3.151541e-17
3736.480000 6.247847e-16 3.444398e-17
3739.480000 6.357223e-16 3.333062e-17
3742.480000 6.490666e-16 3.012252e-17
3745.480000 5.894075e-16 3.157666e-17
3748.480000 5.758010e-16 3.340404e-17
3751.480000 5.758259e-16 3.148444e-17
3754.480000 5.504737e-16 2.870817e-17
3757.480000 5.092104e-16 3.096064e-17
3760.480000 5.542489e-16 3.253356e-17
3763.480000 5.410406e-16 2.946776e-17
3766.480000 5.158549e-16 2.749248e-17
3769.480000 4.909395e-16 3.019097e-17
3772.480000 4.287000e-16 3.050949e-17
3775.480000 4.385931e-16 2.730792e-17
3778.480000 4.425562e-16 2.657365e-17
3781.480000 3.886255e-16 2.948545e-17
3784.480000 3.467237e-16 2.914671e-17
3787.480000 3.149775e-16 2.526959e-17
3790.480000 2.914389e-16 2.481857e-17
3793.480000 3.244320e-16 2.809351e-17
3796.480000 3.174791e-16 2.762182e-17
3799.480000 2.946256e-16 2.417753e-17
3802.480000 2.730540e-16 2.445268e-17
3805.480000 2.063943e-16 2.642444e-17
3808.480000 2.758214e-16 2.579642e-17
3811.480000 2.581751e-16 2.340676e-17
3814.480000 2.227644e-16 2.446326e-17
3817.480000 1.832233e-16 2.610503e-17
3820.480000 2.313532e-16 2.507787e-17
3823.480000 2.397191e-16 2.319537e-17
3826.480000 2.587903e-16 2.514080e-17
3829.480000 2.639973e-16 2.648008e-17
3832.480000 2.689562e-16 2.492080e-17
3835.480000 2.836235e-16 2.369654e-17
3838.480000 2.711725e-16 2.617487e-17
3841.480000 2.773332e-16 2.686953e-17
3844.480000 2.948618e-16 2.430687e-17
3847.480000 2.933457e-16 2.373472e-17
3850.480000 3.265152e-16 2.716299e-17
3853.480000 3.488736e-16 2.741489e-17
3856.480000 2.912308e-16 2.383120e-17
3859.480000 2.881538e-16 2.366912e-17
3862.480000 3.087042e-16 2.685053e-17
3865.480000 2.684347e-16 2.621828e-17
3868.480000 3.230801e-16 2.334681e-17
3871.480000 3.265312e-16 2.360681e-17
3874.480000 2.877035e-16 2.579355e-17
3877.480000 3.411685e-16 2.525838e-17
3880.480000 3.621297e-16 2.305713e-17
3883.480000 3.171835e-16 2.428445e-17
3886.480000 3.576983e-16 2.809067e-17
3889.480000 3.586144e-16 2.486100e-17
3892.480000 2.999970e-16 2.197466e-17
3895.480000 3.050461e-16 2.383318e-17
3898.480000 2.926589e-16 2.492688e-17
3901.480000 3.295279e-16 2.333521e-17
3904.480000 3.324542e-16 2.199374e-17
3907.480000 3.310167e-16 2.434492e-17
3910.480000 3.436134e-16 2.548803e-17
3913.480000 4.463539e-16 2.437330e-17
3916.480000 5.294534e-16 2.410389e-17
3919.480000 4.853808e-16 2.630144e-17
3922.480000 4.133529e-16 2.561806e-17
3925.480000 3.584634e-16 2.186568e-17
3928.480000 3.996174e-16 2.209528e-17
3931.480000 4.324089e-16 2.502394e-17
3934.480000 4.223373e-16 2.474631e-17
3937.480000 4.227032e-16 2.163458e-17
3940.480000 4.421435e-16 2.207641e-17
3943.480000 4.908226e-16 2.506640e-17
3946.480000 4.991529e-16 2.440222e-17
3949.480000 4.662352e-16 2.159613e-17
3952.480000 4.544081e-16 2.263228e-17
3955.480000 4.590665e-16 2.439678e-17
3958.480000 4.642731e-16 2.308316e-17
3961.480000 5.290882e-16 2.160550e-17
3964.480000 4.766851e-16 2.274068e-17
3967.480000 4.831137e-16 2.412245e-17
3970.480000 5.095793e-16 2.265307e-17
3973.480000 5.696022e-16 2.173842e-17
3976.480000 5.464223e-16 2.387379e-17
3979.480000 5.276029e-16 2.488303e-17
3982.480000 5.866189e-16 2.295055e-17
3985.480000 5.943491e-16 2.224121e-17
3988.480000 6.444834e-16 2.555453e-17
3991.480000 6.288094e-16 2.577056e-17
3994.480000 6.516596e-16 2.294955e-17
3997.480000 6.150253e-16 2.256395e-17
4000.480000 6.132771e-16 2.580926e-17
4003.480000 5.932017e-16 2.552724e-17
4006.480000 5.713153e-16 2.222844e-17
4009.480000 5.670948e-16 2.241686e-17
4012.480000 5.317787e-16 2.466413e-17
4015.480000 5.702274e-16 2.425075e-17
4018.480000 5.901632e-16 2.170683e-17
4021.480000 5.464553e-16 2.228419e-17
4024.480000 5.622753e-16 2.421405e-17
4027.480000 5.769678e-16 2.297107e-17
4030.480000 5.732284e-16 2.089735e-17
4033.480000 5.532930e-16 2.217435e-17
4036.480000 6.126331e-16 2.402617e-17
4039.480000 6.390760e-16 2.277881e-17
4042.480000 6.270405e-16 2.125267e-17
4045.480000 6.816001e-16 2.370288e-17
4048.480000 6.960196e-16 2.484310e-17
4051.480000 6.992941e-16 2.269964e-17
4054.480000 7.074718e-16 2.196883e-17
4057.480000 7.026956e-16 2.436848e-17
4060.480000 7.650866e-16 2.505612e-17
4063.480000 7.714093e-16 2.266769e-17
4066.480000 7.439813e-16 2.222361e-17
4069.480000 7.662191e-16 2.547908e-17
4072.480000 7.467307e-16 2.538308e-17
4075.480000 7.569544e-16 2.209702e-17
4078.480000 7.845740e-16 2.227573e-17
4081.480000 8.376895e-16 2.505576e-17
4084.480000 7.834234e-16 2.420102e-17
4087.480000 7.965438e-16 2.172696e-17
4090.480000 8.234504e-16 2.267975e-17
4093.480000 7.920979e-16 2.462705e-17
4096.480000 8.192690e-16 2.377438e-17
4099.480000 7.975624e-16 2.162570e-17
4102.480000 8.127393e-16 2.324556e-17
4105.480000 9.037930e-16 2.551477e-17
4108.480000 9.397232e-16 2.463236e-17
4111.480000 9.040323e-16 2.284567e-17
4114.480000 8.978420e-16 2.497344e-17
4117.480000 9.051837e-16 2.619443e-17
4120.480000 8.921690e-16 2.399827e-17
4123.480000 8.506759e-16 2.252723e-17
4126.480000 8.191755e-16 2.430682e-17
4129.480000 7.302485e-16 2.408701e-17
4132.480000 6.701887e-16 2.092920e-17
4135.480000 7.209671e-16 2.039934e-17
4138.480000 7.540182e-16 2.311471e-17
4141.480000 7.330579e-16 2.288350e-17
4144.480000 7.458121e-16 2.007740e-17
4147.480000 8.104519e-16 2.034264e-17
4150.480000 8.240218e-16 2.286721e-17
4153.480000 7.958671e-16 2.244624e-17
4156.480000 8.234789e-16 1.999823e-17
4159.480000 7.964160e-16 2.026199e-17
4162.480000 7.585571e-16 2.197734e-17
4165.480000 6.980691e-16 2.083315e-17
4168.480000 6.617463e-16 1.858752e-17
4171.480000 6.483368e-16 1.970557e-17
4174.480000 7.115482e-16 2.147108e-17
4177.480000 7.375373e-16 2.059758e-17
4180.480000 7.703437e-16 1.928066e-17
4183.480000 7.944863e-16 2.108029e-17
4186.480000 7.751371e-16 2.200444e-17
4189.480000 7.892343e-16 2.039209e-17
4192.480000 7.851567e-16 1.947794e-17
4195.480000 8.151659e-16 2.182387e-17
4198.480000 8.259517e-16 2.262202e-17
4201.480000 8.264773e-16 2.070817e-17
4204.480000 8.385015e-16 2.030092e-17
4207.480000 8.472746e-16 2.336861e-17
4210.480000 8.989661e-16 2.417412e-17
4213.480000 8.816625e-16 2.131610e-17
4216.480000 8.941455e-16 2.129411e-17
4219.480000 9.601066e-16 2.448566e-17
4222.480000 9.687258e-16 2.421469e-17
4225.480000 9.186457e-16 2.112992e-17
4228.480000 9.205286e-16 2.153820e-17
4231.480000 9.315710e-16 2.352938e-17
4234.480000 8.940568e-16 2.235969e-17
4237.480000 8.791469e-16 2.017916e-17
4240.480000 8.730342e-16 2.107155e-17
4243.480000 8.869027e-16 2.270026e-17
4246.480000 8.659647e-16 2.128925e-17
4249.480000 8.741700e-16 1.950396e-17
4252.480000 8.938740e-16 2.103649e-17
4255.480000 8.568275e-16 2.194549e-17
4258.480000 8.425397e-16 2.041727e-17
4261.480000 8.451168e-16 1.920534e-17
4264.480000 8.537805e-16 2.121535e-17
4267.480000 8.695120e-16 2.184877e-17
4270.480000 8.379457e-16 1.982701e-17
4273.480000 8.253535e-16 1.900724e-17
4276.480000 8.403587e-16 2.146185e-17
4279.480000 8.486200e-16 2.171412e-17
4282.480000 8.350303e-16 1.919949e-17
4285.480000 8.437148e-16 1.914810e-17
4288.480000 8.521620e-16 2.173773e-17
4291.480000 8.180810e-16 2.142587e-17
4294.480000 8.204395e-16 1.891508e-17
4297.480000 8.211690e-16 1.925542e-17
4300.480000 8.315237e-16 2.124876e-17
4303.480000 8.176256e-16 2.051656e-17
4306.480000 7.688100e-16 1.827589e-17
4309.480000 7.345943e-16 1.896110e-17
4312.480000 7.155632e-16 2.046917e-17
4315.480000 7.660226e-16 1.973166e-17
4318.480000 7.779784e-16 1.823402e-17
4321.480000 7.668737e-16 1.954494e-17
4324.480000 7.741834e-16 2.084519e-17
4327.480000 7.835544e-16 1.936756e-17
4330.480000 7.776097e-16 1.814487e-17
4333.480000 7.776529e-16 1.999349e-17
4336.480000 7.447938e-16 2.073161e-17
4339.480000 7.330982e-16 1.878504e-17
4342.480000 7.333531e-16 1.801472e-17
4345.480000 7.354530e-16 2.019750e-17
4348.480000 7.407513e-16 2.047941e-17
4351.480000 7.463314e-16 1.825824e-17
4354.480000 7.462331e-16 1.807896e-17
4357.480000 7.652480e-16 2.067089e-17
4360.480000 7.134696e-16 2.049630e-17
4363.480000 6.829667e-16 1.774313e-17
4366.480000 7.107771e-16 1.827960e-17
4369.480000 7.331226e-16 2.040495e-17
4372.480000 7.276337e-16 1.999773e-17
4375.480000 7.363991e-16 1.785984e-17
4378.480000 7.304291e-16 1.835518e-17
4381.480000 6.828296e-16 1.967506e-17
4384.480000 6.509998e-16 1.874438e-17
4387.480000 6.569937e-16 1.708057e-17
4390.480000 6.617725e-16 1.820502e-17
4393.480000 6.189893e-16 1.906909e-17
4396.480000 6.041910e-16 1.788032e-17
4399.480000 6.209305e-16 1.679346e-17
4402.480000 6.047644e-16 1.833052e-17
4405.480000 5.963979e-16 1.908943e-17
4408.480000 5.882004e-16 1.748384e-17
4411.480000 5.877339e-16 1.680302e-17
4414.480000 5.768062e-16 1.870394e-17
4417.480000 5.748427e-16 1.918918e-17
4420.480000 5.897795e-16 1.723045e-17
4423.480000 5.823624e-16 1.686817e-17
4426.480000 5.901861e-16 1.929246e-17
4429.480000 5.901987e-16 1.921692e-17
4432.480000 5.690397e-16 1.677461e-17
4435.480000 5.748089e-16 1.682426e-17
4438.480000 5.583727e-16 1.857966e-17
4441.480000 5.485442e-16 1.829807e-17
4444.480000 5.526764e-16 1.633764e-17
4447.480000 5.657510e-16 1.694670e-17
4450.480000 5.527096e-16 1.848356e-17
4453.480000 5.580128e-16 1.772991e-17
4456.480000 5.774730e-16 1.619492e-17
4459.480000 5.672790e-16 1.715397e-17
4462.480000 5.297866e-16 1.811939e-17
4465.480000 5.292642e-16 1.704859e-17
4468.480000 5.333677e-16 1.598286e-17
4471.480000 5.323720e-16 1.743870e-17
4474.480000 5.720348e-16 1.841002e-17
4477.480000 5.529066e-16 1.678237e-17
4480.480000 5.486842e-16 1.601426e-17
4483.480000 5.250194e-16 1.769349e-17
4486.480000 5.105263e-16 1.805136e-17
4489.480000 4.981097e-16 1.606686e-17
4492.480000 5.430109e-16 1.604937e-17
4495.480000 5.675807e-16 1.822887e-17
4498.480000 5.458896e-16 1.822573e-17
4501.480000 5.782451e-16 1.627072e-17
4504.480000 5.548914e-16 1.631663e-17
4507.480000 5.613775e-16 1.847127e-17
4510.480000 5.563343e-16 1.817950e-17
4513.480000 5.555430e-16 1.590295e-17
4516.480000 5.350164e-16 1.623935e-17
4519.480000 4.918345e-16 1.759191e-17
4522.480000 5.048106e-16 1.712876e-17
4525.480000 5.171337e-16 1.554463e-17
4528.480000 5.341249e-16 1.656629e-17
4531.480000 5.570689e-16 1.800222e-17
4534.480000 5.974888e-16 1.733827e-17
4537.480000 6.257977e-16 1.629925e-17
4540.480000 6.041007e-16 1.749496e-17
4543.480000 6.042831e-16 1.829613e-17
4546.480000 6.534984e-16 1.719068e-17
4549.480000 6.648947e-16 1.629353e-17
4552.480000 6.769456e-16 1.823623e-17
4555.480000 6.593443e-16 1.863672e-17
4558.480000 6.520670e-16 1.682195e-17
4561.480000 6.314378e-16 1.620500e-17
4564.480000 6.617656e-16 1.846067e-17
4567.480000 6.875518e-16 1.878533e-17
4570.480000 6.922496e-16 1.666456e-17
4573.480000 6.881186e-16 1.668612e-17
4576.480000 6.841770e-16 1.872567e-17
4579.480000 6.954400e-16 1.862251e-17
4582.480000 6.944179e-16 1.645166e-17
4585.480000 6.711041e-16 1.680430e-17
4588.480000 6.763330e-16 1.861411e-17
4591.480000 6.716632e-16 1.806495e-17
4594.480000 6.758686e-16 1.621649e-17
4597.480000 7.015464e-16 1.709171e-17
4600.480000 6.856067e-16 1.839102e-17
4603.480000 6.153413e-16 1.709322e-17
4606.480000 6.166297e-16 1.564574e-17
4609.480000 6.003176e-16 1.679251e-17
4612.480000 5.974193e-16 1.782910e-17
4615.480000 6.306617e-16 1.677261e-17
4618.480000 6.353681e-16 1.579358e-17
4621.480000 6.385400e-16 1.753987e-17
4624.480000 6.514605e-16 1.820098e-17
4627.480000 6.430558e-16 1.638542e-17
4630.480000 6.267601e-16 1.570334e-17
4633.480000 6.361320e-16 1.781209e-17
4636.480000 6.479176e-16 1.809771e-17
4639.480000 6.670918e-16 1.613707e-17
4642.480000 6.858169e-16 1.624800e-17
4645.480000 6.951153e-16 1.854092e-17
4648.480000 7.132322e-16 1.850364e-17
4651.480000 6.958125e-16 1.611077e-17
4654.480000 7.043590e-16 1.657616e-17
4657.480000 6.808996e-16 1.818413e-17
4660.480000 7.086964e-16 1.779799e-17
4663.480000 7.220720e-16 1.613967e-17
4666.480000 7.292407e-16 1.696289e-17
4669.480000 7.419510e-16 1.835829e-17
4672.480000 7.656062e-16 1.768481e-17
4675.480000 7.524041e-16 1.620347e-17
4678.480000 7.045186e-16 1.713489e-17
4681.480000 6.911838e-16 1.802199e-17
4684.480000 6.887655e-16 1.683441e-17
4687.480000 7.130431e-16 1.590101e-17
4690.480000 7.284744e-16 1.759331e-17
4693.480000 7.268514e-16 1.822680e-17
4696.480000 7.287620e-16 1.662813e-17
4699.480000 7.273824e-16 1.614566e-17
4702.480000 7.326152e-16 1.817328e-17
4705.480000 7.102342e-16 1.820745e-17
4708.480000 7.466656e-16 1.632762e-17
4711.480000 7.981668e-16 1.645388e-17
4714.480000 7.869296e-16 1.872019e-17
4717.480000 7.483615e-16 1.855715e-17
4720.480000 7.232035e-16 1.609672e-17
4723.480000 7.312126e-16 1.635463e-17
4726.480000 7.536680e-16 1.827499e-17
4729.480000 7.617757e-16 1.797291e-17
4732.480000 7.635608e-16 1.607991e-17
4735.480000 7.714839e-16 1.680475e-17
4738.480000 7.827390e-16 1.837642e-17
4741.480000 7.659037e-16 1.752934e-17
4744.480000 7.454974e-16 1.590077e-17
4747.480000 7.562131e-16 1.698351e-17
4750.480000 7.362584e-16 1.804203e-17
4753.480000 7.873899e-16 1.715708e-17
4756.480000 8.125662e-16 1.608482e-17
4759.480000 7.518758e-16 1.725463e-17
4762.480000 7.350620e-16 1.800309e-17
4765.480000 7.388653e-16 1.655208e-17
4768.480000 7.452576e-16 1.592206e-17
4771.480000 7.291164e-16 1.769876e-17
4774.480000 7.404050e-16 1.816191e-17
4777.480000 7.251336e-16 1.621192e-17
4780.480000 7.365304e-16 1.610547e-17
4783.480000 7.182798e-16 1.826179e-17
4786.480000 7.088413e-16 1.810696e-17
4789.480000 7.515678e-16 1.609588e-17
4792.480000 7.707255e-16 1.628155e-17
4795.480000 7.552262e-16 1.817256e-17
4798.480000 7.191782e-16 1.771969e-17
4801.480000 7.274188e-16 1.585810e-17
4804.480000 7.273790e-16 1.638968e-17
4807.480000 7.142218e-16 1.781337e-17
4810.480000 7.100760e-16 1.720197e-17
4813.480000 7.058488e-16 1.566331e-17
4816.480000 6.831282e-16 1.656065e-17
4819.480000 6.988447e-16 1.791462e-17
4822.480000 7.068115e-16 1.697704e-17
4825.480000 6.960588e-16 1.569584e-17
4828.480000 7.247008e-16 1.709551e-17
4831.480000 7.381620e-16 1.801171e-17
4834.480000 7.235295e-16 1.656741e-17
4837.480000 7.120034e-16 1.579533e-17
4840.480000 7.072852e-16 1.749757e-17
4843.480000 7.104457e-16 1.794342e-17
4846.480000 6.867321e-16 1.615590e-17
4849.480000 6.710774e-16 1.572805e-17
4852.480000 6.673094e-16 1.780584e-17
4855.480000 6.538216e-16 1.783667e-17
4858.480000 6.402172e-16 1.568203e-17
4861.480000 6.643494e-16 1.588533e-17
4864.480000 6.510555e-16 1.776976e-17
4867.480000 6.387749e-16 1.745468e-17
4870.480000 6.561747e-16 1.558078e-17
4873.480000 6.589134e-16 1.607820e-17
4876.480000 6.586535e-16 1.763273e-17
4879.480000 6.200079e-16 1.692684e-17
4882.480000 6.249834e-16 1.550225e-17
4885.480000 6.345356e-16 1.650142e-17
4888.480000 6.399071e-16 1.778696e-17
4891.480000 6.201056e-16 1.671864e-17
4894.480000 6.154692e-16 1.540853e-17
4897.480000 6.464804e-16 1.692311e-17
4900.480000 6.372204e-16 1.765222e-17
4903.480000 6.446414e-16 1.641426e-17
4906.480000 6.384571e-16 1.560928e-17
4909.480000 6.259741e-16 1.730671e-17
4912.480000 6.252180e-16 1.781956e-17
4915.480000 6.339838e-16 1.635217e-17
4918.480000 6.300024e-16 1.606418e-17
4921.480000 6.515308e-16 1.831544e-17
4924.480000 6.286206e-16 1.839613e-17
4927.480000 6.050682e-16 1.624857e-17
4930.480000 6.286554e-16 1.653352e-17
4933.480000 6.557903e-16 1.897567e-17
4936.480000 6.324136e-16 1.859843e-17
4939.480000 6.527460e-16 1.646517e-17
4942.480000 6.314002e-16 1.694450e-17
4945.480000 6.438697e-16 1.887869e-17
4948.480000 6.609873e-16 1.864620e-17
4951.480000 6.556447e-16 1.685685e-17
4954.480000 6.832862e-16 1.804680e-17
4957.480000 6.708386e-16 1.948671e-17
4960.480000 6.821692e-16 1.870714e-17
4963.480000 6.566802e-16 1.725706e-17
4966.480000 6.398819e-16 1.860477e-17
4969.480000 6.435554e-16 1.981748e-17
4972.480000 6.611636e-16 1.868627e-17
4975.480000 6.774048e-16 1.790504e-17
4978.480000 6.613471e-16 1.981715e-17
4981.480000 6.545775e-16 2.068350e-17
4984.480000 6.610812e-16 1.902290e-17
4987.480000 6.973820e-16 1.871749e-17
4990.480000 6.994689e-16 2.118925e-17
4993.480000 6.321086e-16 2.129471e-17
4996.480000 6.549600e-16 1.916778e-17
4999.480000 6.261198e-16 1.921238e-17
5002.480000 6.410081e-16 2.199244e-17
5005.480000 6.830265e-16 2.223537e-17
5008.480000 6.896100e-16 1.973011e-17
5011.480000 7.110364e-16 2.050329e-17
5014.480000 7.107698e-16 2.275478e-17
5017.480000 6.295591e-16 2.212148e-17
5020.480000 6.451689e-16 2.016857e-17
5023.480000 6.442666e-16 2.132685e-17
5026.480000 5.885588e-16 2.311326e-17
5029.480000 6.194710e-16 2.235035e-17
5032.480000 6.155583e-16 2.092434e-17
5035.480000 5.874003e-16 2.241693e-17
5038.480000 6.175090e-16 2.405321e-17
5041.480000 6.290940e-16 2.277989e-17
5044.480000 5.809971e-16 2.124855e-17
5047.480000 5.688070e-16 2.343819e-17
5050.480000 5.609171e-16 2.427872e-17
5053.480000 5.663712e-16 2.228592e-17
5056.480000 5.390859e-16 2.146537e-17
5059.480000 5.323142e-16 2.431460e-17
5062.480000 5.496510e-16 2.492174e-17
5065.480000 5.205381e-16 2.220001e-17
5068.480000 5.101188e-16 2.183057e-17
5071.480000 5.271159e-16 nan
5074.480000 5.362566e-16 nan
5077.480000 5.339546e-16 nan
5080.480000 5.403805e-16 nan
5083.480000 5.549713e-16 nan
5086.480000 5.083947e-16 nan
5089.480000 5.209904e-16 nan
5092.480000 5.505633e-16 nan
5095.480000 5.598537e-16 nan
5098.480000 6.143980e-16 nan
5101.480000 5.503617e-16 nan
5104.480000 5.400930e-16 nan
5107.480000 6.130662e-16 nan
5110.480000 6.259680e-16 nan
5113.480000 6.087593e-16 nan
5116.480000 6.187110e-16 nan
5119.480000 6.126040e-16 nan
5122.480000 4.894504e-16 nan
5125.480000 4.595232e-16 nan
5128.480000 4.408441e-16 nan
5131.480000 4.868864e-16 nan
5134.480000 5.152251e-16 nan
5137.480000 4.664817e-16 nan
5140.480000 4.433955e-16 nan
5143.480000 5.244222e-16 nan
5146.480000 6.030464e-16 nan
5149.480000 6.052549e-16 nan
5152.480000 5.163178e-16 nan
5155.480000 5.118412e-16 nan
5158.480000 5.775771e-16 nan
5161.480000 5.214806e-16 nan
5164.480000 4.566751e-16 nan
5167.480000 4.921270e-16 nan
5170.480000 4.982087e-16 3.366242e-17
5173.480000 4.885374e-16 3.303876e-17
5176.480000 5.404945e-16 3.271224e-17
5179.480000 5.333978e-16 3.218837e-17
5182.480000 5.314194e-16 3.133244e-17
5185.480000 5.805066e-16 3.105608e-17
5188.480000 5.374770e-16 3.028453e-17
5191.480000 5.365443e-16 3.018983e-17
5194.480000 5.720330e-16 3.041570e-17
5197.480000 5.718119e-16 3.035282e-17
5200.480000 5.853063e-16 3.026666e-17
5203.480000 6.630719e-16 3.059911e-17
5206.480000 5.896617e-16 3.040390e-17
5209.480000 6.087566e-16 3.092188e-17
5212.480000 6.108023e-16 3.056140e-17
5215.480000 5.759606e-16 2.966367e-17
5218.480000 5.629103e-16 2.860026e-17
5221.480000 5.801792e-16 2.815995e-17
5224.480000 5.760127e-16 2.762752e-17
5227.480000 5.576606e-16 2.681547e-17
5230.480000 5.511218e-16 2.574368e-17
5233.480000 5.792462e-16 2.540488e-17
5236.480000 5.786255e-16 2.497589e-17
5239.480000 5.903886e-16 2.451514e-17
5242.480000 5.693178e-16 2.390458e-17
5245.480000 6.134058e-16 2.365258e-17
5248.480000 6.252825e-16 2.323312e-17
5251.480000 6.195206e-16 2.289049e-17
5254.480000 6.355437e-16 2.276138e-17
5257.480000 6.643710e-16 2.262654e-17
5260.480000 6.655105e-16 2.216697e-17
5263.480000 6.184131e-16 2.141172e-17
5266.480000 5.612698e-16 2.062289e-17
5269.480000 5.552148e-16 2.036884e-17
5272.480000 5.846113e-16 2.029824e-17
5275.480000 5.886619e-16 2.011004e-17
5278.480000 5.882261e-16 2.003506e-17
5281.480000 6.338819e-16 2.024856e-17
5284.480000 6.487334e-16 2.045117e-17
5287.480000 6.324703e-16 2.032925e-17
5290.480000 5.965212e-16 2.022605e-17
5293.480000 5.826616e-16 2.063718e-17
5296.480000 5.775877e-16 2.183729e-17
5299.480000 6.145045e-16 2.128556e-17
5302.480000 6.596713e-16 2.109087e-17
5305.480000 6.622146e-16 2.125991e-17
5308.480000 6.981357e-16 2.177591e-17
5311.480000 7.124755e-16 2.189755e-17
5314.480000 6.632096e-16 2.192277e-17
5317.480000 6.512288e-16 2.218016e-17
5320.480000 6.260026e-16 2.213352e-17
5323.480000 6.394195e-16 2.259365e-17
5326.480000 6.385854e-16 2.278112e-17
5329.480000 6.208328e-16 2.292577e-17
5332.480000 6.366763e-16 2.337029e-17
5335.480000 6.252656e-16 2.373160e-17
5338.480000 6.081277e-16 2.372591e-17
5341.480000 6.103176e-16 2.313010e-17
5344.480000 6.400683e-16 2.330398e-17
5347.480000 6.053664e-16 2.206205e-17
5350.480000 6.315535e-16 2.113241e-17
5353.480000 6.256745e-16 2.056742e-17
5356.480000 6.105788e-16 1.982531e-17
5359.480000 6.193979e-16 1.924979e-17
5362.480000 6.249651e-16 1.874852e-17
5365.480000 6.811159e-16 1.883138e-17
5368.480000 6.447378e-16 1.820412e-17
5371.480000 6.354627e-16 1.765411e-17
5374.480000 6.560959e-16 1.725481e-17
5377.480000 6.488893e-16 1.686123e-17
5380.480000 6.061670e-16 1.638091e-17
5383.480000 6.091340e-16 1.600140e-17
5386.480000 6.293360e-16 1.566632e-17
5389.480000 6.144113e-16 1.544278e-17
5392.480000 6.130248e-16 1.524015e-17
5395.480000 6.225761e-16 1.507211e-17
5398.480000 6.241946e-16 1.490580e-17
5401.480000 6.267039e-16 1.481807e-17
5404.480000 6.326408e-16 1.491514e-17
5407.480000 6.191467e-16 1.492549e-17
5410.480000 6.151078e-16 1.498757e-17
5413.480000 6.206849e-16 1.507723e-17
5416.480000 6.169487e-16 1.511912e-17
5419.480000 6.126227e-16 1.513561e-17
5422.480000 5.963367e-16 1.508109e-17
5425.480000 5.750278e-16 1.503080e-17
5428.480000 5.679913e-16 1.520525e-17
5431.480000 5.957337e-16 1.559481e-17
5434.480000 5.966935e-16 1.574348e-17
5437.480000 5.903187e-16 1.598848e-17
5440.480000 5.816177e-16 1.625601e-17
5443.480000 5.957565e-16 1.671842e-17
5446.480000 6.122269e-16 1.709391e-17
5449.480000 5.910266e-16 1.738267e-17
5452.480000 6.041430e-16 1.767823e-17
5455.480000 6.141681e-16 1.802429e-17
5458.480000 5.889895e-16 1.835663e-17
5461.480000 5.827528e-16 1.855346e-17
5464.480000 5.887494e-16 1.859968e-17
5467.480000 5.944389e-16 1.788670e-17
5470.480000 5.699358e-16 1.740910e-17
5473.480000 5.882408e-16 1.774735e-17
5476.480000 5.969855e-16 1.677266e-17
5479.480000 6.060085e-16 1.634425e-17
5482.480000 5.933458e-16 1.699353e-17
5485.480000 5.722962e-16 1.569364e-17
5488.480000 5.390044e-16 1.477675e-17
5491.480000 5.426667e-16 1.455708e-17
5494.480000 5.781208e-16 1.431299e-17
5497.480000 6.279948e-16 1.443350e-17
5500.480000 5.898584e-16 1.393311e-17
5503.480000 5.619288e-16 1.355980e-17
5506.480000 5.609597e-16 1.331723e-17
5509.480000 5.616141e-16 1.314758e-17
5512.480000 5.605836e-16 1.300107e-17
5515.480000 5.625390e-16 1.287787e-17
5518.480000 5.592220e-16 1.306143e-17
5521.480000 5.509945e-16 1.371951e-17
5524.480000 5.466244e-16 1.336329e-17
5527.480000 5.853706e-16 1.263872e-17
5530.480000 6.006072e-16 1.254261e-17
5533.480000 5.721652e-16 1.241531e-17
5536.480000 5.592157e-16 1.251541e-17
5539.480000 5.521468e-16 1.261938e-17
5542.480000 5.583391e-16 1.278144e-17
5545.480000 5.553634e-16 1.292369e-17
5548.480000 5.753801e-16 1.318175e-17
5551.480000 6.088631e-16 1.343934e-17
5554.480000 6.041540e-16 1.355201e-17
5557.480000 5.832084e-16 1.366585e-17
5560.480000 5.611025e-16 1.385077e-17
5563.480000 5.580851e-16 1.429280e-17
5566.480000 5.729607e-16 1.494567e-17
5569.480000 5.786819e-16 1.654356e-17
5572.480000 6.364498e-16 2.005489e-17
5575.480000 6.712640e-16 2.465039e-17
5578.480000 6.942258e-16 2.637396e-17
5581.480000 6.182536e-16 2.355773e-17
5584.480000 5.772430e-16 1.962948e-17
5587.480000 6.023224e-16 1.764052e-17
5590.480000 5.640653e-16 1.664745e-17
5593.480000 5.798080e-16 1.605998e-17
5596.480000 5.920486e-16 1.589876e-17
5599.480000 5.901517e-16 1.535568e-17
5602.480000 5.707980e-16 1.486171e-17
5605.480000 5.854821e-16 1.452759e-17
5608.480000 5.797846e-16 1.418289e-17
5611.480000 5.799485e-16 1.380194e-17
5614.480000 5.814662e-16 1.347835e-17
5617.480000 5.990849e-16 1.327051e-17
5620.480000 6.134578e-16 1.305988e-17
5623.480000 6.209340e-16 1.281975e-17
5626.480000 6.100032e-16 1.257711e-17
5629.480000 5.934041e-16 1.223617e-17
5632.480000 5.874026e-16 1.199128e-17
5635.480000 5.815289e-16 1.180559e-17
5638.480000 5.891745e-16 1.163372e-17
5641.480000 6.032478e-16 1.160536e-17
5644.480000 6.063796e-16 1.156454e-17
5647.480000 6.012188e-16 1.148324e-17
5650.480000 5.974820e-16 1.134250e-17
5653.480000 6.043900e-16 1.126849e-17
5656.480000 5.843349e-16 1.119503e-17
5659.480000 5.528219e-16 1.115577e-17
5662.480000 5.589051e-16 1.176922e-17
5665.480000 5.736233e-16 1.209884e-17
5668.480000 5.694722e-16 1.204538e-17
5671.480000 5.596165e-16 1.204515e-17
5674.480000 5.434075e-16 1.189741e-17
5677.480000 5.520033e-16 1.174269e-17
5680.480000 5.584438e-16 1.185091e-17
5683.480000 5.811348e-16 1.216125e-17
5686.480000 5.819248e-16 1.239182e-17
5689.480000 5.669486e-16 1.262263e-17
5692.480000 5.605497e-16 1.289353e-17
5695.480000 5.643747e-16 1.301325e-17
5698.480000 5.564969e-16 1.328746e-17
5701.480000 5.354353e-16 1.350781e-17
5704.480000 5.731632e-16 1.392520e-17
5707.480000 5.729227e-16 1.420697e-17
5710.480000 5.524065e-16 1.437675e-17
5713.480000 5.507853e-16 1.457120e-17
5716.480000 5.666712e-16 1.445189e-17
5719.480000 5.608450e-16 1.406921e-17
5722.480000 5.537979e-16 1.367379e-17
5725.480000 5.457905e-16 1.358167e-17
5728.480000 5.584137e-16 1.308934e-17
5731.480000 5.576929e-16 1.270581e-17
5734.480000 5.753727e-16 1.250235e-17
5737.480000 5.889607e-16 1.229919e-17
5740.480000 5.857859e-16 1.194004e-17
5743.480000 5.930158e-16 1.169169e-17
5746.480000 5.767476e-16 1.131997e-17
5749.480000 5.755434e-16 1.110704e-17
5752.480000 5.904934e-16 1.099017e-17
5755.480000 6.011911e-16 1.081975e-17
5758.480000 6.001011e-16 1.068434e-17
5761.480000 5.977706e-16 1.054685e-17
5764.480000 6.077033e-16 1.046164e-17
5767.480000 6.070358e-16 1.041375e-17
5770.480000 6.054633e-16 1.035537e-17
5773.480000 6.040114e-16 1.030429e-17
5776.480000 6.130078e-16 1.028355e-17
5779.480000 6.178802e-16 1.026213e-17
5782.480000 5.910437e-16 1.016046e-17
5785.480000 5.866927e-16 1.013262e-17
5788.480000 5.987697e-16 1.019087e-17
5791.480000 5.919903e-16 1.023242e-17
5794.480000 5.752623e-16 1.026636e-17
5797.480000 5.856638e-16 1.045752e-17
5800.480000 6.021839e-16 1.068156e-17
5803.480000 6.173663e-16 1.087286e-17
5806.480000 6.159201e-16 1.103533e-17
5809.480000 6.156453e-16 1.126907e-17
5812.480000 6.068804e-16 1.154785e-17
5815.480000 5.941483e-16 1.187494e-17
5818.480000 6.005674e-16 1.216068e-17
5821.480000 6.072740e-16 1.230709e-17
5824.480000 6.415148e-16 1.273587e-17
5827.480000 6.296716e-16 1.277783e-17
5830.480000 6.209547e-16 1.301778e-17
5833.480000 6.221433e-16 1.322966e-17
5836.480000 6.152069e-16 1.346036e-17
5839.480000 6.298973e-16 1.369612e-17
5842.480000 6.274171e-16 1.355292e-17
5845.480000 6.455023e-16 1.330763e-17
5848.480000 6.116126e-16 1.284955e-17
5851.480000 6.065081e-16 1.251086e-17
5854.480000 6.175006e-16 1.230183e-17
5857.480000 6.327036e-16 1.211713e-17
5860.480000 6.179543e-16 1.184765e-17
5863.480000 6.080200e-16 1.164918e-17
5866.480000 5.917636e-16 1.147057e-17
5869.480000 5.885397e-16 1.120859e-17
5872.480000 6.024471e-16 1.096121e-17
5875.480000 5.982383e-16 1.074965e-17
5878.480000 5.922108e-16 1.050313e-17
5881.480000 5.963966e-16 1.053208e-17
5884.480000 6.065151e-16 1.086252e-17
5887.480000 6.269138e-16 1.150983e-17
5890.480000 6.202095e-16 1.194862e-17
5893.480000 6.124183e-16 1.182449e-17
5896.480000 6.214117e-16 1.132151e-17
5899.480000 6.144519e-16 1.065483e-17
5902.480000 6.055169e-16 1.008782e-17
5905.480000 6.126518e-16 9.860165e-18
5908.480000 6.162552e-16 9.826577e-18
5911.480000 6.101354e-16 9.874475e-18
5914.480000 6.094290e-16 9.975978e-18
5917.480000 6.156553e-16 1.003624e-17
5920.480000 6.052325e-16 9.988673e-18
5923.480000 6.046389e-16 1.015636e-17
5926.480000 6.180966e-16 1.045381e-17
5929.480000 6.168498e-16 1.060206e-17
5932.480000 6.092258e-16 1.076646e-17
5935.480000 6.032565e-16 1.083173e-17
5938.480000 6.011703e-16 1.096461e-17
5941.480000 6.157192e-16 1.127616e-17
5944.480000 6.284177e-16 1.146127e-17
5947.480000 6.161844e-16 1.170237e-17
5950.480000 6.281828e-16 1.196931e-17
5953.480000 6.091191e-16 1.217191e-17
5956.480000 5.988099e-16 1.252015e-17
5959.480000 5.893586e-16 1.260795e-17
5962.480000 6.010460e-16 1.285462e-17
5965.480000 6.167739e-16 1.307048e-17
5968.480000 5.772260e-16 1.274689e-17
5971.480000 5.770203e-16 1.250722e-17
5974.480000 6.234761e-16 1.233994e-17
5977.480000 6.147322e-16 1.199045e-17
5980.480000 5.934396e-16 1.149280e-17
5983.480000 5.875174e-16 1.116828e-17
5986.480000 5.835855e-16 1.095657e-17
5989.480000 5.733820e-16 1.081197e-17
5992.480000 5.772653e-16 1.081366e-17
5995.480000 5.800253e-16 1.037098e-17
5998.480000 5.930590e-16 1.006244e-17
6001.480000 5.849604e-16 9.895010e-18
6004.480000 5.873031e-16 9.718349e-18
6007.480000 6.074716e-16 9.622287e-18
6010.480000 6.073027e-16 9.460638e-18
6013.480000 6.029400e-16 9.283508e-18
6016.480000 6.000932e-16 9.183720e-18
6019.480000 6.010537e-16 9.070906e-18
6022.480000 6.015343e-16 8.987896e-18
6025.480000 5.942023e-16 8.911458e-18
6028.480000 5.986496e-16 8.919197e-18
6031.480000 5.978791e-16 8.933078e-18
6034.480000 5.935804e-16 8.924060e-18
6037.480000 5.896809e-16 8.922392e-18
6040.480000 5.961359e-16 8.981992e-18
6043.480000 6.018564e-16 9.017078e-18
6046.480000 5.958096e-16 9.047279e-18
6049.480000 5.910798e-16 9.167469e-18
6052.480000 5.967028e-16 9.319039e-18
6055.480000 6.066345e-16 9.464346e-18
6058.480000 5.999041e-16 9.559059e-18
6061.480000 5.860594e-16 9.705453e-18
6064.480000 5.936597e-16 9.959272e-18
6067.480000 5.817624e-16 1.006207e-17
6070.480000 5.613920e-16 1.010543e-17
6073.480000 5.631391e-16 1.034329e-17
6076.480000 5.902297e-16 1.068594e-17
6079.480000 5.956517e-16 1.098114e-17
6082.480000 6.002821e-16 1.125129e-17
6085.480000 5.959618e-16 1.143037e-17
6088.480000 5.910603e-16 1.163527e-17
6091.480000 6.131059e-16 1.188046e-17
6094.480000 6.088185e-16 1.166509e-17
6097.480000 6.077604e-16 1.135018e-17
6100.480000 6.059175e-16 1.111329e-17
6103.480000 6.139317e-16 1.086747e-17
6106.480000 6.183610e-16 1.063408e-17
6109.480000 6.090080e-16 1.047117e-17
6112.480000 5.939741e-16 1.025749e-17
6115.480000 6.039201e-16 1.016194e-17
6118.480000 6.105925e-16 9.783630e-18
6121.480000 6.166791e-16 9.526612e-18
6124.480000 6.091001e-16 9.285667e-18
6127.480000 6.181552e-16 9.157211e-18
6130.480000 6.256920e-16 9.059359e-18
6133.480000 6.256057e-16 8.966853e-18
6136.480000 6.209127e-16 8.846184e-18
6139.480000 6.191455e-16 8.757016e-18
6142.480000 6.133986e-16 8.634993e-18
6145.480000 6.041508e-16 8.520557e-18
6148.480000 5.883061e-16 8.376337e-18
6151.480000 5.877077e-16 8.301138e-18
6154.480000 5.945150e-16 8.312867e-18
6157.480000 5.978736e-16 8.348664e-18
6160.480000 6.086624e-16 8.392910e-18
6163.480000 6.136336e-16 8.464591e-18
6166.480000 6.170509e-16 8.636958e-18
6169.480000 6.128791e-16 8.835152e-18
6172.480000 5.903046e-16 9.257198e-18
6175.480000 5.607890e-16 8.882190e-18
6178.480000 5.455431e-16 8.726777e-18
6181.480000 5.311582e-16 8.767717e-18
6184.480000 5.495958e-16 9.014811e-18
6187.480000 5.365555e-16 8.934009e-18
6190.480000 5.268039e-16 9.141829e-18
6193.480000 5.496337e-16 9.499255e-18
6196.480000 5.727884e-16 9.814325e-18
6199.480000 5.687896e-16 9.991651e-18
6202.480000 5.729142e-16 1.020294e-17
6205.480000 5.700380e-16 1.040554e-17
6208.480000 5.681570e-16 1.055541e-17
6211.480000 5.720451e-16 1.084479e-17
6214.480000 5.691086e-16 1.109843e-17
6217.480000 5.725535e-16 1.118271e-17
6220.480000 5.842757e-16 1.102667e-17
6223.480000 5.658936e-16 1.071013e-17
6226.480000 5.690705e-16 1.046349e-17
6229.480000 5.691093e-16 1.029689e-17
6232.480000 5.728048e-16 1.028000e-17
6235.480000 5.681909e-16 1.025274e-17
6238.480000 5.850109e-16 1.016431e-17
6241.480000 5.784440e-16 9.775406e-18
6244.480000 5.593783e-16 9.354720e-18
6247.480000 5.644974e-16 9.048864e-18
6250.480000 5.565159e-16 8.951218e-18
6253.480000 5.747354e-16 9.341282e-18
6256.480000 5.761040e-16 9.064316e-18
6259.480000 5.818350e-16 8.851663e-18
6262.480000 5.795910e-16 8.839944e-18
6265.480000 5.838141e-16 9.050712e-18
6268.480000 5.571271e-16 8.677117e-18
6271.480000 5.542830e-16 8.008661e-18
6274.480000 5.512685e-16 7.867950e-18
6277.480000 5.534630e-16 7.822169e-18
6280.480000 5.489209e-16 7.794793e-18
6283.480000 5.413760e-16 7.859401e-18
6286.480000 5.398461e-16 7.977924e-18
6289.480000 5.382281e-16 8.079047e-18
6292.480000 5.438685e-16 8.292368e-18
6295.480000 5.488694e-16 8.772723e-18
6298.480000 5.469019e-16 9.420764e-18
6301.480000 5.371705e-16 9.660911e-18
6304.480000 5.399136e-16 9.402784e-18
6307.480000 5.429489e-16 9.024224e-18
6310.480000 5.309708e-16 8.725580e-18
6313.480000 5.410034e-16 8.698647e-18
6316.480000 5.434037e-16 8.784365e-18
6319.480000 5.394213e-16 8.998801e-18
6322.480000 5.276863e-16 9.178756e-18
6325.480000 5.273369e-16 9.515343e-18
6328.480000 5.267302e-16 9.789444e-18
6331.480000 5.337581e-16 9.997385e-18
6334.480000 5.424124e-16 1.008027e-17
6337.480000 5.203335e-16 1.006906e-17
6340.480000 5.351558e-16 1.031816e-17
6343.480000 5.381705e-16 1.037140e-17
6346.480000 5.339307e-16 1.019533e-17
6349.480000 5.312800e-16 1.000603e-17
6352.480000 5.108026e-16 9.724971e-18
6355.480000 5.205950e-16 9.618014e-18
6358.480000 5.309956e-16 9.567835e-18
6361.480000 5.243210e-16 9.456980e-18
6364.480000 5.170112e-16 9.295278e-18
6367.480000 5.050417e-16 8.886440e-18
6370.480000 5.044773e-16 8.438226e-18
6373.480000 5.171976e-16 8.199409e-18
6376.480000 5.114146e-16 8.012045e-18
6379.480000 5.071651e-16 7.867115e-18
6382.480000 5.154366e-16 7.785283e-18
6385.480000 5.138495e-16 7.780834e-18
6388.480000 5.031292e-16 7.700675e-18
6391.480000 5.078876e-16 7.569938e-18
6394.480000 5.246865e-16 7.433760e-18
6397.480000 5.199680e-16 7.353795e-18
6400.480000 4.982886e-16 7.209294e-18
6403.480000 4.907357e-16 7.166093e-18
6406.480000 4.984564e-16 7.211107e-18
6409.480000 5.153660e-16 7.245564e-18
6412.480000 5.181236e-16 7.286178e-18
6415.480000 5.068798e-16 7.306183e-18
6418.480000 5.002246e-16 7.303696e-18
6421.480000 4.997664e-16 7.351979e-18
6424.480000 4.988046e-16 7.396870e-18
6427.480000 5.043302e-16 7.492738e-18
6430.480000 5.030998e-16 7.579619e-18
6433.480000 5.041688e-16 7.701417e-18
6436.480000 4.965291e-16 7.829893e-18
6439.480000 4.935830e-16 7.946340e-18
6442.480000 5.033792e-16 8.128204e-18
6445.480000 5.140733e-16 8.362135e-18
6448.480000 5.133710e-16 8.567157e-18
6451.480000 5.136848e-16 8.800876e-18
6454.480000 5.286945e-16 9.048201e-18
6457.480000 5.241226e-16 9.301024e-18
6460.480000 5.162678e-16 9.582517e-18
6463.480000 5.078307e-16 9.944413e-18
6466.480000 5.035174e-16 1.023857e-17
6469.480000 4.958220e-16 1.020359e-17
6472.480000 5.040624e-16 9.858095e-18
6475.480000 5.063282e-16 9.478861e-18
6478.480000 5.112488e-16 9.138275e-18
6481.480000 5.127289e-16 8.869233e-18
6484.480000 5.189574e-16 8.649097e-18
6487.480000 5.204579e-16 8.465479e-18
6490.480000 5.333970e-16 8.390351e-18
6493.480000 5.357012e-16 8.401729e-18
6496.480000 5.284016e-16 8.393879e-18
6499.480000 5.472816e-16 8.426413e-18
6502.480000 5.658989e-16 8.335652e-18
6505.480000 5.651732e-16 8.007129e-18
6508.480000 5.494051e-16 7.674255e-18
6511.480000 5.579013e-16 7.513801e-18
6514.480000 5.584704e-16 7.404710e-18
6517.480000 5.598601e-16 7.393449e-18
6520.480000 5.591174e-16 7.344580e-18
6523.480000 5.511656e-16 7.298851e-18
6526.480000 5.570414e-16 7.281458e-18
6529.480000 5.654536e-16 7.324021e-18
6532.480000 5.529554e-16 7.366349e-18
6535.480000 5.530743e-16 7.357267e-18
6538.480000 5.401082e-16 7.235748e-18
6541.480000 5.382727e-16 7.267021e-18
6544.480000 5.407420e-16 7.348425e-18
6547.480000 5.488799e-16 7.533558e-18
6550.480000 5.623098e-16 7.774473e-18
6553.480000 5.517853e-16 7.893628e-18
6556.480000 5.415799e-16 7.896540e-18
6559.480000 5.605438e-16 7.911367e-18
6562.480000 5.621563e-16 7.969045e-18
6565.480000 5.579024e-16 8.119225e-18
6568.480000 5.403123e-16 8.216284e-18
6571.480000 5.420999e-16 8.537221e-18
6574.480000 5.527840e-16 8.770395e-18
6577.480000 5.656635e-16 9.080731e-18
6580.480000 5.699392e-16 9.199876e-18
6583.480000 5.673717e-16 9.325463e-18
6586.480000 5.796549e-16 9.455963e-18
6589.480000 5.668522e-16 9.568528e-18
6592.480000 5.691595e-16 9.735952e-18
6595.480000 5.927252e-16 9.830791e-18
6598.480000 5.961405e-16 9.666943e-18
6601.480000 5.822910e-16 9.424912e-18
6604.480000 5.750403e-16 9.185677e-18
6607.480000 5.751448e-16 8.964791e-18
6610.480000 5.741325e-16 8.659869e-18
6613.480000 5.816273e-16 8.452286e-18
6616.480000 5.909832e-16 8.359235e-18
6619.480000 5.921788e-16 8.229579e-18
6622.480000 5.916709e-16 8.189051e-18
6625.480000 5.816346e-16 7.872168e-18
6628.480000 5.784331e-16 7.643643e-18
6631.480000 5.768759e-16 7.499980e-18
6634.480000 5.789614e-16 7.386973e-18
6637.480000 5.800212e-16 7.275653e-18
6640.480000 5.802192e-16 7.143166e-18
6643.480000 5.854843e-16 7.046677e-18
6646.480000 5.798937e-16 6.965272e-18
6649.480000 5.745163e-16 6.901912e-18
6652.480000 5.789090e-16 6.900114e-18
6655.480000 5.791001e-16 6.893900e-18
6658.480000 5.785074e-16 6.888251e-18
6661.480000 5.739348e-16 6.886357e-18
6664.480000 5.665616e-16 6.910314e-18
6667.480000 5.664424e-16 6.948862e-18
6670.480000 5.710420e-16 7.005265e-18
6673.480000 5.617184e-16 7.004609e-18
6676.480000 5.625880e-16 7.089574e-18
6679.480000 5.716892e-16 7.235184e-18
6682.480000 5.826289e-16 7.399114e-18
6685.480000 5.882203e-16 7.534508e-18
6688.480000 5.734887e-16 7.595890e-18
6691.480000 5.650092e-16 7.721456e-18
6694.480000 5.689901e-16 7.884006e-18
6697.480000 5.794872e-16 8.060658e-18
6700.480000 5.814598e-16 8.236347e-18
6703.480000 5.820703e-16 8.455735e-18
6706.480000 5.754797e-16 8.567273e-18
6709.480000 5.731680e-16 8.768853e-18
6712.480000 5.806854e-16 9.201488e-18
6715.480000 5.578481e-16 9.380830e-18
6718.480000 5.737102e-16 9.328185e-18
6721.480000 5.742294e-16 9.182825e-18
6724.480000 5.643682e-16 8.924273e-18
6727.480000 5.743882e-16 8.739863e-18
6730.480000 5.831659e-16 8.524566e-18
6733.480000 5.846014e-16 8.280179e-18
6736.480000 5.747176e-16 8.143213e-18
6739.480000 5.598108e-16 7.905893e-18
6742.480000 5.654108e-16 7.779698e-18
6745.480000 5.685259e-16 7.633820e-18
6748.480000 5.679491e-16 7.481287e-18
6751.480000 5.686873e-16 7.344880e-18
6754.480000 5.579931e-16 7.174438e-18
6757.480000 5.531435e-16 7.059867e-18
6760.480000 5.538484e-16 6.977004e-18
6763.480000 5.478757e-16 6.842695e-18
6766.480000 5.382505e-16 6.711611e-18
6769.480000 5.487984e-16 6.663194e-18
6772.480000 5.606221e-16 6.626084e-18
6775.480000 5.482206e-16 6.551870e-18
6778.480000 5.389013e-16 6.508310e-18
6781.480000 5.422047e-16 6.503262e-18
6784.480000 5.530967e-16 6.550759e-18
6787.480000 5.699285e-16 6.622992e-18
6790.480000 5.860136e-16 6.702860e-18
6793.480000 5.920104e-16 6.763747e-18
6796.480000 6.003586e-16 6.830462e-18
6799.480000 5.893872e-16 6.852691e-18
6802.480000 5.695008e-16 6.879676e-18
6805.480000 5.588862e-16 6.924033e-18
6808.480000 5.458705e-16 6.996186e-18
6811.480000 5.321754e-16 7.075298e-18
6814.480000 5.305836e-16 7.181647e-18
6817.480000 5.242734e-16 7.297812e-18
6820.480000 5.390258e-16 7.587632e-18
6823.480000 5.504479e-16 8.081274e-18
6826.480000 5.405101e-16 8.702710e-18
6829.480000 5.448111e-16 9.299155e-18
6832.480000 5.434436e-16 9.573614e-18
6835.480000 5.476583e-16 9.523329e-18
6838.480000 5.454542e-16 9.340331e-18
6841.480000 5.452623e-16 9.273234e-18
6844.480000 5.405472e-16 9.183762e-18
6847.480000 5.293421e-16 8.870857e-18
6850.480000 5.423055e-16 8.670595e-18
6853.480000 5.384173e-16 8.504090e-18
6856.480000 5.332281e-16 8.402842e-18
6859.480000 5.367537e-16 8.638633e-18
6862.480000 5.388076e-16 9.072336e-18
6865.480000 5.343950e-16 9.445226e-18
6868.480000 5.343932e-16 9.261517e-18
6871.480000 5.587147e-16 8.899748e-18
6874.480000 5.620191e-16 8.459610e-18
6877.480000 5.577475e-16 8.038993e-18
6880.480000 5.460289e-16 7.762362e-18
6883.480000 5.605692e-16 7.744381e-18
6886.480000 5.812923e-16 7.963304e-18
6889.480000 5.673635e-16 8.014240e-18
6892.480000 5.520894e-16 7.699960e-18
6895.480000 5.591719e-16 7.310857e-18
6898.480000 5.516656e-16 7.104004e-18
6901.480000 5.547996e-16 7.069940e-18
6904.480000 5.965114e-16 7.196202e-18
6907.480000 6.595592e-16 7.453357e-18
6910.480000 6.904202e-16 7.690956e-18
6913.480000 6.709750e-16 7.645077e-18
6916.480000 6.131334e-16 7.363875e-18
6919.480000 5.680218e-16 7.223779e-18
6922.480000 5.445185e-16 7.269927e-18
6925.480000 5.363758e-16 7.225919e-18
6928.480000 5.251970e-16 7.191755e-18
6931.480000 5.116702e-16 7.438286e-18
6934.480000 5.149185e-16 8.285280e-18
6937.480000 5.265802e-16 8.065138e-18
6940.480000 5.610105e-16 7.846567e-18
6943.480000 5.493135e-16 7.948977e-18
6946.480000 5.431879e-16 8.236635e-18
6949.480000 5.341096e-16 8.515817e-18
6952.480000 5.262053e-16 8.442089e-18
6955.480000 5.227945e-16 8.254721e-18
6958.480000 5.361644e-16 8.219097e-18
6961.480000 5.134576e-16 8.221994e-18
6964.480000 5.154837e-16 8.619012e-18
6967.480000 5.221596e-16 9.081885e-18
6970.480000 5.100982e-16 9.119018e-18
6973.480000 5.129848e-16 8.882312e-18
6976.480000 5.166814e-16 8.793685e-18
6979.480000 5.129881e-16 8.670648e-18
6982.480000 5.102786e-16 8.293302e-18
6985.480000 5.180195e-16 7.942358e-18
6988.480000 5.077353e-16 7.538272e-18
6991.480000 4.982507e-16 7.310387e-18
6994.480000 4.995275e-16 7.178103e-18
6997.480000 5.102610e-16 7.064276e-18
7000.480000 5.125865e-16 6.962532e-18
7003.480000 4.980163e-16 6.888884e-18
7006.480000 4.981870e-16 6.801926e-18
7009.480000 5.066670e-16 6.737373e-18
7012.480000 5.094688e-16 6.668453e-18
7015.480000 5.024212e-16 6.480492e-18
7018.480000 4.982684e-16 6.262006e-18
7021.480000 5.042088e-16 6.153002e-18
7024.480000 5.009836e-16 6.089423e-18
7027.480000 5.033794e-16 6.058033e-18
7030.480000 5.057383e-16 6.047149e-18
7033.480000 5.022588e-16 6.072966e-18
7036.480000 5.002318e-16 6.126799e-18
7039.480000 5.069892e-16 6.222709e-18
7042.480000 5.156259e-16 6.368436e-18
7045.480000 5.296755e-16 6.569663e-18
7048.480000 5.468584e-16 6.770817e-18
7051.480000 5.453381e-16 6.783612e-18
7054.480000 5.317433e-16 6.692569e-18
7057.480000 5.262839e-16 6.689119e-18
7060.480000 5.341222e-16 6.860438e-18
7063.480000 5.464471e-16 7.064287e-18
7066.480000 5.443518e-16 7.174323e-18
7069.480000 5.276420e-16 7.200195e-18
7072.480000 5.168574e-16 7.223331e-18
7075.480000 5.030122e-16 7.298287e-18
7078.480000 4.970416e-16 7.439444e-18
7081.480000 4.920230e-16 7.591292e-18
7084.480000 4.900853e-16 7.767277e-18
7087.480000 5.004062e-16 7.976197e-18
7090.480000 4.887129e-16 8.084389e-18
7093.480000 4.829643e-16 8.241815e-18
7096.480000 4.880506e-16 8.255544e-18
7099.480000 4.896840e-16 8.067686e-18
7102.480000 4.925846e-16 7.906536e-18
7105.480000 4.945315e-16 7.737515e-18
7108.480000 4.869037e-16 7.533552e-18
7111.480000 4.889788e-16 7.363195e-18
7114.480000 4.955499e-16 7.226048e-18
7117.480000 4.873539e-16 7.023833e-18
7120.480000 4.914626e-16 6.887735e-18
7123.480000 4.851785e-16 6.763307e-18
7126.480000 4.877847e-16 6.652369e-18
7129.480000 4.853285e-16 6.521715e-18
7132.480000 4.866375e-16 6.436576e-18
7135.480000 4.936707e-16 6.443064e-18
7138.480000 4.957400e-16 6.290732e-18
7141.480000 4.830782e-16 6.215589e-18
7144.480000 4.849593e-16 6.203020e-18
7147.480000 4.937507e-16 6.150510e-18
7150.480000 4.811716e-16 6.000618e-18
7153.480000 4.853178e-16 5.938712e-18
7156.480000 4.889189e-16 5.930090e-18
7159.480000 4.837714e-16 5.925808e-18
7162.480000 4.794467e-16 5.943147e-18
7165.480000 4.784982e-16 5.964503e-18
7168.480000 4.777989e-16 6.018008e-18
7171.480000 4.770092e-16 6.098062e-18
7174.480000 4.810850e-16 6.240221e-18
7177.480000 4.811818e-16 6.249165e-18
7180.480000 4.651235e-16 6.182882e-18
7183.480000 4.523659e-16 6.203159e-18
7186.480000 4.494371e-16 6.281020e-18
7189.480000 4.467507e-16 6.367670e-18
7192.480000 4.496694e-16 6.478880e-18
7195.480000 4.501727e-16 6.617549e-18
7198.480000 4.546129e-16 6.788556e-18
7201.480000 4.594607e-16 6.916897e-18
7204.480000 4.583596e-16 7.075187e-18
7207.480000 4.587393e-16 7.227950e-18
7210.480000 4.712397e-16 7.447979e-18
7213.480000 4.771593e-16 7.633120e-18
7216.480000 4.821686e-16 7.824926e-18
7219.480000 4.745310e-16 8.026047e-18
7222.480000 4.776489e-16 8.098750e-18
7225.480000 4.780669e-16 7.964843e-18
7228.480000 4.692120e-16 7.786546e-18
7231.480000 4.600454e-16 7.719393e-18
7234.480000 4.470686e-16 7.940650e-18
7237.480000 4.461623e-16 8.681458e-18
7240.480000 4.724735e-16 9.521830e-18
7243.480000 5.420258e-16 9.905641e-18
7246.480000 5.008177e-16 9.206108e-18
7249.480000 4.903013e-16 8.227422e-18
7252.480000 4.884098e-16 7.436435e-18
7255.480000 4.727139e-16 6.938062e-18
7258.480000 4.655194e-16 6.592927e-18
7261.480000 4.620451e-16 6.305429e-18
7264.480000 4.608893e-16 6.213094e-18
7267.480000 4.670606e-16 6.290328e-18
7270.480000 4.726950e-16 6.632684e-18
7273.480000 4.721437e-16 7.286010e-18
7276.480000 4.962267e-16 7.873190e-18
7279.480000 5.069099e-16 7.793955e-18
7282.480000 4.861280e-16 7.241691e-18
7285.480000 4.880923e-16 6.887038e-18
7288.480000 4.777284e-16 6.525824e-18
7291.480000 4.641820e-16 6.229233e-18
7294.480000 4.593710e-16 6.190187e-18
7297.480000 4.604287e-16 6.283377e-18
7300.480000 4.624077e-16 6.439674e-18
7303.480000 4.597531e-16 6.619422e-18
7306.480000 4.628889e-16 6.708242e-18
7309.480000 4.730009e-16 6.886037e-18
7312.480000 4.837263e-16 7.462206e-18
7315.480000 4.862777e-16 8.097705e-18
7318.480000 4.752881e-16 8.088370e-18
7321.480000 4.727113e-16 7.592266e-18
7324.480000 4.743854e-16 7.458277e-18
7327.480000 4.852210e-16 7.888437e-18
7330.480000 4.781375e-16 8.225812e-18
7333.480000 4.755112e-16 8.289031e-18
7336.480000 4.788879e-16 8.825428e-18
7339.480000 4.751264e-16 9.835120e-18
7342.480000 4.913961e-16 1.031372e-17
7345.480000 4.774532e-16 9.631750e-18
7348.480000 4.783924e-16 8.667890e-18
7351.480000 4.721315e-16 8.135822e-18
7354.480000 4.716246e-16 8.131325e-18
7357.480000 4.692097e-16 8.299418e-18
7360.480000 4.651771e-16 8.290672e-18
7363.480000 4.757248e-16 8.083743e-18
7366.480000 4.778209e-16 8.213686e-18
7369.480000 4.831054e-16 8.601204e-18
7372.480000 4.859165e-16 8.274889e-18
7375.480000 4.841674e-16 7.370074e-18
7378.480000 4.842724e-16 6.695740e-18
7381.480000 4.777337e-16 6.407677e-18
7384.480000 4.701885e-16 6.292248e-18
7387.480000 4.768617e-16 6.382616e-18
7390.480000 4.785113e-16 6.551202e-18
7393.480000 4.790937e-16 6.665510e-18
7396.480000 4.908334e-16 6.671895e-18
7399.480000 5.016449e-16 6.780594e-18
7402.480000 4.840872e-16 6.824884e-18
7405.480000 4.771141e-16 6.565641e-18
7408.480000 4.767490e-16 6.136510e-18
7411.480000 4.729330e-16 5.864076e-18
7414.480000 4.556139e-16 5.748076e-18
7417.480000 4.437154e-16 5.728897e-18
7420.480000 4.529094e-16 5.806369e-18
7423.480000 4.630301e-16 5.927292e-18
7426.480000 4.675421e-16 6.130256e-18
7429.480000 4.663972e-16 6.352531e-18
7432.480000 4.637299e-16 6.505527e-18
7435.480000 4.574634e-16 6.690907e-18
7438.480000 4.489593e-16 6.903965e-18
7441.480000 4.486639e-16 6.854432e-18
7444.480000 4.436166e-16 6.648325e-18
7447.480000 4.540601e-16 6.634380e-18
7450.480000 4.558466e-16 6.754582e-18
7453.480000 4.571245e-16 6.929505e-18
7456.480000 4.527698e-16 7.668040e-18
7459.480000 4.406643e-16 7.562020e-18
7462.480000 4.411360e-16 7.594456e-18
7465.480000 4.468773e-16 8.064899e-18
7468.480000 4.503245e-16 8.380040e-18
7471.480000 4.480869e-16 8.658488e-18
7474.480000 4.453936e-16 8.680067e-18
7477.480000 4.544544e-16 8.519476e-18
7480.480000 4.406734e-16 8.337392e-18
7483.480000 4.368014e-16 8.063579e-18
7486.480000 4.437467e-16 7.655957e-18
7489.480000 4.391928e-16 7.194276e-18
7492.480000 4.398323e-16 6.912331e-18
7495.480000 4.399132e-16 6.716596e-18
7498.480000 4.384218e-16 6.525343e-18
7501.480000 4.448675e-16 6.351785e-18
7504.480000 4.488477e-16 6.221402e-18
7507.480000 4.501063e-16 6.114226e-18
7510.480000 4.403553e-16 5.993865e-18
7513.480000 4.358128e-16 5.946856e-18
7516.480000 4.346671e-16 6.035057e-18
7519.480000 4.419964e-16 6.308912e-18
7522.480000 4.511336e-16 6.707636e-18
7525.480000 4.611747e-16 6.873344e-18
7528.480000 4.673190e-16 6.627082e-18
7531.480000 4.603708e-16 6.231618e-18
7534.480000 4.447516e-16 5.913156e-18
7537.480000 4.247329e-16 5.700599e-18
7540.480000 4.251015e-16 5.648607e-18
7543.480000 4.320459e-16 5.664438e-18
7546.480000 4.365133e-16 5.685824e-18
7549.480000 4.431369e-16 5.758529e-18
7552.480000 4.428342e-16 5.880393e-18
7555.480000 4.301645e-16 6.004441e-18
7558.480000 4.218469e-16 6.120833e-18
7561.480000 4.188801e-16 6.160900e-18
7564.480000 4.235212e-16 6.346725e-18
7567.480000 4.289233e-16 6.752853e-18
7570.480000 4.421472e-16 7.277742e-18
7573.480000 4.347114e-16 7.455013e-18
7576.480000 4.377496e-16 7.187294e-18
7579.480000 4.319125e-16 7.001956e-18
7582.480000 4.435498e-16 7.269899e-18
7585.480000 4.528826e-16 7.755482e-18
7588.480000 4.538941e-16 8.224210e-18
7591.480000 4.673968e-16 8.725648e-18
7594.480000 4.742516e-16 1.050712e-17
7597.480000 4.655097e-16 1.231050e-17
7600.480000 5.141159e-16 1.404180e-17
7603.480000 4.259258e-16 1.346568e-17
7606.480000 4.009499e-16 1.290910e-17
7609.480000 3.978877e-16 1.160029e-17
7612.480000 4.059135e-16 1.043279e-17
7615.480000 4.267017e-16 9.240737e-18
7618.480000 4.427922e-16 9.014617e-18
7621.480000 4.475220e-16 8.712493e-18
7624.480000 4.394232e-16 8.902812e-18
7627.480000 4.464756e-16 9.236233e-18
7630.480000 4.449768e-16 9.245147e-18
7633.480000 4.362565e-16 8.677261e-18
7636.480000 4.344482e-16 8.010644e-18
7639.480000 4.339628e-16 7.645135e-18
7642.480000 4.220541e-16 7.309252e-18
7645.480000 4.088139e-16 6.983363e-18
7648.480000 4.146860e-16 6.850083e-18
7651.480000 4.299130e-16 6.798111e-18
7654.480000 4.356690e-16 6.539509e-18
7657.480000 4.421162e-16 6.454641e-18
7660.480000 4.470503e-16 6.428820e-18
7663.480000 4.440131e-16 6.363493e-18
7666.480000 4.434914e-16 6.160558e-18
7669.480000 4.435377e-16 5.973087e-18
7672.480000 4.468921e-16 5.949537e-18
7675.480000 4.471544e-16 5.964453e-18
7678.480000 4.476200e-16 6.021973e-18
7681.480000 4.535192e-16 6.125320e-18
7684.480000 4.526504e-16 6.224864e-18
7687.480000 4.492504e-16 6.350920e-18
7690.480000 4.408706e-16 6.446436e-18
7693.480000 4.470983e-16 6.617648e-18
7696.480000 4.539780e-16 6.778223e-18
7699.480000 4.605586e-16 6.949234e-18
7702.480000 4.593556e-16 7.163541e-18
7705.480000 4.636767e-16 7.568800e-18
7708.480000 4.620034e-16 8.565277e-18
7711.480000 4.508335e-16 1.015422e-17
7714.480000 4.574369e-16 1.143368e-17
7717.480000 4.512416e-16 1.153568e-17
7720.480000 4.439657e-16 1.060018e-17
7723.480000 4.446236e-16 9.589436e-18
7726.480000 4.547975e-16 9.019158e-18
7729.480000 4.468129e-16 8.400299e-18
7732.480000 4.544810e-16 7.907852e-18
7735.480000 4.663176e-16 7.709074e-18
7738.480000 4.567479e-16 7.541121e-18
7741.480000 4.480534e-16 7.401291e-18
7744.480000 4.427585e-16 7.609353e-18
7747.480000 4.565349e-16 8.466705e-18
7750.480000 4.650581e-16 9.366693e-18
7753.480000 4.455594e-16 9.166947e-18
7756.480000 4.373856e-16 8.109168e-18
7759.480000 4.575461e-16 7.572753e-18
7762.480000 4.599735e-16 7.252840e-18
7765.480000 4.607636e-16 6.743486e-18
7768.480000 4.618966e-16 6.554579e-18
7771.480000 4.703893e-16 6.784642e-18
7774.480000 4.714666e-16 6.938970e-18
7777.480000 4.679377e-16 6.862701e-18
7780.480000 4.706206e-16 6.708310e-18
7783.480000 4.579274e-16 6.484593e-18
7786.480000 4.494532e-16 6.381357e-18
7789.480000 4.517793e-16 6.764969e-18
7792.480000 4.541361e-16 7.442898e-18
7795.480000 4.521482e-16 7.623081e-18
7798.480000 4.480765e-16 7.087967e-18
7801.480000 4.579749e-16 6.610596e-18
7804.480000 4.639424e-16 6.750304e-18
7807.480000 4.600475e-16 7.104698e-18
7810.480000 4.512678e-16 7.190371e-18
7813.480000 4.405106e-16 7.106849e-18
7816.480000 4.517981e-16 7.710373e-18
7819.480000 4.665712e-16 8.874874e-18
7822.480000 4.752137e-16 9.419149e-18
7825.480000 4.560402e-16 8.809662e-18
7828.480000 4.398525e-16 7.690997e-18
7831.480000 4.488699e-16 7.359869e-18
7834.480000 4.508141e-16 7.547958e-18
7837.480000 4.588004e-16 8.112058e-18
7840.480000 4.756030e-16 8.882930e-18
7843.480000 4.737259e-16 9.216765e-18
7846.480000 4.334210e-16 9.359863e-18
7849.480000 4.307610e-16 1.036924e-17
7852.480000 4.636050e-16 1.168125e-17
7855.480000 4.564009e-16 1.163831e-17
7858.480000 4.457826e-16 1.054209e-17
7861.480000 4.637184e-16 9.621640e-18
7864.480000 4.529803e-16 8.919086e-18
7867.480000 4.793354e-16 8.753981e-18
7870.480000 5.351777e-16 9.064584e-18
7873.480000 5.081460e-16 8.680222e-18
7876.480000 4.659269e-16 8.037927e-18
7879.480000 4.618347e-16 7.910016e-18
7882.480000 4.642934e-16 7.828038e-18
7885.480000 4.590255e-16 7.653957e-18
7888.480000 4.685650e-16 7.792629e-18
7891.480000 4.758211e-16 7.844118e-18
7894.480000 4.610186e-16 7.220764e-18
7897.480000 4.532993e-16 6.465630e-18
7900.480000 4.478343e-16 6.143555e-18
7903.480000 4.355638e-16 6.114594e-18
7906.480000 4.354813e-16 6.458362e-18
7909.480000 4.435436e-16 7.353782e-18
7912.480000 4.721886e-16 8.480309e-18
7915.480000 4.821970e-16 8.848003e-18
7918.480000 4.760779e-16 8.419355e-18
7921.480000 4.778718e-16 7.932015e-18
7924.480000 4.775320e-16 7.471760e-18
7927.480000 4.750049e-16 7.235841e-18
7930.480000 4.760207e-16 7.400946e-18
7933.480000 4.798139e-16 7.342171e-18
7936.480000 4.704752e-16 6.922165e-18
7939.480000 4.557090e-16 6.664056e-18
7942.480000 4.536504e-16 6.806879e-18
7945.480000 4.655956e-16 7.270915e-18
7948.480000 4.688524e-16 7.726616e-18
7951.480000 4.699280e-16 7.788992e-18
7954.480000 4.492016e-16 7.485582e-18
7957.480000 4.334851e-16 7.632172e-18
7960.480000 4.520463e-16 8.702628e-18
7963.480000 4.885639e-16 1.018990e-17
7966.480000 4.806844e-16 1.063063e-17
7969.480000 4.496859e-16 9.745546e-18
7972.480000 4.425251e-16 9.027124e-18
7975.480000 4.407202e-16 9.215407e-18
7978.480000 4.488835e-16 9.647538e-18
7981.480000 4.441121e-16 9.670519e-18
7984.480000 4.140599e-16 9.537226e-18
7987.480000 4.151121e-16 8.908835e-18
7990.480000 4.495485e-16 9.215051e-18
7993.480000 4.705801e-16 1.008838e-17
7996.480000 4.634321e-16 9.582446e-18
7999.480000 4.430481e-16 8.108764e-18
8002.480000 4.491913e-16 7.136512e-18
8005.480000 4.466103e-16 6.740284e-18
8008.480000 4.362022e-16 6.672949e-18
8011.480000 4.382647e-16 6.867928e-18
8014.480000 4.424595e-16 7.160686e-18
8017.480000 4.399947e-16 7.131589e-18
8020.480000 4.390038e-16 7.069549e-18
8023.480000 4.485597e-16 7.543054e-18
8026.480000 4.567740e-16 7.954543e-18
8029.480000 4.437559e-16 7.571709e-18
8032.480000 4.228766e-16 6.829832e-18
8035.480000 4.200747e-16 6.292373e-18
8038.480000 4.149628e-16 6.127847e-18
8041.480000 4.108721e-16 6.597912e-18
8044.480000 4.100775e-16 6.768080e-18
8047.480000 4.136455e-16 6.755557e-18
8050.480000 4.253444e-16 6.862868e-18
8053.480000 4.300946e-16 6.815508e-18
8056.480000 4.345612e-16 6.772545e-18
8059.480000 4.399559e-16 7.141139e-18
8062.480000 4.427580e-16 7.452222e-18
8065.480000 4.338915e-16 7.185823e-18
8068.480000 4.256151e-16 6.744061e-18
8071.480000 4.374463e-16 6.673984e-18
8074.480000 4.403807e-16 6.786115e-18
8077.480000 4.288973e-16 6.900411e-18
8080.480000 4.331392e-16 7.076233e-18
8083.480000 4.378351e-16 7.320343e-18
8086.480000 4.373393e-16 7.531010e-18
8089.480000 4.377175e-16 7.764087e-18
8092.480000 4.435145e-16 8.010949e-18
8095.480000 4.236304e-16 8.249682e-18
8098.480000 4.155370e-16 8.494553e-18
8101.480000 4.241591e-16 8.769830e-18
8104.480000 4.329572e-16 8.624581e-18
8107.480000 4.364420e-16 8.138268e-18
8110.480000 4.298278e-16 7.676169e-18
8113.480000 4.349161e-16 7.382382e-18
8116.480000 4.413244e-16 7.267510e-18
8119.480000 4.332676e-16 7.114272e-18
8122.480000 4.269390e-16 6.973741e-18
8125.480000 4.180184e-16 6.852565e-18
8128.480000 4.265413e-16 6.683258e-18
8131.480000 4.295941e-16 6.537104e-18
8134.480000 4.160692e-16 6.409168e-18
8137.480000 4.157425e-16 6.407790e-18
8140.480000 4.169244e-16 6.380730e-18
8143.480000 4.115446e-16 6.288998e-18
8146.480000 4.108485e-16 6.237091e-18
8149.480000 4.112976e-16 6.131379e-18
8152.480000 4.074071e-16 5.926003e-18
8155.480000 4.159543e-16 5.823034e-18
8158.480000 4.225772e-16 5.795790e-18
8161.480000 4.158099e-16 5.739181e-18
8164.480000 4.074570e-16 5.714650e-18
8167.480000 4.052615e-16 5.735709e-18
8170.480000 4.046792e-16 5.741445e-18
8173.480000 3.993373e-16 5.752437e-18
8176.480000 3.951511e-16 5.782681e-18
8179.480000 3.969884e-16 5.851423e-18
8182.480000 4.036715e-16 5.971499e-18
8185.480000 4.121917e-16 6.138923e-18
8188.480000 4.054877e-16 6.259658e-18
8191.480000 3.993731e-16 6.377373e-18
8194.480000 4.373186e-16 6.666131e-18
8197.480000 4.283959e-16 6.676552e-18
8200.480000 4.203419e-16 6.763002e-18
8203.480000 4.179475e-16 6.886688e-18
8206.480000 4.156963e-16 7.049641e-18
8209.480000 4.161417e-16 7.208892e-18
8212.480000 4.233278e-16 7.397391e-18
8215.480000 4.263261e-16 7.564296e-18
8218.480000 4.169924e-16 7.749425e-18
8221.480000 4.114124e-16 7.927534e-18
8224.480000 3.970872e-16 7.958262e-18
8227.480000 3.753430e-16 7.738364e-18
8230.480000 3.792656e-16 7.579455e-18
8233.480000 3.888751e-16 7.499281e-18
8236.480000 3.955008e-16 7.456577e-18
8239.480000 3.988875e-16 7.365623e-18
8242.480000 3.962848e-16 7.205309e-18
8245.480000 4.072807e-16 7.095837e-18
8248.480000 4.149727e-16 6.999791e-18
8251.480000 4.125920e-16 6.826511e-18
8254.480000 4.142010e-16 6.690562e-18
8257.480000 3.946403e-16 6.445898e-18
8260.480000 3.804490e-16 6.276713e-18
8263.480000 3.853027e-16 6.241022e-18
8266.480000 3.883498e-16 6.197044e-18
8269.480000 3.799074e-16 6.157016e-18
8272.480000 3.651142e-16 6.301051e-18
8275.480000 3.677713e-16 6.891971e-18
8278.480000 4.015690e-16 7.876070e-18
8281.480000 4.076984e-16 8.590014e-18
8284.480000 3.912429e-16 8.806801e-18
8287.480000 4.046727e-16 8.890750e-18
8290.480000 3.906134e-16 8.632529e-18
8293.480000 3.824109e-16 8.376084e-18
8296.480000 4.191804e-16 8.786508e-18
8299.480000 4.217270e-16 8.901607e-18
8302.480000 3.833535e-16 8.034242e-18
8305.480000 3.746200e-16 7.168110e-18
8308.480000 3.962859e-16 7.154392e-18
8311.480000 4.065786e-16 7.312843e-18
8314.480000 3.915382e-16 6.998992e-18
8317.480000 3.854140e-16 6.678627e-18
8320.480000 3.911938e-16 6.641868e-18
8323.480000 3.925294e-16 6.699143e-18
8326.480000 3.816023e-16 6.765745e-18
8329.480000 3.682696e-16 6.858431e-18
8332.480000 3.617543e-16 7.152721e-18
8335.480000 3.335787e-16 7.667964e-18
8338.480000 3.175630e-16 9.246631e-18
8341.480000 3.961521e-16 1.239354e-17
8344.480000 4.369542e-16 1.488285e-17
8347.480000 3.895489e-16 1.439530e-17
8350.480000 3.702677e-16 1.268399e-17
8353.480000 4.205725e-16 1.174984e-17
8356.480000 4.205666e-16 1.045770e-17
8359.480000 4.045959e-16 9.127617e-18
8362.480000 4.196548e-16 8.924366e-18
8365.480000 4.164045e-16 8.933413e-18
8368.480000 4.005153e-16 8.426596e-18
8371.480000 4.048179e-16 7.561141e-18
8374.480000 3.890466e-16 7.246546e-18
8377.480000 3.913056e-16 7.513751e-18
8380.480000 4.162823e-16 8.233236e-18
8383.480000 4.184997e-16 8.497159e-18
8386.480000 4.007110e-16 7.842972e-18
8389.480000 3.742491e-16 7.049311e-18
8392.480000 3.756082e-16 7.152137e-18
8395.480000 4.004734e-16 8.316835e-18
8398.480000 4.374248e-16 9.761989e-18
8401.480000 4.216889e-16 9.800569e-18
8404.480000 3.877830e-16 8.261527e-18
8407.480000 3.918807e-16 6.919433e-18
8410.480000 4.187516e-16 6.931865e-18
8413.480000 4.485073e-16 7.672926e-18
8416.480000 4.384893e-16 7.956759e-18
8419.480000 3.977217e-16 7.437345e-18
8422.480000 3.667997e-16 7.176029e-18
8425.480000 3.951686e-16 8.410370e-18
8428.480000 4.757168e-16 1.033128e-17
8431.480000 4.956734e-16 1.077925e-17
8434.480000 4.565864e-16 9.301104e-18
8437.480000 4.258228e-16 7.598250e-18
8440.480000 4.155680e-16 6.912949e-18
8443.480000 4.072963e-16 6.960428e-18
8446.480000 4.046575e-16 7.507632e-18
8449.480000 4.236433e-16 8.530394e-18
8452.480000 4.491388e-16 9.304654e-18
8455.480000 4.110472e-16 8.975107e-18
8458.480000 3.918045e-16 8.770581e-18
8461.480000 4.393495e-16 1.027687e-17
8464.480000 4.957603e-16 1.227372e-17
8467.480000 4.648534e-16 1.228893e-17
8470.480000 4.180490e-16 1.037969e-17
8473.480000 4.381818e-16 9.050631e-18
8476.480000 4.293737e-16 8.709049e-18
8479.480000 4.330461e-16 8.502561e-18
8482.480000 4.271112e-16 8.228731e-18
8485.480000 4.070939e-16 8.097135e-18
8488.480000 3.990283e-16 8.282738e-18
8491.480000 4.191519e-16 8.920696e-18
8494.480000 4.388523e-16 9.226168e-18
8497.480000 4.407279e-16 8.884394e-18
8500.480000 4.396703e-16 8.724103e-18
8503.480000 4.644699e-16 9.464691e-18
8506.480000 4.710041e-16 9.614066e-18
8509.480000 4.485729e-16 8.611971e-18
8512.480000 4.244456e-16 7.579402e-18
8515.480000 4.258421e-16 7.181362e-18
8518.480000 4.245265e-16 6.539535e-18
8521.480000 4.302366e-16 6.446418e-18
8524.480000 4.235277e-16 6.313455e-18
8527.480000 4.234960e-16 6.226163e-18
8530.480000 4.265548e-16 6.204241e-18
8533.480000 4.284682e-16 6.320748e-18
8536.480000 4.289728e-16 6.593352e-18
8539.480000 4.238574e-16 6.794989e-18
8542.480000 4.166366e-16 6.811494e-18
8545.480000 4.313984e-16 7.064248e-18
8548.480000 4.541486e-16 7.409636e-18
8551.480000 4.339521e-16 7.217414e-18
8554.480000 4.235227e-16 6.749166e-18
8557.480000 4.294964e-16 6.493488e-18
8560.480000 4.387481e-16 6.496528e-18
8563.480000 4.454551e-16 6.591254e-18
8566.480000 4.389532e-16 6.683274e-18
8569.480000 4.579094e-16 6.944177e-18
8572.480000 4.532246e-16 7.016539e-18
8575.480000 4.386756e-16 7.108575e-18
8578.480000 4.334458e-16 7.281648e-18
8581.480000 4.229481e-16 7.369295e-18
8584.480000 4.200232e-16 7.688709e-18
8587.480000 4.175091e-16 8.096930e-18
8590.480000 4.237344e-16 8.427526e-18
8593.480000 4.549524e-16 8.729871e-18
8596.480000 4.385101e-16 8.951999e-18
8599.480000 4.196805e-16 9.027183e-18
8602.480000 4.008945e-16 8.752002e-18
8605.480000 4.035392e-16 8.495235e-18
8608.480000 4.103048e-16 8.437507e-18
8611.480000 4.182250e-16 8.582449e-18
8614.480000 4.119067e-16 8.850598e-18
8617.480000 4.045276e-16 9.175430e-18
8620.480000 3.965447e-16 9.535440e-18
8623.480000 4.176330e-16 9.945755e-18
8626.480000 4.443904e-16 1.018946e-17
8629.480000 4.347207e-16 1.011822e-17
8632.480000 4.381566e-16 9.835128e-18
8635.480000 4.389234e-16 9.368782e-18
8638.480000 4.323621e-16 8.692449e-18
8641.480000 4.266459e-16 8.052735e-18
8644.480000 4.134087e-16 7.683662e-18
8647.480000 4.136796e-16 7.836046e-18
8650.480000 4.206729e-16 8.309154e-18
8653.480000 4.342027e-16 8.683826e-18
8656.480000 4.343289e-16 8.799690e-18
8659.480000 4.289048e-16 8.778567e-18
8662.480000 4.317991e-16 8.686533e-18
8665.480000 4.406505e-16 8.558083e-18
8668.480000 4.425217e-16 8.381718e-18
8671.480000 4.434006e-16 8.162211e-18
8674.480000 4.389654e-16 7.933998e-18
8677.480000 4.421993e-16 7.739003e-18
8680.480000 4.486879e-16 7.565327e-18
8683.480000 4.505723e-16 7.407435e-18
8686.480000 4.453356e-16 7.288420e-18
8689.480000 4.303852e-16 7.191864e-18
8692.480000 4.259044e-16 7.203968e-18
8695.480000 4.221558e-16 7.377974e-18
8698.480000 4.188106e-16 7.498354e-18
8701.480000 4.154817e-16 7.544758e-18
8704.480000 4.192520e-16 7.618816e-18
8707.480000 4.321334e-16 7.764715e-18
8710.480000 4.304156e-16 7.845575e-18
8713.480000 4.249745e-16 7.803307e-18
8716.480000 4.113330e-16 7.849400e-18
8719.480000 4.168224e-16 8.017349e-18
8722.480000 4.062944e-16 8.182467e-18
8725.480000 4.155934e-16 8.470243e-18
8728.480000 4.239520e-16 8.622350e-18
8731.480000 4.164734e-16 8.458903e-18
8734.480000 4.200969e-16 8.295885e-18
8737.480000 4.150029e-16 8.116109e-18
8740.480000 4.105588e-16 7.944144e-18
8743.480000 4.088508e-16 7.759449e-18
8746.480000 3.911639e-16 7.558376e-18
8749.480000 3.883481e-16 7.573308e-18
8752.480000 3.753206e-16 7.969950e-18
8755.480000 3.616741e-16 8.840366e-18
8758.480000 3.867668e-16 1.050586e-17
8761.480000 3.937262e-16 1.205306e-17
8764.480000 4.037053e-16 1.250613e-17
8767.480000 4.233250e-16 1.235704e-17
8770.480000 4.010946e-16 1.148276e-17
8773.480000 4.050265e-16 1.062103e-17
8776.480000 4.626427e-16 1.103971e-17
8779.480000 4.544998e-16 1.105024e-17
8782.480000 4.228959e-16 9.556301e-18
8785.480000 4.190463e-16 7.975968e-18
8788.480000 4.487347e-16 7.819056e-18
8791.480000 4.613607e-16 8.079668e-18
8794.480000 4.341101e-16 7.623768e-18
8797.480000 4.094784e-16 6.853352e-18
8800.480000 4.131288e-16 6.485710e-18
8803.480000 4.136649e-16 6.486976e-18
8806.480000 4.120034e-16 6.643772e-18
8809.480000 4.180400e-16 6.829082e-18
8812.480000 4.154913e-16 6.910649e-18
8815.480000 3.949217e-16 7.051963e-18
8818.480000 3.714854e-16 7.886305e-18
8821.480000 3.810149e-16 1.035985e-17
8824.480000 4.425268e-16 1.415620e-17
8827.480000 4.219060e-16 1.610051e-17
8830.480000 3.843220e-16 1.485110e-17
8833.480000 4.256071e-16 1.321122e-17
8836.480000 4.410333e-16 1.278635e-17
8839.480000 3.813270e-16 1.154877e-17
8842.480000 4.431846e-16 1.010619e-17
8845.480000 4.450065e-16 9.881307e-18
8848.480000 4.436871e-16 1.057002e-17
8851.480000 3.904409e-16 1.076451e-17
8854.480000 3.705476e-16 1.049989e-17
8857.480000 3.856169e-16 1.035561e-17
8860.480000 3.990711e-16 1.046048e-17
8863.480000 4.143280e-16 1.152922e-17
8866.480000 4.700595e-16 1.146108e-17
8869.480000 4.342469e-16 1.122149e-17
8872.480000 3.869539e-16 9.713655e-18
8875.480000 3.657854e-16 8.302524e-18
8878.480000 3.587539e-16 8.274322e-18
8881.480000 4.177746e-16 9.991116e-18
8884.480000 5.153752e-16 1.261872e-17
8887.480000 4.638397e-16 1.334155e-17
8890.480000 3.757472e-16 1.124666e-17
8893.480000 3.738241e-16 8.603987e-18
8896.480000 3.992348e-16 7.796299e-18
8899.480000 4.350225e-16 8.590189e-18
8902.480000 4.334875e-16 9.623679e-18
8905.480000 3.913435e-16 9.591801e-18
8908.480000 3.632368e-16 8.471609e-18
8911.480000 3.500454e-16 7.863400e-18
8914.480000 3.803292e-16 9.221989e-18
8917.480000 4.921016e-16 1.188672e-17
8920.480000 4.702767e-16 1.299617e-17
8923.480000 3.769074e-16 1.137566e-17
8926.480000 3.927461e-16 8.863230e-18
8929.480000 4.164248e-16 7.535084e-18
8932.480000 4.116927e-16 7.225833e-18
8935.480000 3.994917e-16 7.389192e-18
8938.480000 4.026163e-16 8.351577e-18
8941.480000 4.381287e-16 9.833803e-18
8944.480000 4.611489e-16 1.046023e-17
8947.480000 4.126003e-16 9.549009e-18
8950.480000 3.694643e-16 9.045725e-18
8953.480000 3.963088e-16 1.085393e-17
8956.480000 4.414258e-16 1.374485e-17
8959.480000 3.951143e-16 1.439842e-17
8962.480000 3.177356e-16 1.192786e-17
8965.480000 3.271835e-16 9.143385e-18
8968.480000 3.366384e-16 8.397607e-18
8971.480000 3.410525e-16 8.548766e-18
8974.480000 3.511924e-16 8.819499e-18
8977.480000 3.586385e-16 9.130792e-18
8980.480000 3.638028e-16 9.457536e-18
8983.480000 3.898915e-16 1.008530e-17
8986.480000 3.993844e-16 1.102814e-17
8989.480000 4.048278e-16 1.143707e-17
8992.480000 3.751154e-16 1.062099e-17
8995.480000 3.794928e-16 1.000454e-17
8998.480000 4.363416e-16 1.108100e-17
9001.480000 4.485657e-16 1.234259e-17
9004.480000 3.937849e-16 1.151731e-17
9007.480000 3.814645e-16 9.290542e-18
9010.480000 3.994139e-16 7.737406e-18
9013.480000 4.000474e-16 7.247979e-18
9016.480000 3.898212e-16 7.092997e-18
9019.480000 3.759097e-16 7.041051e-18
9022.480000 3.819936e-16 7.092601e-18
9025.480000 3.883713e-16 6.997680e-18
9028.480000 3.922432e-16 6.915963e-18
9031.480000 3.942774e-16 7.008233e-18
9034.480000 4.025971e-16 7.420031e-18
9037.480000 3.997695e-16 7.945076e-18
9040.480000 3.892251e-16 8.038877e-18
9043.480000 3.882206e-16 7.940307e-18
9046.480000 4.112275e-16 8.472684e-18
9049.480000 4.315710e-16 9.080715e-18
9052.480000 4.162495e-16 8.726709e-18
9055.480000 4.027933e-16 7.821515e-18
9058.480000 4.072534e-16 7.343621e-18
9061.480000 4.149237e-16 7.340936e-18
9064.480000 4.289982e-16 7.518502e-18
9067.480000 4.285568e-16 7.677072e-18
9070.480000 4.125949e-16 7.658573e-18
9073.480000 3.980517e-16 7.578380e-18
9076.480000 3.891088e-16 7.602266e-18
9079.480000 3.821023e-16 7.728219e-18
9082.480000 3.717859e-16 7.916754e-18
9085.480000 3.507035e-16 8.122491e-18
9088.480000 3.469636e-16 8.559066e-18
9091.480000 3.518812e-16 9.153296e-18
9094.480000 3.499422e-16 9.511365e-18
9097.480000 3.524896e-16 9.625241e-18
