# TELESCOPE = UH88
# INSTRUMENT = SNIFS
# OBJECT = 2023dxd
# CHANNEL = B+R
# EXPNUM = 23_086_028_002
# MJD-OBS = 60030.467309
# DATE-OBS = 2023-03-27T11:12:57
# EXPTIME = 1800.0s
# AIRMASS = 1.56
# FLUXCAL_RMS_B = 0.034 mag
# FLUXCAL_RMS_R = 0.035 mag
# RA = 09:30:15.99
# DEC = 26:38:43.00
# wl fl err
# [A] [erg/s/cm2/A]
3400.480000 nan nan
3403.480000 nan nan
3406.480000 nan nan
3409.480000 nan nan
3412.480000 nan nan
3415.480000 nan nan
3418.480000 nan nan
3421.480000 nan nan
3424.480000 nan nan
3427.480000 nan nan
3430.480000 nan nan
3433.480000 nan nan
3436.480000 nan nan
3439.480000 nan nan
3442.480000 nan nan
3445.480000 nan nan
3448.480000 nan nan
3451.480000 nan nan
3454.480000 nan nan
3457.480000 nan nan
3460.480000 nan nan
3463.480000 nan nan
3466.480000 nan nan
3469.480000 nan nan
3472.480000 nan nan
3475.480000 nan nan
3478.480000 nan nan
3481.480000 nan nan
3484.480000 nan nan
3487.480000 nan nan
3490.480000 nan nan
3493.480000 nan nan
3496.480000 nan nan
3499.480000 nan nan
3502.480000 nan nan
3505.480000 nan nan
3508.480000 nan nan
3511.480000 nan nan
3514.480000 nan nan
3517.480000 nan nan
3520.480000 nan nan
3523.480000 nan nan
3526.480000 nan nan
3529.480000 nan nan
3532.480000 nan nan
3535.480000 nan nan
3538.480000 nan nan
3541.480000 nan nan
3544.480000 nan nan
3547.480000 nan nan
3550.480000 nan nan
3553.480000 nan nan
3556.480000 nan nan
3559.480000 nan nan
3562.480000 nan nan
3565.480000 nan nan
3568.480000 nan nan
3571.480000 nan nan
3574.480000 nan nan
3577.480000 nan nan
3580.480000 2.072502e-16 4.115360e-17
3583.480000 2.780678e-16 4.240757e-17
3586.480000 2.358391e-16 4.671476e-17
3589.480000 2.237554e-16 4.550567e-17
3592.480000 1.886588e-16 4.054587e-17
3595.480000 2.495487e-16 4.234331e-17
3598.480000 2.602254e-16 4.601835e-17
3601.480000 1.473126e-16 4.310937e-17
3604.480000 2.517439e-16 4.044519e-17
3607.480000 2.279250e-16 4.348728e-17
3610.480000 1.999982e-16 4.570681e-17
3613.480000 2.684026e-16 4.242821e-17
3616.480000 2.316291e-16 3.952679e-17
3619.480000 2.510127e-16 4.360769e-17
3622.480000 2.036728e-16 4.477000e-17
3625.480000 2.102522e-16 4.048968e-17
3628.480000 2.287714e-16 3.907874e-17
3631.480000 2.554233e-16 4.379293e-17
3634.480000 2.493195e-16 4.404312e-17
3637.480000 1.880522e-16 3.863797e-17
3640.480000 1.471625e-16 3.750805e-17
3643.480000 1.901241e-16 4.245287e-17
3646.480000 1.590346e-16 4.166238e-17
3649.480000 1.327339e-16 3.606397e-17
3652.480000 1.390548e-16 3.648647e-17
3655.480000 2.264555e-16 4.105917e-17
3658.480000 2.475656e-16 4.013262e-17
3661.480000 1.942168e-16 3.527153e-17
3664.480000 1.702358e-16 3.624775e-17
3667.480000 1.895316e-16 3.918294e-17
3670.480000 1.998805e-16 3.745713e-17
3673.480000 1.826749e-16 3.440294e-17
3676.480000 1.954572e-16 3.819778e-17
3679.480000 2.262426e-16 3.908498e-17
3682.480000 2.169337e-16 3.635563e-17
3685.480000 1.681209e-16 3.336348e-17
3688.480000 1.550978e-16 3.593825e-17
3691.480000 1.675550e-16 3.740102e-17
3694.480000 1.642613e-16 3.428289e-17
3697.480000 1.916267e-16 3.288240e-17
3700.480000 2.155970e-16 3.665972e-17
3703.480000 2.304454e-16 3.766167e-17
3706.480000 2.493108e-16 3.339619e-17
3709.480000 2.242250e-16 3.208275e-17
3712.480000 1.856940e-16 3.633613e-17
3715.480000 1.682294e-16 3.591432e-17
3718.480000 2.719798e-16 3.164368e-17
3721.480000 2.606320e-16 3.148995e-17
3724.480000 2.401441e-16 3.497532e-17
3727.480000 2.276304e-16 3.411261e-17
3730.480000 2.373435e-16 3.069203e-17
3733.480000 2.072906e-16 3.152068e-17
3736.480000 1.702260e-16 3.445583e-17
3739.480000 2.386115e-16 3.366147e-17
3742.480000 2.036433e-16 3.067814e-17
3745.480000 1.796773e-16 3.217760e-17
3748.480000 1.801289e-16 3.411854e-17
3751.480000 1.721463e-16 3.182751e-17
3754.480000 1.565137e-16 2.960351e-17
3757.480000 2.022883e-16 3.244230e-17
3760.480000 2.318335e-16 3.400175e-17
3763.480000 1.157833e-16 3.062091e-17
3766.480000 1.682732e-16 2.935490e-17
3769.480000 2.573436e-16 3.317821e-17
3772.480000 2.237543e-16 3.374436e-17
3775.480000 2.294799e-16 3.046043e-17
3778.480000 2.290778e-16 2.984154e-17
3781.480000 2.277055e-16 3.398320e-17
3784.480000 2.103672e-16 3.369407e-17
3787.480000 2.417264e-16 3.013928e-17
3790.480000 2.628791e-16 3.010086e-17
3793.480000 2.209502e-16 3.341549e-17
3796.480000 2.610769e-16 3.302378e-17
3799.480000 2.483999e-16 2.889358e-17
3802.480000 2.462310e-16 2.956904e-17
3805.480000 2.401713e-16 3.251197e-17
3808.480000 2.091239e-16 3.118513e-17
3811.480000 2.061520e-16 2.804666e-17
3814.480000 1.595733e-16 2.923328e-17
3817.480000 1.659331e-16 3.152115e-17
3820.480000 1.592044e-16 2.989632e-17
3823.480000 1.782220e-16 2.736962e-17
3826.480000 2.218250e-16 2.954276e-17
3829.480000 1.534154e-16 3.076389e-17
3832.480000 1.952499e-16 2.866284e-17
3835.480000 2.193218e-16 2.736822e-17
3838.480000 1.960251e-16 3.016471e-17
3841.480000 2.010339e-16 3.101419e-17
3844.480000 2.245511e-16 2.795326e-17
3847.480000 1.946660e-16 2.657522e-17
3850.480000 1.987345e-16 2.975249e-17
3853.480000 2.520769e-16 3.010302e-17
3856.480000 2.218223e-16 2.614314e-17
3859.480000 1.681087e-16 2.572136e-17
3862.480000 1.218444e-16 2.853542e-17
3865.480000 1.204849e-16 2.801946e-17
3868.480000 1.459826e-16 2.489299e-17
3871.480000 1.680963e-16 2.558042e-17
3874.480000 1.486269e-16 2.779981e-17
3877.480000 1.239098e-16 2.677113e-17
3880.480000 1.330986e-16 2.419240e-17
3883.480000 9.113783e-17 2.510856e-17
3886.480000 1.260189e-16 2.736785e-17
3889.480000 1.393594e-16 2.601641e-17
3892.480000 1.368301e-16 2.390354e-17
3895.480000 1.610230e-16 2.611236e-17
3898.480000 1.689063e-16 2.756921e-17
3901.480000 1.204146e-16 2.539741e-17
3904.480000 1.297782e-16 2.407577e-17
3907.480000 1.190569e-16 2.665174e-17
3910.480000 1.419948e-16 2.766773e-17
3913.480000 1.807336e-16 2.535363e-17
3916.480000 1.744545e-16 2.459441e-17
3919.480000 1.633991e-16 2.746222e-17
3922.480000 1.659158e-16 2.773399e-17
3925.480000 1.785983e-16 2.475344e-17
3928.480000 2.093887e-16 2.478114e-17
3931.480000 2.065630e-16 2.815674e-17
3934.480000 2.163305e-16 2.801497e-17
3937.480000 2.128232e-16 2.466815e-17
3940.480000 1.802533e-16 2.504794e-17
3943.480000 1.668320e-16 2.771853e-17
3946.480000 1.771600e-16 2.716190e-17
3949.480000 1.597476e-16 2.399856e-17
3952.480000 1.417286e-16 2.486475e-17
3955.480000 8.956312e-17 2.652025e-17
3958.480000 1.009220e-16 2.509263e-17
3961.480000 1.652824e-16 2.321065e-17
3964.480000 1.477513e-16 2.474784e-17
3967.480000 1.155836e-16 2.616235e-17
3970.480000 1.171908e-16 2.400618e-17
3973.480000 1.409485e-16 2.268232e-17
3976.480000 1.335446e-16 2.504732e-17
3979.480000 1.173220e-16 2.587834e-17
3982.480000 1.109797e-16 2.373312e-17
3985.480000 1.092371e-16 2.290094e-17
3988.480000 1.588871e-16 2.574924e-17
3991.480000 1.050431e-16 2.585573e-17
3994.480000 1.623270e-16 2.342930e-17
3997.480000 1.913328e-16 2.357124e-17
4000.480000 1.825756e-16 2.659461e-17
4003.480000 1.399926e-16 2.610370e-17
4006.480000 1.548980e-16 2.296427e-17
4009.480000 1.523983e-16 2.319872e-17
4012.480000 1.543323e-16 2.580453e-17
4015.480000 1.473720e-16 2.515833e-17
4018.480000 1.515199e-16 2.259342e-17
4021.480000 1.963285e-16 2.382586e-17
4024.480000 1.879602e-16 2.563536e-17
4027.480000 1.791788e-16 2.438707e-17
4030.480000 1.844547e-16 2.252624e-17
4033.480000 1.949224e-16 2.432150e-17
4036.480000 1.904862e-16 2.587719e-17
4039.480000 1.924557e-16 2.444355e-17
4042.480000 2.127227e-16 2.345334e-17
4045.480000 2.492423e-16 2.618031e-17
4048.480000 2.298516e-16 2.756972e-17
4051.480000 2.328915e-16 2.534598e-17
4054.480000 2.186211e-16 2.415109e-17
4057.480000 1.936692e-16 2.686197e-17
4060.480000 2.035426e-16 2.755070e-17
4063.480000 2.109166e-16 2.443694e-17
4066.480000 2.009633e-16 2.367502e-17
4069.480000 2.541141e-16 2.704282e-17
4072.480000 2.404131e-16 2.670566e-17
4075.480000 2.343052e-16 2.289591e-17
4078.480000 2.751065e-16 2.302790e-17
4081.480000 2.524504e-16 2.538063e-17
4084.480000 2.504182e-16 2.467240e-17
4087.480000 2.571398e-16 2.174268e-17
4090.480000 3.198239e-16 2.286686e-17
4093.480000 2.908758e-16 2.479175e-17
4096.480000 2.570070e-16 2.351337e-17
4099.480000 2.545889e-16 2.096154e-17
4102.480000 2.916392e-16 2.268929e-17
4105.480000 3.003356e-16 2.434701e-17
4108.480000 3.151880e-16 2.296104e-17
4111.480000 3.134896e-16 2.125986e-17
4114.480000 3.335298e-16 2.335371e-17
4117.480000 2.984524e-16 2.414751e-17
4120.480000 2.862165e-16 2.222901e-17
4123.480000 2.879489e-16 2.132832e-17
4126.480000 3.169471e-16 2.392378e-17
4129.480000 3.270913e-16 2.473609e-17
4132.480000 3.109909e-16 2.211232e-17
4135.480000 2.841166e-16 2.162275e-17
4138.480000 3.199409e-16 2.492076e-17
4141.480000 3.139948e-16 2.495469e-17
4144.480000 3.010861e-16 2.214243e-17
4147.480000 2.690665e-16 2.245580e-17
4150.480000 2.655329e-16 2.502705e-17
4153.480000 2.142806e-16 2.467154e-17
4156.480000 2.124344e-16 2.170783e-17
4159.480000 2.621423e-16 2.245335e-17
4162.480000 2.588178e-16 2.461361e-17
4165.480000 2.347352e-16 2.345787e-17
4168.480000 2.633112e-16 2.127938e-17
4171.480000 2.580861e-16 2.220051e-17
4174.480000 2.461299e-16 2.358861e-17
4177.480000 2.853490e-16 2.239928e-17
4180.480000 2.521484e-16 2.037080e-17
4183.480000 2.425089e-16 2.177070e-17
4186.480000 2.440051e-16 2.267272e-17
4189.480000 2.585934e-16 2.103481e-17
4192.480000 2.487450e-16 1.979915e-17
4195.480000 2.439283e-16 2.191501e-17
4198.480000 2.437155e-16 2.248174e-17
4201.480000 2.301439e-16 2.004554e-17
4204.480000 2.449154e-16 1.956829e-17
4207.480000 2.941655e-16 2.243063e-17
4210.480000 2.757191e-16 2.254024e-17
4213.480000 2.318342e-16 1.961199e-17
4216.480000 2.519582e-16 1.972192e-17
4219.480000 2.680018e-16 2.244176e-17
4222.480000 2.729391e-16 2.210521e-17
4225.480000 2.740975e-16 1.939413e-17
4228.480000 2.809121e-16 1.995944e-17
4231.480000 2.909416e-16 2.206307e-17
4234.480000 2.922372e-16 2.150786e-17
4237.480000 2.598649e-16 1.904376e-17
4240.480000 3.027496e-16 2.009572e-17
4243.480000 3.149280e-16 2.189383e-17
4246.480000 2.920837e-16 2.078346e-17
4249.480000 2.819739e-16 1.902983e-17
4252.480000 2.690506e-16 2.047346e-17
4255.480000 2.616827e-16 2.160990e-17
4258.480000 2.554990e-16 2.002547e-17
4261.480000 2.422226e-16 1.902521e-17
4264.480000 2.765684e-16 2.142492e-17
4267.480000 2.782427e-16 2.193228e-17
4270.480000 2.638787e-16 1.951807e-17
4273.480000 2.708187e-16 1.890218e-17
4276.480000 2.941963e-16 2.126369e-17
4279.480000 2.738381e-16 2.141913e-17
4282.480000 2.757877e-16 1.900459e-17
4285.480000 2.663879e-16 1.879827e-17
4288.480000 2.653652e-16 2.132245e-17
4291.480000 2.759594e-16 2.129117e-17
4294.480000 2.671539e-16 1.874353e-17
4297.480000 2.751488e-16 1.904670e-17
4300.480000 2.800031e-16 2.104858e-17
4303.480000 2.568555e-16 2.045306e-17
4306.480000 2.560855e-16 1.832920e-17
4309.480000 2.336932e-16 1.906394e-17
4312.480000 2.167562e-16 2.056732e-17
4315.480000 2.157885e-16 1.964843e-17
4318.480000 2.273737e-16 1.801381e-17
4321.480000 2.253261e-16 1.930825e-17
4324.480000 2.230993e-16 2.044027e-17
4327.480000 2.293567e-16 1.913241e-17
4330.480000 2.274094e-16 1.798115e-17
4333.480000 2.200607e-16 1.977292e-17
4336.480000 2.303064e-16 2.043519e-17
4339.480000 2.363671e-16 1.867631e-17
4342.480000 2.511995e-16 1.797120e-17
4345.480000 2.302526e-16 1.993860e-17
4348.480000 2.218986e-16 2.027791e-17
4351.480000 2.499243e-16 1.823446e-17
4354.480000 2.636591e-16 1.811126e-17
4357.480000 2.608710e-16 2.050736e-17
4360.480000 2.486362e-16 2.042265e-17
4363.480000 2.475148e-16 1.778573e-17
4366.480000 2.720008e-16 1.818872e-17
4369.480000 2.498185e-16 2.014341e-17
4372.480000 2.479383e-16 1.970949e-17
4375.480000 2.190201e-16 1.750444e-17
4378.480000 2.283796e-16 1.836361e-17
4381.480000 2.621476e-16 2.016919e-17
4384.480000 2.439630e-16 1.919487e-17
4387.480000 2.253336e-16 1.747435e-17
4390.480000 2.140745e-16 1.857561e-17
4393.480000 1.977654e-16 1.961596e-17
4396.480000 1.765237e-16 1.824381e-17
4399.480000 1.458332e-16 1.706075e-17
4402.480000 1.707117e-16 1.880678e-17
4405.480000 1.971822e-16 1.985127e-17
4408.480000 1.787721e-16 1.811724e-17
4411.480000 1.730779e-16 1.737093e-17
4414.480000 2.180599e-16 1.959660e-17
4417.480000 2.170614e-16 1.995291e-17
4420.480000 1.813601e-16 1.760109e-17
4423.480000 2.007198e-16 1.732957e-17
4426.480000 2.020189e-16 1.983123e-17
4429.480000 1.925290e-16 1.974185e-17
4432.480000 1.926502e-16 1.729594e-17
4435.480000 2.071488e-16 1.749475e-17
4438.480000 1.926200e-16 1.937000e-17
4441.480000 1.737048e-16 1.894837e-17
4444.480000 1.763646e-16 1.692663e-17
4447.480000 1.801658e-16 1.752385e-17
4450.480000 1.678394e-16 1.892939e-17
4453.480000 1.682383e-16 1.825197e-17
4456.480000 1.812682e-16 1.670938e-17
4459.480000 1.700209e-16 1.764599e-17
4462.480000 1.445242e-16 1.854499e-17
4465.480000 1.504990e-16 1.744872e-17
4468.480000 1.757426e-16 1.650707e-17
4471.480000 1.956222e-16 1.809274e-17
4474.480000 1.604729e-16 1.881332e-17
4477.480000 1.677284e-16 1.721294e-17
4480.480000 1.731497e-16 1.647256e-17
4483.480000 1.738406e-16 1.835908e-17
4486.480000 1.580559e-16 1.879420e-17
4489.480000 1.780643e-16 1.690593e-17
4492.480000 1.849265e-16 1.651551e-17
4495.480000 1.760983e-16 1.867394e-17
4498.480000 1.828991e-16 1.898364e-17
4501.480000 1.939728e-16 1.679401e-17
4504.480000 2.007496e-16 1.687026e-17
4507.480000 2.022845e-16 1.909528e-17
4510.480000 1.859351e-16 1.873104e-17
4513.480000 1.788403e-16 1.639821e-17
4516.480000 1.801957e-16 1.693577e-17
4519.480000 1.734454e-16 1.863518e-17
4522.480000 1.917594e-16 1.816624e-17
4525.480000 1.789077e-16 1.637877e-17
4528.480000 1.768534e-16 1.718075e-17
4531.480000 1.656449e-16 1.851601e-17
4534.480000 1.629218e-16 1.749443e-17
4537.480000 1.747947e-16 1.618549e-17
4540.480000 1.562897e-16 1.733203e-17
4543.480000 1.452199e-16 1.816232e-17
4546.480000 1.538562e-16 1.679649e-17
4549.480000 1.737710e-16 1.602964e-17
4552.480000 1.835702e-16 1.780482e-17
4555.480000 1.811126e-16 1.842947e-17
4558.480000 1.834868e-16 1.664660e-17
4561.480000 2.043908e-16 1.635119e-17
4564.480000 2.019449e-16 1.841835e-17
4567.480000 1.846127e-16 1.844490e-17
4570.480000 1.888895e-16 1.639046e-17
4573.480000 2.055127e-16 1.629937e-17
4576.480000 2.001734e-16 1.842605e-17
4579.480000 1.711388e-16 1.811379e-17
4582.480000 1.590907e-16 1.589795e-17
4585.480000 1.526310e-16 1.623234e-17
4588.480000 1.510454e-16 1.793262e-17
4591.480000 1.595570e-16 1.748405e-17
4594.480000 1.712959e-16 1.578706e-17
4597.480000 1.589952e-16 1.645799e-17
4600.480000 1.549263e-16 1.781851e-17
4603.480000 1.466323e-16 1.681485e-17
4606.480000 1.618459e-16 1.560138e-17
4609.480000 1.592318e-16 1.682609e-17
4612.480000 1.330384e-16 1.758875e-17
4615.480000 1.103560e-16 1.613531e-17
4618.480000 1.408613e-16 1.531840e-17
4621.480000 1.326956e-16 1.686496e-17
4624.480000 1.489642e-16 1.762721e-17
4627.480000 1.561161e-16 1.600270e-17
4630.480000 1.450559e-16 1.541191e-17
4633.480000 1.236909e-16 1.723286e-17
4636.480000 1.589005e-16 1.766430e-17
4639.480000 1.920314e-16 1.586007e-17
4642.480000 1.706419e-16 1.553431e-17
4645.480000 1.842027e-16 1.790303e-17
4648.480000 1.710669e-16 1.756192e-17
4651.480000 1.663551e-16 1.551411e-17
4654.480000 1.594224e-16 1.576672e-17
4657.480000 1.732850e-16 1.759839e-17
4660.480000 1.938026e-16 1.725070e-17
4663.480000 2.039507e-16 1.551977e-17
4666.480000 1.861912e-16 1.614281e-17
4669.480000 1.839044e-16 1.763256e-17
4672.480000 1.844258e-16 1.672171e-17
4675.480000 1.713225e-16 1.532847e-17
4678.480000 1.726762e-16 1.647597e-17
4681.480000 2.025054e-16 1.752686e-17
4684.480000 2.055591e-16 1.639813e-17
4687.480000 1.620545e-16 1.513825e-17
4690.480000 1.808246e-16 1.670896e-17
4693.480000 2.049562e-16 1.751568e-17
4696.480000 2.063164e-16 1.605022e-17
4699.480000 1.975483e-16 1.535787e-17
4702.480000 1.996052e-16 1.719136e-17
4705.480000 1.992013e-16 1.747861e-17
4708.480000 1.913511e-16 1.553431e-17
4711.480000 1.585932e-16 1.527273e-17
4714.480000 1.613435e-16 1.745158e-17
4717.480000 1.867636e-16 1.750088e-17
4720.480000 1.932757e-16 1.538430e-17
4723.480000 2.035000e-16 1.565820e-17
4726.480000 1.954060e-16 1.745818e-17
4729.480000 1.857219e-16 1.698320e-17
4732.480000 1.971316e-16 1.519164e-17
4735.480000 1.919637e-16 1.565755e-17
4738.480000 1.758924e-16 1.709121e-17
4741.480000 1.803938e-16 1.642003e-17
4744.480000 2.014757e-16 1.510219e-17
4747.480000 1.819831e-16 1.608193e-17
4750.480000 1.934169e-16 1.727106e-17
4753.480000 1.963088e-16 1.628734e-17
4756.480000 1.785021e-16 1.497094e-17
4759.480000 1.940585e-16 1.629082e-17
4762.480000 1.913388e-16 1.705002e-17
4765.480000 1.834555e-16 1.566417e-17
4768.480000 1.880364e-16 1.495198e-17
4771.480000 1.799732e-16 1.660107e-17
4774.480000 1.713071e-16 1.700738e-17
4777.480000 1.852492e-16 1.533556e-17
4780.480000 2.068690e-16 1.526837e-17
4783.480000 1.878247e-16 1.722779e-17
4786.480000 1.695541e-16 1.723522e-17
4789.480000 1.943871e-16 1.527151e-17
4792.480000 2.115283e-16 1.549027e-17
4795.480000 2.420553e-16 1.751366e-17
4798.480000 2.485251e-16 1.726760e-17
4801.480000 2.053961e-16 1.513885e-17
4804.480000 1.764538e-16 1.538971e-17
4807.480000 1.667607e-16 1.686569e-17
4810.480000 1.796280e-16 1.640115e-17
4813.480000 1.829760e-16 1.489579e-17
4816.480000 2.040567e-16 1.600034e-17
4819.480000 2.147717e-16 1.716317e-17
4822.480000 2.057890e-16 1.615068e-17
4825.480000 2.160922e-16 1.505257e-17
4828.480000 2.045290e-16 1.639583e-17
4831.480000 2.116150e-16 1.718750e-17
4834.480000 2.091506e-16 1.597254e-17
4837.480000 2.141669e-16 1.522125e-17
4840.480000 1.818732e-16 1.673436e-17
4843.480000 1.913466e-16 1.716513e-17
4846.480000 1.925677e-16 1.538233e-17
4849.480000 1.816406e-16 1.504488e-17
4852.480000 1.779680e-16 1.704664e-17
4855.480000 1.628156e-16 1.703142e-17
4858.480000 1.510999e-16 1.493453e-17
4861.480000 1.552204e-16 1.506892e-17
4864.480000 1.753510e-16 1.703296e-17
4867.480000 1.549504e-16 1.681000e-17
4870.480000 1.565130e-16 1.487504e-17
4873.480000 1.852314e-16 1.546117e-17
4876.480000 1.723580e-16 1.693795e-17
4879.480000 1.549509e-16 1.627528e-17
4882.480000 1.551982e-16 1.477938e-17
4885.480000 1.604005e-16 1.567097e-17
4888.480000 1.665615e-16 1.688828e-17
4891.480000 1.824546e-16 1.602635e-17
4894.480000 1.811775e-16 1.483930e-17
4897.480000 1.836510e-16 1.610557e-17
4900.480000 1.645572e-16 1.690343e-17
4903.480000 1.749196e-16 1.576903e-17
4906.480000 1.941563e-16 1.514341e-17
4909.480000 2.019400e-16 1.675480e-17
4912.480000 1.656019e-16 1.708656e-17
4915.480000 1.361670e-16 1.524009e-17
4918.480000 1.265479e-16 1.480158e-17
4921.480000 1.477487e-16 1.686949e-17
4924.480000 1.658809e-16 1.716821e-17
4927.480000 1.439335e-16 1.512804e-17
4930.480000 1.170265e-16 1.498133e-17
4933.480000 1.416575e-16 1.704338e-17
4936.480000 1.722400e-16 1.702929e-17
4939.480000 1.606645e-16 1.504882e-17
4942.480000 1.615912e-16 1.548077e-17
4945.480000 2.049838e-16 1.736138e-17
4948.480000 1.729867e-16 1.672230e-17
4951.480000 1.246127e-16 1.503186e-17
4954.480000 1.132217e-16 1.589081e-17
4957.480000 1.249897e-16 1.715728e-17
4960.480000 1.374497e-16 1.624637e-17
4963.480000 1.639256e-16 1.515846e-17
4966.480000 1.737807e-16 1.657469e-17
4969.480000 1.601374e-16 1.735999e-17
4972.480000 1.767969e-16 1.637471e-17
4975.480000 1.953447e-16 1.562541e-17
4978.480000 1.580043e-16 1.719622e-17
4981.480000 1.493681e-16 1.795790e-17
4984.480000 1.277828e-16 1.622711e-17
4987.480000 1.744192e-16 1.610433e-17
4990.480000 1.978564e-16 1.851336e-17
4993.480000 1.817376e-16 1.880858e-17
4996.480000 1.415146e-16 1.660816e-17
4999.480000 1.390107e-16 1.666915e-17
5002.480000 1.682675e-16 1.928247e-17
5005.480000 1.651288e-16 1.932217e-17
5008.480000 1.237333e-16 1.700227e-17
5011.480000 1.441615e-16 1.768268e-17
5014.480000 1.603710e-16 2.000247e-17
5017.480000 1.824150e-16 1.980376e-17
5020.480000 1.703786e-16 1.790274e-17
5023.480000 1.891721e-16 1.921103e-17
5026.480000 1.719297e-16 2.087205e-17
5029.480000 1.552870e-16 2.008799e-17
5032.480000 1.201042e-16 1.848869e-17
5035.480000 1.167654e-16 2.060300e-17
5038.480000 1.200421e-16 2.225563e-17
5041.480000 1.245961e-16 2.098830e-17
5044.480000 1.095874e-16 2.028894e-17
5047.480000 1.025974e-16 2.211884e-17
5050.480000 1.318218e-16 2.336809e-17
5053.480000 1.412044e-16 2.178127e-17
5056.480000 1.261052e-16 2.093468e-17
5059.480000 1.317874e-16 2.384812e-17
5062.480000 1.458176e-16 2.464918e-17
5065.480000 1.160991e-16 2.199259e-17
5068.480000 1.310684e-16 2.204424e-17
5071.480000 1.452082e-16 nan
5074.480000 1.243921e-16 nan
5077.480000 1.448997e-16 nan
5080.480000 1.247700e-16 nan
5083.480000 8.838826e-17 nan
5086.480000 9.370057e-17 nan
5089.480000 1.215101e-16 nan
5092.480000 1.139087e-16 nan
5095.480000 1.257309e-16 nan
5098.480000 1.106705e-16 nan
5101.480000 1.219136e-16 nan
5104.480000 1.338491e-16 nan
5107.480000 1.146087e-16 nan
5110.480000 1.093427e-16 nan
5113.480000 1.052570e-16 nan
5116.480000 1.103561e-16 nan
5119.480000 1.138523e-16 nan
5122.480000 1.592515e-16 nan
5125.480000 8.791355e-17 nan
5128.480000 6.021003e-17 nan
5131.480000 7.183582e-17 nan
5134.480000 1.829449e-16 nan
5137.480000 1.771401e-16 nan
5140.480000 1.364707e-16 nan
5143.480000 1.302355e-16 nan
5146.480000 1.570238e-16 nan
5149.480000 1.326411e-16 nan
5152.480000 1.147562e-16 nan
5155.480000 1.436455e-16 nan
5158.480000 1.576785e-16 nan
5161.480000 1.043522e-16 nan
5164.480000 7.754214e-17 nan
5167.480000 9.132708e-17 nan
5170.480000 1.118853e-16 4.083527e-17
5173.480000 1.764240e-16 4.080194e-17
5176.480000 1.764021e-16 3.997688e-17
5179.480000 1.088407e-16 3.908128e-17
5182.480000 8.405186e-17 3.886022e-17
5185.480000 1.027789e-16 3.882891e-17
5188.480000 7.685268e-17 3.818346e-17
5191.480000 1.192265e-16 3.810750e-17
5194.480000 1.802875e-16 3.794449e-17
5197.480000 1.995067e-16 3.749715e-17
5200.480000 1.691562e-16 3.662937e-17
5203.480000 1.608854e-16 3.590328e-17
5206.480000 1.154235e-16 3.508427e-17
5209.480000 1.208120e-16 3.431339e-17
5212.480000 1.804110e-16 3.370081e-17
5215.480000 2.247784e-16 3.275587e-17
5218.480000 2.272805e-16 3.112930e-17
5221.480000 1.752744e-16 2.945901e-17
5224.480000 1.971231e-16 2.824081e-17
5227.480000 1.970063e-16 2.659591e-17
5230.480000 1.871910e-16 2.569751e-17
5233.480000 1.416377e-16 2.469594e-17
5236.480000 1.303981e-16 2.362741e-17
5239.480000 1.722745e-16 2.360965e-17
5242.480000 1.848830e-16 2.306414e-17
5245.480000 2.012588e-16 2.246475e-17
5248.480000 2.020093e-16 2.206769e-17
5251.480000 1.417875e-16 2.124994e-17
5254.480000 1.651047e-16 2.110943e-17
5257.480000 1.587115e-16 2.076977e-17
5260.480000 1.294119e-16 2.045294e-17
5263.480000 1.624517e-16 2.044859e-17
5266.480000 1.687671e-16 2.009999e-17
5269.480000 1.626139e-16 1.968835e-17
5272.480000 1.729116e-16 1.969368e-17
5275.480000 1.637988e-16 1.982549e-17
5278.480000 1.527112e-16 1.981196e-17
5281.480000 1.526780e-16 1.959425e-17
5284.480000 1.511000e-16 1.968713e-17
5287.480000 1.753153e-16 1.992370e-17
5290.480000 1.704478e-16 1.981601e-17
5293.480000 1.464525e-16 1.960998e-17
5296.480000 1.782999e-16 1.975147e-17
5299.480000 2.007045e-16 1.999625e-17
5302.480000 1.566443e-16 2.000671e-17
5305.480000 1.621276e-16 2.026439e-17
5308.480000 1.802326e-16 2.053618e-17
5311.480000 1.788480e-16 2.059459e-17
5314.480000 1.717691e-16 2.091093e-17
5317.480000 1.943761e-16 2.148432e-17
5320.480000 1.805696e-16 2.163195e-17
5323.480000 1.909222e-16 2.160556e-17
5326.480000 1.823724e-16 2.182557e-17
5329.480000 1.652274e-16 2.219066e-17
5332.480000 1.698250e-16 2.212689e-17
5335.480000 1.578793e-16 2.248539e-17
5338.480000 1.940350e-16 2.267723e-17
5341.480000 1.918712e-16 2.195319e-17
5344.480000 1.844494e-16 2.128864e-17
5347.480000 1.782887e-16 2.066092e-17
5350.480000 1.767536e-16 1.981423e-17
5353.480000 1.623535e-16 1.925587e-17
5356.480000 1.549227e-16 1.870035e-17
5359.480000 1.477329e-16 1.797584e-17
5362.480000 1.894655e-16 1.774945e-17
5365.480000 1.997094e-16 1.735287e-17
5368.480000 2.012356e-16 1.676486e-17
5371.480000 1.606937e-16 1.603786e-17
5374.480000 1.444504e-16 1.550729e-17
5377.480000 1.519231e-16 1.535724e-17
5380.480000 1.588818e-16 1.515473e-17
5383.480000 1.538914e-16 1.477866e-17
5386.480000 1.766750e-16 1.479465e-17
5389.480000 1.830316e-16 1.463465e-17
5392.480000 1.842131e-16 1.439230e-17
5395.480000 2.001708e-16 1.425600e-17
5398.480000 1.953284e-16 1.400411e-17
5401.480000 1.807254e-16 1.373940e-17
5404.480000 1.863942e-16 1.362752e-17
5407.480000 1.711217e-16 1.348920e-17
5410.480000 1.550163e-16 1.342713e-17
5413.480000 1.670622e-16 1.350682e-17
5416.480000 1.755995e-16 1.360180e-17
5419.480000 1.785659e-16 1.370908e-17
5422.480000 1.937642e-16 1.389920e-17
5425.480000 1.933038e-16 1.404492e-17
5428.480000 1.788255e-16 1.410095e-17
5431.480000 1.739813e-16 1.413049e-17
5434.480000 1.472957e-16 1.428820e-17
5437.480000 1.438448e-16 1.455745e-17
5440.480000 1.497428e-16 1.473189e-17
5443.480000 1.714351e-16 1.509419e-17
5446.480000 1.749449e-16 1.535938e-17
5449.480000 1.604966e-16 1.514761e-17
5452.480000 1.783724e-16 1.571594e-17
5455.480000 1.773875e-16 1.587805e-17
5458.480000 1.719228e-16 1.619133e-17
5461.480000 1.364960e-16 1.621338e-17
5464.480000 1.375803e-16 1.621497e-17
5467.480000 1.414633e-16 1.583712e-17
5470.480000 1.370171e-16 1.534375e-17
5473.480000 1.580798e-16 1.490842e-17
5476.480000 1.721448e-16 1.460980e-17
5479.480000 1.627185e-16 1.423608e-17
5482.480000 1.546231e-16 1.388654e-17
5485.480000 1.217700e-16 1.325774e-17
5488.480000 1.142449e-16 1.267934e-17
5491.480000 1.334829e-16 1.256909e-17
5494.480000 1.274275e-16 1.226936e-17
5497.480000 1.295285e-16 1.211481e-17
5500.480000 1.396132e-16 1.191753e-17
5503.480000 1.543619e-16 1.174450e-17
5506.480000 1.314722e-16 1.141388e-17
5509.480000 1.245668e-16 1.121537e-17
5512.480000 1.381743e-16 1.113301e-17
5515.480000 1.450091e-16 1.106614e-17
5518.480000 1.387274e-16 1.095083e-17
5521.480000 1.201464e-16 1.069072e-17
5524.480000 1.110858e-16 1.057695e-17
5527.480000 1.075519e-16 1.055110e-17
5530.480000 1.167744e-16 1.090489e-17
5533.480000 1.350202e-16 1.092638e-17
5536.480000 1.369756e-16 1.078708e-17
5539.480000 1.193077e-16 1.073984e-17
5542.480000 1.138733e-16 1.072882e-17
5545.480000 1.151078e-16 1.091028e-17
5548.480000 1.234294e-16 1.103952e-17
5551.480000 1.403912e-16 1.130333e-17
5554.480000 1.400911e-16 1.146804e-17
5557.480000 1.406373e-16 1.165770e-17
5560.480000 1.396832e-16 1.186680e-17
5563.480000 1.272146e-16 1.231356e-17
5566.480000 9.218364e-17 1.323207e-17
5569.480000 7.248691e-17 1.632182e-17
5572.480000 1.109578e-16 2.264632e-17
5575.480000 2.022432e-16 2.972309e-17
5578.480000 2.290245e-16 3.219783e-17
5581.480000 9.932523e-17 2.778615e-17
5584.480000 8.139890e-17 2.064589e-17
5587.480000 1.198791e-16 1.625574e-17
5590.480000 1.503498e-16 1.534722e-17
5593.480000 1.591820e-16 1.431947e-17
5596.480000 1.471650e-16 1.350433e-17
5599.480000 1.348804e-16 1.300840e-17
5602.480000 1.297825e-16 1.270300e-17
5605.480000 1.006536e-16 1.215777e-17
5608.480000 1.014476e-16 1.183070e-17
5611.480000 1.142765e-16 1.153101e-17
5614.480000 1.134484e-16 1.112141e-17
5617.480000 1.372282e-16 1.107056e-17
5620.480000 1.301860e-16 1.079568e-17
5623.480000 1.208352e-16 1.052566e-17
5626.480000 1.313141e-16 1.035835e-17
5629.480000 1.397055e-16 1.014091e-17
5632.480000 1.353794e-16 1.000172e-17
5635.480000 1.331207e-16 9.759449e-18
5638.480000 1.357819e-16 9.651199e-18
5641.480000 1.231427e-16 9.529523e-18
5644.480000 1.165699e-16 9.511475e-18
5647.480000 1.179630e-16 9.490761e-18
5650.480000 1.216544e-16 9.390759e-18
5653.480000 1.105877e-16 9.273570e-18
5656.480000 9.841180e-17 9.183921e-18
5659.480000 1.062000e-16 9.240237e-18
5662.480000 1.166673e-16 9.292781e-18
5665.480000 1.251230e-16 9.399586e-18
5668.480000 1.049843e-16 1.028311e-17
5671.480000 9.313033e-17 1.110517e-17
5674.480000 1.046064e-16 1.197965e-17
5677.480000 1.085438e-16 1.107672e-17
5680.480000 1.040981e-16 9.919877e-18
5683.480000 9.289498e-17 9.760756e-18
5686.480000 9.678391e-17 9.994070e-18
5689.480000 9.032127e-17 1.016192e-17
5692.480000 1.112275e-16 1.058791e-17
5695.480000 1.093637e-16 1.075996e-17
5698.480000 1.116339e-16 1.081655e-17
5701.480000 1.169045e-16 1.102266e-17
5704.480000 1.092992e-16 1.125359e-17
5707.480000 1.243314e-16 1.149179e-17
5710.480000 1.140803e-16 1.168052e-17
5713.480000 1.143264e-16 1.189250e-17
5716.480000 1.196107e-16 1.179651e-17
5719.480000 1.175902e-16 1.158201e-17
5722.480000 1.100755e-16 1.112877e-17
5725.480000 1.129708e-16 1.086479e-17
5728.480000 1.014168e-16 1.045487e-17
5731.480000 1.019761e-16 1.021183e-17
5734.480000 1.102741e-16 1.003350e-17
5737.480000 1.227545e-16 9.864781e-18
5740.480000 1.185627e-16 9.541304e-18
5743.480000 1.279141e-16 9.415730e-18
5746.480000 1.353014e-16 9.332289e-18
5749.480000 1.325007e-16 9.110198e-18
5752.480000 1.361567e-16 8.928185e-18
5755.480000 1.481393e-16 8.829517e-18
5758.480000 1.461069e-16 8.676668e-18
5761.480000 1.276679e-16 8.454973e-18
5764.480000 1.302315e-16 8.350620e-18
5767.480000 1.288426e-16 8.277862e-18
5770.480000 1.143911e-16 8.195838e-18
5773.480000 1.109306e-16 8.224880e-18
5776.480000 1.120790e-16 8.856901e-18
5779.480000 1.240893e-16 8.851426e-18
5782.480000 1.350958e-16 8.241387e-18
5785.480000 1.291058e-16 8.153691e-18
5788.480000 1.265799e-16 8.126334e-18
5791.480000 1.365324e-16 8.207813e-18
5794.480000 1.243100e-16 8.236484e-18
5797.480000 1.103606e-16 8.261715e-18
5800.480000 1.110287e-16 8.403973e-18
5803.480000 1.243284e-16 8.646329e-18
5806.480000 1.229338e-16 8.702378e-18
5809.480000 1.372893e-16 8.903527e-18
5812.480000 1.409670e-16 9.116935e-18
5815.480000 1.470834e-16 9.323776e-18
5818.480000 1.469764e-16 9.452239e-18
5821.480000 1.364128e-16 9.563347e-18
5824.480000 1.484182e-16 9.799620e-18
5827.480000 1.434118e-16 9.983092e-18
5830.480000 1.390419e-16 1.020758e-17
5833.480000 1.361308e-16 1.039409e-17
5836.480000 1.322576e-16 1.054700e-17
5839.480000 1.277346e-16 1.057804e-17
5842.480000 1.321087e-16 1.053172e-17
5845.480000 1.364359e-16 1.028533e-17
5848.480000 1.309164e-16 1.012571e-17
5851.480000 1.272779e-16 9.848444e-18
5854.480000 1.466553e-16 9.745884e-18
5857.480000 1.411919e-16 9.523231e-18
5860.480000 1.321983e-16 9.221171e-18
5863.480000 1.182576e-16 9.082021e-18
5866.480000 1.360892e-16 9.078239e-18
5869.480000 1.447623e-16 8.969144e-18
5872.480000 1.205543e-16 8.632434e-18
5875.480000 1.092738e-16 8.272923e-18
5878.480000 1.160682e-16 8.155146e-18
5881.480000 1.386077e-16 8.286762e-18
5884.480000 1.380796e-16 8.544596e-18
5887.480000 1.407086e-16 9.101510e-18
5890.480000 1.527574e-16 9.570791e-18
5893.480000 1.539758e-16 9.500664e-18
5896.480000 1.367440e-16 8.910483e-18
5899.480000 1.348296e-16 8.380006e-18
5902.480000 1.352926e-16 7.986214e-18
5905.480000 1.378494e-16 7.798977e-18
5908.480000 1.420546e-16 7.764187e-18
5911.480000 1.429429e-16 7.886973e-18
5914.480000 1.305063e-16 8.060911e-18
5917.480000 1.436666e-16 8.424436e-18
5920.480000 1.477401e-16 8.219266e-18
5923.480000 1.416342e-16 8.163182e-18
5926.480000 1.403347e-16 8.326080e-18
5929.480000 1.291057e-16 8.416670e-18
5932.480000 1.324712e-16 8.546608e-18
5935.480000 1.497972e-16 8.726676e-18
5938.480000 1.518781e-16 8.786734e-18
5941.480000 1.270327e-16 8.686600e-18
5944.480000 1.281684e-16 8.797178e-18
5947.480000 1.230808e-16 9.012800e-18
5950.480000 1.279646e-16 9.316509e-18
5953.480000 1.123868e-16 9.403844e-18
5956.480000 1.368916e-16 9.875904e-18
5959.480000 1.244714e-16 9.814858e-18
5962.480000 1.289102e-16 9.972748e-18
5965.480000 1.212814e-16 1.002330e-17
5968.480000 1.181046e-16 9.860297e-18
5971.480000 1.324671e-16 9.749605e-18
5974.480000 1.227024e-16 9.410047e-18
5977.480000 1.212197e-16 9.248061e-18
5980.480000 1.260790e-16 8.953423e-18
5983.480000 1.426611e-16 8.805688e-18
5986.480000 1.245891e-16 8.421570e-18
5989.480000 1.249921e-16 8.287450e-18
5992.480000 1.257547e-16 8.149400e-18
5995.480000 1.289219e-16 7.994716e-18
5998.480000 1.301245e-16 7.907980e-18
6001.480000 1.252744e-16 7.815177e-18
6004.480000 1.247195e-16 7.584817e-18
6007.480000 1.160012e-16 7.386021e-18
6010.480000 1.070643e-16 7.085201e-18
6013.480000 1.189390e-16 7.036394e-18
6016.480000 1.207877e-16 6.944001e-18
6019.480000 1.263692e-16 6.905469e-18
6022.480000 1.324219e-16 6.911153e-18
6025.480000 1.299936e-16 6.903399e-18
6028.480000 1.227426e-16 6.875468e-18
6031.480000 1.221310e-16 6.885900e-18
6034.480000 1.256464e-16 6.902423e-18
6037.480000 1.147661e-16 6.799926e-18
6040.480000 1.091964e-16 6.786454e-18
6043.480000 1.183332e-16 6.896961e-18
6046.480000 1.097141e-16 6.865717e-18
6049.480000 1.081909e-16 6.977124e-18
6052.480000 1.146736e-16 7.075232e-18
6055.480000 1.172184e-16 7.181654e-18
6058.480000 1.100920e-16 7.242404e-18
6061.480000 1.213762e-16 7.491611e-18
6064.480000 1.220139e-16 7.720211e-18
6067.480000 1.199453e-16 7.804497e-18
6070.480000 1.246581e-16 8.508599e-18
6073.480000 1.297302e-16 8.128281e-18
6076.480000 1.158162e-16 8.223981e-18
6079.480000 1.106658e-16 9.417357e-18
6082.480000 1.113414e-16 8.645779e-18
6085.480000 1.371475e-16 8.943713e-18
6088.480000 1.221432e-16 9.081650e-18
6091.480000 1.069385e-16 8.946717e-18
6094.480000 1.215331e-16 8.791798e-18
6097.480000 1.206444e-16 8.542456e-18
6100.480000 1.177519e-16 8.396619e-18
6103.480000 1.134980e-16 8.132390e-18
6106.480000 1.138073e-16 7.926122e-18
6109.480000 1.284876e-16 7.779842e-18
6112.480000 1.304141e-16 7.700437e-18
6115.480000 1.268234e-16 7.476610e-18
6118.480000 1.218812e-16 7.309590e-18
6121.480000 1.161281e-16 7.096791e-18
6124.480000 1.287232e-16 7.007793e-18
6127.480000 1.268520e-16 6.852650e-18
6130.480000 1.170654e-16 6.657387e-18
6133.480000 1.153301e-16 6.600663e-18
6136.480000 1.243928e-16 6.619532e-18
6139.480000 1.370467e-16 6.642882e-18
6142.480000 1.381253e-16 6.591850e-18
6145.480000 1.340697e-16 6.583270e-18
6148.480000 1.411188e-16 6.759587e-18
6151.480000 1.369021e-16 7.300542e-18
6154.480000 1.242784e-16 7.176981e-18
6157.480000 1.272475e-16 6.543238e-18
6160.480000 1.248311e-16 6.330404e-18
6163.480000 1.266121e-16 6.333956e-18
6166.480000 1.334023e-16 6.458791e-18
6169.480000 1.245169e-16 6.497580e-18
6172.480000 1.196049e-16 6.558238e-18
6175.480000 1.161338e-16 6.595707e-18
6178.480000 1.148096e-16 6.728650e-18
6181.480000 1.198844e-16 6.831207e-18
6184.480000 1.255602e-16 6.866720e-18
6187.480000 1.231619e-16 7.169619e-18
6190.480000 1.269782e-16 7.232112e-18
6193.480000 1.205330e-16 7.256021e-18
6196.480000 1.217688e-16 7.745193e-18
6199.480000 1.304682e-16 7.957639e-18
6202.480000 1.250719e-16 7.829633e-18
6205.480000 1.246700e-16 8.052064e-18
6208.480000 1.365876e-16 8.158746e-18
6211.480000 1.352504e-16 8.293588e-18
6214.480000 1.297417e-16 8.465036e-18
6217.480000 1.319296e-16 8.539789e-18
6220.480000 1.342185e-16 8.515520e-18
6223.480000 1.222993e-16 8.298034e-18
6226.480000 1.227010e-16 8.222834e-18
6229.480000 1.191159e-16 7.923336e-18
6232.480000 1.334118e-16 8.027507e-18
6235.480000 1.288809e-16 8.039526e-18
6238.480000 1.371275e-16 7.934045e-18
6241.480000 1.212463e-16 7.472470e-18
6244.480000 1.181380e-16 7.095003e-18
6247.480000 1.163551e-16 6.795899e-18
6250.480000 1.178248e-16 6.626421e-18
6253.480000 1.219421e-16 6.590075e-18
6256.480000 1.256149e-16 6.715482e-18
6259.480000 1.235613e-16 6.705596e-18
6262.480000 1.178287e-16 6.493677e-18
6265.480000 1.231277e-16 6.360263e-18
6268.480000 1.216240e-16 6.213035e-18
6271.480000 1.127473e-16 6.025882e-18
6274.480000 1.134085e-16 5.943070e-18
6277.480000 1.139037e-16 5.942078e-18
6280.480000 1.024088e-16 5.921557e-18
6283.480000 1.058153e-16 6.027515e-18
6286.480000 1.023303e-16 6.202019e-18
6289.480000 9.129632e-17 6.536272e-18
6292.480000 8.530385e-17 7.574841e-18
6295.480000 1.162767e-16 9.941132e-18
6298.480000 2.016700e-16 1.252048e-17
6301.480000 1.735249e-16 1.282168e-17
6304.480000 9.795824e-17 1.081021e-17
6307.480000 8.208374e-17 8.456842e-18
6310.480000 1.055036e-16 7.330153e-18
6313.480000 1.126625e-16 6.842571e-18
6316.480000 1.150527e-16 6.756390e-18
6319.480000 1.071493e-16 6.817635e-18
6322.480000 9.262734e-17 6.951422e-18
6325.480000 8.152750e-17 7.029367e-18
6328.480000 9.060575e-17 7.312243e-18
6331.480000 9.605834e-17 7.478564e-18
6334.480000 7.713859e-17 7.330981e-18
6337.480000 9.360980e-17 7.495452e-18
6340.480000 9.126231e-17 7.560913e-18
6343.480000 8.594289e-17 7.537305e-18
6346.480000 8.414652e-17 7.367120e-18
6349.480000 8.317990e-17 7.300686e-18
6352.480000 9.308440e-17 7.284736e-18
6355.480000 7.782808e-17 7.458250e-18
6358.480000 7.075953e-17 8.045222e-18
6361.480000 9.489151e-17 9.156524e-18
6364.480000 1.034282e-16 9.630891e-18
6367.480000 9.141601e-17 8.788313e-18
6370.480000 8.669636e-17 7.311777e-18
6373.480000 6.422973e-17 6.216363e-18
6376.480000 7.654078e-17 5.950585e-18
6379.480000 8.300284e-17 5.894190e-18
6382.480000 8.090099e-17 5.712184e-18
6385.480000 7.765289e-17 5.649804e-18
6388.480000 6.866201e-17 5.463850e-18
6391.480000 6.464770e-17 5.310780e-18
6394.480000 6.708496e-17 5.179048e-18
6397.480000 7.424842e-17 5.140526e-18
6400.480000 7.568977e-17 5.088079e-18
6403.480000 7.509632e-17 5.060962e-18
6406.480000 7.400749e-17 5.071795e-18
6409.480000 7.213037e-17 5.085895e-18
6412.480000 6.897358e-17 5.081233e-18
6415.480000 6.485152e-17 5.134679e-18
6418.480000 6.856183e-17 5.193519e-18
6421.480000 7.169013e-17 5.239413e-18
6424.480000 7.122855e-17 5.275596e-18
6427.480000 7.136886e-17 5.307969e-18
6430.480000 7.448672e-17 5.405448e-18
6433.480000 7.412528e-17 5.490528e-18
6436.480000 7.754887e-17 5.566819e-18
6439.480000 7.604712e-17 5.674685e-18
6442.480000 7.521177e-17 5.846623e-18
6445.480000 7.391414e-17 5.982213e-18
6448.480000 7.076913e-17 6.059380e-18
6451.480000 7.750718e-17 6.203286e-18
6454.480000 7.631681e-17 6.438654e-18
6457.480000 7.502325e-17 6.684888e-18
6460.480000 8.882933e-17 7.047603e-18
6463.480000 8.671149e-17 7.302315e-18
6466.480000 1.005524e-16 7.638734e-18
6469.480000 1.103225e-16 7.649483e-18
6472.480000 1.053928e-16 7.354336e-18
6475.480000 1.186114e-16 7.180436e-18
6478.480000 9.477511e-17 6.688285e-18
6481.480000 8.818864e-17 6.428978e-18
6484.480000 1.028962e-16 6.369263e-18
6487.480000 9.580023e-17 6.161832e-18
6490.480000 9.956245e-17 6.134579e-18
6493.480000 1.010427e-16 6.163239e-18
6496.480000 1.015554e-16 6.201056e-18
6499.480000 9.996336e-17 6.194201e-18
6502.480000 1.034484e-16 6.028435e-18
6505.480000 1.019196e-16 5.771540e-18
6508.480000 1.004104e-16 5.547048e-18
6511.480000 1.024170e-16 5.426075e-18
6514.480000 1.058441e-16 5.343484e-18
6517.480000 1.075882e-16 5.284189e-18
6520.480000 1.020779e-16 5.248314e-18
6523.480000 1.019059e-16 5.246039e-18
6526.480000 1.065498e-16 5.296207e-18
6529.480000 1.071615e-16 5.369489e-18
6532.480000 1.090610e-16 5.420685e-18
6535.480000 1.091926e-16 5.404527e-18
6538.480000 1.095494e-16 5.366559e-18
6541.480000 1.178163e-16 5.412733e-18
6544.480000 1.134683e-16 5.434179e-18
6547.480000 1.187326e-16 5.626225e-18
6550.480000 1.251216e-16 5.843469e-18
6553.480000 1.149631e-16 5.900350e-18
6556.480000 1.135565e-16 5.930339e-18
6559.480000 1.110066e-16 5.910993e-18
6562.480000 1.168496e-16 5.941745e-18
6565.480000 1.193742e-16 6.029796e-18
6568.480000 1.213962e-16 6.181961e-18
6571.480000 1.218561e-16 6.311897e-18
6574.480000 1.300429e-16 6.577945e-18
6577.480000 1.257161e-16 6.827875e-18
6580.480000 1.134654e-16 6.750699e-18
6583.480000 1.164294e-16 6.725759e-18
6586.480000 1.070432e-16 6.742030e-18
6589.480000 1.347411e-16 7.086724e-18
6592.480000 1.224387e-16 7.093404e-18
6595.480000 1.184368e-16 7.081064e-18
6598.480000 1.293476e-16 7.021774e-18
6601.480000 1.162332e-16 6.836598e-18
6604.480000 1.132483e-16 6.711729e-18
6607.480000 1.186956e-16 6.517236e-18
6610.480000 1.221032e-16 6.272461e-18
6613.480000 1.242924e-16 6.104281e-18
6616.480000 1.149560e-16 5.881280e-18
6619.480000 1.121380e-16 5.718840e-18
6622.480000 1.198446e-16 5.696236e-18
6625.480000 1.099923e-16 5.559631e-18
6628.480000 1.064814e-16 5.366222e-18
6631.480000 1.091088e-16 5.321623e-18
6634.480000 1.076827e-16 5.258689e-18
6637.480000 1.079181e-16 5.189171e-18
6640.480000 1.098191e-16 5.118505e-18
6643.480000 1.133488e-16 5.073998e-18
6646.480000 1.143801e-16 5.024506e-18
6649.480000 1.081832e-16 4.977545e-18
6652.480000 1.066901e-16 4.908609e-18
6655.480000 1.096586e-16 4.879463e-18
6658.480000 1.121108e-16 4.904619e-18
6661.480000 1.138837e-16 4.938154e-18
6664.480000 1.130048e-16 4.989489e-18
6667.480000 1.123688e-16 5.032061e-18
6670.480000 1.123847e-16 5.068568e-18
6673.480000 1.111461e-16 5.094414e-18
6676.480000 1.126189e-16 5.136056e-18
6679.480000 1.179277e-16 5.227662e-18
6682.480000 1.211762e-16 5.330897e-18
6685.480000 1.170168e-16 5.332520e-18
6688.480000 1.100680e-16 5.360586e-18
6691.480000 1.078369e-16 5.469554e-18
6694.480000 1.129381e-16 5.608560e-18
6697.480000 1.176406e-16 5.779152e-18
6700.480000 1.144350e-16 5.865789e-18
6703.480000 1.064247e-16 5.931115e-18
6706.480000 1.107326e-16 6.084357e-18
6709.480000 1.174846e-16 6.260118e-18
6712.480000 1.144170e-16 6.350918e-18
6715.480000 1.036922e-16 6.464044e-18
6718.480000 1.184959e-16 6.597440e-18
6721.480000 1.187962e-16 6.557153e-18
6724.480000 1.165152e-16 6.372189e-18
6727.480000 1.138059e-16 6.181488e-18
6730.480000 1.135594e-16 6.065954e-18
6733.480000 1.121131e-16 5.897143e-18
6736.480000 1.147576e-16 5.763630e-18
6739.480000 1.296992e-16 5.757777e-18
6742.480000 1.241700e-16 5.618964e-18
6745.480000 1.181465e-16 5.446469e-18
6748.480000 1.199599e-16 5.354241e-18
6751.480000 1.261653e-16 5.285274e-18
6754.480000 1.177539e-16 5.486441e-18
6757.480000 1.075306e-16 6.574843e-18
6760.480000 1.003852e-16 4.944065e-18
6763.480000 1.010009e-16 4.852662e-18
6766.480000 1.071735e-16 4.777371e-18
6769.480000 1.165339e-16 4.775203e-18
6772.480000 1.218822e-16 4.760534e-18
6775.480000 1.140414e-16 4.682577e-18
6778.480000 1.083936e-16 4.645728e-18
6781.480000 1.096516e-16 4.631927e-18
6784.480000 1.139356e-16 4.650074e-18
6787.480000 1.126525e-16 4.691366e-18
6790.480000 1.075885e-16 4.700588e-18
6793.480000 1.044146e-16 4.690641e-18
6796.480000 1.033635e-16 4.707691e-18
6799.480000 1.064479e-16 4.761583e-18
6802.480000 1.176877e-16 4.894318e-18
6805.480000 1.186087e-16 4.967648e-18
6808.480000 1.195821e-16 5.078961e-18
6811.480000 1.153957e-16 5.111141e-18
6814.480000 1.122309e-16 5.192619e-18
6817.480000 1.106861e-16 5.309067e-18
6820.480000 1.028263e-16 5.492741e-18
6823.480000 1.086174e-16 5.841055e-18
6826.480000 1.218495e-16 6.423787e-18
6829.480000 1.187254e-16 6.894309e-18
6832.480000 1.152388e-16 7.124454e-18
6835.480000 1.126394e-16 7.004781e-18
6838.480000 1.032835e-16 6.780538e-18
6841.480000 1.024851e-16 6.641867e-18
6844.480000 1.049514e-16 6.568707e-18
6847.480000 1.091181e-16 6.416369e-18
6850.480000 1.108542e-16 6.261685e-18
6853.480000 1.085795e-16 6.127097e-18
6856.480000 1.032650e-16 6.062733e-18
6859.480000 1.191814e-16 6.304206e-18
6862.480000 1.284273e-16 6.802620e-18
6865.480000 1.173133e-16 6.958454e-18
6868.480000 8.522141e-17 6.547900e-18
6871.480000 8.803040e-17 6.182049e-18
6874.480000 9.296424e-17 5.997636e-18
6877.480000 1.092267e-16 6.099516e-18
6880.480000 1.195493e-16 6.040415e-18
6883.480000 1.135257e-16 5.830604e-18
6886.480000 1.057434e-16 5.575785e-18
6889.480000 1.037830e-16 5.447504e-18
6892.480000 1.098168e-16 5.354727e-18
6895.480000 1.086698e-16 5.245817e-18
6898.480000 1.013154e-16 5.161275e-18
6901.480000 9.997578e-17 5.150682e-18
6904.480000 1.055100e-16 5.125079e-18
6907.480000 1.119104e-16 5.082808e-18
6910.480000 1.197727e-16 5.171350e-18
6913.480000 1.202988e-16 5.415320e-18
6916.480000 1.102296e-16 5.374772e-18
6919.480000 1.086414e-16 5.365582e-18
6922.480000 1.105195e-16 5.509440e-18
6925.480000 1.069395e-16 5.348496e-18
6928.480000 1.017127e-16 5.116040e-18
6931.480000 9.428381e-17 4.991378e-18
6934.480000 9.535950e-17 5.100617e-18
6937.480000 9.412485e-17 5.275999e-18
6940.480000 8.926467e-17 5.420378e-18
6943.480000 9.518186e-17 5.675116e-18
6946.480000 1.015846e-16 6.018806e-18
6949.480000 1.024044e-16 6.214084e-18
6952.480000 9.762286e-17 6.075067e-18
6955.480000 9.252682e-17 5.862151e-18
6958.480000 9.661923e-17 5.838407e-18
6961.480000 1.020059e-16 5.978216e-18
6964.480000 1.033189e-16 6.105543e-18
6967.480000 1.083540e-16 6.362769e-18
6970.480000 1.091469e-16 6.450084e-18
6973.480000 1.044150e-16 6.415368e-18
6976.480000 9.897496e-17 6.355717e-18
6979.480000 1.007775e-16 6.294399e-18
6982.480000 9.759837e-17 6.002501e-18
6985.480000 9.018979e-17 5.626456e-18
6988.480000 9.279151e-17 5.355629e-18
6991.480000 9.032292e-17 5.191998e-18
6994.480000 8.804683e-17 5.080086e-18
6997.480000 9.703336e-17 5.152770e-18
7000.480000 9.623854e-17 5.093872e-18
7003.480000 8.966302e-17 5.027695e-18
7006.480000 9.482000e-17 4.961686e-18
7009.480000 1.011734e-16 4.882299e-18
7012.480000 9.890664e-17 4.795865e-18
7015.480000 9.718235e-17 4.657465e-18
7018.480000 9.240836e-17 4.494714e-18
7021.480000 8.570065e-17 4.382280e-18
7024.480000 8.970465e-17 4.378357e-18
7027.480000 9.694503e-17 4.413546e-18
7030.480000 9.287521e-17 4.406918e-18
7033.480000 9.059647e-17 4.377524e-18
7036.480000 9.090572e-17 4.354921e-18
7039.480000 8.775538e-17 4.393479e-18
7042.480000 8.815762e-17 4.506040e-18
7045.480000 9.214602e-17 4.620736e-18
7048.480000 9.376079e-17 4.703952e-18
7051.480000 8.943803e-17 4.705604e-18
7054.480000 8.725110e-17 4.658393e-18
7057.480000 8.657371e-17 4.662161e-18
7060.480000 8.525166e-17 4.732203e-18
7063.480000 8.536829e-17 4.794128e-18
7066.480000 8.690550e-17 4.930178e-18
7069.480000 8.705270e-17 5.044654e-18
7072.480000 9.079666e-17 5.160001e-18
7075.480000 9.339970e-17 5.248310e-18
7078.480000 8.700789e-17 5.315287e-18
7081.480000 9.475371e-17 5.495392e-18
7084.480000 9.156333e-17 5.594234e-18
7087.480000 8.467283e-17 5.694680e-18
7090.480000 8.663602e-17 5.856457e-18
7093.480000 9.992761e-17 5.994967e-18
7096.480000 9.989360e-17 5.927765e-18
7099.480000 8.681302e-17 5.758955e-18
7102.480000 8.703966e-17 5.663722e-18
7105.480000 8.536059e-17 5.442574e-18
7108.480000 8.762097e-17 5.353312e-18
7111.480000 8.359676e-17 5.237444e-18
7114.480000 8.411948e-17 5.113564e-18
7117.480000 8.212717e-17 5.000496e-18
7120.480000 8.278003e-17 4.893153e-18
7123.480000 9.048661e-17 4.820835e-18
7126.480000 9.926901e-17 4.798994e-18
7129.480000 1.029102e-16 4.728399e-18
7132.480000 8.788473e-17 4.588406e-18
7135.480000 8.193582e-17 4.478342e-18
7138.480000 8.793650e-17 4.427229e-18
7141.480000 9.151632e-17 4.426411e-18
7144.480000 8.808359e-17 4.447544e-18
7147.480000 8.163730e-17 4.376303e-18
7150.480000 8.102714e-17 4.308851e-18
7153.480000 8.056885e-17 4.263687e-18
7156.480000 8.431222e-17 4.268109e-18
7159.480000 8.696452e-17 4.276623e-18
7162.480000 8.286378e-17 4.285595e-18
7165.480000 8.172634e-17 4.304508e-18
7168.480000 8.142235e-17 4.320114e-18
7171.480000 7.836553e-17 4.397756e-18
7174.480000 8.045591e-17 4.396442e-18
7177.480000 8.684901e-17 4.411796e-18
7180.480000 8.104875e-17 4.430770e-18
7183.480000 7.476065e-17 4.416080e-18
7186.480000 7.725150e-17 4.442289e-18
7189.480000 7.441242e-17 4.494614e-18
7192.480000 7.340540e-17 4.589325e-18
7195.480000 7.294599e-17 4.723176e-18
7198.480000 7.513185e-17 4.835613e-18
7201.480000 7.773006e-17 4.946752e-18
7204.480000 7.549578e-17 5.036435e-18
7207.480000 7.219929e-17 5.150596e-18
7210.480000 7.807503e-17 5.215988e-18
7213.480000 7.290850e-17 5.343885e-18
7216.480000 7.870141e-17 5.527473e-18
7219.480000 8.257347e-17 5.720010e-18
7222.480000 7.156301e-17 5.739692e-18
7225.480000 6.128875e-17 5.582534e-18
7228.480000 6.861531e-17 5.483306e-18
7231.480000 7.257769e-17 5.568742e-18
7234.480000 6.869449e-17 5.878630e-18
7237.480000 7.515385e-17 6.575793e-18
7240.480000 9.149211e-17 7.269540e-18
7243.480000 9.733982e-17 7.447603e-18
7246.480000 7.831470e-17 6.969217e-18
7249.480000 6.213665e-17 6.074633e-18
7252.480000 6.600876e-17 5.404892e-18
7255.480000 7.477659e-17 5.070931e-18
7258.480000 7.282399e-17 4.763922e-18
7261.480000 7.438862e-17 4.553573e-18
7264.480000 7.066820e-17 4.476889e-18
7267.480000 6.246595e-17 4.565566e-18
7270.480000 7.436130e-17 4.973907e-18
7273.480000 8.827607e-17 5.664803e-18
7276.480000 7.794411e-17 6.122732e-18
7279.480000 6.202802e-17 5.949065e-18
7282.480000 6.546042e-17 5.499222e-18
7285.480000 7.444852e-17 5.149411e-18
7288.480000 7.749228e-17 4.821015e-18
7291.480000 7.497611e-17 4.584077e-18
7294.480000 6.850954e-17 4.541510e-18
7297.480000 7.073760e-17 4.631599e-18
7300.480000 7.414199e-17 4.774472e-18
7303.480000 7.702113e-17 4.877331e-18
7306.480000 6.757886e-17 4.872380e-18
7309.480000 6.401411e-17 5.015276e-18
7312.480000 7.867870e-17 5.645831e-18
7315.480000 8.787233e-17 6.295275e-18
7318.480000 7.214249e-17 6.210616e-18
7321.480000 6.761183e-17 5.641301e-18
7324.480000 7.168658e-17 5.470501e-18
7327.480000 8.453631e-17 5.816433e-18
7330.480000 8.064181e-17 6.072293e-18
7333.480000 7.062446e-17 6.049625e-18
7336.480000 6.769996e-17 6.569237e-18
7339.480000 8.681298e-17 7.654866e-18
7342.480000 8.013258e-17 7.976136e-18
7345.480000 6.173554e-17 7.197884e-18
7348.480000 5.623744e-17 6.243698e-18
7351.480000 6.770365e-17 5.878448e-18
7354.480000 8.332900e-17 5.915615e-18
7357.480000 8.288249e-17 6.074931e-18
7360.480000 6.913825e-17 6.072670e-18
7363.480000 7.526313e-17 5.954475e-18
7366.480000 9.656341e-17 6.258448e-18
7369.480000 8.977015e-17 6.560003e-18
7372.480000 7.499954e-17 6.179333e-18
7375.480000 7.866536e-17 5.416831e-18
7378.480000 7.192330e-17 4.788388e-18
7381.480000 6.793862e-17 4.504243e-18
7384.480000 7.024746e-17 4.433122e-18
7387.480000 8.062518e-17 4.504707e-18
7390.480000 8.406708e-17 4.699172e-18
7393.480000 7.680888e-17 4.786126e-18
7396.480000 7.140303e-17 4.771143e-18
7399.480000 8.038121e-17 4.910165e-18
7402.480000 7.918990e-17 5.025326e-18
7405.480000 7.082384e-17 4.777074e-18
7408.480000 7.040466e-17 4.368065e-18
7411.480000 7.616444e-17 4.168282e-18
7414.480000 7.614578e-17 4.118742e-18
7417.480000 7.504463e-17 4.099650e-18
7420.480000 7.338171e-17 4.146720e-18
7423.480000 7.278296e-17 4.258167e-18
7426.480000 7.462265e-17 4.402736e-18
7429.480000 7.874771e-17 4.585011e-18
7432.480000 8.311153e-17 4.736918e-18
7435.480000 9.148661e-17 4.918913e-18
7438.480000 8.828114e-17 5.024133e-18
7441.480000 7.361140e-17 4.947552e-18
7444.480000 7.023266e-17 4.771746e-18
7447.480000 7.664566e-17 4.768757e-18
7450.480000 7.603848e-17 4.817783e-18
7453.480000 7.953107e-17 4.908979e-18
7456.480000 7.907303e-17 5.139522e-18
7459.480000 7.426981e-17 5.278787e-18
7462.480000 7.560510e-17 5.541907e-18
7465.480000 7.439673e-17 5.813307e-18
7468.480000 7.894562e-17 6.120193e-18
7471.480000 7.323930e-17 6.467886e-18
7474.480000 8.709336e-17 6.849631e-18
7477.480000 8.152304e-17 6.515336e-18
7480.480000 7.865498e-17 7.080857e-18
7483.480000 8.574720e-17 7.949899e-18
7486.480000 7.678702e-17 7.779393e-18
7489.480000 7.778616e-17 6.960583e-18
7492.480000 9.185254e-17 5.487100e-18
7495.480000 7.141886e-17 4.994964e-18
7498.480000 7.110345e-17 4.883674e-18
7501.480000 7.022719e-17 4.598728e-18
7504.480000 7.126008e-17 4.509558e-18
7507.480000 7.357466e-17 4.419144e-18
7510.480000 7.518548e-17 4.331476e-18
7513.480000 7.412579e-17 4.326074e-18
7516.480000 6.963854e-17 4.466447e-18
7519.480000 6.777096e-17 4.774979e-18
7522.480000 7.104314e-17 5.201118e-18
7525.480000 7.118000e-17 5.370813e-18
7528.480000 6.534235e-17 5.102841e-18
7531.480000 6.558237e-17 4.690250e-18
7534.480000 7.306988e-17 4.392908e-18
7537.480000 7.269699e-17 4.231890e-18
7540.480000 6.908758e-17 4.164522e-18
7543.480000 6.822397e-17 4.129819e-18
7546.480000 6.866546e-17 4.108736e-18
7549.480000 6.927861e-17 4.152148e-18
7552.480000 6.745827e-17 4.265537e-18
7555.480000 7.096410e-17 4.456276e-18
7558.480000 6.527684e-17 4.677934e-18
7561.480000 6.843782e-17 4.604705e-18
7564.480000 6.685100e-17 4.637030e-18
7567.480000 6.924981e-17 5.102358e-18
7570.480000 7.999461e-17 5.665686e-18
7573.480000 7.819214e-17 5.781473e-18
7576.480000 7.408727e-17 5.506201e-18
7579.480000 7.076436e-17 5.224669e-18
7582.480000 7.777767e-17 5.346413e-18
7585.480000 8.059482e-17 5.581243e-18
7588.480000 6.479846e-17 5.633193e-18
7591.480000 5.836114e-17 5.620355e-18
7594.480000 4.432199e-17 5.872509e-18
7597.480000 5.149409e-17 6.693651e-18
7600.480000 3.213154e-17 7.552621e-18
7603.480000 3.355477e-17 8.537986e-18
7606.480000 3.578305e-17 1.021301e-17
7609.480000 6.286173e-17 1.154456e-17
7612.480000 9.645323e-17 1.215388e-17
7615.480000 1.098354e-16 1.125753e-17
7618.480000 9.924959e-17 9.636920e-18
7621.480000 7.857873e-17 7.961449e-18
7624.480000 5.779278e-17 6.933782e-18
7627.480000 5.506862e-17 6.677165e-18
7630.480000 5.770000e-17 7.130454e-18
7633.480000 5.504495e-17 7.016604e-18
7636.480000 5.907850e-17 6.819928e-18
7639.480000 7.970804e-17 6.618621e-18
7642.480000 7.742925e-17 6.338966e-18
7645.480000 6.948596e-17 5.984083e-18
7648.480000 7.007561e-17 5.714057e-18
7651.480000 7.263345e-17 5.519477e-18
7654.480000 7.541829e-17 5.369033e-18
7657.480000 7.517270e-17 5.190418e-18
7660.480000 7.654358e-17 5.080814e-18
7663.480000 7.754509e-17 4.931545e-18
7666.480000 6.785385e-17 4.652154e-18
7669.480000 6.724110e-17 4.458135e-18
7672.480000 6.923076e-17 4.388259e-18
7675.480000 6.804661e-17 4.344744e-18
7678.480000 6.295796e-17 4.325165e-18
7681.480000 6.634171e-17 4.413674e-18
7684.480000 7.146487e-17 4.520050e-18
7687.480000 6.933017e-17 4.608434e-18
7690.480000 7.287786e-17 4.729331e-18
7693.480000 6.588119e-17 4.761262e-18
7696.480000 6.135955e-17 4.866204e-18
7699.480000 6.025902e-17 5.025952e-18
7702.480000 5.256448e-17 5.124340e-18
7705.480000 5.638292e-17 5.438795e-18
7708.480000 6.023978e-17 6.483176e-18
7711.480000 7.222300e-17 8.001602e-18
7714.480000 7.914837e-17 9.093866e-18
7717.480000 7.476860e-17 9.094736e-18
7720.480000 6.283525e-17 8.182854e-18
7723.480000 7.253014e-17 7.196483e-18
7726.480000 7.777270e-17 6.781595e-18
7729.480000 5.901778e-17 6.258444e-18
7732.480000 5.639384e-17 5.732719e-18
7735.480000 5.799844e-17 5.532125e-18
7738.480000 6.006240e-17 5.378626e-18
7741.480000 6.213628e-17 5.295178e-18
7744.480000 5.972702e-17 5.637636e-18
7747.480000 8.601301e-17 6.719112e-18
7750.480000 9.686219e-17 7.686584e-18
7753.480000 6.656039e-17 7.362867e-18
7756.480000 5.302128e-17 6.259879e-18
7759.480000 6.684840e-17 5.738381e-18
7762.480000 5.863338e-17 5.415737e-18
7765.480000 4.309928e-17 4.834465e-18
7768.480000 5.387771e-17 4.583658e-18
7771.480000 6.289453e-17 4.780278e-18
7774.480000 6.220490e-17 4.979907e-18
7777.480000 5.443476e-17 5.025887e-18
7780.480000 5.106199e-17 4.988083e-18
7783.480000 4.858294e-17 4.800159e-18
7786.480000 4.835556e-17 4.735663e-18
7789.480000 6.230381e-17 5.406473e-18
7792.480000 7.825921e-17 6.212016e-18
7795.480000 6.554380e-17 6.154300e-18
7798.480000 5.927666e-17 5.418387e-18
7801.480000 6.139611e-17 4.817069e-18
7804.480000 6.668023e-17 4.899381e-18
7807.480000 6.770056e-17 5.262197e-18
7810.480000 5.595609e-17 5.330498e-18
7813.480000 4.354135e-17 5.248132e-18
7816.480000 4.641169e-17 5.969575e-18
7819.480000 7.202252e-17 7.365028e-18
7822.480000 8.570865e-17 7.578974e-18
7825.480000 6.016208e-17 6.733016e-18
7828.480000 3.972455e-17 5.708214e-18
7831.480000 3.992983e-17 5.401050e-18
7834.480000 5.524831e-17 5.448125e-18
7837.480000 6.150247e-17 5.917420e-18
7840.480000 6.065815e-17 6.566212e-18
7843.480000 5.950663e-17 6.753875e-18
7846.480000 4.034932e-17 6.860675e-18
7849.480000 5.065381e-17 7.910424e-18
7852.480000 7.634883e-17 9.240850e-18
7855.480000 8.784335e-17 9.161717e-18
7858.480000 4.203703e-17 8.028685e-18
7861.480000 4.816771e-17 7.223776e-18
7864.480000 5.166039e-17 6.649185e-18
7867.480000 5.706032e-17 6.630922e-18
7870.480000 6.930608e-17 6.924861e-18
7873.480000 4.457323e-17 6.695565e-18
7876.480000 3.375557e-17 6.994623e-18
7879.480000 5.841832e-17 6.410947e-18
7882.480000 6.350890e-17 5.935984e-18
7885.480000 6.433273e-17 5.769448e-18
7888.480000 7.044421e-17 5.957472e-18
7891.480000 5.556895e-17 5.876603e-18
7894.480000 4.918808e-17 5.332277e-18
7897.480000 4.338906e-17 4.660510e-18
7900.480000 4.443797e-17 4.359115e-18
7903.480000 4.363053e-17 4.364882e-18
7906.480000 3.908332e-17 4.760876e-18
7909.480000 5.115138e-17 5.805099e-18
7912.480000 7.393174e-17 6.988997e-18
7915.480000 7.241122e-17 7.280566e-18
7918.480000 5.690890e-17 6.727684e-18
7921.480000 5.458381e-17 6.145862e-18
7924.480000 4.697011e-17 5.572191e-18
7927.480000 4.905096e-17 5.314799e-18
7930.480000 6.038989e-17 5.478141e-18
7933.480000 5.316191e-17 5.311233e-18
7936.480000 4.252921e-17 4.867304e-18
7939.480000 4.488711e-17 4.674680e-18
7942.480000 4.681615e-17 4.830003e-18
7945.480000 5.491559e-17 5.278360e-18
7948.480000 6.484829e-17 5.701952e-18
7951.480000 6.500554e-17 5.709434e-18
7954.480000 5.098483e-17 5.372284e-18
7957.480000 3.741335e-17 5.497029e-18
7960.480000 5.459229e-17 6.690727e-18
7963.480000 9.157804e-17 8.328603e-18
7966.480000 9.654913e-17 8.616058e-18
7969.480000 5.555495e-17 7.495898e-18
7972.480000 4.529513e-17 6.640018e-18
7975.480000 6.009477e-17 6.889291e-18
7978.480000 6.800493e-17 7.324819e-18
7981.480000 6.988233e-17 7.093949e-18
7984.480000 4.385158e-17 6.256183e-18
7987.480000 5.969109e-17 6.293503e-18
7990.480000 6.783155e-17 7.319205e-18
7993.480000 8.441670e-17 8.280362e-18
7996.480000 6.869273e-17 7.707369e-18
7999.480000 3.957929e-17 6.125383e-18
8002.480000 4.353716e-17 5.108088e-18
8005.480000 5.973688e-17 4.818320e-18
8008.480000 7.035229e-17 4.916483e-18
8011.480000 6.389655e-17 5.169478e-18
8014.480000 6.286077e-17 5.505074e-18
8017.480000 5.509796e-17 5.430555e-18
8020.480000 5.877188e-17 5.334739e-18
8023.480000 7.309318e-17 5.850449e-18
8026.480000 7.300239e-17 6.239574e-18
8029.480000 5.362069e-17 5.760187e-18
8032.480000 4.625399e-17 4.880476e-18
8035.480000 5.174514e-17 4.381831e-18
8038.480000 5.777444e-17 4.223449e-18
8041.480000 6.357777e-17 4.228177e-18
8044.480000 6.410947e-17 4.301611e-18
8047.480000 5.426258e-17 4.446834e-18
8050.480000 5.215792e-17 4.704241e-18
8053.480000 5.744967e-17 4.838467e-18
8056.480000 5.372764e-17 4.892924e-18
8059.480000 6.239189e-17 5.332225e-18
8062.480000 6.606039e-17 5.604242e-18
8065.480000 5.849130e-17 5.349909e-18
8068.480000 5.751973e-17 5.457237e-18
8071.480000 5.672148e-17 5.017228e-18
8074.480000 6.751569e-17 5.006522e-18
8077.480000 6.705463e-17 5.024970e-18
8080.480000 6.238470e-17 5.090134e-18
8083.480000 6.229918e-17 5.229363e-18
8086.480000 6.211043e-17 5.386713e-18
8089.480000 5.195707e-17 5.558794e-18
8092.480000 4.739651e-17 6.503195e-18
8095.480000 5.204027e-17 7.906272e-18
8098.480000 5.642500e-17 6.260178e-18
8101.480000 7.111846e-17 6.552232e-18
8104.480000 6.422573e-17 6.426013e-18
8107.480000 5.399260e-17 5.963963e-18
8110.480000 4.635877e-17 5.617861e-18
8113.480000 4.967042e-17 5.414495e-18
8116.480000 5.447574e-17 5.553666e-18
8119.480000 5.322638e-17 5.808654e-18
8122.480000 6.034624e-17 5.008225e-18
8125.480000 5.947095e-17 4.862913e-18
8128.480000 5.904860e-17 4.855038e-18
8131.480000 5.432168e-17 5.262258e-18
8134.480000 5.578884e-17 4.787993e-18
8137.480000 6.005948e-17 4.642977e-18
8140.480000 6.561036e-17 4.674860e-18
8143.480000 6.070042e-17 4.569302e-18
8146.480000 5.394085e-17 4.465494e-18
8149.480000 5.306033e-17 4.362603e-18
8152.480000 4.930997e-17 4.214734e-18
8155.480000 4.634911e-17 4.117182e-18
8158.480000 4.769245e-17 4.093095e-18
8161.480000 5.024689e-17 4.074731e-18
8164.480000 4.751349e-17 4.031381e-18
8167.480000 4.060863e-17 4.003604e-18
8170.480000 4.389352e-17 4.027208e-18
8173.480000 4.564132e-17 4.076756e-18
8176.480000 5.020291e-17 4.179416e-18
8179.480000 5.405816e-17 4.243411e-18
8182.480000 5.397346e-17 4.321753e-18
8185.480000 5.781969e-17 4.465396e-18
8188.480000 5.451073e-17 4.512242e-18
8191.480000 5.484357e-17 4.627449e-18
8194.480000 4.884724e-17 4.712258e-18
8197.480000 4.897423e-17 4.822147e-18
8200.480000 4.754537e-17 4.869739e-18
8203.480000 5.422176e-17 4.964774e-18
8206.480000 5.199320e-17 5.691118e-18
8209.480000 4.108116e-17 5.193810e-18
8212.480000 3.972247e-17 5.249513e-18
8215.480000 3.803625e-17 5.369599e-18
8218.480000 3.648183e-17 5.485356e-18
8221.480000 4.820968e-17 5.633540e-18
8224.480000 4.799015e-17 5.682427e-18
8227.480000 4.355823e-17 5.605020e-18
8230.480000 4.628543e-17 5.571303e-18
8233.480000 4.709149e-17 5.407789e-18
8236.480000 4.262559e-17 5.260257e-18
8239.480000 4.098218e-17 5.156394e-18
8242.480000 5.216698e-17 5.205524e-18
8245.480000 4.853879e-17 5.117855e-18
8248.480000 4.958268e-17 5.070845e-18
8251.480000 5.110335e-17 4.932134e-18
8254.480000 4.640820e-17 4.792501e-18
8257.480000 4.951045e-17 4.665285e-18
8260.480000 5.329363e-17 4.586088e-18
8263.480000 4.802252e-17 4.467125e-18
8266.480000 4.412802e-17 4.405969e-18
8269.480000 4.339800e-17 4.433603e-18
8272.480000 4.170146e-17 4.567226e-18
8275.480000 4.131307e-17 5.059714e-18
8278.480000 5.706310e-17 5.917584e-18
8281.480000 6.353826e-17 6.516425e-18
8284.480000 6.184722e-17 6.766182e-18
8287.480000 6.823845e-17 6.920155e-18
8290.480000 4.944993e-17 6.715279e-18
8293.480000 3.885345e-17 6.532393e-18
8296.480000 7.565338e-17 6.994535e-18
8299.480000 7.776784e-17 7.130446e-18
8302.480000 4.528660e-17 6.283015e-18
8305.480000 3.888891e-17 5.473676e-18
8308.480000 5.290348e-17 5.453109e-18
8311.480000 6.401623e-17 5.530643e-18
8314.480000 5.048558e-17 5.178111e-18
8317.480000 4.787487e-17 4.929749e-18
8320.480000 4.606499e-17 4.842570e-18
8323.480000 4.258874e-17 4.818976e-18
8326.480000 3.966100e-17 4.814229e-18
8329.480000 3.249442e-17 4.950317e-18
8332.480000 2.541138e-17 5.195279e-18
8335.480000 2.216367e-17 5.815446e-18
8338.480000 2.272632e-17 7.423804e-18
8341.480000 9.665291e-17 1.059646e-17
8344.480000 1.594075e-16 1.279119e-17
8347.480000 7.729834e-17 1.209736e-17
8350.480000 3.893698e-17 1.029143e-17
8353.480000 6.283890e-17 9.393096e-18
8356.480000 3.672167e-17 7.994230e-18
8359.480000 3.541233e-17 6.800916e-18
8362.480000 4.770573e-17 6.653326e-18
8365.480000 4.560641e-17 6.514228e-18
8368.480000 4.331380e-17 6.051321e-18
8371.480000 3.694438e-17 5.474334e-18
8374.480000 4.142138e-17 5.290646e-18
8377.480000 4.044017e-17 5.597017e-18
8380.480000 4.359926e-17 6.297866e-18
8383.480000 3.611178e-17 6.448010e-18
8386.480000 2.824982e-17 5.846975e-18
8389.480000 2.676104e-17 5.252573e-18
8392.480000 3.663259e-17 5.494550e-18
8395.480000 7.838207e-17 6.820848e-18
8398.480000 1.331856e-16 8.280370e-18
8401.480000 9.201451e-17 8.139732e-18
8404.480000 3.030675e-17 6.451622e-18
8407.480000 3.592610e-17 5.123418e-18
8410.480000 4.693315e-17 5.140646e-18
8413.480000 6.534406e-17 5.798815e-18
8416.480000 6.001167e-17 6.012676e-18
8419.480000 2.778970e-17 5.521062e-18
8422.480000 1.495123e-17 5.387833e-18
8425.480000 4.329962e-17 6.698874e-18
8428.480000 1.102119e-16 8.502436e-18
8431.480000 9.544708e-17 8.717060e-18
8434.480000 2.372404e-17 7.074134e-18
8437.480000 2.291689e-17 5.483998e-18
8440.480000 3.850269e-17 4.949432e-18
8443.480000 3.981493e-17 5.007357e-18
8446.480000 5.332650e-17 5.522632e-18
8449.480000 6.924207e-17 6.459986e-18
8452.480000 6.580684e-17 6.972342e-18
8455.480000 3.722908e-17 6.629736e-18
8458.480000 2.589794e-17 6.450123e-18
8461.480000 7.172654e-17 7.969214e-18
8464.480000 1.364111e-16 9.774726e-18
8467.480000 7.210990e-17 9.498034e-18
8470.480000 3.497817e-17 7.654313e-18
8473.480000 3.721172e-17 6.383679e-18
8476.480000 3.955343e-17 6.098839e-18
8479.480000 3.849083e-17 5.870356e-18
8482.480000 3.620445e-17 5.633487e-18
8485.480000 4.047303e-17 5.547727e-18
8488.480000 5.041829e-17 5.804348e-18
8491.480000 7.260668e-17 6.392454e-18
8494.480000 5.742971e-17 6.588716e-18
8497.480000 3.702616e-17 6.201226e-18
8500.480000 5.752567e-17 6.264121e-18
8503.480000 8.435140e-17 7.025624e-18
8506.480000 7.147615e-17 7.042355e-18
8509.480000 4.676227e-17 6.143501e-18
8512.480000 4.405358e-17 5.469966e-18
8515.480000 4.274924e-17 4.973329e-18
8518.480000 4.072859e-17 5.405489e-18
8521.480000 4.034497e-17 4.974323e-18
8524.480000 4.053899e-17 4.872319e-18
8527.480000 4.196669e-17 4.394390e-18
8530.480000 4.262291e-17 4.337088e-18
8533.480000 4.125751e-17 4.301035e-18
8536.480000 3.855393e-17 4.499457e-18
8539.480000 2.932264e-17 4.630206e-18
8542.480000 2.471711e-17 4.631795e-18
8545.480000 4.332062e-17 4.895527e-18
8548.480000 5.103515e-17 5.156687e-18
8551.480000 3.987777e-17 4.997525e-18
8554.480000 3.192263e-17 4.574017e-18
8557.480000 3.313588e-17 4.373964e-18
8560.480000 3.308898e-17 4.363313e-18
8563.480000 3.207625e-17 4.446023e-18
8566.480000 4.058739e-17 4.736849e-18
8569.480000 4.493662e-17 4.918369e-18
8572.480000 4.281556e-17 5.053914e-18
8575.480000 3.432736e-17 5.030499e-18
8578.480000 2.753200e-17 5.065696e-18
8581.480000 3.786398e-17 5.198622e-18
8584.480000 3.875737e-17 5.341362e-18
8587.480000 3.387134e-17 5.653862e-18
8590.480000 3.031623e-17 5.680966e-18
8593.480000 3.006687e-17 5.791949e-18
8596.480000 3.394287e-17 6.084339e-18
8599.480000 2.357710e-17 6.200004e-18
8602.480000 1.899264e-17 6.055473e-18
8605.480000 2.573574e-17 5.886688e-18
8608.480000 1.897703e-17 5.895780e-18
8611.480000 2.860701e-17 6.179562e-18
8614.480000 3.307454e-17 6.624917e-18
8617.480000 4.457028e-17 7.160670e-18
8620.480000 4.217917e-17 7.719977e-18
8623.480000 3.927375e-17 8.213944e-18
8626.480000 5.887094e-17 8.518783e-18
8629.480000 6.765113e-17 8.561605e-18
8632.480000 5.824499e-17 8.296503e-18
8635.480000 4.752434e-17 7.741914e-18
8638.480000 4.589116e-17 7.107318e-18
8641.480000 3.373167e-17 6.317539e-18
8644.480000 2.380186e-17 5.897007e-18
8647.480000 2.236055e-17 6.143952e-18
8650.480000 3.233248e-17 6.832797e-18
8653.480000 3.689536e-17 7.359563e-18
8656.480000 3.823045e-17 7.525229e-18
8659.480000 4.651983e-17 7.461134e-18
8662.480000 4.706737e-17 7.421225e-18
8665.480000 4.207174e-17 7.263845e-18
8668.480000 4.531113e-17 6.901184e-18
8671.480000 5.032914e-17 6.582046e-18
8674.480000 4.777437e-17 6.309351e-18
8677.480000 5.450987e-17 6.061957e-18
8680.480000 4.910562e-17 5.743407e-18
8683.480000 3.991723e-17 5.454843e-18
8686.480000 3.418811e-17 5.233272e-18
8689.480000 3.047650e-17 5.114609e-18
8692.480000 2.477455e-17 5.015254e-18
8695.480000 2.351231e-17 5.019371e-18
8698.480000 2.917214e-17 5.092478e-18
8701.480000 3.327461e-17 5.197813e-18
8704.480000 2.965927e-17 5.275342e-18
8707.480000 2.885079e-17 5.394209e-18
8710.480000 3.721068e-17 5.457669e-18
8713.480000 3.565312e-17 5.430054e-18
8716.480000 2.370428e-17 5.379331e-18
8719.480000 2.219126e-17 5.479866e-18
8722.480000 2.932245e-17 5.766070e-18
8725.480000 3.772491e-17 5.920207e-18
8728.480000 3.470117e-17 5.988410e-18
8731.480000 3.888685e-17 5.944476e-18
8734.480000 4.065219e-17 5.825669e-18
8737.480000 3.266086e-17 5.671392e-18
8740.480000 2.596351e-17 5.547170e-18
8743.480000 3.141382e-17 5.497979e-18
8746.480000 2.600636e-17 5.580124e-18
8749.480000 1.767290e-17 5.811419e-18
8752.480000 1.591849e-17 5.867811e-18
8755.480000 2.857882e-17 6.270425e-18
8758.480000 5.800112e-17 7.829404e-18
8761.480000 5.475618e-17 9.053400e-18
8764.480000 4.204035e-17 9.445935e-18
8767.480000 4.296030e-17 9.441122e-18
8770.480000 2.619007e-17 8.784239e-18
8773.480000 4.672835e-17 8.181037e-18
8776.480000 9.170489e-17 8.738172e-18
8779.480000 7.007013e-17 8.759264e-18
8782.480000 2.858521e-17 7.367066e-18
8785.480000 2.711345e-17 5.943805e-18
8788.480000 4.873334e-17 5.855069e-18
8791.480000 4.942861e-17 6.056592e-18
8794.480000 3.485265e-17 5.597603e-18
8797.480000 2.144824e-17 4.851972e-18
8800.480000 2.530914e-17 4.539428e-18
8803.480000 3.405538e-17 4.599989e-18
8806.480000 3.324319e-17 4.714007e-18
8809.480000 2.564188e-17 4.763362e-18
8812.480000 1.581444e-17 4.781351e-18
8815.480000 1.048751e-17 4.946769e-18
8818.480000 5.184041e-18 5.761637e-18
8821.480000 3.652196e-17 8.338796e-18
8824.480000 1.003913e-16 1.195940e-17
8827.480000 7.099939e-17 1.353297e-17
8830.480000 6.187311e-18 1.209256e-17
8833.480000 4.962702e-17 1.056437e-17
8836.480000 8.523359e-17 1.024517e-17
8839.480000 4.487142e-17 9.010939e-18
8842.480000 2.460008e-17 7.347369e-18
8845.480000 3.667698e-17 7.093776e-18
8848.480000 5.778831e-17 7.808069e-18
8851.480000 5.106139e-17 7.991163e-18
8854.480000 2.627898e-17 7.261728e-18
8857.480000 2.055431e-17 6.553234e-18
8860.480000 3.408990e-17 6.645078e-18
8863.480000 5.374493e-17 7.540523e-18
8866.480000 7.724376e-17 8.643719e-18
8869.480000 5.217462e-17 8.567615e-18
8872.480000 2.055194e-17 7.095849e-18
8875.480000 2.570181e-18 5.943052e-18
8878.480000 1.406785e-17 6.142491e-18
8881.480000 7.580142e-17 8.038473e-18
8884.480000 1.309924e-16 1.056184e-17
8887.480000 7.059402e-17 1.104535e-17
8890.480000 2.708453e-17 9.111382e-18
8893.480000 4.139074e-17 6.806884e-18
8896.480000 4.579649e-17 6.091338e-18
8899.480000 7.297403e-17 7.149763e-18
8902.480000 9.238526e-17 8.240837e-18
8905.480000 5.693589e-17 7.706281e-18
8908.480000 1.153663e-17 6.313601e-18
8911.480000 1.616929e-17 5.906513e-18
8914.480000 7.184458e-17 7.407344e-18
8917.480000 1.119798e-16 9.723528e-18
8920.480000 7.022326e-17 1.053733e-17
8923.480000 2.221932e-17 9.008808e-18
8926.480000 2.708746e-17 6.704681e-18
8929.480000 3.393924e-17 5.464951e-18
8932.480000 3.483817e-17 5.195656e-18
8935.480000 3.556653e-17 5.359428e-18
8938.480000 4.998011e-17 6.147490e-18
8941.480000 7.306945e-17 7.370389e-18
8944.480000 5.467406e-17 7.657188e-18
8947.480000 1.619098e-17 6.827057e-18
8950.480000 1.991127e-17 6.622697e-18
8953.480000 6.506551e-17 8.508226e-18
8956.480000 9.327454e-17 1.099476e-17
8959.480000 4.587851e-17 1.135479e-17
8962.480000 -2.900666e-18 9.195713e-18
8965.480000 3.045206e-17 7.101498e-18
8968.480000 4.200167e-17 6.492975e-18
8971.480000 3.550527e-17 6.517470e-18
8974.480000 3.579023e-17 6.600331e-18
8977.480000 3.496742e-17 6.777327e-18
8980.480000 3.267830e-17 6.994608e-18
8983.480000 3.689046e-17 7.403005e-18
8986.480000 5.617921e-17 8.238479e-18
8989.480000 4.005455e-17 8.413609e-18
8992.480000 2.753375e-17 7.726427e-18
8995.480000 3.323122e-17 7.399764e-18
8998.480000 5.908256e-17 8.784023e-18
9001.480000 6.696482e-17 9.982849e-18
9004.480000 5.293329e-17 9.498975e-18
9007.480000 5.266480e-17 7.959502e-18
9010.480000 4.906758e-17 6.340168e-18
9013.480000 3.351330e-17 5.391724e-18
9016.480000 3.886246e-17 5.268288e-18
9019.480000 3.764487e-17 5.216862e-18
9022.480000 3.448160e-17 5.165308e-18
9025.480000 3.125944e-17 5.024629e-18
9028.480000 2.992277e-17 5.036404e-18
9031.480000 3.554631e-17 5.135644e-18
9034.480000 4.341425e-17 5.444282e-18
9037.480000 4.711484e-17 5.842286e-18
9040.480000 4.525738e-17 5.945253e-18
9043.480000 3.771152e-17 5.875002e-18
9046.480000 4.407141e-17 6.273702e-18
9049.480000 4.929913e-17 6.673335e-18
9052.480000 3.306996e-17 6.313862e-18
9055.480000 2.879682e-17 5.609183e-18
9058.480000 3.543895e-17 5.263088e-18
9061.480000 4.088266e-17 5.314286e-18
9064.480000 4.462473e-17 5.462854e-18
9067.480000 3.659833e-17 5.477965e-18
9070.480000 3.574292e-17 5.478673e-18
9073.480000 3.942858e-17 5.476953e-18
9076.480000 4.417199e-17 5.555002e-18
9079.480000 4.770685e-17 5.662880e-18
9082.480000 4.321695e-17 5.812041e-18
9085.480000 3.540449e-17 6.068725e-18
9088.480000 3.505970e-17 6.450897e-18
9091.480000 3.605251e-17 6.962642e-18
9094.480000 3.316886e-17 7.355621e-18
9097.480000 4.351184e-17 7.445061e-18
