# TELESCOPE = UH88
# INSTRUMENT = SNIFS
# OBJECT = At2021ssv
# CHANNEL = B+R
# EXPNUM = 21_191_020
# MJD-OBS = 59405.352147
# DATE-OBS = 2021-07-10T08:27:57
# EXPTIME = 1800.0s
# AIRMASS = 1.18
# RA = 19:17:09.70
# DEC = 37:59:53.99
# wl fl err
# [A] [erg/s/cm2/A]
3402.860000 -1.227226e-18 5.515865e-17
3405.860000 1.904116e-17 5.702526e-17
3408.860000 4.197696e-17 5.197593e-17
3411.860000 9.291659e-17 4.894727e-17
3414.860000 1.067141e-16 5.405524e-17
3417.860000 2.616008e-17 5.431986e-17
3420.860000 -3.797103e-17 4.820928e-17
3423.860000 -2.693281e-17 4.728390e-17
3426.860000 -4.340498e-18 5.359753e-17
3429.860000 -7.812400e-17 5.271355e-17
3432.860000 -5.755368e-17 4.571114e-17
3435.860000 4.299419e-17 4.617009e-17
3438.860000 4.425195e-18 5.193287e-17
3441.860000 1.278477e-16 5.143736e-17
3444.860000 3.595745e-17 4.434406e-17
3447.860000 1.424079e-17 4.539497e-17
3450.860000 5.982406e-17 5.014247e-17
3453.860000 5.885063e-17 4.792575e-17
3456.860000 1.953486e-17 4.268531e-17
3459.860000 1.694031e-17 4.494016e-17
3462.860000 -3.517066e-17 4.764339e-17
3465.860000 5.544479e-17 4.510265e-17
3468.860000 3.435077e-17 4.113528e-17
3471.860000 -7.506336e-17 4.370411e-17
3474.860000 -1.008103e-17 4.637084e-17
3477.860000 -4.225132e-18 4.252296e-17
3480.860000 -2.060722e-17 4.040423e-17
3483.860000 5.210225e-17 4.486667e-17
3486.860000 9.953136e-18 4.579725e-17
3489.860000 2.423520e-18 4.110407e-17
3492.860000 8.005188e-17 3.973549e-17
3495.860000 8.696375e-17 4.408447e-17
3498.860000 7.233584e-17 4.379138e-17
3501.860000 -8.455518e-18 3.816666e-17
3504.860000 -4.154333e-17 3.734179e-17
3507.860000 -1.028891e-17 4.207936e-17
3510.860000 1.709788e-17 4.176734e-17
3513.860000 -8.474499e-18 3.654000e-17
3516.860000 -2.628077e-17 3.713996e-17
3519.860000 -1.584777e-17 4.068634e-17
3522.860000 4.557836e-17 3.917992e-17
3525.860000 3.195168e-17 3.533806e-17
3528.860000 2.327427e-17 3.732723e-17
3531.860000 1.449670e-17 3.990238e-17
3534.860000 2.643156e-17 3.810629e-17
3537.860000 7.664010e-18 3.490561e-17
3540.860000 -3.242961e-18 3.777442e-17
3543.860000 8.292012e-17 4.057058e-17
3546.860000 7.953580e-17 3.767444e-17
3549.860000 3.115995e-17 3.548591e-17
3552.860000 2.555169e-17 3.865350e-17
3555.860000 -2.364196e-17 3.957397e-17
3558.860000 2.435054e-17 3.591648e-17
3561.860000 -1.499354e-17 3.447175e-17
3564.860000 -4.517215e-17 3.823721e-17
3567.860000 -5.372237e-17 3.819926e-17
3570.860000 4.563920e-17 3.402689e-17
3573.860000 5.613846e-17 3.400049e-17
3576.860000 4.318003e-17 3.800353e-17
3579.860000 5.436863e-17 3.727620e-17
3582.860000 5.941131e-18 3.223279e-17
3585.860000 -2.298398e-17 3.258130e-17
3588.860000 1.237591e-17 3.615477e-17
3591.860000 5.877601e-17 3.512779e-17
3594.860000 7.654231e-17 3.152120e-17
3597.860000 1.010100e-16 3.316603e-17
3600.860000 -1.871293e-18 3.533420e-17
3603.860000 3.176509e-18 3.356088e-17
3606.860000 3.791568e-17 3.087625e-17
3609.860000 2.390509e-17 3.269907e-17
3612.860000 8.529663e-17 3.467796e-17
3615.860000 1.181422e-16 3.251238e-17
3618.860000 1.430871e-16 3.070245e-17
3621.860000 6.269291e-17 3.320411e-17
3624.860000 6.096700e-17 3.458006e-17
3627.860000 8.951126e-17 3.157867e-17
3630.860000 1.296381e-16 3.049523e-17
3633.860000 7.618167e-17 3.400458e-17
3636.860000 2.447358e-17 3.436878e-17
3639.860000 4.955631e-17 3.072311e-17
3642.860000 1.255223e-16 3.066902e-17
3645.860000 1.105203e-16 3.455652e-17
3648.860000 9.811398e-17 3.396611e-17
3651.860000 9.332584e-17 2.974182e-17
3654.860000 6.158746e-17 2.953934e-17
3657.860000 1.938083e-18 3.220424e-17
3660.860000 9.998679e-17 3.206494e-17
3663.860000 1.413798e-16 2.876601e-17
3666.860000 1.150740e-16 2.990704e-17
3669.860000 7.080135e-17 3.216156e-17
3672.860000 6.739946e-17 3.056214e-17
3675.860000 8.330957e-17 2.811052e-17
3678.860000 8.677148e-17 2.991764e-17
3681.860000 8.585578e-17 3.164587e-17
3684.860000 8.953809e-17 2.950752e-17
3687.860000 1.238317e-16 2.781999e-17
3690.860000 1.267432e-16 3.059646e-17
3693.860000 1.434772e-16 3.170896e-17
3696.860000 1.665488e-16 2.909860e-17
3699.860000 8.396765e-17 2.734066e-17
3702.860000 8.186123e-17 3.093142e-17
3705.860000 1.380268e-16 3.176406e-17
3708.860000 1.350704e-16 2.836676e-17
3711.860000 1.151933e-16 2.780280e-17
3714.860000 1.545127e-16 3.173923e-17
3717.860000 1.538877e-16 3.212148e-17
3720.860000 1.131636e-16 2.767624e-17
3723.860000 1.160306e-16 2.805469e-17
3726.860000 1.211641e-16 3.120144e-17
3729.860000 1.211075e-16 3.052856e-17
3732.860000 1.541362e-16 2.732218e-17
3735.860000 1.494974e-16 2.804155e-17
3738.860000 1.162299e-16 3.068658e-17
3741.860000 1.347043e-16 2.963299e-17
3744.860000 8.709454e-17 2.661606e-17
3747.860000 9.668109e-17 2.834814e-17
3750.860000 1.136232e-16 3.011775e-17
3753.860000 1.134642e-16 2.807133e-17
3756.860000 8.205182e-17 2.594190e-17
3759.860000 7.309848e-17 2.818146e-17
3762.860000 8.386743e-17 2.933127e-17
3765.860000 7.689196e-17 2.661650e-17
3768.860000 7.334619e-17 2.533033e-17
3771.860000 9.236904e-17 2.817354e-17
3774.860000 8.019190e-17 2.895137e-17
3777.860000 1.428137e-16 2.600098e-17
3780.860000 1.280738e-16 2.523318e-17
3783.860000 1.104452e-16 2.871738e-17
3786.860000 1.256960e-16 2.871910e-17
3789.860000 1.446357e-16 2.511546e-17
3792.860000 1.150325e-16 2.508936e-17
3795.860000 9.278122e-17 2.806264e-17
3798.860000 1.083796e-16 2.751934e-17
3801.860000 9.389269e-17 2.389092e-17
3804.860000 8.940522e-17 2.446495e-17
3807.860000 1.286986e-16 2.718514e-17
3810.860000 1.113707e-16 2.625987e-17
3813.860000 1.199561e-16 2.354859e-17
3816.860000 1.690148e-16 2.502269e-17
3819.860000 1.403005e-16 2.661090e-17
3822.860000 1.357672e-16 2.518713e-17
3825.860000 1.275697e-16 2.331718e-17
3828.860000 1.274729e-16 2.511748e-17
3831.860000 1.658781e-16 2.662316e-17
3834.860000 1.299111e-16 2.439583e-17
3837.860000 1.353998e-16 2.330779e-17
3840.860000 1.237092e-16 2.578794e-17
3843.860000 1.546911e-16 2.656137e-17
3846.860000 1.231453e-16 2.401239e-17
3849.860000 1.016230e-16 2.325767e-17
3852.860000 8.527999e-17 2.605081e-17
3855.860000 1.005262e-16 2.614924e-17
3858.860000 1.242386e-16 2.332423e-17
3861.860000 8.537550e-17 2.313963e-17
3864.860000 9.999276e-17 2.608799e-17
3867.860000 6.721615e-17 2.544999e-17
3870.860000 6.583681e-17 2.224353e-17
3873.860000 9.315998e-17 2.300300e-17
3876.860000 1.082648e-16 2.528469e-17
3879.860000 9.764911e-17 2.448884e-17
3882.860000 8.650682e-17 2.192297e-17
3885.860000 9.684576e-17 2.288812e-17
3888.860000 7.804137e-17 2.435682e-17
3891.860000 4.618352e-17 2.289465e-17
3894.860000 6.390021e-17 2.108267e-17
3897.860000 7.376490e-17 2.232464e-17
3900.860000 3.947857e-17 2.340625e-17
3903.860000 6.790016e-17 2.186097e-17
3906.860000 8.068486e-17 2.065930e-17
3909.860000 7.232623e-17 2.284738e-17
3912.860000 1.018945e-16 2.371957e-17
3915.860000 9.940285e-17 2.144748e-17
3918.860000 5.623008e-17 2.072794e-17
3921.860000 3.123594e-17 2.330037e-17
3924.860000 5.492940e-17 2.363994e-17
3927.860000 8.195077e-17 2.108689e-17
3930.860000 1.002649e-16 2.107858e-17
3933.860000 1.029107e-16 2.363554e-17
3936.860000 8.263635e-17 2.330768e-17
3939.860000 8.460465e-17 2.064280e-17
3942.860000 1.250764e-16 2.137400e-17
3945.860000 1.237942e-16 2.399109e-17
3948.860000 8.267291e-17 2.291657e-17
3951.860000 1.053624e-16 2.070742e-17
3954.860000 1.244178e-16 2.198198e-17
3957.860000 1.033227e-16 2.374131e-17
3960.860000 1.032890e-16 2.259621e-17
3963.860000 1.052236e-16 2.078504e-17
3966.860000 7.591796e-17 2.245989e-17
3969.860000 6.707246e-17 2.378158e-17
3972.860000 6.531715e-17 2.221452e-17
3975.860000 9.064190e-17 2.144966e-17
3978.860000 1.076189e-16 2.387994e-17
3981.860000 1.265236e-16 2.518424e-17
3984.860000 1.328755e-16 2.290763e-17
3987.860000 1.117694e-16 2.166629e-17
3990.860000 9.153615e-17 2.394108e-17
3993.860000 1.129250e-16 2.409783e-17
3996.860000 1.256806e-16 2.119685e-17
3999.860000 9.055964e-17 2.045232e-17
4002.860000 7.882302e-17 2.288080e-17
4005.860000 1.285566e-16 2.273119e-17
4008.860000 1.332492e-16 1.979626e-17
4011.860000 8.816248e-17 1.968296e-17
4014.860000 7.413338e-17 2.163493e-17
4017.860000 7.615047e-17 2.104723e-17
4020.860000 1.218331e-16 1.875985e-17
4023.860000 1.214759e-16 1.944288e-17
4026.860000 9.533206e-17 2.106287e-17
4029.860000 1.331330e-16 2.029975e-17
4032.860000 1.014625e-16 1.832600e-17
4035.860000 1.202659e-16 1.962418e-17
4038.860000 1.299778e-16 2.106091e-17
4041.860000 9.154395e-17 1.941596e-17
4044.860000 9.760430e-17 1.816911e-17
4047.860000 9.679813e-17 1.994442e-17
4050.860000 9.605247e-17 2.099797e-17
4053.860000 9.613689e-17 1.931389e-17
4056.860000 1.422821e-16 1.868892e-17
4059.860000 1.261438e-16 2.069430e-17
4062.860000 7.957230e-17 2.092146e-17
4065.860000 1.151929e-16 1.894628e-17
4068.860000 1.606634e-16 1.917380e-17
4071.860000 1.308482e-16 2.159907e-17
4074.860000 1.251178e-16 2.169542e-17
4077.860000 1.284393e-16 1.908948e-17
4080.860000 1.226928e-16 1.941633e-17
4083.860000 1.062675e-16 2.183141e-17
4086.860000 1.677682e-16 2.184516e-17
4089.860000 1.411886e-16 1.931233e-17
4092.860000 1.068433e-16 1.976274e-17
4095.860000 9.827875e-17 2.148982e-17
4098.860000 9.702454e-17 2.059325e-17
4101.860000 1.420285e-16 1.879048e-17
4104.860000 1.467099e-16 1.986966e-17
4107.860000 1.136818e-16 2.076372e-17
4110.860000 9.648761e-17 1.942147e-17
4113.860000 8.512221e-17 1.799508e-17
4116.860000 1.306386e-16 1.985153e-17
4119.860000 9.988070e-17 2.043912e-17
4122.860000 1.172010e-16 1.856888e-17
4125.860000 1.405520e-16 1.777127e-17
4128.860000 1.293652e-16 1.954733e-17
4131.860000 1.332754e-16 2.008128e-17
4134.860000 1.015467e-16 1.783555e-17
4137.860000 1.172713e-16 1.744504e-17
4140.860000 1.326722e-16 1.985068e-17
4143.860000 1.051912e-16 1.965561e-17
4146.860000 1.152731e-16 1.733435e-17
4149.860000 1.282774e-16 1.743049e-17
4152.860000 1.354181e-16 1.963187e-17
4155.860000 1.038923e-16 1.916195e-17
4158.860000 1.204044e-16 1.702823e-17
4161.860000 1.396654e-16 1.761784e-17
4164.860000 1.469194e-16 1.936287e-17
4167.860000 1.223723e-16 1.884045e-17
4170.860000 1.417990e-16 1.696760e-17
4173.860000 1.380120e-16 1.795938e-17
4176.860000 1.002958e-16 1.899012e-17
4179.860000 1.545397e-16 1.822859e-17
4182.860000 1.692785e-16 1.697361e-17
4185.860000 1.531266e-16 1.825828e-17
4188.860000 1.284098e-16 1.894023e-17
4191.860000 1.326287e-16 1.742021e-17
4194.860000 1.175716e-16 1.651502e-17
4197.860000 1.189441e-16 1.828433e-17
4200.860000 1.344218e-16 1.884757e-17
4203.860000 1.393135e-16 1.711864e-17
4206.860000 1.341521e-16 1.664722e-17
4209.860000 1.400597e-16 1.881996e-17
4212.860000 9.933164e-17 1.868221e-17
4215.860000 1.260947e-16 1.677948e-17
4218.860000 1.366892e-16 1.664316e-17
4221.860000 1.411820e-16 1.883167e-17
4224.860000 1.220507e-16 1.840613e-17
4227.860000 1.314672e-16 1.625398e-17
4230.860000 1.475020e-16 1.683600e-17
4233.860000 1.305241e-16 1.851449e-17
4236.860000 1.071783e-16 1.781046e-17
4239.860000 1.214437e-16 1.619378e-17
4242.860000 1.138368e-16 1.699782e-17
4245.860000 1.533027e-16 1.866145e-17
4248.860000 1.471614e-16 1.768528e-17
4251.860000 1.590796e-16 1.630107e-17
4254.860000 1.482114e-16 1.761712e-17
4257.860000 1.200709e-16 1.830383e-17
4260.860000 1.543603e-16 1.691616e-17
4263.860000 1.291767e-16 1.588981e-17
4266.860000 1.325693e-16 1.772394e-17
4269.860000 1.109075e-16 1.801429e-17
4272.860000 1.132932e-16 1.647841e-17
4275.860000 1.038316e-16 1.583749e-17
4278.860000 1.269818e-16 1.796241e-17
4281.860000 1.490800e-16 1.832908e-17
4284.860000 1.356621e-16 1.625966e-17
4287.860000 1.070801e-16 1.585863e-17
4290.860000 1.327019e-16 1.818930e-17
4293.860000 1.309140e-16 1.803315e-17
4296.860000 1.187712e-16 1.587173e-17
4299.860000 1.400238e-16 1.625931e-17
4302.860000 1.503069e-16 1.805382e-17
4305.860000 1.411561e-16 1.747724e-17
4308.860000 1.444957e-16 1.566265e-17
4311.860000 1.320363e-16 1.626955e-17
4314.860000 1.063433e-16 1.743929e-17
4317.860000 1.369472e-16 1.685079e-17
4320.860000 1.173362e-16 1.544503e-17
4323.860000 9.426778e-17 1.655614e-17
4326.860000 1.559923e-16 1.779466e-17
4329.860000 1.444930e-16 1.651341e-17
4332.860000 1.120464e-16 1.532495e-17
4335.860000 1.082147e-16 1.674041e-17
4338.860000 1.181924e-16 1.752791e-17
4341.860000 1.273021e-16 1.603052e-17
4344.860000 1.214382e-16 1.540735e-17
4347.860000 1.295546e-16 1.743040e-17
4350.860000 1.252008e-16 1.768360e-17
4353.860000 1.084254e-16 1.553124e-17
4356.860000 9.554769e-17 1.527937e-17
4359.860000 8.456329e-17 1.750129e-17
4362.860000 1.281011e-16 1.782257e-17
4365.860000 1.260014e-16 1.556356e-17
4368.860000 1.249285e-16 1.565935e-17
4371.860000 1.299720e-16 1.745113e-17
4374.860000 1.174993e-16 1.707104e-17
4377.860000 1.094298e-16 1.513995e-17
4380.860000 8.967276e-17 1.549131e-17
4383.860000 7.264641e-17 1.682121e-17
4386.860000 1.049168e-16 1.638361e-17
4389.860000 1.205676e-16 1.506650e-17
4392.860000 1.125489e-16 1.588945e-17
4395.860000 1.079242e-16 1.688294e-17
4398.860000 1.226750e-16 1.599079e-17
4401.860000 1.114842e-16 1.487752e-17
4404.860000 1.108678e-16 1.632393e-17
4407.860000 1.198518e-16 1.706697e-17
4410.860000 9.773766e-17 1.554161e-17
4413.860000 7.384886e-17 1.480737e-17
4416.860000 7.381789e-17 1.641967e-17
4419.860000 7.778965e-17 1.661121e-17
4422.860000 9.726877e-17 1.515239e-17
4425.860000 8.813156e-17 1.485387e-17
4428.860000 6.246730e-17 1.676915e-17
4431.860000 5.412447e-17 1.674927e-17
4434.860000 6.896818e-17 1.470972e-17
4437.860000 6.383166e-17 1.477950e-17
4440.860000 6.600832e-17 1.658102e-17
4443.860000 7.438304e-17 1.621058e-17
4446.860000 5.037600e-17 1.430852e-17
4449.860000 8.005878e-17 1.508178e-17
4452.860000 8.894340e-17 1.651155e-17
4455.860000 7.639712e-17 1.574646e-17
4458.860000 6.232624e-17 1.419955e-17
4461.860000 6.894844e-17 1.516216e-17
4464.860000 9.228915e-17 1.623489e-17
4467.860000 7.469804e-17 1.511563e-17
4470.860000 8.065538e-17 1.411082e-17
4473.860000 9.249402e-17 1.559349e-17
4476.860000 7.823703e-17 1.625557e-17
4479.860000 7.021540e-17 1.475681e-17
4482.860000 9.047621e-17 1.405139e-17
4485.860000 9.614747e-17 1.570944e-17
4488.860000 6.440402e-17 1.592748e-17
4491.860000 7.129608e-17 1.443820e-17
4494.860000 7.434737e-17 1.405384e-17
4497.860000 4.209693e-17 1.573911e-17
4500.860000 5.142890e-17 1.589270e-17
4503.860000 6.001390e-17 1.412367e-17
4506.860000 3.718652e-17 1.400035e-17
4509.860000 5.006333e-17 1.596743e-17
4512.860000 6.907332e-17 1.588177e-17
4515.860000 5.496830e-17 1.409846e-17
4518.860000 5.308597e-17 1.444235e-17
4521.860000 8.011012e-17 1.594904e-17
4524.860000 8.588800e-17 1.553694e-17
4527.860000 8.065069e-17 1.397082e-17
4530.860000 8.224005e-17 1.466942e-17
4533.860000 7.452766e-17 1.571583e-17
4536.860000 6.785337e-17 1.488454e-17
4539.860000 5.578751e-17 1.366729e-17
4542.860000 7.003027e-17 1.486801e-17
4545.860000 4.778213e-17 1.570155e-17
4548.860000 6.522912e-17 1.457704e-17
4551.860000 7.009264e-17 1.372275e-17
4554.860000 7.401766e-17 1.521398e-17
4557.860000 8.140033e-17 1.564607e-17
4560.860000 7.434616e-17 1.412741e-17
4563.860000 7.080123e-17 1.373916e-17
4566.860000 7.709388e-17 1.557458e-17
4569.860000 9.066227e-17 1.580033e-17
4572.860000 1.000099e-16 1.406240e-17
4575.860000 7.973706e-17 1.392218e-17
4578.860000 9.600860e-17 1.581296e-17
4581.860000 9.604195e-17 1.569400e-17
4584.860000 7.115281e-17 1.375587e-17
4587.860000 8.474569e-17 1.415435e-17
4590.860000 8.201379e-17 1.572099e-17
4593.860000 8.380439e-17 1.513144e-17
4596.860000 8.991467e-17 1.361008e-17
4599.860000 7.103607e-17 1.421233e-17
4602.860000 7.425832e-17 1.540081e-17
4605.860000 9.956686e-17 1.484667e-17
4608.860000 9.775695e-17 1.367164e-17
4611.860000 8.468593e-17 1.468743e-17
4614.860000 7.642285e-17 1.536275e-17
4617.860000 9.252963e-17 1.439646e-17
4620.860000 1.013939e-16 1.364182e-17
4623.860000 7.288495e-17 1.491882e-17
4626.860000 1.019463e-16 1.568757e-17
4629.860000 8.362004e-17 1.409320e-17
4632.860000 8.770037e-17 1.354605e-17
4635.860000 1.227759e-16 1.548135e-17
4638.860000 1.058330e-16 1.554517e-17
4641.860000 8.026157e-17 1.363463e-17
4644.860000 8.308925e-17 1.365930e-17
4647.860000 9.673510e-17 1.561403e-17
4650.860000 7.129038e-17 1.525417e-17
4653.860000 8.086399e-17 1.344666e-17
4656.860000 9.850532e-17 1.387100e-17
4659.860000 1.162034e-16 1.546473e-17
4662.860000 9.980728e-17 1.504228e-17
4665.860000 8.762529e-17 1.335469e-17
4668.860000 7.571851e-17 1.394382e-17
4671.860000 9.758242e-17 1.521563e-17
4674.860000 1.273647e-16 1.480632e-17
4677.860000 1.151154e-16 1.356596e-17
4680.860000 9.001666e-17 1.433355e-17
4683.860000 5.950262e-17 1.503693e-17
4686.860000 8.512114e-17 1.414357e-17
4689.860000 9.475420e-17 1.336521e-17
4692.860000 1.027302e-16 1.460028e-17
4695.860000 1.034500e-16 1.525861e-17
4698.860000 8.900891e-17 1.387602e-17
4701.860000 1.059392e-16 1.336415e-17
4704.860000 8.463859e-17 1.480196e-17
4707.860000 9.825675e-17 1.523390e-17
4710.860000 1.131183e-16 1.370800e-17
4713.860000 1.298995e-16 1.361828e-17
4716.860000 1.172522e-16 1.539198e-17
4719.860000 9.610618e-17 1.520828e-17
4722.860000 1.126272e-16 1.339847e-17
4725.860000 8.817405e-17 1.351416e-17
4728.860000 8.416646e-17 1.508205e-17
4731.860000 1.086017e-16 1.505766e-17
4734.860000 9.941492e-17 1.332462e-17
4737.860000 7.935508e-17 1.375249e-17
4740.860000 8.557615e-17 1.493451e-17
4743.860000 6.485864e-17 1.414030e-17
4746.860000 6.831280e-17 1.306756e-17
4749.860000 8.840449e-17 1.415206e-17
4752.860000 8.629415e-17 1.504383e-17
4755.860000 8.801068e-17 1.398904e-17
4758.860000 9.913687e-17 1.316608e-17
4761.860000 1.095790e-16 1.452782e-17
4764.860000 8.287714e-17 1.512567e-17
4767.860000 7.692379e-17 1.369192e-17
4770.860000 9.876100e-17 1.324968e-17
4773.860000 9.565347e-17 1.481967e-17
4776.860000 8.218811e-17 1.501551e-17
4779.860000 8.181795e-17 1.350224e-17
4782.860000 8.418761e-17 1.326124e-17
4785.860000 9.687521e-17 1.529047e-17
4788.860000 9.985608e-17 1.550030e-17
4791.860000 1.148379e-16 1.364075e-17
4794.860000 1.214249e-16 1.379316e-17
4797.860000 1.013978e-16 1.540527e-17
4800.860000 1.051057e-16 1.511484e-17
4803.860000 1.057252e-16 1.340655e-17
4806.860000 1.095269e-16 1.383440e-17
4809.860000 9.466030e-17 1.499952e-17
4812.860000 9.181273e-17 1.457900e-17
4815.860000 1.004286e-16 1.324869e-17
4818.860000 9.682871e-17 1.402613e-17
4821.860000 1.077864e-16 1.516028e-17
4824.860000 1.005974e-16 1.441564e-17
4827.860000 1.035851e-16 1.351329e-17
4830.860000 7.872551e-17 1.448149e-17
4833.860000 7.489368e-17 1.528313e-17
4836.860000 9.214175e-17 1.416274e-17
4839.860000 1.042134e-16 1.354986e-17
4842.860000 1.234975e-16 1.506806e-17
4845.860000 9.494515e-17 1.524202e-17
4848.860000 6.919451e-17 1.359543e-17
4851.860000 6.802869e-17 1.340402e-17
4854.860000 7.739247e-17 1.522488e-17
4857.860000 9.176443e-17 1.541587e-17
4860.860000 8.988318e-17 1.353228e-17
4863.860000 6.416066e-17 1.361147e-17
4866.860000 6.340248e-17 1.539389e-17
4869.860000 8.421197e-17 1.536387e-17
4872.860000 9.752540e-17 1.368070e-17
4875.860000 9.482044e-17 1.405671e-17
4878.860000 8.662463e-17 1.548464e-17
4881.860000 8.061286e-17 1.493067e-17
4884.860000 8.801045e-17 1.365848e-17
4887.860000 1.069596e-16 1.454528e-17
4890.860000 8.516023e-17 1.576346e-17
4893.860000 6.070026e-17 1.475327e-17
4896.860000 7.107894e-17 1.369773e-17
4899.860000 8.262919e-17 1.508677e-17
4902.860000 1.080940e-16 1.618631e-17
4905.860000 9.601847e-17 1.481088e-17
4908.860000 1.068183e-16 1.418373e-17
4911.860000 9.434624e-17 1.580077e-17
4914.860000 1.019554e-16 1.630861e-17
4917.860000 8.969675e-17 1.472739e-17
4920.860000 7.025705e-17 1.443083e-17
4923.860000 7.560266e-17 1.659895e-17
4926.860000 9.460381e-17 1.684810e-17
4929.860000 8.236974e-17 1.502177e-17
4932.860000 1.132793e-16 1.527406e-17
4935.860000 9.904063e-17 1.735352e-17
4938.860000 6.764101e-17 1.704534e-17
4941.860000 6.591966e-17 1.530772e-17
4944.860000 7.982646e-17 1.592824e-17
4947.860000 6.907693e-17 1.782002e-17
4950.860000 7.067445e-17 1.757696e-17
4953.860000 7.682697e-17 1.607561e-17
4956.860000 9.497197e-17 1.738275e-17
4959.860000 8.533743e-17 1.885600e-17
4962.860000 6.520413e-17 1.795098e-17
4965.860000 6.849070e-17 1.694637e-17
4968.860000 7.807035e-17 1.875608e-17
4971.860000 8.415658e-17 2.020749e-17
4974.860000 4.884074e-17 1.880621e-17
4977.860000 4.985014e-17 1.802635e-17
4980.860000 8.799740e-17 2.048127e-17
4983.860000 6.850172e-17 2.115606e-17
4986.860000 8.657394e-17 1.973402e-17
4989.860000 6.441649e-17 1.935134e-17
4992.860000 6.224360e-17 2.207918e-17
4995.860000 6.379493e-17 2.268674e-17
4998.860000 1.200352e-16 2.087946e-17
5001.860000 1.170357e-16 2.084936e-17
5004.860000 6.002557e-17 2.388357e-17
5007.860000 5.560327e-17 2.380435e-17
5010.860000 8.992012e-17 2.144920e-17
5013.860000 7.167701e-17 2.212094e-17
5016.860000 5.135770e-17 2.469772e-17
5019.860000 2.344846e-17 2.390851e-17
5022.860000 3.770456e-17 2.167288e-17
5025.860000 6.425143e-17 2.297828e-17
5028.860000 7.334091e-17 2.529369e-17
5031.860000 6.129263e-17 2.394339e-17
5034.860000 6.448650e-17 2.199894e-17
5037.860000 6.327675e-17 2.378265e-17
5040.860000 2.730921e-17 2.494064e-17
5043.860000 4.725217e-17 2.332601e-17
5046.860000 3.744687e-17 2.171430e-17
5049.860000 5.671370e-17 2.376084e-17
5052.860000 8.826336e-17 2.476014e-17
5055.860000 8.765256e-17 2.270844e-17
5058.860000 5.468661e-17 2.171150e-17
5061.860000 2.444888e-17 2.405659e-17
5064.860000 1.604170e-17 2.446323e-17
5067.860000 5.942772e-17 2.179254e-17
5070.860000 4.709725e-17 nan
5073.860000 5.229442e-17 nan
5076.860000 8.266623e-17 nan
5079.860000 7.427715e-17 nan
5082.860000 6.613284e-17 nan
5085.860000 1.962011e-17 nan
5088.860000 4.180218e-17 nan
5091.860000 7.297445e-17 nan
5094.860000 7.066250e-17 nan
5097.860000 5.825042e-17 nan
5100.860000 9.443586e-17 nan
5103.860000 8.364128e-17 nan
5106.860000 1.076078e-16 nan
5109.860000 8.645860e-17 nan
5112.860000 8.882595e-17 nan
5115.860000 9.840454e-17 nan
5118.860000 8.339978e-17 nan
5121.860000 1.785079e-16 nan
5124.860000 5.582194e-17 nan
5127.860000 2.740115e-17 nan
5130.860000 8.980888e-17 nan
5133.860000 1.115282e-16 nan
5136.860000 9.978679e-17 nan
5139.860000 1.014743e-16 nan
5142.860000 9.550917e-17 nan
5145.860000 7.533561e-17 nan
5148.860000 7.180831e-17 nan
5151.860000 1.214252e-16 nan
5154.860000 9.917841e-17 nan
5157.860000 8.473213e-17 nan
5160.860000 1.106243e-16 nan
5163.860000 1.157345e-16 nan
5166.860000 8.902442e-17 nan
5169.860000 7.997128e-17 nan
5172.860000 9.784264e-17 2.072698e-17
5175.860000 1.118520e-16 1.988286e-17
5178.860000 1.052637e-16 1.916299e-17
5181.860000 9.202203e-17 1.839805e-17
5184.860000 1.132840e-16 1.817003e-17
5187.860000 1.016526e-16 1.792118e-17
5190.860000 7.917673e-17 1.754971e-17
5193.860000 6.704753e-17 1.732584e-17
5196.860000 6.440805e-17 1.772349e-17
5199.860000 6.012864e-17 1.785221e-17
5202.860000 8.782077e-17 1.837223e-17
5205.860000 1.035445e-16 1.884469e-17
5208.860000 9.948551e-17 1.867903e-17
5211.860000 6.715148e-17 1.864736e-17
5214.860000 6.098312e-17 1.914884e-17
5217.860000 6.599523e-17 1.951848e-17
5220.860000 6.450782e-17 1.998686e-17
5223.860000 6.823255e-17 2.061530e-17
5226.860000 4.830160e-17 2.066412e-17
5229.860000 7.572785e-17 2.144541e-17
5232.860000 9.318850e-17 2.184534e-17
5235.860000 7.122522e-17 2.221229e-17
5238.860000 3.743508e-17 2.178209e-17
5241.860000 4.284904e-17 2.128983e-17
5244.860000 8.320032e-17 2.117116e-17
5247.860000 5.422385e-17 2.028019e-17
5250.860000 5.725495e-17 1.960777e-17
5253.860000 6.851551e-17 1.893241e-17
5256.860000 7.187815e-17 1.825464e-17
5259.860000 7.129995e-17 1.767154e-17
5262.860000 8.111271e-17 1.725456e-17
5265.860000 9.607230e-17 1.697926e-17
5268.860000 7.724459e-17 1.630673e-17
5271.860000 8.364875e-17 1.588688e-17
5274.860000 9.331051e-17 1.538140e-17
5277.860000 9.253663e-17 1.516649e-17
5280.860000 9.047279e-17 1.475314e-17
5283.860000 1.100975e-16 1.443202e-17
5286.860000 1.010958e-16 1.396909e-17
5289.860000 7.890468e-17 1.366826e-17
5292.860000 7.070986e-17 1.347138e-17
5295.860000 7.527113e-17 1.310670e-17
5298.860000 8.133285e-17 1.291607e-17
5301.860000 9.304760e-17 1.276614e-17
5304.860000 8.284014e-17 1.264341e-17
5307.860000 7.588401e-17 1.266496e-17
5310.860000 9.818890e-17 1.278238e-17
5313.860000 8.697699e-17 1.270751e-17
5316.860000 8.522070e-17 1.271201e-17
5319.860000 9.150284e-17 1.273957e-17
5322.860000 7.961698e-17 1.263362e-17
5325.860000 7.165687e-17 1.257992e-17
5328.860000 7.744776e-17 1.270411e-17
5331.860000 7.034964e-17 1.285093e-17
5334.860000 7.475402e-17 1.287182e-17
5337.860000 8.831822e-17 1.311512e-17
5340.860000 7.774663e-17 1.320061e-17
5343.860000 6.238804e-17 1.319221e-17
5346.860000 6.201830e-17 1.336733e-17
5349.860000 6.479674e-17 1.352232e-17
5352.860000 7.856954e-17 1.388122e-17
5355.860000 8.677594e-17 1.434040e-17
5358.860000 8.294903e-17 1.463131e-17
5361.860000 7.000514e-17 1.465608e-17
5364.860000 8.945243e-17 1.465699e-17
5367.860000 9.223453e-17 1.434453e-17
5370.860000 7.825302e-17 1.381155e-17
5373.860000 9.121349e-17 1.346682e-17
5376.860000 8.420618e-17 1.296570e-17
5379.860000 9.245216e-17 1.261005e-17
5382.860000 8.655481e-17 1.226583e-17
5385.860000 9.454585e-17 1.197563e-17
5388.860000 9.922686e-17 1.164993e-17
5391.860000 1.076203e-16 1.130982e-17
5394.860000 9.707703e-17 1.107731e-17
5397.860000 8.478679e-17 1.061661e-17
5400.860000 9.931961e-17 1.044606e-17
5403.860000 9.733314e-17 1.022385e-17
5406.860000 9.639848e-17 1.006777e-17
5409.860000 9.999923e-17 9.939232e-18
5412.860000 1.004905e-16 9.845062e-18
5415.860000 9.167100e-17 9.570683e-18
5418.860000 8.740869e-17 9.404631e-18
5421.860000 8.678598e-17 9.329526e-18
5424.860000 8.973659e-17 9.256461e-18
5427.860000 8.949226e-17 9.224154e-18
5430.860000 8.152290e-17 9.090468e-18
5433.860000 8.409899e-17 9.080946e-18
5436.860000 8.615129e-17 9.075390e-18
5439.860000 8.441370e-17 9.083914e-18
5442.860000 8.502013e-17 9.179529e-18
5445.860000 7.513116e-17 9.176781e-18
5448.860000 7.736858e-17 9.268938e-18
5451.860000 9.170585e-17 9.420622e-18
5454.860000 9.605339e-17 9.588077e-18
5457.860000 8.662283e-17 9.632404e-18
5460.860000 8.490431e-17 9.832130e-18
5463.860000 8.022772e-17 9.932019e-18
5466.860000 7.570050e-17 1.013388e-17
5469.860000 9.794751e-17 1.046732e-17
5472.860000 9.368832e-17 1.063224e-17
5475.860000 9.758478e-17 1.077495e-17
5478.860000 9.349850e-17 1.087492e-17
5481.860000 9.055709e-17 1.110310e-17
5484.860000 8.218444e-17 1.112084e-17
5487.860000 6.401026e-17 1.129978e-17
5490.860000 7.430835e-17 1.136289e-17
5493.860000 8.419547e-17 1.115188e-17
5496.860000 9.668238e-17 1.098004e-17
5499.860000 8.816067e-17 1.064236e-17
5502.860000 7.447496e-17 1.019533e-17
5505.860000 8.400280e-17 9.964877e-18
5508.860000 9.235204e-17 9.811573e-18
5511.860000 9.549771e-17 9.650408e-18
5514.860000 9.788918e-17 9.413608e-18
5517.860000 8.954848e-17 9.175089e-18
5520.860000 7.885196e-17 8.860959e-18
5523.860000 7.126049e-17 8.595941e-18
5526.860000 8.228339e-17 8.525551e-18
5529.860000 8.166021e-17 8.298259e-18
5532.860000 6.947630e-17 8.088528e-18
5535.860000 6.569431e-17 7.949864e-18
5538.860000 7.152262e-17 7.852844e-18
5541.860000 8.814523e-17 7.843476e-18
5544.860000 8.820800e-17 7.812391e-18
5547.860000 8.022828e-17 7.685647e-18
5550.860000 7.722107e-17 7.625235e-18
5553.860000 7.116377e-17 7.558780e-18
5556.860000 6.016661e-17 7.473521e-18
5559.860000 5.890951e-17 7.445756e-18
5562.860000 6.152876e-17 7.488353e-18
5565.860000 6.662822e-17 7.640388e-18
5568.860000 6.984207e-17 7.778702e-18
5571.860000 6.228718e-17 7.922434e-18
5574.860000 6.260698e-17 8.711768e-18
5577.860000 5.244790e-17 1.071902e-17
5580.860000 5.000134e-17 1.358888e-17
5583.860000 9.547034e-17 1.527012e-17
5586.860000 1.182217e-16 1.459306e-17
5589.860000 1.282610e-16 1.211168e-17
5592.860000 9.137579e-17 9.973736e-18
5595.860000 8.775105e-17 9.206315e-18
5598.860000 7.491099e-17 8.965451e-18
5601.860000 6.923343e-17 8.965419e-18
5604.860000 7.243739e-17 9.114575e-18
5607.860000 7.312504e-17 9.318953e-18
5610.860000 6.114683e-17 9.438864e-18
5613.860000 6.828204e-17 9.660632e-18
5616.860000 7.952526e-17 9.641062e-18
5619.860000 6.886816e-17 9.283559e-18
5622.860000 5.607455e-17 8.949441e-18
5625.860000 5.903148e-17 8.656760e-18
5628.860000 6.909425e-17 8.519088e-18
5631.860000 5.776159e-17 8.288867e-18
5634.860000 4.412533e-17 7.947803e-18
5637.860000 5.307754e-17 7.718148e-18
5640.860000 5.693509e-17 7.541357e-18
5643.860000 7.507860e-17 7.528163e-18
5646.860000 6.921676e-17 7.339481e-18
5649.860000 7.071962e-17 7.202292e-18
5652.860000 6.479404e-17 7.040331e-18
5655.860000 5.661855e-17 6.862358e-18
5658.860000 6.062254e-17 6.741139e-18
5661.860000 7.530588e-17 6.691620e-18
5664.860000 8.125348e-17 6.648371e-18
5667.860000 7.576088e-17 6.584038e-18
5670.860000 7.329465e-17 6.498038e-18
5673.860000 6.792178e-17 6.450396e-18
5676.860000 6.350429e-17 6.384032e-18
5679.860000 6.872314e-17 6.336448e-18
5682.860000 7.464948e-17 6.317834e-18
5685.860000 6.547485e-17 6.261564e-18
5688.860000 6.619872e-17 6.325355e-18
5691.860000 7.368898e-17 6.423942e-18
5694.860000 7.172269e-17 6.469002e-18
5697.860000 6.448122e-17 6.517488e-18
5700.860000 7.102590e-17 6.596408e-18
5703.860000 7.228403e-17 6.683635e-18
5706.860000 7.651229e-17 6.803863e-18
5709.860000 6.675220e-17 6.758047e-18
5712.860000 7.332126e-17 6.939449e-18
5715.860000 7.321762e-17 7.057805e-18
5718.860000 7.019217e-17 7.161968e-18
5721.860000 7.005584e-17 7.349329e-18
5724.860000 7.274383e-17 7.485004e-18
5727.860000 6.488118e-17 7.567727e-18
5730.860000 6.323778e-17 7.722594e-18
5733.860000 6.799863e-17 7.908796e-18
5736.860000 7.277006e-17 8.119680e-18
5739.860000 7.023059e-17 8.192875e-18
5742.860000 6.957309e-17 8.050331e-18
5745.860000 6.515164e-17 7.857106e-18
5748.860000 6.211948e-17 7.623716e-18
5751.860000 7.300563e-17 7.483069e-18
5754.860000 7.154637e-17 7.293452e-18
5757.860000 6.877335e-17 7.103400e-18
5760.860000 7.132920e-17 6.882021e-18
5763.860000 7.513529e-17 6.701731e-18
5766.860000 7.223113e-17 6.587795e-18
5769.860000 6.667881e-17 6.410373e-18
5772.860000 7.010110e-17 6.281806e-18
5775.860000 6.821134e-17 6.209752e-18
5778.860000 6.164814e-17 6.110139e-18
5781.860000 6.712803e-17 5.978904e-18
5784.860000 6.957749e-17 5.895129e-18
5787.860000 6.884689e-17 5.794051e-18
5790.860000 6.019861e-17 5.664534e-18
5793.860000 5.971653e-17 5.614113e-18
5796.860000 6.282137e-17 5.572540e-18
5799.860000 6.437633e-17 5.545305e-18
5802.860000 6.274080e-17 5.534421e-18
5805.860000 6.708029e-17 5.577010e-18
5808.860000 7.271867e-17 5.621668e-18
5811.860000 6.036566e-17 5.570799e-18
5814.860000 5.585620e-17 5.602204e-18
5817.860000 5.912508e-17 5.648688e-18
5820.860000 6.559206e-17 5.702607e-18
5823.860000 6.415016e-17 5.761735e-18
5826.860000 6.879421e-17 5.881550e-18
5829.860000 7.608878e-17 5.952049e-18
5832.860000 6.983099e-17 5.968790e-18
5835.860000 6.153744e-17 5.992099e-18
5838.860000 6.180608e-17 6.166153e-18
5841.860000 6.399016e-17 6.308874e-18
5844.860000 7.233370e-17 6.439978e-18
5847.860000 7.298885e-17 6.614760e-18
5850.860000 6.223527e-17 6.616604e-18
5853.860000 6.431482e-17 6.791453e-18
5856.860000 6.029810e-17 6.861480e-18
5859.860000 5.796161e-17 7.028599e-18
5862.860000 6.305605e-17 7.253739e-18
5865.860000 6.741929e-17 7.317681e-18
5868.860000 6.875224e-17 7.335474e-18
5871.860000 6.654252e-17 7.250577e-18
5874.860000 5.847866e-17 7.027241e-18
5877.860000 5.967789e-17 6.807148e-18
5880.860000 5.328699e-17 6.576128e-18
5883.860000 5.929836e-17 6.425208e-18
5886.860000 6.425131e-17 6.347136e-18
5889.860000 5.861147e-17 6.225027e-18
5892.860000 5.531147e-17 6.304958e-18
5895.860000 5.709825e-17 6.438859e-18
5898.860000 6.123567e-17 6.414746e-18
5901.860000 5.922987e-17 6.195096e-18
5904.860000 6.121380e-17 5.870750e-18
5907.860000 6.037982e-17 5.596687e-18
5910.860000 6.100561e-17 5.415781e-18
5913.860000 5.927013e-17 5.337644e-18
5916.860000 5.733093e-17 5.290660e-18
5919.860000 6.123066e-17 5.247605e-18
5922.860000 6.457124e-17 5.229255e-18
5925.860000 6.061411e-17 5.163302e-18
5928.860000 6.002321e-17 5.109056e-18
5931.860000 5.307844e-17 5.031842e-18
5934.860000 4.781402e-17 5.043868e-18
5937.860000 5.704629e-17 5.161647e-18
5940.860000 6.604961e-17 5.200437e-18
5943.860000 6.065687e-17 5.174121e-18
5946.860000 6.546247e-17 5.259218e-18
5949.860000 6.374930e-17 5.305298e-18
5952.860000 5.649050e-17 5.330532e-18
5955.860000 6.486574e-17 5.505937e-18
5958.860000 6.415966e-17 5.557835e-18
5961.860000 6.157141e-17 5.652795e-18
5964.860000 5.845114e-17 5.692885e-18
5967.860000 5.749070e-17 5.789382e-18
5970.860000 6.127880e-17 5.919894e-18
5973.860000 6.861604e-17 6.061715e-18
5976.860000 7.162745e-17 6.182499e-18
5979.860000 6.858584e-17 6.356251e-18
5982.860000 6.437683e-17 6.407009e-18
5985.860000 6.919307e-17 6.570390e-18
5988.860000 6.192547e-17 6.655671e-18
5991.860000 6.138370e-17 6.655278e-18
5994.860000 5.948021e-17 6.556533e-18
5997.860000 5.393466e-17 6.334870e-18
6000.860000 5.687306e-17 6.178853e-18
6003.860000 7.103851e-17 6.158893e-18
6006.860000 7.234470e-17 6.014936e-18
6009.860000 6.169594e-17 5.833806e-18
6012.860000 5.400004e-17 5.600747e-18
6015.860000 5.901614e-17 5.479948e-18
6018.860000 5.183863e-17 5.281986e-18
6021.860000 5.820917e-17 5.203742e-18
6024.860000 6.027082e-17 5.106456e-18
6027.860000 6.066870e-17 5.010517e-18
6030.860000 6.312188e-17 4.950713e-18
6033.860000 6.702879e-17 4.948699e-18
6036.860000 6.003882e-17 4.840889e-18
6039.860000 5.571250e-17 4.735579e-18
6042.860000 5.804202e-17 4.699593e-18
6045.860000 6.296580e-17 4.666628e-18
6048.860000 6.269123e-17 4.650228e-18
6051.860000 5.617491e-17 4.597873e-18
6054.860000 5.884759e-17 4.576343e-18
6057.860000 6.482498e-17 4.567843e-18
6060.860000 5.930492e-17 4.552313e-18
6063.860000 5.591614e-17 4.548772e-18
6066.860000 5.918727e-17 4.592567e-18
6069.860000 6.254990e-17 4.672557e-18
6072.860000 6.721964e-17 4.715444e-18
6075.860000 5.966610e-17 4.721061e-18
6078.860000 5.954355e-17 4.825325e-18
6081.860000 5.926340e-17 4.911372e-18
6084.860000 5.893694e-17 4.964237e-18
6087.860000 5.655089e-17 5.032015e-18
6090.860000 6.337689e-17 5.200933e-18
6093.860000 6.091740e-17 5.245297e-18
6096.860000 6.466616e-17 5.354310e-18
6099.860000 5.542581e-17 5.379223e-18
6102.860000 6.091870e-17 5.561296e-18
6105.860000 5.966181e-17 5.685451e-18
6108.860000 5.727208e-17 5.802587e-18
6111.860000 6.122208e-17 5.883148e-18
6114.860000 5.553656e-17 5.946793e-18
6117.860000 6.897148e-17 6.056745e-18
6120.860000 5.443493e-17 5.844736e-18
6123.860000 5.937661e-17 5.714386e-18
6126.860000 5.191515e-17 5.524627e-18
6129.860000 5.022151e-17 5.398301e-18
6132.860000 5.245577e-17 5.304215e-18
6135.860000 5.922203e-17 5.239075e-18
6138.860000 5.830884e-17 5.092147e-18
6141.860000 6.475566e-17 5.043848e-18
6144.860000 6.391243e-17 4.959007e-18
6147.860000 7.054211e-17 4.933232e-18
6150.860000 6.336155e-17 4.777924e-18
6153.860000 6.070825e-17 4.686349e-18
6156.860000 5.823031e-17 4.539180e-18
6159.860000 5.925197e-17 4.486999e-18
6162.860000 5.602380e-17 4.415867e-18
6165.860000 6.282699e-17 4.402970e-18
6168.860000 6.089725e-17 4.345359e-18
6171.860000 6.364365e-17 4.319143e-18
6174.860000 6.579953e-17 4.315168e-18
6177.860000 7.088939e-17 4.340999e-18
6180.860000 7.150972e-17 4.324416e-18
6183.860000 6.892575e-17 4.276604e-18
6186.860000 6.410977e-17 4.227942e-18
6189.860000 5.716268e-17 4.197278e-18
6192.860000 6.024186e-17 4.269873e-18
6195.860000 6.362988e-17 4.341172e-18
6198.860000 5.807505e-17 4.352206e-18
6201.860000 5.745151e-17 4.401536e-18
6204.860000 6.192337e-17 4.484398e-18
6207.860000 5.872731e-17 4.546323e-18
6210.860000 5.286923e-17 4.595603e-18
6213.860000 5.576631e-17 4.682804e-18
6216.860000 6.102018e-17 4.826215e-18
6219.860000 5.744024e-17 4.858284e-18
6222.860000 6.570190e-17 5.020494e-18
6225.860000 6.111417e-17 5.097518e-18
6228.860000 5.889271e-17 5.205021e-18
6231.860000 6.985103e-17 5.420654e-18
6234.860000 6.065511e-17 5.458045e-18
6237.860000 6.607916e-17 5.705527e-18
6240.860000 7.834396e-17 6.059464e-18
6243.860000 7.091088e-17 6.075718e-18
6246.860000 5.260450e-17 5.682915e-18
6249.860000 6.429131e-17 5.562503e-18
6252.860000 6.425390e-17 5.362746e-18
6255.860000 6.154005e-17 5.226508e-18
6258.860000 5.637474e-17 5.022196e-18
6261.860000 6.650108e-17 5.027707e-18
6264.860000 6.917304e-17 5.017362e-18
6267.860000 6.361982e-17 4.850334e-18
6270.860000 6.398287e-17 4.739095e-18
6273.860000 5.851406e-17 4.580809e-18
6276.860000 5.497997e-17 4.374979e-18
6279.860000 5.213231e-17 4.267449e-18
6282.860000 5.251283e-17 4.178654e-18
6285.860000 6.011744e-17 4.181575e-18
6288.860000 5.832624e-17 4.147900e-18
6291.860000 5.015691e-17 4.105622e-18
6294.860000 4.803697e-17 4.150841e-18
6297.860000 4.906250e-17 4.278609e-18
6300.860000 5.311090e-17 4.784891e-18
6303.860000 6.109154e-17 5.610560e-18
6306.860000 5.881576e-17 6.046326e-18
6309.860000 4.858869e-17 5.738810e-18
6312.860000 4.727525e-17 5.060633e-18
6315.860000 4.319998e-17 4.452604e-18
6318.860000 3.975798e-17 4.092060e-18
6321.860000 4.504495e-17 4.009095e-18
6324.860000 4.716599e-17 4.044432e-18
6327.860000 4.726292e-17 4.101084e-18
6330.860000 4.872113e-17 4.189157e-18
6333.860000 5.488530e-17 4.280358e-18
6336.860000 5.718916e-17 4.374812e-18
6339.860000 4.828621e-17 4.355243e-18
6342.860000 4.947862e-17 4.406075e-18
6345.860000 6.078273e-17 4.507013e-18
6348.860000 5.477647e-17 4.514035e-18
6351.860000 5.301533e-17 4.657404e-18
6354.860000 4.249310e-17 4.694592e-18
6357.860000 3.766038e-17 4.825334e-18
6360.860000 5.595744e-17 5.193593e-18
6363.860000 5.888154e-17 5.527456e-18
6366.860000 5.497153e-17 5.953316e-18
6369.860000 5.983326e-17 6.286959e-18
6372.860000 3.848562e-17 5.921497e-18
6375.860000 4.097668e-17 5.335925e-18
6378.860000 4.153319e-17 4.904336e-18
6381.860000 4.258572e-17 4.643917e-18
6384.860000 5.538351e-17 4.571615e-18
6387.860000 6.254597e-17 4.534699e-18
6390.860000 4.823022e-17 4.377102e-18
6393.860000 4.862945e-17 4.324191e-18
6396.860000 4.434744e-17 4.145205e-18
6399.860000 4.775301e-17 4.053028e-18
6402.860000 4.814744e-17 3.963860e-18
6405.860000 4.289247e-17 3.826534e-18
6408.860000 4.690041e-17 3.787183e-18
6411.860000 5.211480e-17 3.777178e-18
6414.860000 5.208100e-17 3.756551e-18
6417.860000 5.043787e-17 3.718126e-18
6420.860000 4.648161e-17 3.639301e-18
6423.860000 4.119525e-17 3.577526e-18
6426.860000 4.429332e-17 3.590801e-18
6429.860000 4.651214e-17 3.583640e-18
6432.860000 4.626113e-17 3.579923e-18
6435.860000 4.215426e-17 3.558408e-18
6438.860000 4.568222e-17 3.598131e-18
6441.860000 4.533200e-17 3.610416e-18
6444.860000 4.627256e-17 3.622777e-18
6447.860000 4.969433e-17 3.671730e-18
6450.860000 5.084753e-17 3.737657e-18
6453.860000 4.719795e-17 3.795308e-18
6456.860000 4.398833e-17 3.792874e-18
6459.860000 4.371688e-17 3.871245e-18
6462.860000 4.573392e-17 3.949294e-18
6465.860000 4.756396e-17 4.094957e-18
6468.860000 5.163460e-17 4.227248e-18
6471.860000 5.181011e-17 4.390844e-18
6474.860000 4.897618e-17 4.481790e-18
6477.860000 3.946065e-17 4.462275e-18
6480.860000 3.957838e-17 4.541648e-18
6483.860000 4.716420e-17 4.614999e-18
6486.860000 4.243690e-17 4.653224e-18
6489.860000 4.315067e-17 4.731996e-18
6492.860000 4.217299e-17 4.802499e-18
6495.860000 4.508362e-17 4.782075e-18
6498.860000 3.669902e-17 4.638666e-18
6501.860000 4.748862e-17 4.651897e-18
6504.860000 4.494242e-17 4.630977e-18
6507.860000 4.517359e-17 4.550566e-18
6510.860000 4.497716e-17 4.431085e-18
6513.860000 4.492728e-17 4.249044e-18
6516.860000 3.828746e-17 4.021861e-18
6519.860000 4.112024e-17 3.955131e-18
6522.860000 4.622169e-17 3.930306e-18
6525.860000 4.427423e-17 3.815132e-18
6528.860000 4.781879e-17 3.769742e-18
6531.860000 5.206136e-17 3.773174e-18
6534.860000 5.178473e-17 3.725828e-18
6537.860000 4.940150e-17 3.681260e-18
6540.860000 5.278673e-17 3.662924e-18
6543.860000 5.136398e-17 3.624254e-18
6546.860000 4.524815e-17 3.543782e-18
6549.860000 4.397089e-17 3.522564e-18
6552.860000 4.398274e-17 3.519220e-18
6555.860000 4.528632e-17 3.543258e-18
6558.860000 4.793303e-17 3.591958e-18
6561.860000 4.141382e-17 3.548113e-18
6564.860000 3.903039e-17 3.544552e-18
6567.860000 4.296018e-17 3.613377e-18
6570.860000 4.080390e-17 3.619981e-18
6573.860000 4.849448e-17 3.646145e-18
6576.860000 5.237601e-17 3.643577e-18
6579.860000 4.701849e-17 3.665388e-18
6582.860000 4.589944e-17 3.744435e-18
6585.860000 4.881716e-17 3.836146e-18
6588.860000 4.949354e-17 3.899595e-18
6591.860000 4.605470e-17 3.900088e-18
6594.860000 4.756932e-17 3.908825e-18
6597.860000 4.789878e-17 3.955888e-18
6600.860000 5.084393e-17 4.095737e-18
6603.860000 4.989518e-17 4.167629e-18
6606.860000 5.487020e-17 4.338888e-18
6609.860000 5.386972e-17 4.392914e-18
6612.860000 5.395579e-17 4.493868e-18
6615.860000 4.833964e-17 4.533645e-18
6618.860000 4.460007e-17 4.557459e-18
6621.860000 4.951762e-17 4.504605e-18
6624.860000 5.535554e-17 4.454810e-18
6627.860000 5.113071e-17 4.307812e-18
6630.860000 5.139288e-17 4.205523e-18
6633.860000 4.488074e-17 4.091100e-18
6636.860000 4.520465e-17 4.076123e-18
6639.860000 4.837598e-17 3.999666e-18
6642.860000 4.836914e-17 3.897348e-18
6645.860000 4.564816e-17 3.779728e-18
6648.860000 4.706049e-17 3.686275e-18
6651.860000 5.326919e-17 3.655176e-18
6654.860000 4.535760e-17 3.516350e-18
6657.860000 4.322785e-17 3.447919e-18
6660.860000 4.569738e-17 3.436216e-18
6663.860000 4.591806e-17 3.405004e-18
6666.860000 4.610542e-17 3.360502e-18
6669.860000 4.454971e-17 3.288484e-18
6672.860000 4.417448e-17 3.256658e-18
6675.860000 4.650967e-17 3.243650e-18
6678.860000 5.227640e-17 3.292251e-18
6681.860000 5.232710e-17 3.269258e-18
6684.860000 4.882155e-17 3.221156e-18
6687.860000 5.244364e-17 3.254824e-18
6690.860000 5.329687e-17 3.259388e-18
6693.860000 5.229194e-17 3.280218e-18
6696.860000 5.299495e-17 3.304845e-18
6699.860000 4.827928e-17 3.299450e-18
6702.860000 4.824776e-17 3.349772e-18
6705.860000 4.712565e-17 3.377308e-18
6708.860000 4.911454e-17 3.430663e-18
6711.860000 5.558016e-17 3.522091e-18
6714.860000 5.624845e-17 3.563207e-18
6717.860000 5.021709e-17 3.627690e-18
6720.860000 4.380574e-17 3.685315e-18
6723.860000 4.633026e-17 3.809831e-18
6726.860000 4.340823e-17 3.818628e-18
6729.860000 5.120842e-17 3.942444e-18
6732.860000 4.973116e-17 4.059311e-18
6735.860000 4.690025e-17 4.084343e-18
6738.860000 4.467585e-17 4.185160e-18
6741.860000 4.710990e-17 4.294982e-18
6744.860000 4.602615e-17 4.299735e-18
6747.860000 3.754774e-17 4.207808e-18
6750.860000 4.527469e-17 4.125814e-18
6753.860000 4.863447e-17 4.070999e-18
6756.860000 4.554071e-17 3.974337e-18
6759.860000 4.800845e-17 3.869828e-18
6762.860000 4.521995e-17 3.757680e-18
6765.860000 4.639306e-17 3.682963e-18
6768.860000 4.359332e-17 3.606415e-18
6771.860000 3.790869e-17 3.466377e-18
6774.860000 4.119884e-17 3.399780e-18
6777.860000 4.782483e-17 3.410515e-18
6780.860000 4.778488e-17 3.335700e-18
6783.860000 4.578424e-17 3.274854e-18
6786.860000 3.948743e-17 3.200856e-18
6789.860000 3.826508e-17 3.145225e-18
6792.860000 4.002751e-17 3.110323e-18
6795.860000 4.105622e-17 3.070049e-18
6798.860000 4.249129e-17 3.053939e-18
6801.860000 4.352106e-17 3.036513e-18
6804.860000 4.596191e-17 3.038238e-18
6807.860000 4.973977e-17 3.057194e-18
6810.860000 4.849239e-17 3.038623e-18
6813.860000 4.313009e-17 3.003539e-18
6816.860000 4.235343e-17 3.023654e-18
6819.860000 4.661156e-17 3.085024e-18
6822.860000 4.541184e-17 3.107835e-18
6825.860000 4.010406e-17 3.140998e-18
6828.860000 3.895618e-17 3.249750e-18
6831.860000 3.960713e-17 3.448920e-18
6834.860000 3.915888e-17 3.668224e-18
6837.860000 4.047267e-17 3.822925e-18
6840.860000 3.927317e-17 3.846114e-18
6843.860000 3.630063e-17 3.786377e-18
6846.860000 3.138703e-17 3.673330e-18
6849.860000 3.633513e-17 3.693035e-18
6852.860000 3.966880e-17 3.741516e-18
6855.860000 3.837891e-17 3.733773e-18
6858.860000 3.960453e-17 3.823612e-18
6861.860000 4.409696e-17 4.001855e-18
6864.860000 4.480937e-17 4.271807e-18
6867.860000 4.905834e-17 4.777654e-18
6870.860000 5.187640e-17 5.211520e-18
6873.860000 4.169536e-17 5.172155e-18
6876.860000 2.999277e-17 4.936360e-18
6879.860000 2.840362e-17 4.540222e-18
6882.860000 2.909695e-17 4.271683e-18
6885.860000 3.588559e-17 4.066812e-18
6888.860000 4.011987e-17 3.956997e-18
6891.860000 4.306492e-17 3.919131e-18
6894.860000 4.730586e-17 3.893814e-18
6897.860000 4.290390e-17 3.787128e-18
6900.860000 3.796423e-17 3.627303e-18
6903.860000 4.137832e-17 3.553858e-18
6906.860000 4.623649e-17 3.548120e-18
6909.860000 4.000358e-17 3.443209e-18
6912.860000 4.118476e-17 3.349303e-18
6915.860000 4.549680e-17 3.314485e-18
6918.860000 4.608977e-17 3.285885e-18
6921.860000 4.548885e-17 3.272942e-18
6924.860000 4.428285e-17 3.247098e-18
6927.860000 4.747604e-17 3.266941e-18
6930.860000 4.499805e-17 3.246167e-18
6933.860000 4.170554e-17 3.150495e-18
6936.860000 4.371067e-17 3.066052e-18
6939.860000 4.307149e-17 3.025499e-18
6942.860000 4.391266e-17 3.073537e-18
6945.860000 4.713343e-17 3.157051e-18
6948.860000 4.551033e-17 3.218445e-18
6951.860000 4.377877e-17 3.308891e-18
6954.860000 4.676350e-17 3.445548e-18
6957.860000 4.569311e-17 3.441262e-18
6960.860000 3.818095e-17 3.346452e-18
6963.860000 3.634649e-17 3.284688e-18
6966.860000 3.445497e-17 3.314809e-18
6969.860000 3.729220e-17 3.387242e-18
6972.860000 4.309378e-17 3.499818e-18
6975.860000 4.657763e-17 3.631896e-18
6978.860000 4.960241e-17 3.759170e-18
6981.860000 4.817428e-17 3.865357e-18
6984.860000 5.110579e-17 3.985334e-18
6987.860000 4.012264e-17 3.960680e-18
6990.860000 4.206710e-17 4.003512e-18
6993.860000 4.364619e-17 4.043467e-18
6996.860000 3.726441e-17 3.989253e-18
6999.860000 3.916995e-17 3.918042e-18
7002.860000 4.363388e-17 3.864605e-18
7005.860000 4.566932e-17 3.804894e-18
7008.860000 4.490800e-17 3.731248e-18
7011.860000 3.875014e-17 3.636926e-18
7014.860000 3.945528e-17 3.542859e-18
7017.860000 3.970098e-17 3.485647e-18
7020.860000 4.072886e-17 3.443690e-18
7023.860000 4.039217e-17 3.334914e-18
7026.860000 3.177817e-17 3.191615e-18
7029.860000 3.438197e-17 3.102780e-18
7032.860000 3.407664e-17 3.042767e-18
7035.860000 3.676383e-17 3.000791e-18
7038.860000 3.442956e-17 2.945213e-18
7041.860000 3.324905e-17 2.894733e-18
7044.860000 3.749304e-17 2.896632e-18
7047.860000 4.185132e-17 2.917033e-18
7050.860000 4.176252e-17 2.930026e-18
7053.860000 3.963313e-17 2.936160e-18
7056.860000 3.824029e-17 2.937183e-18
7059.860000 4.032932e-17 2.947402e-18
7062.860000 4.492162e-17 2.952072e-18
7065.860000 4.196231e-17 2.918139e-18
7068.860000 3.411873e-17 2.889457e-18
7071.860000 3.387207e-17 2.932924e-18
7074.860000 3.770050e-17 2.992591e-18
7077.860000 3.926843e-17 3.042348e-18
7080.860000 4.018377e-17 3.070941e-18
7083.860000 3.875391e-17 3.110567e-18
7086.860000 4.077406e-17 3.177835e-18
7089.860000 3.673030e-17 3.208204e-18
7092.860000 2.879250e-17 3.214915e-18
7095.860000 2.842419e-17 3.267645e-18
7098.860000 3.381643e-17 3.351514e-18
7101.860000 3.423907e-17 3.368826e-18
7104.860000 3.667484e-17 3.427842e-18
7107.860000 3.338007e-17 3.470957e-18
7110.860000 3.386092e-17 3.548448e-18
7113.860000 3.823656e-17 3.653468e-18
7116.860000 3.984621e-17 3.732021e-18
7119.860000 4.065953e-17 3.877005e-18
7122.860000 4.205492e-17 3.860834e-18
7125.860000 4.257653e-17 3.809331e-18
7128.860000 3.671571e-17 3.678828e-18
7131.860000 3.732734e-17 3.590014e-18
7134.860000 3.379652e-17 3.498284e-18
7137.860000 3.660776e-17 3.475477e-18
7140.860000 3.006398e-17 3.366991e-18
7143.860000 3.507527e-17 3.301389e-18
7146.860000 3.534021e-17 3.230885e-18
7149.860000 3.838519e-17 3.189863e-18
7152.860000 4.035142e-17 3.149824e-18
7155.860000 3.624474e-17 3.085509e-18
7158.860000 3.479649e-17 3.001928e-18
7161.860000 3.629363e-17 2.947017e-18
7164.860000 3.469081e-17 2.909302e-18
7167.860000 3.237589e-17 2.869491e-18
7170.860000 3.119296e-17 2.808558e-18
7173.860000 3.540213e-17 2.796780e-18
7176.860000 3.718810e-17 2.790070e-18
7179.860000 3.988805e-17 2.787304e-18
7182.860000 3.810652e-17 2.768551e-18
7185.860000 3.017685e-17 2.726169e-18
7188.860000 2.777245e-17 2.706950e-18
7191.860000 3.284822e-17 2.721785e-18
7194.860000 3.680282e-17 2.748405e-18
7197.860000 3.557847e-17 2.760145e-18
7200.860000 3.051921e-17 2.757334e-18
7203.860000 2.770581e-17 2.772519e-18
7206.860000 2.971667e-17 2.806052e-18
7209.860000 3.012383e-17 2.859592e-18
7212.860000 2.914063e-17 2.915675e-18
7215.860000 2.997545e-17 2.983336e-18
7218.860000 3.262047e-17 3.065217e-18
7221.860000 3.288988e-17 3.165599e-18
7224.860000 3.532005e-17 3.276359e-18
7227.860000 3.691661e-17 3.361111e-18
7230.860000 3.173280e-17 3.434808e-18
7233.860000 2.714473e-17 3.466102e-18
7236.860000 2.260343e-17 3.577055e-18
7239.860000 3.058481e-17 3.886539e-18
7242.860000 3.618372e-17 4.372339e-18
7245.860000 3.954541e-17 4.963241e-18
7248.860000 3.727646e-17 5.221382e-18
7251.860000 3.474604e-17 5.036566e-18
7254.860000 2.662293e-17 4.572984e-18
7257.860000 3.097412e-17 4.111518e-18
7260.860000 2.962195e-17 3.770682e-18
7263.860000 3.249391e-17 3.556447e-18
7266.860000 2.802120e-17 3.407499e-18
7269.860000 2.823680e-17 3.261432e-18
7272.860000 2.822253e-17 3.233233e-18
7275.860000 2.685574e-17 3.326572e-18
7278.860000 3.250578e-17 3.599807e-18
7281.860000 4.184712e-17 3.972109e-18
7284.860000 3.423497e-17 4.023524e-18
7287.860000 2.823599e-17 3.779079e-18
7290.860000 2.667442e-17 3.507904e-18
7293.860000 2.149841e-17 3.253207e-18
7296.860000 2.469188e-17 3.021664e-18
7299.860000 2.769704e-17 2.905744e-18
7302.860000 2.944400e-17 2.887409e-18
7305.860000 3.269905e-17 2.929882e-18
7308.860000 3.475073e-17 2.987940e-18
7311.860000 2.988683e-17 2.963573e-18
7314.860000 2.752748e-17 2.944510e-18
7317.860000 3.192636e-17 3.119735e-18
7320.860000 3.351974e-17 3.398618e-18
7323.860000 3.055789e-17 3.504059e-18
7326.860000 3.102859e-17 3.352520e-18
7329.860000 3.062230e-17 3.178006e-18
7332.860000 3.154556e-17 3.203799e-18
7335.860000 3.410964e-17 3.322089e-18
7338.860000 3.286670e-17 3.391204e-18
7341.860000 3.268805e-17 3.556610e-18
7344.860000 3.485788e-17 3.950265e-18
7347.860000 3.582997e-17 4.215429e-18
7350.860000 2.552445e-17 4.037833e-18
7353.860000 2.519360e-17 3.693979e-18
7356.860000 2.713829e-17 3.555993e-18
7359.860000 3.763285e-17 3.644532e-18
7362.860000 3.829215e-17 3.894684e-18
7365.860000 3.505404e-17 4.077528e-18
7368.860000 3.151531e-17 4.170632e-18
7371.860000 3.752999e-17 4.362805e-18
7374.860000 3.155922e-17 4.605010e-18
7377.860000 2.926130e-17 4.534984e-18
7380.860000 2.622347e-17 4.114164e-18
7383.860000 2.358967e-17 3.708233e-18
7386.860000 2.411380e-17 3.476017e-18
7389.860000 2.708906e-17 3.365490e-18
7392.860000 3.284688e-17 3.333903e-18
7395.860000 3.126548e-17 3.338677e-18
7398.860000 3.050084e-17 3.358903e-18
7401.860000 3.268410e-17 3.338993e-18
7404.860000 3.185455e-17 3.318010e-18
7407.860000 3.405426e-17 3.390479e-18
7410.860000 3.292820e-17 3.356850e-18
7413.860000 2.567677e-17 3.115488e-18
7416.860000 2.609017e-17 2.888590e-18
7419.860000 2.785516e-17 2.774667e-18
7422.860000 2.798738e-17 2.724908e-18
7425.860000 3.095223e-17 2.720802e-18
7428.860000 3.110400e-17 2.720020e-18
7431.860000 2.842696e-17 2.719149e-18
7434.860000 2.933071e-17 2.765862e-18
7437.860000 3.362585e-17 2.831115e-18
7440.860000 3.472144e-17 2.878624e-18
7443.860000 3.284505e-17 2.931264e-18
7446.860000 3.077836e-17 2.941480e-18
7449.860000 2.805377e-17 2.870350e-18
7452.860000 2.515592e-17 2.793741e-18
7455.860000 2.401402e-17 2.776396e-18
7458.860000 2.654801e-17 2.823967e-18
7461.860000 2.771500e-17 2.867783e-18
7464.860000 3.012966e-17 2.948357e-18
7467.860000 3.119379e-17 3.064870e-18
7470.860000 3.193373e-17 3.175578e-18
7473.860000 2.996594e-17 3.305964e-18
7476.860000 2.864059e-17 3.420690e-18
7479.860000 2.901696e-17 3.557495e-18
7482.860000 3.602832e-17 3.720612e-18
7485.860000 3.879524e-17 3.870103e-18
7488.860000 3.510330e-17 3.939599e-18
7491.860000 2.949366e-17 3.925141e-18
7494.860000 2.545285e-17 3.851015e-18
7497.860000 3.202133e-17 3.862833e-18
7500.860000 2.967477e-17 3.781659e-18
7503.860000 3.071015e-17 3.643192e-18
7506.860000 2.963417e-17 3.511880e-18
7509.860000 2.524678e-17 3.377142e-18
7512.860000 2.825450e-17 3.333300e-18
7515.860000 2.869497e-17 3.263164e-18
7518.860000 2.560522e-17 3.161862e-18
7521.860000 2.696211e-17 3.162057e-18
7524.860000 3.134630e-17 3.274843e-18
7527.860000 2.821477e-17 3.417774e-18
7530.860000 3.057158e-17 3.550588e-18
7533.860000 2.943395e-17 3.478837e-18
7536.860000 2.682300e-17 3.261038e-18
7539.860000 2.789033e-17 3.069356e-18
7542.860000 2.958946e-17 2.906959e-18
7545.860000 2.933649e-17 2.799798e-18
7548.860000 2.697417e-17 2.742517e-18
7551.860000 2.969775e-17 2.710698e-18
7554.860000 3.121382e-17 2.711196e-18
7557.860000 2.803101e-17 2.706046e-18
7560.860000 2.673332e-17 2.718407e-18
7563.860000 2.862997e-17 2.769162e-18
7566.860000 3.044669e-17 2.797940e-18
7569.860000 2.939836e-17 2.820243e-18
7572.860000 2.621522e-17 2.909457e-18
7575.860000 2.695805e-17 3.089732e-18
7578.860000 2.937587e-17 3.209114e-18
7581.860000 2.711148e-17 3.130885e-18
7584.860000 2.349649e-17 2.995011e-18
7587.860000 2.476469e-17 2.968084e-18
7590.860000 2.941928e-17 3.111208e-18
7593.860000 3.284776e-17 3.306631e-18
7596.860000 3.247473e-17 3.607696e-18
7599.860000 2.846443e-17 4.194660e-18
7602.860000 3.220479e-17 5.121376e-18
7605.860000 2.864447e-17 6.287896e-18
7608.860000 1.642226e-17 6.945851e-18
7611.860000 1.876487e-17 7.225470e-18
7614.860000 2.791685e-17 6.959474e-18
7617.860000 2.717172e-17 6.172731e-18
7620.860000 3.026245e-17 5.555332e-18
7623.860000 2.886374e-17 5.269444e-18
7626.860000 3.064681e-17 5.164596e-18
7629.860000 3.123838e-17 5.365486e-18
7632.860000 2.918034e-17 5.479338e-18
7635.860000 2.746987e-17 5.577969e-18
7638.860000 2.314030e-17 5.326700e-18
7641.860000 2.435753e-17 4.900838e-18
7644.860000 1.861623e-17 4.524819e-18
7647.860000 2.006401e-17 4.271111e-18
7650.860000 2.460733e-17 4.071095e-18
7653.860000 2.154531e-17 3.851005e-18
7656.860000 2.207592e-17 3.648726e-18
7659.860000 2.373597e-17 3.519151e-18
7662.860000 2.964282e-17 3.436873e-18
7665.860000 3.223159e-17 3.331325e-18
7668.860000 3.219859e-17 3.268463e-18
7671.860000 2.595363e-17 3.122844e-18
7674.860000 2.507407e-17 2.975923e-18
7677.860000 2.514761e-17 2.888249e-18
7680.860000 2.061891e-17 2.794459e-18
7683.860000 2.103372e-17 2.744149e-18
7686.860000 2.727874e-17 2.767010e-18
7689.860000 3.110491e-17 2.803446e-18
7692.860000 3.206253e-17 2.840743e-18
7695.860000 3.282991e-17 2.866221e-18
7698.860000 3.044185e-17 2.878080e-18
7701.860000 2.822300e-17 2.883330e-18
7704.860000 2.718194e-17 2.914443e-18
7707.860000 2.247037e-17 2.937293e-18
7710.860000 2.064430e-17 3.049840e-18
7713.860000 2.911813e-17 3.416910e-18
7716.860000 2.451935e-17 4.058920e-18
7719.860000 3.163167e-17 4.700721e-18
7722.860000 2.470101e-17 4.816178e-18
7725.860000 1.843128e-17 4.529517e-18
7728.860000 1.146605e-17 4.150351e-18
7731.860000 1.833688e-17 3.970836e-18
7734.860000 2.166602e-17 3.850655e-18
7737.860000 2.784047e-17 3.797751e-18
7740.860000 2.571568e-17 3.787932e-18
7743.860000 3.320613e-17 3.873851e-18
7746.860000 3.347393e-17 3.968547e-18
7749.860000 3.621279e-17 4.185737e-18
7752.860000 3.328173e-17 4.718906e-18
7755.860000 2.984878e-17 5.312074e-18
7758.860000 2.223383e-17 5.341359e-18
7761.860000 1.465340e-17 4.796916e-18
7764.860000 2.291702e-17 4.358388e-18
7767.860000 2.632157e-17 4.069054e-18
7770.860000 1.564884e-17 3.706262e-18
7773.860000 1.281280e-17 3.399711e-18
7776.860000 2.434188e-17 3.372531e-18
7779.860000 3.473871e-17 3.481804e-18
7782.860000 2.873432e-17 3.477063e-18
7785.860000 2.687703e-17 3.421690e-18
7788.860000 2.672443e-17 3.340469e-18
7791.860000 2.595981e-17 3.258801e-18
7794.860000 2.850149e-17 3.322951e-18
7797.860000 3.458754e-17 3.643921e-18
7800.860000 3.051757e-17 3.873100e-18
7803.860000 1.938651e-17 3.676945e-18
7806.860000 1.736108e-17 3.258451e-18
7809.860000 2.241259e-17 3.081201e-18
7812.860000 2.627085e-17 3.166998e-18
7815.860000 2.658059e-17 3.237737e-18
7818.860000 2.268000e-17 3.210210e-18
7821.860000 2.456385e-17 3.327433e-18
7824.860000 2.707532e-17 3.734477e-18
7827.860000 1.948456e-17 4.020268e-18
7830.860000 9.938273e-18 3.837225e-18
7833.860000 1.376706e-17 3.421664e-18
7836.860000 2.053397e-17 3.145470e-18
7839.860000 2.436032e-17 3.125211e-18
7842.860000 2.510237e-17 3.255871e-18
7845.860000 2.968775e-17 3.510170e-18
7848.860000 2.406334e-17 3.643411e-18
7851.860000 1.996365e-17 3.755578e-18
7854.860000 2.538738e-17 4.181715e-18
7857.860000 2.313335e-17 4.865352e-18
7860.860000 2.644655e-17 5.217120e-18
7863.860000 2.202358e-17 5.057096e-18
7866.860000 1.339547e-17 4.748976e-18
7869.860000 1.969862e-17 4.586304e-18
7872.860000 2.854776e-17 4.652946e-18
7875.860000 2.746795e-17 4.791043e-18
7878.860000 2.506602e-17 4.683380e-18
7881.860000 2.181850e-17 4.420006e-18
7884.860000 1.594048e-17 4.250090e-18
7887.860000 2.236845e-17 4.267073e-18
7890.860000 2.037837e-17 4.144008e-18
7893.860000 2.361636e-17 4.189191e-18
7896.860000 3.057021e-17 4.257526e-18
7899.860000 2.268554e-17 4.008623e-18
7902.860000 1.634891e-17 3.557392e-18
7905.860000 2.108515e-17 3.334303e-18
7908.860000 2.184478e-17 3.201681e-18
7911.860000 1.983100e-17 3.217751e-18
7914.860000 2.109640e-17 3.532851e-18
7917.860000 2.577946e-17 4.118441e-18
7920.860000 2.922024e-17 4.498965e-18
7923.860000 2.116833e-17 4.370189e-18
7926.860000 1.252379e-17 4.000017e-18
7929.860000 1.289724e-17 3.670574e-18
7932.860000 1.912305e-17 3.436027e-18
7935.860000 2.338282e-17 3.346491e-18
7938.860000 2.339524e-17 3.307127e-18
7941.860000 1.713768e-17 3.140888e-18
7944.860000 1.489182e-17 2.964747e-18
7947.860000 1.538879e-17 2.925293e-18
7950.860000 2.300712e-17 3.061148e-18
7953.860000 2.877866e-17 3.230624e-18
7956.860000 2.655207e-17 3.274915e-18
7959.860000 1.933415e-17 3.194203e-18
7962.860000 2.211514e-17 3.235465e-18
7965.860000 3.359775e-17 3.601195e-18
7968.860000 3.438716e-17 4.152623e-18
7971.860000 2.790993e-17 4.438454e-18
7974.860000 2.343320e-17 4.203726e-18
7977.860000 2.031487e-17 3.896047e-18
7980.860000 2.205751e-17 3.854981e-18
7983.860000 2.568780e-17 4.094511e-18
7986.860000 2.591364e-17 4.246699e-18
7989.860000 1.299923e-17 4.125992e-18
7992.860000 1.608615e-17 4.186903e-18
7995.860000 2.624337e-17 4.752144e-18
7998.860000 3.298225e-17 5.511615e-18
8001.860000 2.649854e-17 5.501770e-18
8004.860000 1.064765e-17 4.776010e-18
8007.860000 1.371183e-17 4.116360e-18
8010.860000 1.478553e-17 3.752425e-18
8013.860000 1.514836e-17 3.597346e-18
8016.860000 1.556133e-17 3.634702e-18
8019.860000 2.244313e-17 3.797420e-18
8022.860000 2.255920e-17 3.809127e-18
8025.860000 2.585633e-17 3.774548e-18
8028.860000 3.135324e-17 3.885050e-18
8031.860000 3.033763e-17 4.114931e-18
8034.860000 2.602396e-17 4.048661e-18
8037.860000 1.912729e-17 3.634115e-18
8040.860000 1.735499e-17 3.232454e-18
8043.860000 1.850255e-17 2.999997e-18
8046.860000 2.583958e-17 2.960276e-18
8049.860000 3.027165e-17 2.954512e-18
8052.860000 2.603225e-17 2.956861e-18
8055.860000 2.193021e-17 2.996809e-18
8058.860000 2.159162e-17 3.033016e-18
8061.860000 2.251312e-17 3.044765e-18
8064.860000 2.554963e-17 3.137928e-18
8067.860000 3.000197e-17 3.289250e-18
8070.860000 3.057699e-17 3.296515e-18
8073.860000 2.614496e-17 3.135184e-18
8076.860000 2.541109e-17 3.013297e-18
8079.860000 2.559923e-17 2.990293e-18
8082.860000 2.314706e-17 3.009116e-18
8085.860000 2.398940e-17 3.058323e-18
8088.860000 2.365737e-17 3.111270e-18
8091.860000 1.977087e-17 3.152617e-18
8094.860000 2.144898e-17 3.204986e-18
8097.860000 2.285991e-17 3.300286e-18
8100.860000 2.706498e-17 3.440432e-18
8103.860000 2.595767e-17 3.547090e-18
8106.860000 2.944026e-17 3.719083e-18
8109.860000 3.046891e-17 3.819844e-18
8112.860000 2.056964e-17 3.752693e-18
8115.860000 1.401712e-17 3.698769e-18
8118.860000 2.165782e-17 3.751628e-18
8121.860000 1.994637e-17 3.816952e-18
8124.860000 1.539484e-17 3.821186e-18
8127.860000 2.016544e-17 3.868082e-18
8130.860000 1.996872e-17 3.800648e-18
8133.860000 2.101062e-17 3.750506e-18
8136.860000 1.416083e-17 3.613906e-18
8139.860000 1.766704e-17 3.581550e-18
8142.860000 1.823304e-17 3.502746e-18
8145.860000 1.540136e-17 3.445388e-18
8148.860000 1.706294e-17 3.398219e-18
8151.860000 2.407742e-17 3.411332e-18
8154.860000 2.245554e-17 3.316848e-18
8157.860000 2.026338e-17 3.167132e-18
8160.860000 1.860513e-17 3.069783e-18
8163.860000 1.918132e-17 3.003100e-18
8166.860000 1.842465e-17 2.958193e-18
8169.860000 1.814293e-17 2.937100e-18
8172.860000 2.215030e-17 2.915420e-18
8175.860000 2.184977e-17 2.895340e-18
8178.860000 2.058655e-17 2.869883e-18
8181.860000 2.197501e-17 2.848405e-18
8184.860000 1.880489e-17 2.837207e-18
8187.860000 1.633503e-17 2.834841e-18
8190.860000 1.412551e-17 2.828833e-18
8193.860000 1.419685e-17 2.862697e-18
8196.860000 1.687523e-17 2.896762e-18
8199.860000 1.644004e-17 2.924598e-18
8202.860000 1.843060e-17 2.963100e-18
8205.860000 2.050092e-17 2.970216e-18
8208.860000 2.032051e-17 3.008373e-18
8211.860000 2.108511e-17 3.095837e-18
8214.860000 2.575977e-17 3.204433e-18
8217.860000 2.880267e-17 3.289463e-18
8220.860000 2.814869e-17 3.320829e-18
8223.860000 2.504226e-17 3.303289e-18
8226.860000 2.179378e-17 3.352121e-18
8229.860000 1.807160e-17 3.396297e-18
8232.860000 2.361944e-17 3.478030e-18
8235.860000 2.046551e-17 3.536543e-18
8238.860000 1.537839e-17 3.605517e-18
8241.860000 2.529642e-17 3.779066e-18
8244.860000 2.366392e-17 3.879860e-18
8247.860000 2.991931e-17 4.045749e-18
8250.860000 2.400893e-17 4.075157e-18
8253.860000 2.051620e-17 4.067369e-18
8256.860000 2.287051e-17 3.962310e-18
8259.860000 2.015488e-17 3.836121e-18
8262.860000 1.855508e-17 3.759931e-18
8265.860000 1.594960e-17 3.632197e-18
8268.860000 1.718622e-17 3.530539e-18
8271.860000 1.874410e-17 3.443858e-18
8274.860000 1.824546e-17 3.400844e-18
8277.860000 1.965769e-17 3.401919e-18
8280.860000 1.727895e-17 3.461402e-18
8283.860000 2.056421e-17 3.777079e-18
8286.860000 2.672732e-17 4.181683e-18
8289.860000 2.448518e-17 4.360752e-18
8292.860000 2.399303e-17 4.443669e-18
8295.860000 2.119431e-17 4.413191e-18
8298.860000 5.026571e-18 4.136662e-18
8301.860000 1.523959e-17 4.123062e-18
8304.860000 2.981622e-17 4.298264e-18
8307.860000 2.031110e-17 4.131248e-18
8310.860000 1.136855e-17 3.680143e-18
8313.860000 1.287149e-17 3.400825e-18
8316.860000 2.138210e-17 3.392746e-18
8319.860000 2.253745e-17 3.315129e-18
8322.860000 1.235637e-17 3.119387e-18
8325.860000 7.938682e-18 3.021420e-18
8328.860000 1.228095e-17 3.024713e-18
8331.860000 1.484102e-17 3.002782e-18
8334.860000 1.193171e-17 3.016973e-18
8337.860000 9.014079e-18 3.087424e-18
8340.860000 9.232793e-18 3.307776e-18
8343.860000 5.970819e-18 3.802014e-18
8346.860000 8.305024e-18 5.021074e-18
8349.860000 3.411455e-17 6.216560e-18
8352.860000 3.099281e-17 6.313600e-18
8355.860000 1.451002e-17 5.627469e-18
8358.860000 1.772208e-17 5.238825e-18
8361.860000 1.325415e-17 4.831091e-18
8364.860000 -5.764285e-19 4.351768e-18
8367.860000 1.357066e-17 4.395176e-18
8370.860000 2.538841e-17 4.578156e-18
8373.860000 1.967642e-17 4.553942e-18
8376.860000 1.559865e-17 4.385881e-18
8379.860000 1.543099e-17 4.202710e-18
8382.860000 1.629559e-17 4.155348e-18
8385.860000 2.839133e-17 4.488005e-18
8388.860000 3.233346e-17 4.734037e-18
8391.860000 1.585762e-17 4.460303e-18
8394.860000 -1.559990e-19 3.969256e-18
8397.860000 1.052924e-18 3.844699e-18
8400.860000 4.753079e-18 4.256243e-18
8403.860000 1.855985e-17 5.140508e-18
8406.860000 2.750802e-17 5.478136e-18
8409.860000 1.479712e-17 4.820830e-18
8412.860000 1.535602e-17 3.888635e-18
8415.860000 6.757808e-18 3.467837e-18
8418.860000 2.198858e-17 3.638496e-18
8421.860000 2.248809e-17 3.849684e-18
8424.860000 1.148650e-17 3.741326e-18
8427.860000 1.837197e-18 3.521906e-18
8430.860000 9.659542e-18 3.769426e-18
8433.860000 2.524711e-17 4.556376e-18
8436.860000 3.521537e-17 5.083588e-18
8439.860000 2.604139e-17 4.721737e-18
8442.860000 1.206258e-17 3.827094e-18
8445.860000 5.900613e-18 3.183812e-18
8448.860000 1.081154e-17 3.030893e-18
8451.860000 1.922139e-17 3.141579e-18
8454.860000 2.565695e-17 3.473062e-18
8457.860000 3.321318e-17 3.788131e-18
8460.860000 2.069941e-17 3.791645e-18
8463.860000 9.830652e-18 3.654651e-18
8466.860000 2.158820e-17 4.057529e-18
8469.860000 3.606931e-17 4.838691e-18
8472.860000 3.138421e-17 5.063600e-18
8475.860000 8.968698e-18 4.527592e-18
8478.860000 9.249782e-18 3.919137e-18
8481.860000 6.735533e-18 3.618904e-18
8484.860000 7.333775e-18 3.585021e-18
8487.860000 8.684973e-18 3.647205e-18
8490.860000 1.416335e-17 3.723586e-18
8493.860000 1.870780e-17 3.939577e-18
8496.860000 2.180223e-17 4.277518e-18
8499.860000 2.042047e-17 4.657488e-18
8502.860000 1.418556e-17 4.649288e-18
8505.860000 1.333277e-17 4.640649e-18
8508.860000 2.033960e-17 4.898888e-18
8511.860000 2.018073e-17 5.049894e-18
8514.860000 1.582188e-18 4.534952e-18
8517.860000 7.052328e-18 4.008635e-18
8520.860000 1.524101e-17 3.683662e-18
8523.860000 1.388468e-17 3.479053e-18
8526.860000 1.336607e-17 3.420174e-18
8529.860000 1.593391e-17 3.374812e-18
8532.860000 1.058407e-17 3.232097e-18
8535.860000 1.251672e-17 3.179087e-18
8538.860000 1.499500e-17 3.193290e-18
8541.860000 1.245679e-17 3.188832e-18
8544.860000 1.506223e-17 3.264490e-18
8547.860000 1.576696e-17 3.251493e-18
8550.860000 1.846530e-17 3.247091e-18
8553.860000 2.269373e-17 3.317179e-18
8556.860000 2.085933e-17 3.342528e-18
8559.860000 1.546529e-17 3.186263e-18
8562.860000 1.680763e-17 3.035330e-18
8565.860000 1.769969e-17 2.994202e-18
8568.860000 1.509189e-17 2.971540e-18
8571.860000 1.280857e-17 2.931294e-18
8574.860000 1.032315e-17 2.929300e-18
8577.860000 1.103379e-17 2.977263e-18
8580.860000 1.377185e-17 3.040153e-18
8583.860000 1.566125e-17 3.060630e-18
8586.860000 1.688844e-17 3.122602e-18
8589.860000 1.215949e-17 3.152166e-18
8592.860000 1.387743e-17 3.261748e-18
8595.860000 1.596034e-17 3.329770e-18
8598.860000 1.418857e-17 3.389353e-18
8601.860000 1.630832e-17 3.525373e-18
8604.860000 1.662883e-17 3.618268e-18
8607.860000 1.413067e-17 3.636066e-18
8610.860000 1.817034e-17 3.702028e-18
8613.860000 1.662982e-17 3.767527e-18
8616.860000 1.382637e-17 4.002332e-18
8619.860000 1.956211e-17 4.455635e-18
8622.860000 1.928681e-17 4.923352e-18
8625.860000 2.102814e-17 5.491668e-18
8628.860000 2.436997e-17 5.970808e-18
8631.860000 2.477170e-17 6.234423e-18
8634.860000 3.146393e-17 6.302287e-18
8637.860000 2.234085e-17 6.092074e-18
8640.860000 1.728385e-17 5.815524e-18
8643.860000 5.369939e-18 5.306346e-18
8646.860000 1.131029e-18 4.791750e-18
8649.860000 4.483803e-18 4.403866e-18
8652.860000 1.968173e-17 4.432852e-18
8655.860000 2.939619e-17 4.680608e-18
8658.860000 3.234540e-17 4.929740e-18
8661.860000 3.547977e-17 5.048874e-18
8664.860000 3.750556e-17 5.076673e-18
8667.860000 2.651440e-17 4.969123e-18
8670.860000 2.186739e-17 4.849461e-18
8673.860000 1.535990e-17 4.636860e-18
8676.860000 1.533868e-17 4.449589e-18
8679.860000 1.567972e-17 4.241971e-18
8682.860000 1.189883e-17 3.928243e-18
8685.860000 1.262816e-17 3.702301e-18
8688.860000 1.136644e-17 3.522431e-18
8691.860000 1.652423e-17 3.423985e-18
8694.860000 1.608236e-17 3.324936e-18
8697.860000 9.073919e-18 3.232669e-18
8700.860000 1.258743e-17 3.225245e-18
8703.860000 2.029507e-17 3.243868e-18
8706.860000 1.856055e-17 3.225471e-18
8709.860000 1.574219e-17 3.249023e-18
8712.860000 1.729911e-17 3.301004e-18
8715.860000 1.361798e-17 3.325304e-18
8718.860000 1.162465e-17 3.289484e-18
8721.860000 1.147615e-17 3.307356e-18
8724.860000 1.454625e-17 3.358785e-18
8727.860000 1.298134e-17 3.431355e-18
8730.860000 1.832824e-17 3.508996e-18
8733.860000 2.112289e-17 3.645349e-18
8736.860000 1.050790e-17 3.647354e-18
8739.860000 1.726315e-17 3.819375e-18
8742.860000 1.968730e-17 3.924028e-18
8745.860000 2.004787e-17 4.036484e-18
8748.860000 1.535656e-17 4.101811e-18
8751.860000 1.062364e-17 4.129686e-18
8754.860000 1.584022e-17 4.229309e-18
8757.860000 1.046060e-17 4.204003e-18
8760.860000 7.956047e-18 4.480708e-18
8763.860000 8.040969e-18 5.275484e-18
8766.860000 1.225590e-18 5.978734e-18
8769.860000 1.719751e-17 6.323057e-18
8772.860000 2.809936e-17 6.468143e-18
8775.860000 1.411304e-17 6.224758e-18
8778.860000 1.226443e-18 5.621200e-18
8781.860000 3.459493e-17 5.665407e-18
8784.860000 4.629475e-17 5.921737e-18
8787.860000 1.934249e-17 5.295571e-18
8790.860000 9.697306e-18 4.248690e-18
8793.860000 1.731313e-17 3.876378e-18
8796.860000 2.256334e-17 3.945988e-18
8799.860000 1.519434e-17 3.860646e-18
8802.860000 1.431515e-17 3.542165e-18
8805.860000 1.037663e-17 3.243582e-18
8808.860000 1.219707e-17 3.097788e-18
8811.860000 2.227250e-17 3.128069e-18
8814.860000 2.238969e-17 3.159300e-18
8817.860000 1.769024e-17 3.173376e-18
8820.860000 1.112197e-17 3.185889e-18
8823.860000 1.013084e-17 3.391552e-18
8826.860000 1.220984e-17 4.213019e-18
8829.860000 3.600591e-17 5.804890e-18
8832.860000 5.990521e-17 6.915974e-18
8835.860000 1.694464e-17 6.704652e-18
8838.860000 1.017042e-18 5.997629e-18
8841.860000 7.911683e-18 5.551962e-18
8844.860000 1.657275e-18 5.081072e-18
8847.860000 -2.858336e-18 4.464646e-18
8850.860000 1.410224e-17 4.208551e-18
8853.860000 3.084526e-17 4.359637e-18
8856.860000 2.174441e-17 4.399762e-18
8859.860000 4.267064e-18 4.257953e-18
8862.860000 2.603234e-18 4.010953e-18
8865.860000 1.069912e-17 4.135671e-18
8868.860000 1.608283e-17 4.589640e-18
8871.860000 3.011830e-17 5.413317e-18
8874.860000 3.707986e-17 5.865241e-18
8877.860000 1.262968e-17 5.496329e-18
8880.860000 3.253651e-18 4.816310e-18
8883.860000 2.456422e-19 4.471768e-18
8886.860000 1.665186e-17 5.238567e-18
8889.860000 4.366603e-17 6.694246e-18
8892.860000 4.850108e-17 7.503659e-18
8895.860000 4.719603e-18 6.757907e-18
8898.860000 5.447233e-19 5.245077e-18
8901.860000 2.334804e-18 4.404624e-18
8904.860000 2.097724e-17 4.311741e-18
8907.860000 4.106848e-17 4.861961e-18
8910.860000 1.768910e-17 4.969167e-18
8913.860000 -1.129030e-17 4.484363e-18
8916.860000 -1.161475e-17 4.006391e-18
8919.860000 1.453101e-17 4.263445e-18
8922.860000 4.637522e-17 5.362598e-18
8925.860000 5.689580e-17 6.312532e-18
8928.860000 4.005990e-17 6.105998e-18
8931.860000 2.728759e-17 4.951895e-18
8934.860000 1.587168e-17 3.940916e-18
8937.860000 -1.729317e-18 3.486446e-18
8940.860000 4.758743e-18 3.415166e-18
8943.860000 1.666898e-17 3.626081e-18
8946.860000 2.422846e-17 4.025773e-18
8949.860000 2.503602e-17 4.323801e-18
8952.860000 7.423376e-18 4.177888e-18
8955.860000 -1.230469e-18 3.914086e-18
8958.860000 1.231418e-17 4.282783e-18
8961.860000 3.473579e-17 5.352424e-18
8964.860000 3.665314e-17 5.864744e-18
8967.860000 1.205570e-17 5.338192e-18
8970.860000 9.256426e-18 4.417946e-18
8973.860000 3.403667e-18 3.840662e-18
8976.860000 3.923893e-18 3.765327e-18
8979.860000 1.206874e-17 3.812755e-18
8982.860000 1.359498e-17 3.893114e-18
8985.860000 1.431572e-17 4.073765e-18
8988.860000 2.095810e-17 4.348658e-18
8991.860000 2.876424e-17 4.808338e-18
8994.860000 2.078476e-17 5.120614e-18
8997.860000 3.707603e-18 5.097985e-18
9000.860000 1.376449e-17 5.093045e-18
9003.860000 2.936164e-17 5.701002e-18
9006.860000 3.962547e-17 6.507734e-18
9009.860000 1.769162e-17 6.308280e-18
9012.860000 2.965253e-18 5.385421e-18
9015.860000 -8.812289e-18 4.466854e-18
9018.860000 5.029350e-18 4.093027e-18
9021.860000 1.306859e-17 3.963648e-18
9024.860000 1.007904e-17 3.875931e-18
9027.860000 6.600282e-18 3.856942e-18
9030.860000 6.565588e-18 3.766722e-18
9033.860000 8.967231e-18 3.730191e-18
9036.860000 1.400470e-17 3.749431e-18
9039.860000 2.330328e-17 3.854242e-18
9042.860000 2.853059e-17 4.023161e-18
9045.860000 1.999429e-17 4.051534e-18
9048.860000 1.594982e-17 3.959228e-18
9051.860000 1.564203e-17 3.960510e-18
9054.860000 1.853817e-17 4.151906e-18
9057.860000 1.240362e-17 4.185921e-18
9060.860000 3.927750e-18 3.939967e-18
9063.860000 4.889532e-18 3.662315e-18
9066.860000 9.680092e-18 3.516289e-18
9069.860000 1.008999e-17 3.489794e-18
9072.860000 1.904222e-18 3.433013e-18
9075.860000 -2.359525e-18 3.419069e-18
9078.860000 2.687520e-18 3.445131e-18
9081.860000 6.986658e-18 3.430274e-18
9084.860000 6.415104e-18 3.480322e-18
9087.860000 1.043958e-17 3.597318e-18
9090.860000 7.860761e-18 3.636580e-18
9093.860000 8.317582e-18 3.767778e-18
9096.860000 1.870453e-17 3.994805e-18
9099.860000 1.540690e-17 4.064678e-18
