3450.000  1.867e-14
3451.270  -3.975e-15
3452.540  1.316e-14
3453.810  5.675e-14
3455.080  7.621e-14
3456.360  4.838e-14
3457.630  -1.281e-14
3458.900  -6.678e-14
3460.170  -7.860e-14
3461.440  -9.013e-14
3462.710  -7.073e-14
3463.980  -6.523e-16
3465.250  2.460e-14
3466.530  -2.064e-14
3467.800  -1.380e-14
3469.070  5.290e-14
3470.340  7.463e-14
3471.610  6.423e-14
3472.880  3.219e-14
3474.150  7.186e-15
3475.420  5.721e-15
3476.700  5.652e-15
3477.970  6.141e-15
3479.240  4.753e-15
3480.510  -1.474e-14
3481.780  -5.224e-15
3483.050  2.353e-14
3484.320  2.327e-14
3485.590  3.143e-15
3486.870  8.642e-15
3488.140  3.235e-14
3489.410  2.839e-14
3490.680  2.438e-14
3491.950  2.951e-14
3493.220  3.321e-14
3494.490  3.331e-14
3495.760  2.826e-14
3497.040  2.635e-14
3498.310  3.644e-14
3499.580  2.670e-14
3500.850  1.959e-14
3502.120  3.639e-14
3503.390  4.619e-14
3504.660  2.485e-14
3505.930  7.405e-15
3507.210  1.756e-14
3508.480  2.904e-15
3509.750  -2.115e-14
3511.020  -5.895e-15
3512.290  2.670e-14
3513.560  2.646e-14
3514.830  1.153e-14
3516.100  5.490e-15
3517.380  1.488e-14
3518.650  2.684e-14
3519.920  2.212e-14
3521.190  1.340e-14
3522.460  2.395e-14
3523.730  3.214e-14
3525.000  9.242e-15
3526.270  6.598e-15
3527.550  2.191e-14
3528.820  1.755e-14
3530.090  6.857e-15
3531.360  1.759e-14
3532.630  2.644e-14
3533.900  1.020e-14
3535.170  -1.053e-14
3536.440  -1.751e-15
3537.720  1.497e-14
3538.990  1.997e-14
3540.260  2.056e-14
3541.530  2.218e-14
3542.800  2.110e-14
3544.070  1.162e-14
3545.340  6.812e-15
3546.610  6.231e-15
3547.890  2.359e-15
3549.160  9.148e-16
3550.430  8.456e-15
3551.700  1.730e-14
3552.970  2.637e-14
3554.240  2.552e-14
3555.510  6.706e-15
3556.780  -6.079e-15
3558.060  2.695e-15
3559.330  1.859e-14
3560.600  2.865e-14
3561.870  3.235e-14
3563.140  2.244e-14
3564.410  1.596e-15
3565.680  -6.006e-15
3566.950  1.572e-15
3568.230  9.200e-15
3569.500  1.999e-14
3570.770  3.401e-14
3572.040  2.232e-14
3573.310  1.050e-14
3574.580  1.339e-14
3575.850  2.047e-14
3577.120  2.233e-14
3578.400  1.646e-14
3579.670  3.097e-15
3580.940  -2.013e-16
3582.210  1.188e-14
3583.480  1.926e-14
3584.750  1.696e-14
3586.020  1.131e-14
3587.290  3.324e-15
3588.570  -9.669e-16
3589.840  8.551e-15
3591.110  1.938e-14
3592.380  2.460e-14
3593.650  2.426e-14
3594.920  1.651e-14
3596.190  3.819e-15
3597.460  -1.647e-15
3598.740  4.294e-15
3600.010  5.380e-15
3601.280  2.041e-15
3602.550  3.640e-15
3603.820  1.117e-14
3605.090  1.272e-14
3606.360  4.235e-15
3607.630  3.491e-15
3608.910  1.318e-14
3610.180  1.867e-14
3611.450  1.753e-14
3612.720  1.014e-14
3613.990  4.397e-15
3615.260  6.861e-15
3616.530  7.535e-15
3617.800  9.009e-15
3619.080  1.037e-14
3620.350  1.094e-14
3621.620  9.774e-15
3622.890  8.159e-15
3624.160  1.181e-14
3625.430  1.760e-14
3626.700  9.668e-15
3627.970  8.745e-15
3629.250  9.707e-15
3630.520  8.992e-15
3631.790  1.052e-14
3633.060  1.095e-14
3634.330  6.706e-15
3635.600  6.778e-15
3636.870  1.128e-14
3638.140  1.226e-14
3639.420  1.024e-14
3640.690  1.078e-14
3641.960  1.417e-14
3643.230  1.465e-14
3644.500  1.027e-14
3645.770  9.000e-15
3647.040  1.100e-14
3648.310  1.100e-14
3649.590  1.038e-14
3650.860  1.093e-14
3652.130  1.083e-14
3653.400  1.048e-14
3654.670  9.513e-15
3655.940  8.711e-15
3657.210  1.268e-14
3658.480  1.373e-14
3659.760  1.328e-14
3661.030  1.717e-14
3662.300  1.774e-14
3663.570  1.439e-14
3664.840  8.193e-15
3666.110  4.016e-15
3667.380  2.588e-15
3668.650  7.308e-15
3669.930  1.525e-14
3671.200  1.516e-14
3672.470  1.062e-14
3673.740  1.359e-14
3675.010  1.478e-14
3676.280  1.406e-14
3677.550  1.538e-14
3678.820  1.761e-14
3680.100  1.621e-14
3681.370  9.888e-15
3682.640  8.055e-15
3683.910  8.626e-15
3685.180  7.498e-15
3686.450  7.699e-15
3687.720  1.119e-14
3688.990  1.461e-14
3690.260  1.368e-14
3691.540  6.848e-15
3692.810  7.924e-15
3694.080  1.235e-14
3695.350  1.180e-14
3696.620  7.947e-15
3697.890  6.391e-15
3699.160  9.022e-15
3700.430  1.385e-14
3701.710  1.322e-14
3702.980  1.075e-14
3704.250  9.938e-15
3705.520  1.133e-14
3706.790  1.251e-14
3708.060  1.169e-14
3709.330  1.222e-14
3710.600  1.338e-14
3711.880  1.619e-14
3713.150  1.654e-14
3714.420  1.198e-14
3715.690  9.438e-15
3716.960  1.122e-14
3718.230  8.933e-15
3719.500  9.333e-15
3720.770  1.149e-14
3722.050  1.416e-14
3723.320  1.814e-14
3724.590  1.855e-14
3725.860  1.266e-14
3727.130  9.258e-15
3728.400  1.241e-14
3729.670  1.394e-14
3730.940  1.291e-14
3732.220  1.383e-14
3733.490  1.279e-14
3734.760  7.758e-15
3736.030  6.559e-15
3737.300  8.577e-15
3738.570  7.089e-15
3739.840  6.617e-15
3741.110  8.512e-15
3742.390  8.854e-15
3743.660  8.033e-15
3744.930  8.478e-15
3746.200  7.825e-15
3747.470  9.151e-15
3748.740  1.045e-14
3750.010  7.520e-15
3751.280  5.320e-15
3752.560  7.381e-15
3753.830  9.296e-15
3755.100  8.921e-15
3756.370  8.055e-15
3757.640  7.831e-15
3758.910  7.534e-15
3760.180  8.176e-15
3761.450  9.535e-15
3762.730  9.655e-15
3764.000  8.700e-15
3765.270  8.666e-15
3766.540  1.030e-14
3767.810  1.206e-14
3769.080  1.121e-14
3770.350  8.257e-15
3771.620  6.918e-15
3772.900  7.828e-15
3774.170  7.681e-15
3775.440  9.125e-15
3776.710  1.134e-14
3777.980  1.059e-14
3779.250  8.073e-15
3780.520  7.322e-15
3781.790  8.578e-15
3783.070  8.960e-15
3784.340  5.581e-15
3785.610  5.319e-15
3786.880  8.731e-15
3788.150  1.023e-14
3789.420  7.847e-15
3790.690  6.346e-15
3791.960  9.128e-15
3793.240  1.095e-14
3794.510  8.141e-15
3795.780  5.010e-15
3797.050  6.784e-15
3798.320  9.116e-15
3799.590  7.724e-15
3800.860  7.382e-15
3802.130  9.026e-15
3803.410  8.571e-15
3804.680  7.266e-15
3805.950  5.839e-15
3807.220  6.199e-15
3808.490  7.625e-15
3809.760  7.394e-15
3811.030  8.110e-15
3812.300  8.955e-15
3813.580  8.614e-15
3814.850  8.375e-15
3816.120  9.254e-15
3817.390  9.587e-15
3818.660  8.060e-15
3819.930  6.962e-15
3821.200  8.285e-15
3822.470  9.884e-15
3823.750  1.258e-14
3825.020  1.453e-14
3826.290  1.330e-14
3827.560  1.118e-14
3828.830  1.211e-14
3830.100  1.521e-14
3831.370  1.705e-14
3832.640  1.660e-14
3833.920  1.461e-14
3835.190  1.300e-14
3836.460  1.358e-14
3837.730  1.468e-14
3839.000  1.280e-14
3840.270  1.240e-14
3841.540  1.339e-14
3842.810  1.455e-14
3844.090  1.649e-14
3845.360  1.806e-14
3846.630  1.696e-14
3847.900  1.528e-14
3849.170  1.612e-14
3850.440  1.745e-14
3851.710  1.809e-14
3852.980  1.709e-14
3854.260  1.672e-14
3855.530  1.796e-14
3856.800  1.659e-14
3858.070  1.510e-14
3859.340  1.570e-14
3860.610  1.531e-14
3861.880  1.502e-14
3863.150  1.596e-14
3864.430  1.734e-14
3865.700  1.924e-14
3866.970  1.940e-14
3868.240  1.806e-14
3869.510  1.843e-14
3870.780  2.040e-14
3872.050  2.317e-14
3873.320  2.596e-14
3874.600  2.581e-14
3875.870  2.201e-14
3877.140  2.123e-14
3878.410  2.261e-14
3879.680  2.436e-14
3880.950  2.419e-14
3882.220  2.289e-14
3883.490  2.396e-14
3884.770  2.667e-14
3886.040  2.753e-14
3887.310  2.622e-14
3888.580  2.657e-14
3889.850  2.832e-14
3891.120  2.820e-14
3892.390  2.705e-14
3893.660  2.819e-14
3894.940  2.897e-14
3896.210  2.807e-14
3897.480  2.659e-14
3898.750  2.737e-14
3900.020  3.088e-14
3901.290  3.248e-14
3902.560  2.982e-14
3903.830  2.955e-14
3905.110  3.115e-14
3906.380  3.194e-14
3907.650  3.169e-14
3908.920  3.082e-14
3910.190  2.975e-14
3911.460  2.881e-14
3912.730  2.781e-14
3914.000  2.822e-14
3915.280  2.896e-14
3916.550  3.132e-14
3917.820  3.176e-14
3919.090  3.004e-14
3920.360  3.110e-14
3921.630  3.308e-14
3922.900  3.171e-14
3924.170  3.022e-14
3925.440  3.052e-14
3926.720  3.272e-14
3927.990  3.378e-14
3929.260  3.303e-14
3930.530  3.359e-14
3931.800  3.226e-14
3933.070  3.044e-14
3934.340  3.183e-14
3935.610  3.299e-14
3936.890  3.241e-14
3938.160  3.179e-14
3939.430  3.031e-14
3940.700  2.829e-14
3941.970  2.743e-14
3943.240  2.785e-14
3944.510  2.843e-14
3945.780  2.877e-14
3947.060  2.951e-14
3948.330  3.077e-14
3949.600  3.160e-14
3950.870  3.177e-14
3952.140  3.159e-14
3953.410  3.222e-14
3954.680  3.277e-14
3955.950  3.294e-14
3957.230  3.333e-14
3958.500  3.324e-14
3959.770  3.391e-14
3961.040  3.548e-14
3962.310  3.522e-14
3963.580  3.496e-14
3964.850  3.490e-14
3966.120  3.338e-14
3967.400  3.243e-14
3968.670  3.281e-14
3969.940  3.214e-14
3971.210  3.071e-14
3972.480  2.917e-14
3973.750  2.732e-14
3975.020  2.545e-14
3976.290  2.449e-14
3977.570  2.460e-14
3978.840  2.522e-14
3980.110  2.503e-14
3981.380  2.494e-14
3982.650  2.619e-14
3983.920  2.803e-14
3985.190  2.866e-14
3986.460  2.804e-14
3987.740  2.794e-14
3989.010  2.813e-14
3990.280  2.844e-14
3991.550  2.701e-14
3992.820  2.525e-14
3994.090  2.579e-14
3995.360  2.673e-14
3996.630  2.704e-14
3997.910  2.689e-14
3999.180  2.592e-14
4000.450  2.493e-14
4001.720  2.482e-14
4002.990  2.582e-14
4004.260  2.626e-14
4005.530  2.338e-14
4006.800  2.167e-14
4008.080  2.248e-14
4009.350  2.381e-14
4010.620  2.377e-14
4011.890  2.279e-14
4013.160  2.252e-14
4014.430  2.300e-14
4015.700  2.279e-14
4016.970  2.217e-14
4018.250  2.139e-14
4019.520  2.104e-14
4020.790  2.208e-14
4022.060  2.390e-14
4023.330  2.414e-14
4024.600  2.258e-14
4025.870  2.139e-14
4027.140  2.195e-14
4028.420  2.339e-14
4029.690  2.438e-14
4030.960  2.447e-14
4032.230  2.375e-14
4033.500  2.274e-14
4034.770  2.202e-14
4036.040  2.210e-14
4037.310  2.261e-14
4038.590  2.256e-14
4039.860  2.214e-14
4041.130  2.207e-14
4042.400  2.166e-14
4043.670  2.232e-14
4044.940  2.286e-14
4046.210  2.235e-14
4047.480  2.132e-14
4048.760  2.160e-14
4050.030  2.285e-14
4051.300  2.176e-14
4052.570  2.021e-14
4053.840  2.066e-14
4055.110  2.110e-14
4056.380  2.044e-14
4057.650  1.998e-14
4058.930  2.049e-14
4060.200  2.129e-14
4061.470  2.183e-14
4062.740  2.222e-14
4064.010  2.198e-14
4065.280  2.119e-14
4066.550  2.046e-14
4067.820  2.009e-14
4069.100  2.003e-14
4070.370  2.043e-14
4071.640  2.181e-14
4072.910  2.213e-14
4074.180  2.140e-14
4075.450  2.034e-14
4076.720  1.946e-14
4077.990  1.978e-14
4079.270  2.099e-14
4080.540  2.113e-14
4081.810  2.117e-14
4083.080  2.183e-14
4084.350  2.187e-14
4085.620  2.154e-14
4086.890  2.219e-14
4088.160  2.272e-14
4089.440  2.248e-14
4090.710  2.127e-14
4091.980  2.010e-14
4093.250  2.084e-14
4094.520  2.183e-14
4095.790  2.136e-14
4097.060  2.163e-14
4098.330  2.201e-14
4099.610  2.205e-14
4100.880  2.249e-14
4102.150  2.284e-14
4103.420  2.206e-14
4104.690  2.105e-14
4105.960  2.122e-14
4107.230  2.147e-14
4108.500  2.211e-14
4109.780  2.264e-14
4111.050  2.291e-14
4112.320  2.344e-14
4113.590  2.385e-14
4114.860  2.316e-14
4116.130  2.221e-14
4117.400  2.236e-14
4118.670  2.267e-14
4119.950  2.272e-14
4121.220  2.361e-14
4122.490  2.465e-14
4123.760  2.490e-14
4125.030  2.580e-14
4126.300  2.574e-14
4127.570  2.447e-14
4128.840  2.487e-14
4130.120  2.521e-14
4131.390  2.434e-14
4132.660  2.477e-14
4133.930  2.649e-14
4135.200  2.661e-14
4136.470  2.654e-14
4137.740  2.614e-14
4139.010  2.582e-14
4140.290  2.585e-14
4141.560  2.621e-14
4142.830  2.695e-14
4144.100  2.695e-14
4145.370  2.613e-14
4146.640  2.709e-14
4147.910  2.786e-14
4149.180  2.799e-14
4150.460  2.853e-14
4151.730  2.848e-14
4153.000  2.793e-14
4154.270  2.903e-14
4155.540  2.988e-14
4156.810  2.957e-14
4158.080  2.869e-14
4159.350  2.872e-14
4160.620  3.005e-14
4161.900  3.052e-14
4163.170  2.921e-14
4164.440  2.911e-14
4165.710  2.994e-14
4166.980  3.003e-14
4168.250  2.946e-14
4169.520  2.924e-14
4170.790  2.967e-14
4172.070  3.055e-14
4173.340  3.064e-14
4174.610  3.001e-14
4175.880  3.025e-14
4177.150  3.037e-14
4178.420  2.983e-14
4179.690  3.022e-14
4180.960  3.058e-14
4182.240  3.015e-14
4183.510  2.917e-14
4184.780  2.917e-14
4186.050  2.968e-14
4187.320  2.940e-14
4188.590  2.879e-14
4189.860  2.895e-14
4191.130  2.961e-14
4192.410  3.009e-14
4193.680  2.957e-14
4194.950  2.953e-14
4196.220  3.025e-14
4197.490  3.053e-14
4198.760  3.059e-14
4200.030  3.049e-14
4201.300  3.045e-14
4202.580  3.001e-14
4203.850  2.983e-14
4205.120  3.015e-14
4206.390  3.007e-14
4207.660  2.954e-14
4208.930  2.993e-14
4210.200  3.126e-14
4211.470  3.142e-14
4212.750  3.134e-14
4214.020  3.209e-14
4215.290  3.230e-14
4216.560  3.144e-14
4217.830  3.142e-14
4219.100  3.144e-14
4220.370  3.206e-14
4221.640  3.290e-14
4222.920  3.270e-14
4224.190  3.198e-14
4225.460  3.209e-14
4226.730  3.227e-14
4228.000  3.194e-14
4229.270  3.258e-14
4230.540  3.332e-14
4231.810  3.306e-14
4233.090  3.234e-14
4234.360  3.185e-14
4235.630  3.135e-14
4236.900  3.127e-14
4238.170  3.211e-14
4239.440  3.230e-14
4240.710  3.226e-14
4241.980  3.296e-14
4243.260  3.373e-14
4244.530  3.364e-14
4245.800  3.323e-14
4247.070  3.328e-14
4248.340  3.343e-14
4249.610  3.377e-14
4250.880  3.377e-14
4252.150  3.325e-14
4253.430  3.328e-14
4254.700  3.383e-14
4255.970  3.304e-14
4257.240  3.317e-14
4258.510  3.325e-14
4259.780  3.293e-14
4261.050  3.296e-14
4262.320  3.329e-14
4263.600  3.357e-14
4264.870  3.365e-14
4266.140  3.434e-14
4267.410  3.469e-14
4268.680  3.435e-14
4269.950  3.413e-14
4271.220  3.440e-14
4272.490  3.461e-14
4273.770  3.461e-14
4275.040  3.486e-14
4276.310  3.566e-14
4277.580  3.616e-14
4278.850  3.639e-14
4280.120  3.666e-14
4281.390  3.668e-14
4282.660  3.660e-14
4283.940  3.580e-14
4285.210  3.592e-14
4286.480  3.649e-14
4287.750  3.673e-14
4289.020  3.680e-14
4290.290  3.694e-14
4291.560  3.712e-14
4292.830  3.730e-14
4294.110  3.701e-14
4295.380  3.668e-14
4296.650  3.672e-14
4297.920  3.672e-14
4299.190  3.611e-14
4300.460  3.545e-14
4301.730  3.598e-14
4303.000  3.646e-14
4304.280  3.480e-14
4305.550  3.344e-14
4306.820  3.419e-14
4308.090  3.538e-14
4309.360  3.522e-14
4310.630  3.387e-14
4311.900  3.341e-14
4313.170  3.389e-14
4314.450  3.317e-14
4315.720  3.189e-14
4316.990  3.204e-14
4318.260  3.295e-14
4319.530  3.284e-14
4320.800  3.223e-14
4322.070  3.143e-14
4323.340  3.087e-14
4324.620  3.042e-14
4325.890  2.974e-14
4327.160  2.947e-14
4328.430  2.997e-14
4329.700  2.903e-14
4330.970  2.790e-14
4332.240  2.815e-14
4333.510  2.823e-14
4334.790  2.742e-14
4336.060  2.725e-14
4337.330  2.785e-14
4338.600  2.747e-14
4339.870  2.591e-14
4341.140  2.580e-14
4342.410  2.684e-14
4343.680  2.681e-14
4344.960  2.626e-14
4346.230  2.647e-14
4347.500  2.536e-14
4348.770  2.452e-14
4350.040  2.450e-14
4351.310  2.480e-14
4352.580  2.468e-14
4353.850  2.388e-14
4355.130  2.312e-14
4356.400  2.321e-14
4357.670  2.325e-14
4358.940  2.341e-14
4360.210  2.329e-14
4361.480  2.348e-14
4362.750  2.406e-14
4364.020  2.356e-14
4365.300  2.192e-14
4366.570  2.169e-14
4367.840  2.203e-14
4369.110  2.193e-14
4370.380  2.191e-14
4371.650  2.218e-14
4372.920  2.250e-14
4374.190  2.272e-14
4375.470  2.186e-14
4376.740  2.075e-14
4378.010  2.044e-14
4379.280  2.115e-14
4380.550  2.151e-14
4381.820  2.122e-14
4383.090  2.144e-14
4384.360  2.136e-14
4385.640  2.027e-14
4386.910  2.013e-14
4388.180  2.041e-14
4389.450  1.985e-14
4390.720  1.904e-14
4391.990  1.915e-14
4393.260  1.979e-14
4394.530  2.009e-14
4395.800  2.067e-14
4397.080  2.066e-14
4398.350  2.007e-14
4399.620  1.963e-14
4400.890  1.975e-14
4402.160  2.050e-14
4403.430  2.106e-14
4404.700  2.089e-14
4405.970  2.068e-14
4407.250  2.037e-14
4408.520  1.989e-14
4409.790  1.989e-14
4411.060  2.029e-14
4412.330  2.009e-14
4413.600  2.080e-14
4414.870  2.106e-14
4416.140  2.045e-14
4417.420  2.036e-14
4418.690  2.128e-14
4419.960  2.188e-14
4421.230  2.124e-14
4422.500  2.030e-14
4423.770  2.002e-14
4425.040  1.992e-14
4426.310  2.008e-14
4427.590  2.057e-14
4428.860  2.092e-14
4430.130  2.144e-14
4431.400  2.239e-14
4432.670  2.301e-14
4433.940  2.295e-14
4435.210  2.276e-14
4436.480  2.281e-14
4437.760  2.323e-14
4439.030  2.391e-14
4440.300  2.389e-14
4441.570  2.291e-14
4442.840  2.343e-14
4444.110  2.519e-14
4445.380  2.627e-14
4446.650  2.606e-14
4447.930  2.544e-14
4449.200  2.541e-14
4450.470  2.539e-14
4451.740  2.509e-14
4453.010  2.573e-14
4454.280  2.676e-14
4455.550  2.690e-14
4456.820  2.653e-14
4458.100  2.664e-14
4459.370  2.738e-14
4460.640  2.839e-14
4461.910  2.864e-14
4463.180  2.903e-14
4464.450  2.974e-14
4465.720  2.995e-14
4466.990  3.022e-14
4468.270  3.063e-14
4469.540  3.128e-14
4470.810  3.182e-14
4472.080  3.183e-14
4473.350  3.161e-14
4474.620  3.150e-14
4475.890  3.156e-14
4477.160  3.238e-14
4478.440  3.325e-14
4479.710  3.332e-14
4480.980  3.361e-14
4482.250  3.396e-14
4483.520  3.387e-14
4484.790  3.445e-14
4486.060  3.587e-14
4487.330  3.610e-14
4488.610  3.600e-14
4489.880  3.633e-14
4491.150  3.679e-14
4492.420  3.689e-14
4493.690  3.730e-14
4494.960  3.867e-14
4496.230  3.869e-14
4497.500  3.818e-14
4498.780  3.866e-14
4500.050  3.966e-14
4501.320  4.060e-14
4502.590  4.171e-14
4503.860  4.255e-14
4505.130  4.248e-14
4506.400  4.287e-14
4507.670  4.499e-14
4508.950  4.709e-14
4510.220  4.764e-14
4511.490  4.772e-14
4512.760  4.839e-14
4514.030  4.889e-14
4515.300  5.009e-14
4516.570  5.090e-14
4517.840  5.202e-14
4519.120  5.359e-14
4520.390  5.476e-14
4521.660  5.549e-14
4522.930  5.630e-14
4524.200  5.777e-14
4525.470  5.903e-14
4526.740  5.997e-14
4528.010  6.022e-14
4529.290  5.996e-14
4530.560  6.025e-14
4531.830  6.158e-14
4533.100  6.361e-14
4534.370  6.548e-14
4535.640  6.567e-14
4536.910  6.597e-14
4538.180  6.774e-14
4539.460  6.930e-14
4540.730  6.961e-14
4542.000  7.019e-14
4543.270  7.147e-14
4544.540  7.207e-14
4545.810  7.196e-14
4547.080  7.225e-14
4548.350  7.352e-14
4549.630  7.518e-14
4550.900  7.616e-14
4552.170  7.663e-14
4553.440  7.901e-14
4554.710  8.105e-14
4555.980  8.138e-14
4557.250  8.111e-14
4558.520  8.119e-14
4559.800  8.201e-14
4561.070  8.297e-14
4562.340  8.447e-14
4563.610  8.470e-14
4564.880  8.430e-14
4566.150  8.464e-14
4567.420  8.559e-14
4568.690  8.682e-14
4569.970  8.743e-14
4571.240  8.783e-14
4572.510  8.864e-14
4573.780  8.926e-14
4575.050  8.981e-14
4576.320  9.102e-14
4577.590  9.224e-14
4578.860  9.234e-14
4580.140  9.272e-14
4581.410  9.303e-14
4582.680  9.353e-14
4583.950  9.431e-14
4585.220  9.527e-14
4586.490  9.630e-14
4587.760  9.679e-14
4589.030  9.735e-14
4590.310  9.759e-14
4591.580  9.698e-14
4592.850  9.632e-14
4594.120  9.683e-14
4595.390  9.809e-14
4596.660  9.853e-14
4597.930  9.878e-14
4599.200  1.001e-13
4600.480  1.009e-13
4601.750  1.013e-13
4603.020  1.022e-13
4604.290  1.022e-13
4605.560  1.007e-13
4606.830  1.008e-13
4608.100  1.020e-13
4609.370  1.031e-13
4610.650  1.021e-13
4611.920  9.949e-14
4613.190  9.840e-14
4614.460  9.939e-14
4615.730  9.931e-14
4617.000  9.826e-14
4618.270  9.761e-14
4619.540  9.719e-14
4620.820  9.631e-14
4622.090  9.523e-14
4623.360  9.444e-14
4624.630  9.372e-14
4625.900  9.330e-14
4627.170  9.242e-14
4628.440  9.069e-14
4629.710  8.920e-14
4630.980  8.831e-14
4632.260  8.740e-14
4633.530  8.670e-14
4634.800  8.607e-14
4636.070  8.572e-14
4637.340  8.546e-14
4638.610  8.382e-14
4639.880  8.152e-14
4641.150  8.039e-14
4642.430  7.983e-14
4643.700  7.900e-14
4644.970  7.804e-14
4646.240  7.759e-14
4647.510  7.629e-14
4648.780  7.455e-14
4650.050  7.371e-14
4651.320  7.326e-14
4652.600  7.274e-14
4653.870  7.175e-14
4655.140  7.136e-14
4656.410  7.074e-14
4657.680  6.968e-14
4658.950  6.872e-14
4660.220  6.771e-14
4661.490  6.654e-14
4662.770  6.562e-14
4664.040  6.510e-14
4665.310  6.440e-14
4666.580  6.417e-14
4667.850  6.377e-14
4669.120  6.253e-14
4670.390  6.212e-14
4671.660  6.172e-14
4672.940  6.019e-14
4674.210  5.931e-14
4675.480  5.956e-14
4676.750  6.002e-14
4678.020  5.957e-14
4679.290  5.761e-14
4680.560  5.559e-14
4681.830  5.489e-14
4683.110  5.457e-14
4684.380  5.501e-14
4685.650  5.518e-14
4686.920  5.448e-14
4688.190  5.437e-14
4689.460  5.459e-14
4690.730  5.398e-14
4692.000  5.291e-14
4693.280  5.195e-14
4694.550  5.126e-14
4695.820  5.042e-14
4697.090  4.914e-14
4698.360  4.783e-14
4699.630  4.683e-14
4700.900  4.631e-14
4702.170  4.621e-14
4703.450  4.603e-14
4704.720  4.544e-14
4705.990  4.460e-14
4707.260  4.356e-14
4708.530  4.222e-14
4709.800  4.184e-14
4711.070  4.216e-14
4712.340  4.204e-14
4713.620  4.128e-14
4714.890  4.074e-14
4716.160  4.041e-14
4717.430  3.946e-14
4718.700  3.933e-14
4719.970  3.831e-14
4721.240  3.767e-14
4722.510  3.782e-14
4723.790  3.769e-14
4725.060  3.724e-14
4726.330  3.694e-14
4727.600  3.748e-14
4728.870  3.697e-14
4730.140  3.631e-14
4731.410  3.623e-14
4732.680  3.627e-14
4733.960  3.622e-14
4735.230  3.636e-14
4736.500  3.668e-14
4737.770  3.635e-14
4739.040  3.669e-14
4740.310  3.725e-14
4741.580  3.716e-14
4742.850  3.698e-14
4744.130  3.708e-14
4745.400  3.727e-14
4746.670  3.853e-14
4747.940  3.900e-14
4749.210  3.850e-14
4750.480  3.808e-14
4751.750  3.788e-14
4753.020  3.804e-14
4754.300  3.924e-14
4755.570  3.986e-14
4756.840  3.971e-14
4758.110  4.030e-14
4759.380  4.059e-14
4760.650  4.000e-14
4761.920  3.994e-14
4763.190  4.007e-14
4764.470  3.982e-14
4765.740  4.012e-14
4767.010  4.064e-14
4768.280  4.126e-14
4769.550  4.212e-14
4770.820  4.265e-14
4772.090  4.257e-14
4773.360  4.303e-14
4774.640  4.346e-14
4775.910  4.325e-14
4777.180  4.264e-14
4778.450  4.230e-14
4779.720  4.265e-14
4780.990  4.330e-14
4782.260  4.346e-14
4783.530  4.372e-14
4784.810  4.347e-14
4786.080  4.225e-14
4787.350  4.153e-14
4788.620  4.190e-14
4789.890  4.216e-14
4791.160  4.214e-14
4792.430  4.199e-14
4793.700  4.180e-14
4794.980  4.145e-14
4796.250  4.162e-14
4797.520  4.238e-14
4798.790  4.262e-14
4800.060  4.183e-14
4801.330  4.087e-14
4802.600  4.050e-14
4803.870  4.001e-14
4805.150  3.967e-14
4806.420  4.008e-14
4807.690  4.073e-14
4808.960  4.093e-14
4810.230  4.108e-14
4811.500  4.069e-14
4812.770  4.029e-14
4814.040  4.014e-14
4815.320  4.041e-14
4816.590  4.111e-14
4817.860  4.143e-14
4819.130  4.088e-14
4820.400  4.061e-14
4821.670  4.083e-14
4822.940  4.115e-14
4824.210  4.114e-14
4825.490  4.082e-14
4826.760  4.088e-14
4828.030  4.176e-14
4829.300  4.238e-14
4830.570  4.204e-14
4831.840  4.191e-14
4833.110  4.319e-14
4834.380  4.441e-14
4835.660  4.418e-14
4836.930  4.390e-14
4838.200  4.384e-14
4839.470  4.434e-14
4840.740  4.518e-14
4842.010  4.621e-14
4843.280  4.708e-14
4844.550  4.724e-14
4845.830  4.691e-14
4847.100  4.706e-14
4848.370  4.798e-14
4849.640  4.855e-14
4850.910  4.945e-14
4852.180  5.013e-14
4853.450  4.970e-14
4854.720  4.950e-14
4856.000  5.045e-14
4857.270  5.130e-14
4858.540  5.213e-14
4859.810  5.275e-14
4861.080  5.306e-14
4862.350  5.319e-14
4863.620  5.341e-14
4864.890  5.385e-14
4866.160  5.427e-14
4867.440  5.549e-14
4868.710  5.608e-14
4869.980  5.585e-14
4871.250  5.607e-14
4872.520  5.725e-14
4873.790  5.848e-14
4875.060  5.868e-14
4876.330  5.915e-14
4877.610  5.948e-14
4878.880  6.033e-14
4880.150  6.135e-14
4881.420  6.137e-14
4882.690  6.111e-14
4883.960  6.174e-14
4885.230  6.334e-14
4886.500  6.494e-14
4887.780  6.490e-14
4889.050  6.446e-14
4890.320  6.532e-14
4891.590  6.632e-14
4892.860  6.642e-14
4894.130  6.706e-14
4895.400  6.728e-14
4896.670  6.741e-14
4897.950  6.876e-14
4899.220  7.030e-14
4900.490  7.080e-14
4901.760  7.122e-14
4903.030  7.063e-14
4904.300  7.105e-14
4905.570  7.225e-14
4906.840  7.264e-14
4908.120  7.253e-14
4909.390  7.230e-14
4910.660  7.123e-14
4911.930  7.077e-14
4913.200  7.123e-14
4914.470  7.089e-14
4915.740  7.063e-14
4917.010  7.104e-14
4918.290  7.109e-14
4919.560  7.075e-14
4920.830  7.087e-14
4922.100  7.083e-14
4923.370  7.029e-14
4924.640  6.970e-14
4925.910  6.888e-14
4927.180  6.789e-14
4928.460  6.740e-14
4929.730  6.727e-14
4931.000  6.708e-14
4932.270  6.659e-14
4933.540  6.619e-14
4934.810  6.582e-14
4936.080  6.546e-14
4937.350  6.518e-14
4938.630  6.464e-14
4939.900  6.410e-14
4941.170  6.390e-14
4942.440  6.339e-14
4943.710  6.246e-14
4944.980  6.150e-14
4946.250  6.102e-14
4947.520  6.115e-14
4948.800  6.094e-14
4950.070  6.048e-14
4951.340  6.010e-14
4952.610  5.934e-14
4953.880  5.876e-14
4955.150  5.905e-14
4956.420  5.918e-14
4957.690  5.815e-14
4958.970  5.698e-14
4960.240  5.654e-14
4961.510  5.625e-14
4962.780  5.581e-14
4964.050  5.566e-14
4965.320  5.584e-14
4966.590  5.594e-14
4967.860  5.633e-14
4969.140  5.639e-14
4970.410  5.549e-14
4971.680  5.489e-14
4972.950  5.508e-14
4974.220  5.505e-14
4975.490  5.487e-14
4976.760  5.523e-14
4978.030  5.523e-14
4979.310  5.469e-14
4980.580  5.456e-14
4981.850  5.494e-14
4983.120  5.503e-14
4984.390  5.462e-14
4985.660  5.408e-14
4986.930  5.338e-14
4988.200  5.309e-14
4989.480  5.349e-14
4990.750  5.398e-14
4992.020  5.389e-14
4993.290  5.341e-14
4994.560  5.331e-14
4995.830  5.387e-14
4997.100  5.362e-14
4998.370  5.312e-14
4999.650  5.322e-14
5000.920  5.314e-14
5002.190  5.274e-14
5003.460  5.321e-14
5004.730  5.306e-14
5006.000  5.288e-14
5007.270  5.293e-14
5008.540  5.243e-14
5009.820  5.166e-14
5011.090  5.188e-14
5012.360  5.286e-14
5013.630  5.296e-14
5014.900  5.199e-14
5016.170  5.148e-14
5017.440  5.179e-14
5018.710  5.280e-14
5019.990  5.328e-14
5021.260  5.214e-14
5022.530  5.144e-14
5023.800  5.178e-14
5025.070  5.175e-14
5026.340  5.138e-14
5027.610  5.150e-14
5028.880  5.218e-14
5030.160  5.263e-14
5031.430  5.232e-14
5032.700  5.200e-14
5033.970  5.160e-14
5035.240  5.129e-14
5036.510  5.129e-14
5037.780  5.149e-14
5039.050  5.188e-14
5040.330  5.239e-14
5041.600  5.229e-14
5042.870  5.206e-14
5044.140  5.201e-14
5045.410  5.155e-14
5046.680  5.123e-14
5047.950  5.185e-14
5049.220  5.245e-14
5050.500  5.207e-14
5051.770  5.169e-14
5053.040  5.120e-14
5054.310  5.089e-14
5055.580  5.081e-14
5056.850  5.084e-14
5058.120  5.093e-14
5059.390  5.071e-14
5060.670  5.088e-14
5061.940  5.146e-14
5063.210  5.152e-14
5064.480  5.138e-14
5065.750  5.163e-14
5067.020  5.182e-14
5068.290  5.173e-14
5069.560  5.180e-14
5070.840  5.194e-14
5072.110  5.234e-14
5073.380  5.221e-14
5074.650  5.213e-14
5075.920  5.252e-14
5077.190  5.197e-14
5078.460  5.197e-14
5079.730  5.324e-14
5081.010  5.421e-14
5082.280  5.435e-14
5083.550  5.380e-14
5084.820  5.278e-14
5086.090  5.225e-14
5087.360  5.292e-14
5088.630  5.375e-14
5089.900  5.345e-14
5091.180  5.302e-14
5092.450  5.298e-14
5093.720  5.315e-14
5094.990  5.359e-14
5096.260  5.392e-14
5097.530  5.448e-14
5098.800  5.473e-14
5100.070  5.467e-14
5101.340  5.450e-14
5102.620  5.435e-14
5103.890  5.444e-14
5105.160  5.490e-14
5106.430  5.543e-14
5107.700  5.552e-14
5108.970  5.583e-14
5110.240  5.635e-14
5111.510  5.702e-14
5112.790  5.759e-14
5114.060  5.752e-14
5115.330  5.760e-14
5116.600  5.786e-14
5117.870  5.852e-14
5119.140  5.895e-14
5120.410  5.914e-14
5121.680  5.957e-14
5122.960  6.016e-14
5124.230  6.079e-14
5125.500  6.136e-14
5126.770  6.169e-14
5128.040  6.180e-14
5129.310  6.194e-14
5130.580  6.277e-14
5131.850  6.416e-14
5133.130  6.481e-14
5134.400  6.522e-14
5135.670  6.636e-14
5136.940  6.656e-14
5138.210  6.709e-14
5139.480  6.849e-14
5140.750  6.928e-14
5142.020  7.002e-14
5143.300  7.091e-14
5144.570  7.109e-14
5145.840  7.140e-14
5147.110  7.235e-14
5148.380  7.341e-14
5149.650  7.451e-14
5150.920  7.617e-14
5152.190  7.768e-14
5153.470  7.853e-14
5154.740  7.873e-14
5156.010  7.885e-14
5157.280  7.996e-14
5158.550  8.205e-14
5159.820  8.368e-14
5161.090  8.426e-14
5162.360  8.509e-14
5163.640  8.632e-14
5164.910  8.753e-14
5166.180  8.878e-14
5167.450  9.012e-14
5168.720  9.138e-14
5169.990  9.260e-14
5171.260  9.338e-14
5172.530  9.444e-14
5173.810  9.620e-14
5175.080  9.729e-14
5176.350  9.756e-14
5177.620  9.845e-14
5178.890  1.000e-13
5180.160  1.014e-13
5181.430  1.026e-13
5182.700  1.037e-13
5183.980  1.055e-13
5185.250  1.072e-13
5186.520  1.080e-13
5187.790  1.088e-13
5189.060  1.103e-13
5190.330  1.110e-13
5191.600  1.116e-13
5192.870  1.124e-13
5194.150  1.135e-13
5195.420  1.145e-13
5196.690  1.154e-13
5197.960  1.171e-13
5199.230  1.187e-13
5200.500  1.197e-13
5201.770  1.214e-13
5203.040  1.226e-13
5204.320  1.230e-13
5205.590  1.240e-13
5206.860  1.256e-13
5208.130  1.272e-13
5209.400  1.279e-13
5210.670  1.279e-13
5211.940  1.291e-13
5213.210  1.310e-13
5214.490  1.312e-13
5215.760  1.306e-13
5217.030  1.314e-13
5218.300  1.340e-13
5219.570  1.352e-13
5220.840  1.355e-13
5222.110  1.362e-13
5223.380  1.375e-13
5224.660  1.387e-13
5225.930  1.387e-13
5227.200  1.394e-13
5228.470  1.409e-13
5229.740  1.419e-13
5231.010  1.425e-13
5232.280  1.433e-13
5233.550  1.438e-13
5234.830  1.446e-13
5236.100  1.445e-13
5237.370  1.456e-13
5238.640  1.477e-13
5239.910  1.488e-13
5241.180  1.486e-13
5242.450  1.487e-13
5243.720  1.493e-13
5245.000  1.495e-13
5246.270  1.501e-13
5247.540  1.509e-13
5248.810  1.519e-13
5250.080  1.531e-13
5251.350  1.537e-13
5252.620  1.538e-13
5253.890  1.541e-13
5255.170  1.556e-13
5256.440  1.571e-13
5257.710  1.574e-13
5258.980  1.572e-13
5260.250  1.578e-13
5261.520  1.587e-13
5262.790  1.594e-13
5264.060  1.597e-13
5265.340  1.596e-13
5266.610  1.596e-13
5267.880  1.597e-13
5269.150  1.594e-13
5270.420  1.585e-13
5271.690  1.583e-13
5272.960  1.590e-13
5274.230  1.591e-13
5275.510  1.594e-13
5276.780  1.603e-13
5278.050  1.610e-13
5279.320  1.609e-13
5280.590  1.603e-13
5281.860  1.596e-13
5283.130  1.597e-13
5284.400  1.596e-13
5285.680  1.597e-13
5286.950  1.604e-13
5288.220  1.613e-13
5289.490  1.617e-13
5290.760  1.611e-13
5292.030  1.603e-13
5293.300  1.602e-13
5294.570  1.610e-13
5295.850  1.611e-13
5297.120  1.600e-13
5298.390  1.592e-13
5299.660  1.589e-13
5300.930  1.596e-13
5302.200  1.601e-13
5303.470  1.597e-13
5304.740  1.592e-13
5306.020  1.592e-13
5307.290  1.589e-13
5308.560  1.581e-13
5309.830  1.582e-13
5311.100  1.589e-13
5312.370  1.591e-13
5313.640  1.586e-13
5314.910  1.583e-13
5316.190  1.575e-13
5317.460  1.558e-13
5318.730  1.557e-13
5320.000  1.564e-13
5321.270  1.559e-13
5322.540  1.555e-13
5323.810  1.563e-13
5325.080  1.572e-13
5326.360  1.573e-13
5327.630  1.574e-13
5328.900  1.574e-13
5330.170  1.580e-13
5331.440  1.586e-13
5332.710  1.581e-13
5333.980  1.577e-13
5335.250  1.585e-13
5336.520  1.581e-13
5337.800  1.571e-13
5339.070  1.573e-13
5340.340  1.572e-13
5341.610  1.572e-13
5342.880  1.578e-13
5344.150  1.582e-13
5345.420  1.582e-13
5346.690  1.582e-13
5347.970  1.590e-13
5349.240  1.595e-13
5350.510  1.595e-13
5351.780  1.596e-13
5353.050  1.597e-13
5354.320  1.600e-13
5355.590  1.599e-13
5356.860  1.601e-13
5358.140  1.607e-13
5359.410  1.610e-13
5360.680  1.611e-13
5361.950  1.607e-13
5363.220  1.592e-13
5364.490  1.583e-13
5365.760  1.581e-13
5367.030  1.590e-13
5368.310  1.595e-13
5369.580  1.593e-13
5370.850  1.587e-13
5372.120  1.587e-13
5373.390  1.598e-13
5374.660  1.608e-13
5375.930  1.604e-13
5377.200  1.598e-13
5378.480  1.595e-13
5379.750  1.594e-13
5381.020  1.596e-13
5382.290  1.593e-13
5383.560  1.592e-13
5384.830  1.593e-13
5386.100  1.593e-13
5387.370  1.595e-13
5388.650  1.596e-13
5389.920  1.590e-13
5391.190  1.582e-13
5392.460  1.584e-13
5393.730  1.586e-13
5395.000  1.585e-13
5396.270  1.582e-13
5397.540  1.574e-13
5398.820  1.564e-13
5400.090  1.557e-13
5401.360  1.550e-13
5402.630  1.556e-13
5403.900  1.564e-13
5405.170  1.561e-13
5406.440  1.556e-13
5407.710  1.553e-13
5408.990  1.551e-13
5410.260  1.551e-13
5411.530  1.543e-13
5412.800  1.545e-13
5414.070  1.555e-13
5415.340  1.562e-13
5416.610  1.558e-13
5417.880  1.542e-13
5419.160  1.532e-13
5420.430  1.538e-13
5421.700  1.532e-13
5422.970  1.516e-13
5424.240  1.514e-13
5425.510  1.525e-13
5426.780  1.531e-13
5428.050  1.528e-13
5429.330  1.526e-13
5430.600  1.527e-13
5431.870  1.531e-13
5433.140  1.534e-13
5434.410  1.536e-13
5435.680  1.535e-13
5436.950  1.523e-13
5438.220  1.508e-13
5439.500  1.508e-13
5440.770  1.510e-13
5442.040  1.507e-13
5443.310  1.501e-13
5444.580  1.493e-13
5445.850  1.486e-13
5447.120  1.483e-13
5448.390  1.477e-13
5449.670  1.466e-13
5450.940  1.461e-13
5452.210  1.458e-13
5453.480  1.455e-13
5454.750  1.458e-13
5456.020  1.465e-13
5457.290  1.463e-13
5458.560  1.463e-13
5459.840  1.467e-13
5461.110  1.474e-13
5462.380  1.471e-13
5463.650  1.460e-13
5464.920  1.457e-13
5466.190  1.460e-13
5467.460  1.458e-13
5468.730  1.460e-13
5470.010  1.461e-13
5471.280  1.454e-13
5472.550  1.444e-13
5473.820  1.441e-13
5475.090  1.441e-13
5476.360  1.435e-13
5477.630  1.425e-13
5478.900  1.424e-13
5480.180  1.418e-13
5481.450  1.407e-13
5482.720  1.402e-13
5483.990  1.401e-13
5485.260  1.399e-13
5486.530  1.407e-13
5487.800  1.405e-13
5489.070  1.394e-13
5490.350  1.387e-13
5491.620  1.386e-13
5492.890  1.387e-13
5494.160  1.387e-13
5495.430  1.380e-13
5496.700  1.371e-13
5497.970  1.365e-13
5499.240  1.362e-13
5500.520  1.360e-13
5501.790  1.354e-13
5503.060  1.350e-13
5504.330  1.348e-13
5505.600  1.339e-13
5506.870  1.326e-13
5508.140  1.322e-13
5509.410  1.325e-13
5510.690  1.327e-13
5511.960  1.328e-13
5513.230  1.322e-13
5514.500  1.307e-13
5515.770  1.293e-13
5517.040  1.285e-13
5518.310  1.278e-13
5519.580  1.270e-13
5520.860  1.267e-13
5522.130  1.268e-13
5523.400  1.264e-13
5524.670  1.260e-13
5525.940  1.256e-13
5527.210  1.247e-13
5528.480  1.235e-13
5529.750  1.234e-13
5531.030  1.237e-13
5532.300  1.225e-13
5533.570  1.210e-13
5534.840  1.201e-13
5536.110  1.196e-13
5537.380  1.191e-13
5538.650  1.186e-13
5539.920  1.171e-13
5541.200  1.149e-13
5542.470  1.131e-13
5543.740  1.127e-13
5545.010  1.134e-13
5546.280  1.138e-13
5547.550  1.131e-13
5548.820  1.125e-13
5550.090  1.130e-13
5551.370  1.129e-13
5552.640  1.121e-13
5553.910  1.124e-13
5555.180  1.133e-13
5556.450  1.125e-13
5557.720  1.110e-13
5558.990  1.108e-13
5560.260  1.109e-13
5561.540  1.106e-13
5562.810  1.095e-13
5564.080  1.085e-13
5565.350  1.086e-13
5566.620  1.091e-13
5567.890  1.085e-13
5569.160  1.072e-13
5570.430  1.061e-13
5571.700  1.058e-13
5572.980  1.062e-13
5574.250  1.061e-13
5575.520  1.049e-13
5576.790  1.043e-13
5578.060  1.040e-13
5579.330  1.034e-13
5580.600  1.028e-13
5581.870  1.022e-13
5583.150  1.016e-13
5584.420  1.014e-13
5585.690  1.010e-13
5586.960  1.002e-13
5588.230  1.001e-13
5589.500  1.002e-13
5590.770  9.947e-14
5592.040  9.840e-14
5593.320  9.778e-14
5594.590  9.749e-14
5595.860  9.708e-14
5597.130  9.634e-14
5598.400  9.627e-14
5599.670  9.673e-14
5600.940  9.673e-14
5602.210  9.606e-14
5603.490  9.547e-14
5604.760  9.520e-14
5606.030  9.462e-14
5607.300  9.390e-14
5608.570  9.357e-14
5609.840  9.351e-14
5611.110  9.315e-14
5612.380  9.249e-14
5613.660  9.182e-14
5614.930  9.092e-14
5616.200  9.047e-14
5617.470  9.070e-14
5618.740  9.070e-14
5620.010  9.002e-14
5621.280  8.929e-14
5622.550  8.896e-14
5623.830  8.837e-14
5625.100  8.774e-14
5626.370  8.807e-14
5627.640  8.820e-14
5628.910  8.763e-14
5630.180  8.695e-14
5631.450  8.612e-14
5632.720  8.539e-14
5634.000  8.560e-14
5635.270  8.545e-14
5636.540  8.436e-14
5637.810  8.376e-14
5639.080  8.390e-14
5640.350  8.366e-14
5641.620  8.333e-14
5642.890  8.320e-14
5644.170  8.343e-14
5645.440  8.338e-14
5646.710  8.266e-14
5647.980  8.174e-14
5649.250  8.121e-14
5650.520  8.119e-14
5651.790  8.123e-14
5653.060  8.031e-14
5654.340  7.941e-14
5655.610  7.904e-14
5656.880  7.901e-14
5658.150  7.921e-14
5659.420  7.933e-14
5660.690  7.881e-14
5661.960  7.804e-14
5663.230  7.723e-14
5664.510  7.699e-14
5665.780  7.694e-14
5667.050  7.641e-14
5668.320  7.567e-14
5669.590  7.515e-14
5670.860  7.518e-14
5672.130  7.493e-14
5673.400  7.450e-14
5674.680  7.442e-14
5675.950  7.413e-14
5677.220  7.330e-14
5678.490  7.301e-14
5679.760  7.302e-14
5681.030  7.311e-14
5682.300  7.242e-14
5683.570  7.195e-14
5684.850  7.261e-14
5686.120  7.331e-14
5687.390  7.293e-14
5688.660  7.211e-14
5689.930  7.152e-14
5691.200  7.116e-14
5692.470  7.117e-14
5693.740  7.142e-14
5695.020  7.153e-14
5696.290  7.160e-14
5697.560  7.196e-14
5698.830  7.208e-14
5700.100  7.148e-14
5701.370  7.066e-14
5702.640  7.069e-14
5703.910  7.147e-14
5705.190  7.187e-14
5706.460  7.155e-14
5707.730  7.060e-14
5709.000  7.066e-14
5710.270  7.032e-14
5711.540  7.033e-14
5712.810  7.134e-14
5714.080  7.203e-14
5715.360  7.223e-14
5716.630  7.242e-14
5717.900  7.267e-14
5719.170  7.280e-14
5720.440  7.321e-14
5721.710  7.386e-14
5722.980  7.408e-14
5724.250  7.388e-14
5725.530  7.430e-14
5726.800  7.547e-14
5728.070  7.618e-14
5729.340  7.611e-14
5730.610  7.578e-14
5731.880  7.566e-14
5733.150  7.598e-14
5734.420  7.662e-14
5735.700  7.685e-14
5736.970  7.742e-14
5738.240  7.840e-14
5739.510  7.860e-14
5740.780  7.840e-14
5742.050  7.923e-14
5743.320  8.020e-14
5744.590  8.012e-14
5745.870  8.080e-14
5747.140  8.210e-14
5748.410  8.309e-14
5749.680  8.386e-14
5750.950  8.480e-14
5752.220  8.561e-14
5753.490  8.609e-14
5754.760  8.635e-14
5756.040  8.681e-14
5757.310  8.772e-14
5758.580  8.884e-14
5759.850  8.971e-14
5761.120  9.031e-14
5762.390  9.108e-14
5763.660  9.197e-14
5764.930  9.273e-14
5766.210  9.350e-14
5767.480  9.417e-14
5768.750  9.478e-14
5770.020  9.557e-14
5771.290  9.619e-14
5772.560  9.679e-14
5773.830  9.813e-14
5775.100  9.923e-14
5776.380  9.990e-14
5777.650  9.995e-14
5778.920  9.890e-14
5780.190  9.807e-14
5781.460  9.915e-14
5782.730  1.008e-13
5784.000  1.019e-13
5785.270  1.026e-13
5786.550  1.040e-13
5787.820  1.066e-13
5789.090  1.092e-13
5790.360  1.107e-13
5791.630  1.121e-13
5792.900  1.133e-13
5794.170  1.137e-13
5795.440  1.139e-13
5796.720  1.146e-13
5797.990  1.158e-13
5799.260  1.171e-13
5800.530  1.184e-13
5801.800  1.202e-13
5803.070  1.221e-13
5804.340  1.238e-13
5805.610  1.250e-13
5806.880  1.259e-13
5808.160  1.274e-13
5809.430  1.295e-13
5810.700  1.312e-13
5811.970  1.324e-13
5813.240  1.328e-13
5814.510  1.332e-13
5815.780  1.345e-13
5817.050  1.358e-13
5818.330  1.374e-13
5819.600  1.386e-13
5820.870  1.393e-13
5822.140  1.401e-13
5823.410  1.410e-13
5824.680  1.419e-13
5825.950  1.433e-13
5827.220  1.447e-13
5828.500  1.457e-13
5829.770  1.467e-13
5831.040  1.476e-13
5832.310  1.491e-13
5833.580  1.506e-13
5834.850  1.511e-13
5836.120  1.519e-13
5837.390  1.531e-13
5838.670  1.539e-13
5839.940  1.540e-13
5841.210  1.539e-13
5842.480  1.541e-13
5843.750  1.543e-13
5845.020  1.548e-13
5846.290  1.552e-13
5847.560  1.550e-13
5848.840  1.558e-13
5850.110  1.570e-13
5851.380  1.572e-13
5852.650  1.570e-13
5853.920  1.581e-13
5855.190  1.597e-13
5856.460  1.600e-13
5857.730  1.598e-13
5859.010  1.604e-13
5860.280  1.613e-13
5861.550  1.613e-13
5862.820  1.608e-13
5864.090  1.612e-13
5865.360  1.620e-13
5866.630  1.624e-13
5867.900  1.620e-13
5869.180  1.615e-13
5870.450  1.618e-13
5871.720  1.625e-13
5872.990  1.628e-13
5874.260  1.631e-13
5875.530  1.636e-13
5876.800  1.631e-13
5878.070  1.620e-13
5879.350  1.612e-13
5880.620  1.610e-13
5881.890  1.606e-13
5883.160  1.601e-13
5884.430  1.583e-13
5885.700  1.530e-13
5886.970  1.430e-13
5888.240  1.301e-13
5889.520  1.187e-13
5890.790  1.108e-13
5892.060  1.031e-13
5893.330  9.277e-14
5894.600  8.258e-14
5895.870  7.914e-14
5897.140  8.522e-14
5898.410  9.681e-14
5899.690  1.071e-13
5900.960  1.133e-13
5902.230  1.201e-13
5903.500  1.311e-13
5904.770  1.425e-13
5906.040  1.489e-13
5907.310  1.508e-13
5908.580  1.517e-13
5909.860  1.522e-13
5911.130  1.514e-13
5912.400  1.501e-13
5913.670  1.496e-13
5914.940  1.494e-13
5916.210  1.488e-13
5917.480  1.479e-13
5918.750  1.473e-13
5920.030  1.474e-13
5921.300  1.473e-13
5922.570  1.460e-13
5923.840  1.448e-13
5925.110  1.448e-13
5926.380  1.450e-13
5927.650  1.445e-13
5928.920  1.435e-13
5930.200  1.428e-13
5931.470  1.425e-13
5932.740  1.424e-13
5934.010  1.424e-13
5935.280  1.423e-13
5936.550  1.418e-13
5937.820  1.417e-13
5939.090  1.415e-13
5940.370  1.407e-13
5941.640  1.397e-13
5942.910  1.390e-13
5944.180  1.380e-13
5945.450  1.368e-13
5946.720  1.359e-13
5947.990  1.357e-13
5949.260  1.356e-13
5950.540  1.348e-13
5951.810  1.344e-13
5953.080  1.339e-13
5954.350  1.324e-13
5955.620  1.320e-13
5956.890  1.317e-13
5958.160  1.311e-13
5959.430  1.301e-13
5960.710  1.291e-13
5961.980  1.285e-13
5963.250  1.282e-13
5964.520  1.276e-13
5965.790  1.269e-13
5967.060  1.265e-13
5968.330  1.254e-13
5969.600  1.239e-13
5970.880  1.230e-13
5972.150  1.226e-13
5973.420  1.213e-13
5974.690  1.201e-13
5975.960  1.198e-13
5977.230  1.196e-13
5978.500  1.192e-13
5979.770  1.185e-13
5981.050  1.178e-13
5982.320  1.174e-13
5983.590  1.164e-13
5984.860  1.152e-13
5986.130  1.145e-13
5987.400  1.140e-13
5988.670  1.132e-13
5989.940  1.123e-13
5991.220  1.119e-13
5992.490  1.113e-13
5993.760  1.108e-13
5995.030  1.106e-13
5996.300  1.100e-13
5997.570  1.095e-13
5998.840  1.096e-13
6000.110  1.090e-13
6001.390  1.087e-13
6002.660  1.088e-13
6003.930  1.087e-13
6005.200  1.082e-13
6006.470  1.071e-13
6007.740  1.064e-13
6009.010  1.062e-13
6010.280  1.057e-13
6011.560  1.056e-13
6012.830  1.054e-13
6014.100  1.046e-13
6015.370  1.041e-13
6016.640  1.034e-13
6017.910  1.025e-13
6019.180  1.027e-13
6020.450  1.026e-13
6021.730  1.017e-13
6023.000  1.015e-13
6024.270  1.014e-13
6025.540  1.005e-13
6026.810  9.953e-14
6028.080  9.880e-14
6029.350  9.791e-14
6030.620  9.669e-14
6031.900  9.572e-14
6033.170  9.502e-14
6034.440  9.417e-14
6035.710  9.318e-14
6036.980  9.241e-14
6038.250  9.147e-14
6039.520  9.007e-14
6040.790  8.867e-14
6042.060  8.813e-14
6043.340  8.767e-14
6044.610  8.655e-14
6045.880  8.511e-14
6047.150  8.414e-14
6048.420  8.372e-14
6049.690  8.289e-14
6050.960  8.168e-14
6052.230  8.075e-14
6053.510  8.004e-14
6054.780  7.910e-14
6056.050  7.795e-14
6057.320  7.691e-14
6058.590  7.621e-14
6059.860  7.512e-14
6061.130  7.403e-14
6062.400  7.319e-14
6063.680  7.202e-14
6064.950  7.101e-14
6066.220  7.071e-14
6067.490  7.027e-14
6068.760  6.936e-14
6070.030  6.835e-14
6071.300  6.749e-14
6072.570  6.674e-14
6073.850  6.612e-14
6075.120  6.522e-14
6076.390  6.444e-14
6077.660  6.370e-14
6078.930  6.319e-14
6080.200  6.238e-14
6081.470  6.157e-14
6082.740  6.114e-14
6084.020  6.025e-14
6085.290  5.941e-14
6086.560  5.911e-14
6087.830  5.872e-14
6089.100  5.817e-14
6090.370  5.773e-14
6091.640  5.730e-14
6092.910  5.694e-14
6094.190  5.673e-14
6095.460  5.657e-14
6096.730  5.655e-14
6098.000  5.592e-14
6099.270  5.539e-14
6100.540  5.534e-14
6101.810  5.443e-14
6103.080  5.435e-14
6104.360  5.418e-14
6105.630  5.333e-14
6106.900  5.291e-14
6108.170  5.265e-14
6109.440  5.225e-14
6110.710  5.190e-14
6111.980  5.170e-14
6113.250  5.152e-14
6114.530  5.109e-14
6115.800  5.130e-14
6117.070  5.132e-14
6118.340  5.108e-14
6119.610  5.131e-14
6120.880  5.145e-14
6122.150  5.145e-14
6123.420  5.078e-14
6124.700  5.002e-14
6125.970  5.028e-14
6127.240  5.053e-14
6128.510  5.047e-14
6129.780  5.079e-14
6131.050  5.128e-14
6132.320  5.114e-14
6133.590  5.070e-14
6134.870  5.090e-14
6136.140  5.106e-14
6137.410  5.131e-14
6138.680  5.115e-14
6139.950  5.080e-14
6141.220  5.098e-14
6142.490  5.075e-14
6143.760  5.071e-14
6145.040  5.123e-14
6146.310  5.225e-14
6147.580  5.291e-14
6148.850  5.319e-14
6150.120  5.391e-14
6151.390  5.430e-14
6152.660  5.426e-14
6153.930  5.466e-14
6155.210  5.540e-14
6156.480  5.612e-14
6157.750  5.676e-14
6159.020  5.714e-14
6160.290  5.763e-14
6161.560  5.863e-14
6162.830  5.948e-14
6164.100  5.993e-14
6165.380  6.069e-14
6166.650  6.140e-14
6167.920  6.177e-14
6169.190  6.283e-14
6170.460  6.378e-14
6171.730  6.355e-14
6173.000  6.339e-14
6174.270  6.494e-14
6175.550  6.646e-14
6176.820  6.721e-14
6178.090  6.764e-14
6179.360  6.834e-14
6180.630  6.965e-14
6181.900  7.018e-14
6183.170  7.085e-14
6184.440  7.158e-14
6185.720  7.157e-14
6186.990  7.261e-14
6188.260  7.447e-14
6189.530  7.534e-14
6190.800  7.637e-14
6192.070  7.750e-14
6193.340  7.821e-14
6194.610  7.887e-14
6195.890  7.868e-14
6197.160  7.851e-14
6198.430  7.879e-14
6199.700  8.011e-14
6200.970  8.147e-14
6202.240  8.135e-14
6203.510  8.164e-14
6204.780  8.224e-14
6206.060  8.270e-14
6207.330  8.364e-14
6208.600  8.444e-14
6209.870  8.531e-14
6211.140  8.617e-14
6212.410  8.691e-14
6213.680  8.742e-14
6214.950  8.766e-14
6216.230  8.861e-14
6217.500  8.995e-14
6218.770  9.022e-14
6220.040  9.068e-14
6221.310  9.185e-14
6222.580  9.236e-14
6223.850  9.244e-14
6225.120  9.270e-14
6226.400  9.268e-14
6227.670  9.290e-14
6228.940  9.352e-14
6230.210  9.432e-14
6231.480  9.414e-14
6232.750  9.526e-14
6234.020  9.670e-14
6235.290  9.693e-14
6236.570  9.772e-14
6237.840  9.859e-14
6239.110  9.874e-14
6240.380  9.870e-14
6241.650  9.929e-14
6242.920  1.002e-13
6244.190  1.007e-13
6245.460  1.010e-13
6246.740  1.022e-13
6248.010  1.033e-13
6249.280  1.035e-13
6250.550  1.040e-13
6251.820  1.050e-13
6253.090  1.061e-13
6254.360  1.069e-13
6255.630  1.072e-13
6256.910  1.072e-13
6258.180  1.078e-13
6259.450  1.081e-13
6260.720  1.089e-13
6261.990  1.098e-13
6263.260  1.102e-13
6264.530  1.109e-13
6265.800  1.115e-13
6267.080  1.115e-13
6268.350  1.113e-13
6269.620  1.113e-13
6270.890  1.124e-13
6272.160  1.126e-13
6273.430  1.111e-13
6274.700  1.105e-13
6275.970  1.104e-13
6277.240  1.098e-13
6278.520  1.089e-13
6279.790  1.080e-13
6281.060  1.081e-13
6282.330  1.085e-13
6283.600  1.072e-13
6284.870  1.066e-13
6286.140  1.076e-13
6287.410  1.085e-13
6288.690  1.097e-13
6289.960  1.111e-13
6291.230  1.126e-13
6292.500  1.148e-13
6293.770  1.170e-13
6295.040  1.179e-13
6296.310  1.197e-13
6297.580  1.209e-13
6298.860  1.214e-13
6300.130  1.222e-13
6301.400  1.222e-13
6302.670  1.225e-13
6303.940  1.237e-13
6305.210  1.243e-13
6306.480  1.235e-13
6307.750  1.224e-13
6309.030  1.224e-13
6310.300  1.229e-13
6311.570  1.232e-13
6312.840  1.230e-13
6314.110  1.231e-13
6315.380  1.243e-13
6316.650  1.250e-13
6317.920  1.246e-13
6319.200  1.251e-13
6320.470  1.266e-13
6321.740  1.275e-13
6323.010  1.274e-13
6324.280  1.277e-13
6325.550  1.285e-13
6326.820  1.288e-13
6328.090  1.292e-13
6329.370  1.289e-13
6330.640  1.293e-13
6331.910  1.302e-13
6333.180  1.304e-13
6334.450  1.309e-13
6335.720  1.311e-13
6336.990  1.312e-13
6338.260  1.311e-13
6339.540  1.311e-13
6340.810  1.314e-13
6342.080  1.311e-13
6343.350  1.315e-13
6344.620  1.317e-13
6345.890  1.311e-13
6347.160  1.305e-13
6348.430  1.301e-13
6349.710  1.304e-13
6350.980  1.313e-13
6352.250  1.319e-13
6353.520  1.323e-13
6354.790  1.327e-13
6356.060  1.323e-13
6357.330  1.321e-13
6358.600  1.314e-13
6359.880  1.312e-13
6361.150  1.316e-13
6362.420  1.325e-13
6363.690  1.330e-13
6364.960  1.326e-13
6366.230  1.334e-13
6367.500  1.341e-13
6368.770  1.338e-13
6370.050  1.330e-13
6371.320  1.328e-13
6372.590  1.339e-13
6373.860  1.346e-13
6375.130  1.344e-13
6376.400  1.337e-13
6377.670  1.333e-13
6378.940  1.340e-13
6380.220  1.344e-13
6381.490  1.346e-13
6382.760  1.351e-13
6384.030  1.352e-13
6385.300  1.363e-13
6386.570  1.376e-13
6387.840  1.383e-13
6389.110  1.388e-13
6390.390  1.387e-13
6391.660  1.392e-13
6392.930  1.398e-13
6394.200  1.397e-13
6395.470  1.398e-13
6396.740  1.391e-13
6398.010  1.395e-13
6399.280  1.402e-13
6400.560  1.396e-13
6401.830  1.401e-13
6403.100  1.408e-13
6404.370  1.406e-13
6405.640  1.408e-13
6406.910  1.408e-13
6408.180  1.410e-13
6409.450  1.423e-13
6410.730  1.428e-13
6412.000  1.421e-13
6413.270  1.417e-13
6414.540  1.419e-13
6415.810  1.415e-13
6417.080  1.419e-13
6418.350  1.434e-13
6419.620  1.439e-13
6420.900  1.440e-13
6422.170  1.445e-13
6423.440  1.449e-13
6424.710  1.452e-13
6425.980  1.438e-13
6427.250  1.433e-13
6428.520  1.439e-13
6429.790  1.439e-13
6431.070  1.445e-13
6432.340  1.461e-13
6433.610  1.469e-13
6434.880  1.460e-13
6436.150  1.451e-13
6437.420  1.448e-13
6438.690  1.452e-13
6439.960  1.454e-13
6441.240  1.459e-13
6442.510  1.454e-13
6443.780  1.451e-13
6445.050  1.450e-13
6446.320  1.446e-13
6447.590  1.448e-13
6448.860  1.452e-13
6450.130  1.458e-13
6451.410  1.453e-13
6452.680  1.454e-13
6453.950  1.459e-13
6455.220  1.450e-13
6456.490  1.450e-13
6457.760  1.455e-13
6459.030  1.456e-13
6460.300  1.456e-13
6461.580  1.455e-13
6462.850  1.457e-13
6464.120  1.456e-13
6465.390  1.464e-13
6466.660  1.473e-13
6467.930  1.478e-13
6469.200  1.478e-13
6470.470  1.481e-13
6471.750  1.487e-13
6473.020  1.492e-13
6474.290  1.488e-13
6475.560  1.477e-13
6476.830  1.476e-13
6478.100  1.477e-13
6479.370  1.480e-13
6480.640  1.478e-13
6481.920  1.482e-13
6483.190  1.488e-13
6484.460  1.496e-13
6485.730  1.497e-13
6487.000  1.492e-13
6488.270  1.496e-13
6489.540  1.498e-13
6490.810  1.490e-13
6492.090  1.486e-13
6493.360  1.481e-13
6494.630  1.478e-13
6495.900  1.488e-13
6497.170  1.500e-13
6498.440  1.499e-13
6499.710  1.501e-13
6500.980  1.508e-13
6502.260  1.516e-13
6503.530  1.522e-13
6504.800  1.518e-13
6506.070  1.519e-13
6507.340  1.528e-13
6508.610  1.535e-13
6509.880  1.533e-13
6511.150  1.536e-13
6512.420  1.533e-13
6513.700  1.521e-13
6514.970  1.510e-13
6516.240  1.506e-13
6517.510  1.513e-13
6518.780  1.516e-13
6520.050  1.514e-13
6521.320  1.506e-13
6522.590  1.496e-13
6523.870  1.499e-13
6525.140  1.495e-13
6526.410  1.479e-13
6527.680  1.480e-13
6528.950  1.494e-13
6530.220  1.494e-13
6531.490  1.486e-13
6532.760  1.486e-13
6534.040  1.488e-13
6535.310  1.480e-13
6536.580  1.474e-13
6537.850  1.478e-13
6539.120  1.475e-13
6540.390  1.472e-13
6541.660  1.478e-13
6542.930  1.480e-13
6544.210  1.476e-13
6545.480  1.472e-13
6546.750  1.465e-13
6548.020  1.472e-13
6549.290  1.491e-13
6550.560  1.496e-13
6551.830  1.485e-13
6553.100  1.483e-13
6554.380  1.480e-13
6555.650  1.474e-13
6556.920  1.474e-13
6558.190  1.474e-13
6559.460  1.472e-13
6560.730  1.462e-13
6562.000  1.447e-13
6563.270  1.432e-13
6564.550  1.422e-13
6565.820  1.416e-13
6567.090  1.420e-13
6568.360  1.424e-13
6569.630  1.421e-13
6570.900  1.419e-13
6572.170  1.418e-13
6573.440  1.418e-13
6574.720  1.416e-13
6575.990  1.412e-13
6577.260  1.405e-13
6578.530  1.395e-13
6579.800  1.391e-13
6581.070  1.385e-13
6582.340  1.378e-13
6583.610  1.365e-13
6584.890  1.353e-13
6586.160  1.359e-13
6587.430  1.354e-13
6588.700  1.344e-13
6589.970  1.342e-13
6591.240  1.341e-13
6592.510  1.336e-13
6593.780  1.333e-13
6595.060  1.336e-13
6596.330  1.329e-13
6597.600  1.316e-13
6598.870  1.310e-13
6600.140  1.308e-13
6601.410  1.299e-13
6602.680  1.293e-13
6603.950  1.293e-13
6605.230  1.291e-13
6606.500  1.281e-13
6607.770  1.275e-13
6609.040  1.267e-13
6610.310  1.269e-13
6611.580  1.268e-13
6612.850  1.250e-13
6614.120  1.231e-13
6615.400  1.215e-13
6616.670  1.203e-13
6617.940  1.199e-13
6619.210  1.196e-13
6620.480  1.205e-13
6621.750  1.212e-13
6623.020  1.214e-13
6624.290  1.206e-13
6625.570  1.197e-13
6626.840  1.193e-13
6628.110  1.188e-13
6629.380  1.181e-13
6630.650  1.176e-13
6631.920  1.169e-13
6633.190  1.167e-13
6634.460  1.168e-13
6635.740  1.162e-13
6637.010  1.154e-13
6638.280  1.151e-13
6639.550  1.153e-13
6640.820  1.147e-13
6642.090  1.139e-13
6643.360  1.134e-13
6644.630  1.125e-13
6645.910  1.113e-13
6647.180  1.109e-13
6648.450  1.106e-13
6649.720  1.107e-13
6650.990  1.104e-13
6652.260  1.099e-13
6653.530  1.096e-13
6654.800  1.090e-13
6656.080  1.087e-13
6657.350  1.084e-13
6658.620  1.078e-13
6659.890  1.070e-13
6661.160  1.063e-13
6662.430  1.066e-13
6663.700  1.061e-13
6664.970  1.052e-13
6666.250  1.049e-13
6667.520  1.051e-13
6668.790  1.056e-13
6670.060  1.056e-13
6671.330  1.047e-13
6672.600  1.034e-13
6673.870  1.030e-13
6675.140  1.027e-13
6676.420  1.023e-13
6677.690  1.021e-13
6678.960  1.020e-13
6680.230  1.019e-13
6681.500  1.020e-13
6682.770  1.016e-13
6684.040  1.001e-13
6685.310  9.976e-14
6686.590  9.986e-14
6687.860  9.947e-14
6689.130  9.901e-14
6690.400  9.911e-14
6691.670  9.860e-14
6692.940  9.734e-14
6694.210  9.694e-14
6695.480  9.696e-14
6696.760  9.631e-14
6698.030  9.543e-14
6699.300  9.437e-14
6700.570  9.404e-14
6701.840  9.448e-14
6703.110  9.413e-14
6704.380  9.389e-14
6705.650  9.433e-14
6706.930  9.422e-14
6708.200  9.349e-14
6709.470  9.287e-14
6710.740  9.280e-14
6712.010  9.351e-14
6713.280  9.332e-14
6714.550  9.211e-14
6715.820  9.186e-14
6717.100  9.138e-14
6718.370  9.138e-14
6719.640  9.141e-14
6720.910  9.082e-14
6722.180  9.007e-14
6723.450  9.029e-14
6724.720  9.058e-14
6725.990  9.038e-14
6727.270  8.998e-14
6728.540  8.890e-14
6729.810  8.773e-14
6731.080  8.703e-14
6732.350  8.693e-14
6733.620  8.734e-14
6734.890  8.723e-14
6736.160  8.697e-14
6737.440  8.717e-14
6738.710  8.762e-14
6739.980  8.693e-14
6741.250  8.688e-14
6742.520  8.734e-14
6743.790  8.673e-14
6745.060  8.640e-14
6746.330  8.662e-14
6747.600  8.620e-14
6748.880  8.573e-14
6750.150  8.567e-14
6751.420  8.577e-14
6752.690  8.463e-14
6753.960  8.423e-14
6755.230  8.450e-14
6756.500  8.523e-14
6757.770  8.571e-14
6759.050  8.514e-14
6760.320  8.439e-14
6761.590  8.429e-14
6762.860  8.422e-14
6764.130  8.425e-14
6765.400  8.440e-14
6766.670  8.405e-14
6767.940  8.345e-14
6769.220  8.328e-14
6770.490  8.309e-14
6771.760  8.237e-14
6773.030  8.190e-14
6774.300  8.167e-14
6775.570  8.219e-14
6776.840  8.266e-14
6778.110  8.210e-14
6779.390  8.167e-14
6780.660  8.191e-14
6781.930  8.213e-14
6783.200  8.242e-14
6784.470  8.227e-14
6785.740  8.175e-14
6787.010  8.126e-14
6788.280  8.137e-14
6789.560  8.176e-14
6790.830  8.167e-14
6792.100  8.197e-14
6793.370  8.234e-14
6794.640  8.216e-14
6795.910  8.249e-14
6797.180  8.293e-14
6798.450  8.208e-14
6799.730  8.173e-14
6801.000  8.191e-14
6802.270  8.218e-14
6803.540  8.247e-14
6804.810  8.223e-14
6806.080  8.173e-14
6807.350  8.175e-14
6808.620  8.184e-14
6809.900  8.146e-14
6811.170  8.177e-14
6812.440  8.200e-14
6813.710  8.187e-14
6814.980  8.182e-14
6816.250  8.208e-14
6817.520  8.226e-14
6818.790  8.174e-14
6820.070  8.173e-14
6821.340  8.203e-14
6822.610  8.177e-14
6823.880  8.176e-14
6825.150  8.256e-14
6826.420  8.298e-14
6827.690  8.296e-14
6828.960  8.301e-14
6830.240  8.280e-14
6831.510  8.237e-14
6832.780  8.169e-14
6834.050  8.174e-14
6835.320  8.238e-14
6836.590  8.210e-14
6837.860  8.187e-14
6839.130  8.124e-14
6840.410  8.078e-14
6841.680  8.134e-14
6842.950  8.193e-14
6844.220  8.162e-14
6845.490  8.090e-14
6846.760  8.035e-14
6848.030  8.081e-14
6849.300  8.160e-14
6850.580  8.141e-14
6851.850  8.116e-14
6853.120  8.163e-14
6854.390  8.157e-14
6855.660  8.174e-14
6856.930  8.182e-14
6858.200  8.197e-14
6859.470  8.236e-14
6860.750  8.227e-14
6862.020  8.182e-14
6863.290  7.991e-14
6864.560  7.651e-14
6865.830  7.237e-14
6867.100  6.848e-14
6868.370  6.542e-14
6869.640  6.325e-14
6870.920  6.143e-14
6872.190  6.109e-14
6873.460  6.276e-14
6874.730  6.576e-14
6876.000  6.861e-14
6877.270  7.055e-14
6878.540  7.293e-14
6879.810  7.562e-14
6881.090  7.718e-14
6882.360  7.808e-14
6883.630  7.750e-14
6884.900  7.668e-14
6886.170  7.564e-14
6887.440  7.467e-14
6888.710  7.405e-14
6889.980  7.392e-14
6891.260  7.392e-14
6892.530  7.430e-14
6893.800  7.464e-14
6895.070  7.460e-14
6896.340  7.585e-14
6897.610  7.768e-14
6898.880  7.819e-14
6900.150  7.809e-14
6901.430  7.800e-14
6902.700  7.826e-14
6903.970  7.926e-14
6905.240  7.910e-14
6906.510  7.934e-14
6907.780  7.975e-14
6909.050  8.046e-14
6910.320  8.043e-14
6911.600  8.065e-14
6912.870  8.153e-14
6914.140  8.212e-14
6915.410  8.186e-14
6916.680  8.148e-14
6917.950  8.231e-14
6919.220  8.269e-14
6920.490  8.269e-14
6921.770  8.282e-14
6923.040  8.334e-14
6924.310  8.305e-14
6925.580  8.278e-14
6926.850  8.369e-14
6928.120  8.411e-14
6929.390  8.422e-14
6930.660  8.459e-14
6931.940  8.473e-14
6933.210  8.453e-14
6934.480  8.446e-14
6935.750  8.447e-14
6937.020  8.464e-14
6938.290  8.474e-14
6939.560  8.469e-14
6940.830  8.487e-14
6942.110  8.518e-14
6943.380  8.454e-14
6944.650  8.451e-14
6945.920  8.484e-14
6947.190  8.483e-14
6948.460  8.480e-14
6949.730  8.447e-14
6951.000  8.413e-14
6952.280  8.418e-14
6953.550  8.390e-14
6954.820  8.349e-14
6956.090  8.332e-14
6957.360  8.351e-14
6958.630  8.396e-14
6959.900  8.469e-14
6961.170  8.410e-14
6962.450  8.396e-14
6963.720  8.434e-14
6964.990  8.451e-14
6966.260  8.523e-14
6967.530  8.548e-14
6968.800  8.492e-14
6970.070  8.424e-14
6971.340  8.404e-14
6972.620  8.458e-14
6973.890  8.463e-14
6975.160  8.481e-14
6976.430  8.474e-14
6977.700  8.448e-14
6978.970  8.440e-14
6980.240  8.420e-14
6981.510  8.451e-14
6982.780  8.502e-14
6984.060  8.471e-14
6985.330  8.437e-14
6986.600  8.445e-14
6987.870  8.476e-14
6989.140  8.489e-14
6990.410  8.490e-14
6991.680  8.462e-14
6992.950  8.417e-14
6994.230  8.406e-14
6995.500  8.367e-14
6996.770  8.339e-14
6998.040  8.441e-14
6999.310  8.446e-14
7000.580  8.357e-14
7001.850  8.336e-14
7003.120  8.330e-14
7004.400  8.407e-14
7005.670  8.527e-14
7006.940  8.486e-14
7008.210  8.473e-14
7009.480  8.481e-14
7010.750  8.472e-14
7012.020  8.486e-14
7013.290  8.491e-14
7014.570  8.400e-14
7015.840  8.361e-14
7017.110  8.405e-14
7018.380  8.418e-14
7019.650  8.411e-14
7020.920  8.430e-14
7022.190  8.459e-14
7023.460  8.401e-14
7024.740  8.381e-14
7026.010  8.481e-14
7027.280  8.485e-14
7028.550  8.455e-14
7029.820  8.445e-14
7031.090  8.463e-14
7032.360  8.509e-14
7033.630  8.493e-14
7034.910  8.472e-14
7036.180  8.539e-14
7037.450  8.542e-14
7038.720  8.499e-14
7039.990  8.544e-14
7041.260  8.591e-14
7042.530  8.638e-14
7043.800  8.635e-14
7045.080  8.641e-14
7046.350  8.701e-14
7047.620  8.735e-14
7048.890  8.735e-14
7050.160  8.711e-14
7051.430  8.702e-14
7052.700  8.729e-14
7053.970  8.766e-14
7055.250  8.808e-14
7056.520  8.847e-14
7057.790  8.834e-14
7059.060  8.730e-14
7060.330  8.680e-14
7061.600  8.729e-14
7062.870  8.753e-14
7064.140  8.772e-14
7065.420  8.810e-14
7066.690  8.803e-14
7067.960  8.803e-14
7069.230  8.832e-14
7070.500  8.885e-14
7071.770  8.890e-14
7073.040  8.909e-14
7074.310  8.953e-14
7075.590  8.992e-14
7076.860  8.966e-14
7078.130  9.029e-14
7079.400  9.113e-14
7080.670  9.149e-14
7081.940  9.145e-14
7083.210  9.189e-14
7084.480  9.212e-14
7085.760  9.204e-14
7087.030  9.237e-14
7088.300  9.205e-14
7089.570  9.176e-14
7090.840  9.147e-14
7092.110  9.141e-14
7093.380  9.179e-14
7094.650  9.206e-14
7095.930  9.236e-14
7097.200  9.227e-14
7098.470  9.259e-14
7099.740  9.321e-14
7101.010  9.418e-14
7102.280  9.487e-14
7103.550  9.435e-14
7104.820  9.377e-14
7106.100  9.393e-14
7107.370  9.464e-14
7108.640  9.509e-14
7109.910  9.527e-14
7111.180  9.524e-14
7112.450  9.542e-14
7113.720  9.506e-14
7114.990  9.527e-14
7116.270  9.493e-14
7117.540  9.464e-14
7118.810  9.511e-14
7120.080  9.448e-14
7121.350  9.436e-14
7122.620  9.422e-14
7123.890  9.372e-14
7125.160  9.352e-14
7126.440  9.417e-14
7127.710  9.443e-14
7128.980  9.446e-14
7130.250  9.481e-14
7131.520  9.447e-14
7132.790  9.423e-14
7134.060  9.398e-14
7135.330  9.417e-14
7136.610  9.434e-14
7137.880  9.476e-14
7139.150  9.439e-14
7140.420  9.429e-14
7141.690  9.459e-14
7142.960  9.451e-14
7144.230  9.434e-14
7145.500  9.402e-14
7146.780  9.408e-14
7148.050  9.466e-14
7149.320  9.429e-14
7150.590  9.434e-14
7151.860  9.449e-14
7153.130  9.495e-14
7154.400  9.505e-14
7155.670  9.472e-14
7156.950  9.454e-14
7158.220  9.485e-14
7159.490  9.514e-14
7160.760  9.464e-14
7162.030  9.434e-14
7163.300  9.462e-14
7164.570  9.467e-14
7165.840  9.388e-14
7167.120  9.285e-14
7168.390  9.363e-14
7169.660  9.412e-14
7170.930  9.395e-14
7172.200  9.371e-14
7173.470  9.289e-14
7174.740  9.187e-14
7176.010  9.151e-14
7177.290  9.204e-14
7178.560  9.241e-14
7179.830  9.303e-14
7181.100  9.303e-14
7182.370  9.182e-14
7183.640  9.119e-14
7184.910  9.119e-14
7186.180  9.182e-14
7187.460  9.190e-14
7188.730  9.154e-14
7190.000  9.195e-14
7191.270  9.264e-14
7192.540  9.266e-14
7193.810  9.286e-14
7195.080  9.354e-14
7196.350  9.315e-14
7197.630  9.328e-14
7198.900  9.392e-14
7200.170  9.344e-14
7201.440  9.212e-14
7202.710  9.143e-14
7203.980  9.213e-14
7205.250  9.263e-14
7206.520  9.257e-14
7207.800  9.324e-14
7209.070  9.542e-14
7210.340  9.698e-14
7211.610  9.714e-14
7212.880  9.779e-14
7214.150  9.873e-14
7215.420  9.900e-14
7216.690  9.926e-14
7217.960  9.940e-14
7219.240  9.838e-14
7220.510  9.796e-14
7221.780  9.807e-14
7223.050  9.806e-14
7224.320  9.753e-14
7225.590  9.661e-14
7226.860  9.611e-14
7228.130  9.584e-14
7229.410  9.558e-14
7230.680  9.585e-14
7231.950  9.621e-14
7233.220  9.669e-14
7234.490  9.596e-14
7235.760  9.550e-14
7237.030  9.614e-14
7238.300  9.668e-14
7239.580  9.664e-14
7240.850  9.605e-14
7242.120  9.625e-14
7243.390  9.746e-14
7244.660  9.748e-14
7245.930  9.699e-14
7247.200  9.742e-14
7248.470  9.838e-14
7249.750  9.853e-14
7251.020  9.894e-14
7252.290  9.909e-14
7253.560  9.793e-14
7254.830  9.786e-14
7256.100  9.868e-14
7257.370  9.931e-14
7258.640  1.007e-13
7259.920  9.998e-14
7261.190  9.811e-14
7262.460  9.785e-14
7263.730  9.817e-14
7265.000  9.739e-14
7266.270  9.747e-14
7267.540  9.872e-14
7268.810  9.911e-14
7270.090  9.866e-14
7271.360  9.802e-14
7272.630  9.753e-14
7273.900  9.736e-14
7275.170  9.711e-14
7276.440  9.673e-14
7277.710  9.692e-14
7278.980  9.688e-14
7280.260  9.774e-14
7281.530  9.899e-14
7282.800  9.956e-14
7284.070  9.889e-14
7285.340  9.859e-14
7286.610  9.869e-14
7287.880  9.949e-14
7289.150  9.971e-14
7290.430  9.920e-14
7291.700  9.916e-14
7292.970  9.936e-14
7294.240  1.004e-13
7295.510  1.017e-13
7296.780  1.014e-13
7298.050  1.002e-13
7299.320  9.950e-14
7300.600  9.941e-14
7301.870  9.861e-14
7303.140  9.838e-14
7304.410  9.910e-14
7305.680  9.914e-14
7306.950  9.875e-14
7308.220  9.874e-14
7309.490  9.846e-14
7310.770  9.881e-14
7312.040  9.976e-14
7313.310  9.965e-14
7314.580  9.987e-14
7315.850  1.005e-13
7317.120  9.991e-14
7318.390  9.916e-14
7319.660  9.888e-14
7320.940  9.889e-14
7322.210  9.902e-14
7323.480  9.875e-14
7324.750  9.865e-14
7326.020  9.893e-14
7327.290  9.922e-14
7328.560  9.923e-14
7329.830  9.977e-14
7331.110  9.922e-14
7332.380  9.838e-14
7333.650  9.795e-14
7334.920  9.833e-14
7336.190  9.851e-14
7337.460  9.863e-14
7338.730  9.884e-14
7340.000  9.903e-14
7341.280  9.867e-14
7342.550  9.812e-14
7343.820  9.829e-14
7345.090  9.814e-14
7346.360  9.781e-14
7347.630  9.746e-14
7348.900  9.785e-14
7350.170  9.759e-14
7351.450  9.663e-14
7352.720  9.648e-14
7353.990  9.601e-14
7355.260  9.571e-14
7356.530  9.586e-14
7357.800  9.581e-14
7359.070  9.555e-14
7360.340  9.500e-14
7361.620  9.525e-14
7362.890  9.577e-14
7364.160  9.615e-14
7365.430  9.564e-14
7366.700  9.503e-14
7367.970  9.426e-14
7369.240  9.341e-14
7370.510  9.317e-14
7371.790  9.366e-14
7373.060  9.375e-14
7374.330  9.369e-14
7375.600  9.404e-14
7376.870  9.452e-14
7378.140  9.410e-14
7379.410  9.332e-14
7380.680  9.320e-14
7381.960  9.268e-14
7383.230  9.121e-14
7384.500  9.106e-14
7385.770  9.199e-14
7387.040  9.157e-14
7388.310  9.120e-14
7389.580  9.105e-14
7390.850  9.104e-14
7392.130  9.117e-14
7393.400  9.186e-14
7394.670  9.175e-14
7395.940  9.092e-14
7397.210  9.085e-14
7398.480  9.059e-14
7399.750  9.038e-14
7401.020  8.959e-14
7402.300  8.967e-14
7403.570  8.913e-14
7404.840  8.836e-14
7406.110  8.941e-14
7407.380  8.977e-14
7408.650  8.964e-14
7409.920  8.900e-14
7411.190  8.869e-14
7412.470  8.938e-14
7413.740  8.939e-14
7415.010  8.895e-14
7416.280  8.917e-14
7417.550  8.968e-14
7418.820  8.929e-14
7420.090  8.889e-14
7421.360  8.903e-14
7422.640  8.825e-14
7423.910  8.774e-14
7425.180  8.853e-14
7426.450  8.831e-14
7427.720  8.769e-14
7428.990  8.809e-14
7430.260  8.828e-14
7431.530  8.799e-14
7432.810  8.785e-14
7434.080  8.800e-14
7435.350  8.808e-14
7436.620  8.771e-14
7437.890  8.810e-14
7439.160  8.870e-14
7440.430  8.740e-14
7441.700  8.652e-14
7442.980  8.729e-14
7444.250  8.776e-14
7445.520  8.810e-14
7446.790  8.834e-14
7448.060  8.863e-14
7449.330  8.804e-14
7450.600  8.743e-14
7451.870  8.717e-14
7453.140  8.770e-14
7454.420  8.827e-14
7455.690  8.903e-14
7456.960  8.962e-14
7458.230  8.986e-14
7459.500  8.976e-14
7460.770  8.941e-14
7462.040  8.943e-14
7463.310  8.963e-14
7464.590  8.956e-14
7465.860  8.889e-14
7467.130  8.892e-14
7468.400  8.820e-14
7469.670  8.783e-14
7470.940  8.830e-14
7472.210  8.896e-14
7473.480  8.978e-14
7474.760  8.962e-14
7476.030  8.896e-14
7477.300  8.916e-14
7478.570  8.863e-14
7479.840  8.833e-14
7481.110  8.928e-14
7482.380  8.888e-14
7483.650  8.772e-14
7484.930  8.794e-14
7486.200  8.877e-14
7487.470  8.872e-14
7488.740  8.811e-14
7490.010  8.768e-14
7491.280  8.735e-14
7492.550  8.652e-14
7493.820  8.601e-14
7495.100  8.597e-14
7496.370  8.712e-14
7497.640  8.698e-14
7498.910  8.619e-14
7500.180  8.670e-14
7501.450  8.702e-14
7502.720  8.699e-14
7503.990  8.631e-14
7505.270  8.630e-14
7506.540  8.587e-14
7507.810  8.613e-14
7509.080  8.696e-14
7510.350  8.747e-14
7511.620  8.720e-14
7512.890  8.736e-14
7514.160  8.722e-14
7515.440  8.715e-14
7516.710  8.767e-14
7517.980  8.795e-14
7519.250  8.793e-14
7520.520  8.783e-14
7521.790  8.733e-14
7523.060  8.698e-14
7524.330  8.727e-14
7525.610  8.738e-14
7526.880  8.789e-14
7528.150  8.811e-14
7529.420  8.695e-14
7530.690  8.690e-14
7531.960  8.708e-14
7533.230  8.718e-14
7534.500  8.676e-14
7535.780  8.647e-14
7537.050  8.614e-14
7538.320  8.703e-14
7539.590  8.699e-14
7540.860  8.627e-14
7542.130  8.602e-14
7543.400  8.593e-14
7544.670  8.539e-14
7545.950  8.474e-14
7547.220  8.451e-14
7548.490  8.489e-14
7549.760  8.526e-14
7551.030  8.535e-14
7552.300  8.474e-14
7553.570  8.396e-14
7554.840  8.398e-14
7556.120  8.423e-14
7557.390  8.422e-14
7558.660  8.473e-14
7559.930  8.547e-14
7561.200  8.561e-14
7562.470  8.569e-14
7563.740  8.586e-14
7565.010  8.602e-14
7566.290  8.642e-14
7567.560  8.725e-14
7568.830  8.684e-14
7570.100  8.675e-14
7571.370  8.731e-14
7572.640  8.714e-14
7573.910  8.713e-14
7575.180  8.746e-14
7576.460  8.729e-14
7577.730  8.713e-14
7579.000  8.705e-14
7580.270  8.673e-14
7581.540  8.590e-14
7582.810  8.570e-14
7584.080  8.591e-14
7585.350  8.645e-14
7586.630  8.673e-14
7587.900  8.596e-14
7589.170  8.386e-14
7590.440  8.041e-14
7591.710  7.500e-14
7592.980  6.821e-14
7594.250  6.091e-14
7595.520  5.275e-14
7596.800  4.498e-14
7598.070  3.853e-14
7599.340  3.362e-14
7600.610  3.005e-14
7601.880  2.749e-14
7603.150  2.541e-14
7604.420  2.434e-14
7605.690  2.422e-14
7606.970  2.520e-14
7608.240  2.714e-14
7609.510  3.012e-14
7610.780  3.417e-14
7612.050  3.821e-14
7613.320  4.468e-14
7614.590  5.210e-14
7615.860  5.864e-14
7617.140  6.276e-14
7618.410  6.411e-14
7619.680  6.346e-14
7620.950  6.092e-14
7622.220  5.644e-14
7623.490  5.124e-14
7624.760  4.779e-14
7626.030  4.643e-14
7627.310  4.526e-14
7628.580  4.496e-14
7629.850  4.542e-14
7631.120  4.488e-14
7632.390  4.562e-14
7633.660  4.736e-14
7634.930  4.860e-14
7636.200  4.903e-14
7637.480  4.959e-14
7638.750  5.223e-14
7640.020  5.418e-14
7641.290  5.447e-14
7642.560  5.582e-14
7643.830  5.885e-14
7645.100  6.002e-14
7646.370  5.965e-14
7647.650  6.078e-14
7648.920  6.478e-14
7650.190  6.694e-14
7651.460  6.547e-14
7652.730  6.631e-14
7654.000  7.006e-14
7655.270  7.148e-14
7656.540  7.039e-14
7657.820  7.104e-14
7659.090  7.449e-14
7660.360  7.636e-14
7661.630  7.450e-14
7662.900  7.226e-14
7664.170  7.251e-14
7665.440  7.325e-14
7666.710  7.252e-14
7667.990  7.151e-14
7669.260  7.249e-14
7670.530  7.414e-14
7671.800  7.593e-14
7673.070  7.728e-14
7674.340  7.815e-14
7675.610  7.873e-14
7676.880  7.885e-14
7678.160  7.883e-14
7679.430  7.853e-14
7680.700  7.838e-14
7681.970  7.912e-14
7683.240  7.988e-14
7684.510  7.994e-14
7685.780  7.982e-14
7687.050  7.974e-14
7688.320  7.971e-14
7689.600  8.008e-14
7690.870  8.044e-14
7692.140  8.078e-14
7693.410  8.126e-14
7694.680  8.147e-14
7695.950  8.173e-14
7697.220  8.126e-14
7698.490  8.003e-14
7699.770  7.955e-14
7701.040  7.927e-14
7702.310  7.884e-14
7703.580  7.811e-14
7704.850  7.852e-14
7706.120  7.974e-14
7707.390  8.039e-14
7708.660  8.089e-14
7709.940  8.129e-14
7711.210  8.076e-14
7712.480  7.976e-14
7713.750  7.956e-14
7715.020  8.027e-14
7716.290  8.085e-14
7717.560  8.068e-14
7718.830  8.035e-14
7720.110  8.057e-14
7721.380  8.111e-14
7722.650  8.079e-14
7723.920  8.096e-14
7725.190  8.142e-14
7726.460  8.159e-14
7727.730  8.161e-14
7729.000  8.151e-14
7730.280  8.070e-14
7731.550  8.080e-14
7732.820  8.190e-14
7734.090  8.210e-14
7735.360  8.198e-14
7736.630  8.189e-14
7737.900  8.154e-14
7739.170  8.173e-14
7740.450  8.236e-14
7741.720  8.283e-14
7742.990  8.191e-14
7744.260  8.103e-14
7745.530  8.120e-14
7746.800  8.136e-14
7748.070  8.136e-14
7749.340  8.169e-14
7750.620  8.113e-14
7751.890  8.064e-14
7753.160  8.089e-14
7754.430  8.195e-14
7755.700  8.295e-14
7756.970  8.262e-14
7758.240  8.204e-14
7759.510  8.245e-14
7760.790  8.259e-14
7762.060  8.230e-14
7763.330  8.305e-14
7764.600  8.423e-14
7765.870  8.461e-14
7767.140  8.436e-14
7768.410  8.408e-14
7769.680  8.380e-14
7770.960  8.420e-14
7772.230  8.510e-14
7773.500  8.515e-14
7774.770  8.530e-14
7776.040  8.525e-14
7777.310  8.528e-14
7778.580  8.554e-14
7779.850  8.556e-14
7781.130  8.521e-14
7782.400  8.505e-14
7783.670  8.491e-14
7784.940  8.441e-14
7786.210  8.476e-14
7787.480  8.504e-14
7788.750  8.375e-14
7790.020  8.327e-14
7791.300  8.339e-14
7792.570  8.408e-14
7793.840  8.424e-14
7795.110  8.402e-14
7796.380  8.359e-14
7797.650  8.336e-14
7798.920  8.365e-14
7800.190  8.394e-14
7801.470  8.411e-14
7802.740  8.438e-14
7804.010  8.483e-14
7805.280  8.529e-14
7806.550  8.559e-14
7807.820  8.564e-14
7809.090  8.523e-14
7810.360  8.483e-14
7811.640  8.540e-14
7812.910  8.680e-14
7814.180  8.778e-14
7815.450  8.764e-14
7816.720  8.735e-14
7817.990  8.746e-14
7819.260  8.756e-14
7820.530  8.768e-14
7821.810  8.747e-14
7823.080  8.735e-14
7824.350  8.747e-14
7825.620  8.733e-14
7826.890  8.776e-14
7828.160  8.758e-14
7829.430  8.645e-14
7830.700  8.572e-14
7831.980  8.532e-14
7833.250  8.526e-14
7834.520  8.513e-14
7835.790  8.539e-14
7837.060  8.609e-14
7838.330  8.567e-14
7839.600  8.575e-14
7840.870  8.616e-14
7842.150  8.557e-14
7843.420  8.642e-14
7844.690  8.716e-14
7845.960  8.766e-14
7847.230  8.744e-14
7848.500  8.673e-14
7849.770  8.717e-14
7851.040  8.808e-14
7852.320  8.759e-14
7853.590  8.628e-14
7854.860  8.660e-14
7856.130  8.761e-14
7857.400  8.703e-14
7858.670  8.680e-14
7859.940  8.626e-14
7861.210  8.551e-14
7862.490  8.673e-14
7863.760  8.699e-14
7865.030  8.581e-14
7866.300  8.570e-14
7867.570  8.536e-14
7868.840  8.420e-14
7870.110  8.465e-14
7871.380  8.553e-14
7872.660  8.545e-14
7873.930  8.500e-14
7875.200  8.478e-14
7876.470  8.548e-14
7877.740  8.642e-14
7879.010  8.748e-14
7880.280  8.714e-14
7881.550  8.646e-14
7882.830  8.753e-14
7884.100  8.777e-14
7885.370  8.689e-14
7886.640  8.666e-14
7887.910  8.695e-14
7889.180  8.671e-14
7890.450  8.583e-14
7891.720  8.547e-14
7893.000  8.528e-14
7894.270  8.470e-14
7895.540  8.467e-14
7896.810  8.469e-14
7898.080  8.375e-14
7899.350  8.314e-14
7900.620  8.348e-14
7901.890  8.284e-14
7903.170  8.248e-14
7904.440  8.334e-14
7905.710  8.272e-14
7906.980  8.229e-14
7908.250  8.274e-14
7909.520  8.294e-14
7910.790  8.316e-14
7912.060  8.341e-14
7913.340  8.318e-14
7914.610  8.347e-14
7915.880  8.379e-14
7917.150  8.287e-14
7918.420  8.290e-14
7919.690  8.367e-14
7920.960  8.304e-14
7922.230  8.273e-14
7923.500  8.319e-14
7924.780  8.281e-14
7926.050  8.262e-14
7927.320  8.243e-14
7928.590  8.255e-14
7929.860  8.258e-14
7931.130  8.282e-14
7932.400  8.314e-14
7933.670  8.291e-14
7934.950  8.232e-14
7936.220  8.141e-14
7937.490  8.087e-14
7938.760  8.106e-14
7940.030  8.111e-14
7941.300  8.077e-14
7942.570  8.033e-14
7943.840  7.943e-14
7945.120  7.951e-14
7946.390  7.994e-14
7947.660  7.955e-14
7948.930  7.899e-14
7950.200  7.813e-14
7951.470  7.776e-14
7952.740  7.839e-14
7954.010  7.874e-14
7955.290  7.852e-14
7956.560  7.769e-14
7957.830  7.698e-14
7959.100  7.739e-14
7960.370  7.779e-14
7961.640  7.894e-14
7962.910  7.899e-14
7964.180  7.821e-14
7965.460  7.761e-14
7966.730  7.726e-14
7968.000  7.707e-14
7969.270  7.701e-14
7970.540  7.697e-14
7971.810  7.667e-14
7973.080  7.595e-14
7974.350  7.526e-14
7975.630  7.526e-14
7976.900  7.558e-14
7978.170  7.553e-14
7979.440  7.542e-14
7980.710  7.492e-14
7981.980  7.426e-14
7983.250  7.351e-14
7984.520  7.255e-14
7985.800  7.214e-14
7987.070  7.197e-14
7988.340  7.192e-14
7989.610  7.194e-14
7990.880  7.146e-14
7992.150  7.107e-14
7993.420  7.109e-14
7994.690  7.130e-14
7995.970  7.157e-14
7997.240  7.143e-14
7998.510  7.117e-14
7999.780  7.105e-14
8001.050  7.080e-14
8002.320  7.063e-14
8003.590  7.067e-14
8004.860  7.083e-14
8006.140  7.038e-14
8007.410  6.965e-14
8008.680  6.978e-14
8009.950  6.977e-14
8011.220  6.919e-14
8012.490  6.962e-14
8013.760  7.056e-14
8015.030  7.035e-14
8016.310  6.955e-14
8017.580  6.946e-14
8018.850  6.995e-14
8020.120  6.936e-14
8021.390  6.890e-14
8022.660  6.831e-14
8023.930  6.782e-14
8025.200  6.828e-14
8026.480  6.847e-14
8027.750  6.759e-14
8029.020  6.678e-14
8030.290  6.694e-14
8031.560  6.620e-14
8032.830  6.622e-14
8034.100  6.644e-14
8035.370  6.539e-14
8036.650  6.422e-14
8037.920  6.363e-14
8039.190  6.353e-14
8040.460  6.364e-14
8041.730  6.343e-14
8043.000  6.295e-14
8044.270  6.283e-14
8045.540  6.283e-14
8046.820  6.259e-14
8048.090  6.293e-14
8049.360  6.304e-14
8050.630  6.278e-14
8051.900  6.293e-14
8053.170  6.305e-14
8054.440  6.350e-14
8055.710  6.282e-14
8056.990  6.214e-14
8058.260  6.227e-14
8059.530  6.160e-14
8060.800  6.067e-14
8062.070  6.033e-14
8063.340  5.984e-14
8064.610  5.950e-14
8065.880  5.941e-14
8067.160  5.885e-14
8068.430  5.802e-14
8069.700  5.682e-14
8070.970  5.669e-14
8072.240  5.629e-14
8073.510  5.524e-14
8074.780  5.501e-14
8076.050  5.472e-14
8077.330  5.400e-14
8078.600  5.373e-14
8079.870  5.291e-14
8081.140  5.193e-14
8082.410  5.133e-14
8083.680  5.065e-14
8084.950  5.045e-14
8086.220  4.943e-14
8087.500  4.762e-14
8088.770  4.708e-14
8090.040  4.678e-14
8091.310  4.596e-14
8092.580  4.547e-14
8093.850  4.523e-14
8095.120  4.496e-14
8096.390  4.416e-14
8097.670  4.331e-14
8098.940  4.297e-14
8100.210  4.291e-14
8101.480  4.234e-14
8102.750  4.125e-14
8104.020  4.038e-14
8105.290  4.026e-14
8106.560  3.997e-14
8107.840  3.923e-14
8109.110  3.852e-14
8110.380  3.802e-14
8111.650  3.782e-14
8112.920  3.720e-14
8114.190  3.643e-14
8115.460  3.645e-14
8116.730  3.636e-14
8118.010  3.590e-14
8119.280  3.525e-14
8120.550  3.432e-14
8121.820  3.334e-14
8123.090  3.298e-14
8124.360  3.299e-14
8125.630  3.248e-14
8126.900  3.157e-14
8128.180  3.081e-14
8129.450  3.049e-14
8130.720  3.043e-14
8131.990  3.005e-14
8133.260  2.930e-14
8134.530  2.851e-14
8135.800  2.791e-14
8137.070  2.774e-14
8138.350  2.757e-14
8139.620  2.700e-14
8140.890  2.647e-14
8142.160  2.613e-14
8143.430  2.606e-14
8144.700  2.623e-14
8145.970  2.565e-14
8147.240  2.521e-14
8148.520  2.494e-14
8149.790  2.483e-14
8151.060  2.460e-14
8152.330  2.424e-14
8153.600  2.384e-14
8154.870  2.346e-14
8156.140  2.311e-14
8157.410  2.269e-14
8158.680  2.238e-14
8159.960  2.217e-14
8161.230  2.197e-14
8162.500  2.201e-14
8163.770  2.164e-14
8165.040  2.113e-14
8166.310  2.077e-14
8167.580  2.064e-14
8168.850  2.079e-14
8170.130  2.119e-14
8171.400  2.120e-14
8172.670  2.065e-14
8173.940  2.041e-14
8175.210  2.015e-14
8176.480  1.984e-14
8177.750  1.972e-14
8179.020  1.943e-14
8180.300  1.917e-14
8181.570  1.890e-14
8182.840  1.880e-14
8184.110  1.916e-14
8185.380  1.929e-14
8186.650  1.904e-14
8187.920  1.890e-14
8189.190  1.903e-14
8190.470  1.944e-14
8191.740  1.901e-14
8193.010  1.878e-14
8194.280  1.864e-14
8195.550  1.880e-14
8196.820  1.933e-14
8198.090  1.952e-14
8199.360  1.912e-14
8200.640  1.898e-14
8201.910  1.966e-14
8203.180  2.015e-14
8204.450  2.013e-14
8205.720  2.044e-14
8206.990  2.040e-14
8208.260  2.021e-14
8209.530  2.040e-14
8210.810  2.030e-14
8212.080  2.004e-14
8213.350  2.001e-14
8214.620  1.988e-14
8215.890  1.985e-14
8217.160  2.007e-14
8218.430  2.014e-14
8219.700  2.006e-14
8220.980  1.981e-14
8222.250  1.990e-14
8223.520  2.028e-14
8224.790  1.941e-14
8226.060  1.823e-14
8227.330  1.837e-14
8228.600  1.871e-14
8229.870  1.880e-14
8231.150  1.925e-14
8232.420  1.947e-14
8233.690  1.982e-14
8234.960  1.972e-14
8236.230  1.971e-14
8237.500  2.037e-14
8238.770  2.085e-14
8240.040  2.095e-14
8241.320  2.066e-14
8242.590  2.034e-14
8243.860  2.037e-14
8245.130  2.022e-14
8246.400  2.013e-14
8247.670  2.031e-14
8248.940  2.015e-14
8250.210  2.005e-14
8251.490  2.021e-14
8252.760  2.037e-14
8254.030  2.018e-14
8255.300  1.989e-14
8256.570  2.001e-14
8257.840  2.010e-14
8259.110  1.995e-14
8260.380  2.006e-14
8261.660  2.026e-14
8262.930  2.092e-14
8264.200  2.104e-14
8265.470  2.038e-14
8266.740  2.044e-14
8268.010  2.063e-14
8269.280  2.072e-14
8270.550  2.107e-14
8271.830  2.101e-14
8273.100  2.080e-14
8274.370  2.074e-14
8275.640  2.068e-14
8276.910  2.088e-14
8278.180  2.091e-14
8279.450  2.077e-14
8280.720  2.071e-14
8282.000  2.082e-14
8283.270  2.062e-14
8284.540  2.059e-14
8285.810  2.080e-14
8287.080  2.054e-14
8288.350  2.066e-14
8289.620  2.071e-14
8290.890  2.048e-14
8292.170  2.029e-14
8293.440  2.007e-14
8294.710  2.028e-14
8295.980  2.064e-14
8297.250  2.110e-14
8298.520  2.130e-14
8299.790  2.107e-14
8301.060  2.159e-14
8302.340  2.208e-14
8303.610  2.167e-14
8304.880  2.117e-14
8306.150  2.165e-14
8307.420  2.241e-14
8308.690  2.273e-14
8309.960  2.268e-14
8311.230  2.272e-14
8312.510  2.316e-14
8313.780  2.357e-14
8315.050  2.357e-14
8316.320  2.340e-14
8317.590  2.320e-14
8318.860  2.289e-14
8320.130  2.274e-14
8321.400  2.326e-14
8322.680  2.404e-14
8323.950  2.440e-14
8325.220  2.436e-14
8326.490  2.419e-14
8327.760  2.448e-14
8329.030  2.501e-14
8330.300  2.482e-14
8331.570  2.469e-14
8332.850  2.522e-14
8334.120  2.628e-14
8335.390  2.653e-14
8336.660  2.605e-14
8337.930  2.626e-14
8339.200  2.666e-14
8340.470  2.656e-14
8341.740  2.693e-14
8343.020  2.767e-14
8344.290  2.757e-14
8345.560  2.707e-14
8346.830  2.695e-14
8348.100  2.718e-14
8349.370  2.733e-14
8350.640  2.751e-14
8351.910  2.776e-14
8353.190  2.770e-14
8354.460  2.789e-14
8355.730  2.854e-14
8357.000  2.891e-14
8358.270  2.908e-14
8359.540  2.909e-14
8360.810  2.960e-14
8362.080  3.042e-14
8363.360  3.047e-14
8364.630  3.020e-14
8365.900  3.064e-14
8367.170  3.138e-14
8368.440  3.167e-14
8369.710  3.177e-14
8370.980  3.204e-14
8372.250  3.256e-14
8373.530  3.308e-14
8374.800  3.348e-14
8376.070  3.351e-14
8377.340  3.362e-14
8378.610  3.438e-14
8379.880  3.467e-14
8381.150  3.487e-14
8382.420  3.541e-14
8383.700  3.564e-14
8384.970  3.586e-14
8386.240  3.642e-14
8387.510  3.697e-14
8388.780  3.768e-14
8390.050  3.855e-14
8391.320  3.908e-14
8392.590  3.928e-14
8393.860  3.936e-14
8395.140  4.011e-14
8396.410  4.078e-14
8397.680  4.118e-14
8398.950  4.173e-14
8400.220  4.251e-14
8401.490  4.320e-14
8402.760  4.365e-14
8404.030  4.428e-14
8405.310  4.507e-14
8406.580  4.569e-14
8407.850  4.627e-14
8409.120  4.723e-14
8410.390  4.770e-14
8411.660  4.798e-14
8412.930  4.875e-14
8414.200  4.936e-14
8415.480  5.023e-14
8416.750  5.143e-14
8418.020  5.185e-14
8419.290  5.229e-14
8420.560  5.311e-14
8421.830  5.408e-14
8423.100  5.465e-14
8424.370  5.525e-14
8425.650  5.604e-14
8426.920  5.656e-14
8428.190  5.708e-14
8429.460  5.727e-14
8430.730  5.802e-14
8432.000  5.894e-14
8433.270  5.948e-14
8434.540  5.979e-14
8435.820  6.024e-14
8437.090  6.100e-14
8438.360  6.125e-14
8439.630  6.110e-14
8440.900  6.184e-14
8442.170  6.278e-14
8443.440  6.356e-14
8444.710  6.393e-14
8445.990  6.437e-14
8447.260  6.518e-14
8448.530  6.641e-14
8449.800  6.729e-14
8451.070  6.760e-14
8452.340  6.816e-14
8453.610  6.801e-14
8454.880  6.817e-14
8456.160  6.898e-14
8457.430  7.010e-14
8458.700  7.094e-14
8459.970  7.081e-14
8461.240  7.106e-14
8462.510  7.180e-14
8463.780  7.144e-14
8465.050  7.154e-14
8466.330  7.203e-14
8467.600  7.265e-14
8468.870  7.269e-14
8470.140  7.243e-14
8471.410  7.247e-14
8472.680  7.264e-14
8473.950  7.287e-14
8475.220  7.307e-14
8476.500  7.345e-14
8477.770  7.441e-14
8479.040  7.512e-14
8480.310  7.542e-14
8481.580  7.602e-14
8482.850  7.665e-14
8484.120  7.665e-14
8485.390  7.686e-14
8486.670  7.782e-14
8487.940  7.823e-14
8489.210  7.851e-14
8490.480  7.913e-14
8491.750  7.899e-14
8493.020  7.902e-14
8494.290  8.018e-14
8495.560  8.064e-14
8496.840  8.004e-14
8498.110  7.987e-14
8499.380  7.962e-14
8500.650  7.987e-14
8501.920  8.117e-14
8503.190  8.179e-14
8504.460  8.182e-14
8505.730  8.216e-14
8507.010  8.212e-14
8508.280  8.156e-14
8509.550  8.176e-14
8510.820  8.244e-14
8512.090  8.232e-14
8513.360  8.239e-14
8514.630  8.265e-14
8515.900  8.315e-14
8517.180  8.338e-14
8518.450  8.339e-14
8519.720  8.385e-14
8520.990  8.394e-14
8522.260  8.357e-14
8523.530  8.322e-14
8524.800  8.321e-14
8526.070  8.299e-14
8527.350  8.295e-14
8528.620  8.334e-14
8529.890  8.412e-14
8531.160  8.473e-14
8532.430  8.447e-14
8533.700  8.458e-14
8534.970  8.480e-14
8536.240  8.482e-14
8537.520  8.528e-14
8538.790  8.546e-14
8540.060  8.501e-14
8541.330  8.518e-14
8542.600  8.551e-14
8543.870  8.521e-14
8545.140  8.508e-14
8546.410  8.488e-14
8547.690  8.484e-14
8548.960  8.507e-14
8550.230  8.485e-14
8551.500  8.465e-14
8552.770  8.506e-14
8554.040  8.542e-14
8555.310  8.555e-14
8556.580  8.551e-14
8557.860  8.566e-14
8559.130  8.570e-14
8560.400  8.581e-14
8561.670  8.609e-14
8562.940  8.659e-14
8564.210  8.695e-14
8565.480  8.675e-14
8566.750  8.672e-14
8568.030  8.619e-14
8569.300  8.558e-14
8570.570  8.565e-14
8571.840  8.580e-14
8573.110  8.605e-14
8574.380  8.680e-14
8575.650  8.695e-14
8576.920  8.692e-14
8578.200  8.799e-14
8579.470  8.869e-14
8580.740  8.822e-14
8582.010  8.758e-14
8583.280  8.789e-14
8584.550  8.828e-14
8585.820  8.787e-14
8587.090  8.753e-14
8588.370  8.758e-14
8589.640  8.810e-14
8590.910  8.825e-14
8592.180  8.841e-14
8593.450  8.887e-14
8594.720  8.874e-14
8595.990  8.817e-14
8597.260  8.813e-14
8598.540  8.849e-14
8599.810  8.876e-14
8601.080  8.885e-14
8602.350  8.937e-14
8603.620  8.979e-14
8604.890  9.019e-14
8606.160  9.089e-14
8607.430  9.092e-14
8608.710  9.055e-14
8609.980  9.012e-14
8611.250  8.950e-14
8612.520  8.889e-14
8613.790  8.822e-14
8615.060  8.790e-14
8616.330  8.765e-14
8617.600  8.707e-14
8618.880  8.729e-14
8620.150  8.730e-14
8621.420  8.634e-14
8622.690  8.570e-14
8623.960  8.550e-14
8625.230  8.549e-14
8626.500  8.574e-14
8627.770  8.614e-14
8629.040  8.652e-14
8630.320  8.644e-14
8631.590  8.675e-14
8632.860  8.732e-14
8634.130  8.726e-14
8635.400  8.769e-14
8636.670  8.805e-14
8637.940  8.737e-14
8639.210  8.742e-14
8640.490  8.766e-14
8641.760  8.760e-14
8643.030  8.775e-14
8644.300  8.800e-14
8645.570  8.802e-14
8646.840  8.801e-14
8648.110  8.804e-14
8649.380  8.842e-14
8650.660  8.878e-14
8651.930  8.853e-14
8653.200  8.873e-14
8654.470  8.902e-14
8655.740  8.855e-14
8657.010  8.808e-14
8658.280  8.780e-14
8659.550  8.786e-14
8660.830  8.835e-14
8662.100  8.773e-14
8663.370  8.706e-14
8664.640  8.696e-14
8665.910  8.666e-14
8667.180  8.648e-14
8668.450  8.629e-14
8669.720  8.545e-14
8671.000  8.510e-14
8672.270  8.536e-14
8673.540  8.549e-14
8674.810  8.574e-14
8676.080  8.632e-14
8677.350  8.613e-14
8678.620  8.546e-14
8679.890  8.577e-14
8681.170  8.646e-14
8682.440  8.674e-14
8683.710  8.679e-14
8684.980  8.722e-14
8686.250  8.741e-14
8687.520  8.717e-14
8688.790  8.731e-14
8690.060  8.751e-14
8691.340  8.747e-14
8692.610  8.753e-14
8693.880  8.778e-14
8695.150  8.748e-14
8696.420  8.663e-14
8697.690  8.693e-14
8698.960  8.746e-14
8700.230  8.696e-14
8701.510  8.689e-14
8702.780  8.628e-14
8704.050  8.595e-14
8705.320  8.577e-14
8706.590  8.543e-14
8707.860  8.545e-14
8709.130  8.522e-14
8710.400  8.493e-14
8711.680  8.454e-14
8712.950  8.385e-14
8714.220  8.353e-14
8715.490  8.405e-14
8716.760  8.455e-14
8718.030  8.407e-14
8719.300  8.352e-14
8720.570  8.370e-14
8721.850  8.359e-14
8723.120  8.348e-14
8724.390  8.351e-14
8725.660  8.317e-14
8726.930  8.240e-14
8728.200  8.194e-14
8729.470  8.189e-14
8730.740  8.150e-14
8732.020  8.116e-14
8733.290  8.128e-14
8734.560  8.157e-14
8735.830  8.144e-14
8737.100  8.071e-14
8738.370  8.022e-14
8739.640  8.043e-14
8740.910  8.069e-14
8742.190  8.117e-14
8743.460  8.159e-14
8744.730  8.070e-14
8746.000  7.969e-14
8747.270  7.977e-14
8748.540  7.985e-14
8749.810  8.000e-14
8751.080  7.967e-14
8752.360  7.884e-14
8753.630  7.896e-14
8754.900  7.941e-14
8756.170  7.880e-14
8757.440  7.849e-14
8758.710  7.892e-14
8759.980  7.875e-14
8761.250  7.835e-14
8762.530  7.826e-14
8763.800  7.837e-14
8765.070  7.806e-14
8766.340  7.735e-14
8767.610  7.676e-14
8768.880  7.624e-14
8770.150  7.629e-14
8771.420  7.634e-14
8772.700  7.568e-14
8773.970  7.506e-14
8775.240  7.499e-14
8776.510  7.459e-14
8777.780  7.422e-14
8779.050  7.450e-14
8780.320  7.432e-14
8781.590  7.339e-14
8782.870  7.263e-14
8784.140  7.222e-14
8785.410  7.201e-14
8786.680  7.204e-14
8787.950  7.183e-14
8789.220  7.114e-14
8790.490  7.051e-14
8791.760  7.042e-14
8793.040  7.053e-14
8794.310  7.040e-14
8795.580  6.972e-14
8796.850  6.895e-14
8798.120  6.875e-14
8799.390  6.837e-14
8800.660  6.797e-14
8801.930  6.769e-14
8803.210  6.713e-14
8804.480  6.707e-14
8805.750  6.740e-14
8807.020  6.715e-14
8808.290  6.680e-14
8809.560  6.653e-14
8810.830  6.620e-14
8812.100  6.603e-14
8813.380  6.587e-14
8814.650  6.559e-14
8815.920  6.536e-14
8817.190  6.523e-14
8818.460  6.530e-14
8819.730  6.523e-14
8821.000  6.503e-14
8822.270  6.484e-14
8823.550  6.459e-14
8824.820  6.458e-14
8826.090  6.417e-14
8827.360  6.324e-14
8828.630  6.273e-14
8829.900  6.234e-14
8831.170  6.166e-14
8832.440  6.160e-14
8833.720  6.170e-14
8834.990  6.102e-14
8836.260  6.008e-14
8837.530  5.939e-14
8838.800  5.905e-14
8840.070  5.892e-14
8841.340  5.845e-14
8842.610  5.796e-14
8843.890  5.762e-14
8845.160  5.701e-14
8846.430  5.676e-14
8847.700  5.671e-14
8848.970  5.598e-14
8850.240  5.545e-14
8851.510  5.554e-14
8852.780  5.536e-14
8854.060  5.498e-14
8855.330  5.462e-14
8856.600  5.410e-14
8857.870  5.372e-14
8859.140  5.374e-14
8860.410  5.365e-14
8861.680  5.331e-14
8862.950  5.304e-14
8864.220  5.263e-14
8865.500  5.205e-14
8866.770  5.174e-14
8868.040  5.153e-14
8869.310  5.137e-14
8870.580  5.121e-14
8871.850  5.085e-14
8873.120  5.097e-14
8874.390  5.103e-14
8875.670  5.046e-14
8876.940  5.055e-14
8878.210  5.084e-14
8879.480  5.046e-14
8880.750  5.036e-14
8882.020  5.020e-14
8883.290  4.952e-14
8884.560  4.933e-14
8885.840  4.942e-14
8887.110  4.912e-14
8888.380  4.870e-14
8889.650  4.830e-14
8890.920  4.784e-14
8892.190  4.715e-14
8893.460  4.624e-14
8894.730  4.535e-14
8896.010  4.450e-14
8897.280  4.398e-14
8898.550  4.381e-14
8899.820  4.344e-14
8901.090  4.287e-14
8902.360  4.250e-14
8903.630  4.220e-14
8904.900  4.201e-14
8906.180  4.179e-14
8907.450  4.129e-14
8908.720  4.101e-14
8909.990  4.104e-14
8911.260  4.069e-14
8912.530  4.046e-14
8913.800  4.041e-14
8915.070  3.988e-14
8916.350  3.971e-14
8917.620  3.946e-14
8918.890  3.865e-14
8920.160  3.824e-14
8921.430  3.807e-14
8922.700  3.793e-14
8923.970  3.782e-14
8925.240  3.761e-14
8926.520  3.719e-14
8927.790  3.672e-14
8929.060  3.640e-14
8930.330  3.618e-14
8931.600  3.608e-14
8932.870  3.622e-14
8934.140  3.613e-14
8935.410  3.562e-14
8936.690  3.525e-14
8937.960  3.529e-14
8939.230  3.526e-14
8940.500  3.493e-14
8941.770  3.490e-14
8943.040  3.485e-14
8944.310  3.438e-14
8945.580  3.394e-14
8946.860  3.348e-14
8948.130  3.300e-14
8949.400  3.267e-14
8950.670  3.228e-14
8951.940  3.196e-14
8953.210  3.189e-14
8954.480  3.176e-14
8955.750  3.166e-14
8957.030  3.177e-14
8958.300  3.161e-14
8959.570  3.109e-14
8960.840  3.071e-14
8962.110  3.050e-14
8963.380  3.009e-14
8964.650  2.969e-14
8965.920  2.936e-14
8967.200  2.892e-14
8968.470  2.875e-14
8969.740  2.880e-14
8971.010  2.850e-14
8972.280  2.813e-14
8973.550  2.806e-14
8974.820  2.802e-14
8976.090  2.762e-14
8977.370  2.723e-14
8978.640  2.705e-14
8979.910  2.670e-14
8981.180  2.623e-14
8982.450  2.581e-14
8983.720  2.545e-14
8984.990  2.504e-14
8986.260  2.438e-14
8987.540  2.355e-14
8988.810  2.292e-14
8990.080  2.269e-14
8991.350  2.286e-14
8992.620  2.314e-14
8993.890  2.308e-14
8995.160  2.290e-14
8996.430  2.288e-14
8997.710  2.256e-14
8998.980  2.198e-14
9000.250  2.154e-14
9001.520  2.128e-14
9002.790  2.103e-14
9004.060  2.074e-14
9005.330  2.047e-14
9006.600  2.022e-14
9007.880  1.987e-14
9009.150  1.949e-14
9010.420  1.934e-14
9011.690  1.924e-14
9012.960  1.881e-14
9014.230  1.833e-14
9015.500  1.814e-14
9016.770  1.794e-14
9018.050  1.778e-14
9019.320  1.761e-14
9020.590  1.733e-14
9021.860  1.727e-14
9023.130  1.720e-14
9024.400  1.684e-14
9025.670  1.662e-14
9026.940  1.671e-14
9028.220  1.660e-14
9029.490  1.644e-14
9030.760  1.650e-14
9032.030  1.638e-14
9033.300  1.620e-14
9034.570  1.624e-14
9035.840  1.613e-14
9037.110  1.572e-14
9038.390  1.545e-14
9039.660  1.539e-14
9040.930  1.519e-14
9042.200  1.489e-14
9043.470  1.474e-14
9044.740  1.464e-14
9046.010  1.443e-14
9047.280  1.424e-14
9048.560  1.413e-14
9049.830  1.392e-14
9051.100  1.363e-14
9052.370  1.350e-14
9053.640  1.339e-14
9054.910  1.310e-14
9056.180  1.283e-14
9057.450  1.278e-14
9058.730  1.278e-14
9060.000  1.269e-14
9061.270  1.251e-14
9062.540  1.225e-14
9063.810  1.205e-14
9065.080  1.188e-14
9066.350  1.167e-14
9067.620  1.150e-14
9068.900  1.139e-14
9070.170  1.128e-14
9071.440  1.109e-14
9072.710  1.090e-14
9073.980  1.079e-14
9075.250  1.065e-14
9076.520  1.040e-14
9077.790  1.009e-14
9079.070  9.869e-15
9080.340  9.754e-15
9081.610  9.475e-15
9082.880  9.109e-15
9084.150  8.801e-15
9085.420  8.550e-15
9086.690  8.455e-15
9087.960  8.346e-15
9089.240  8.196e-15
9090.510  7.993e-15
9091.780  7.761e-15
9093.050  7.646e-15
9094.320  7.551e-15
9095.590  7.420e-15
9096.860  7.323e-15
9098.130  7.220e-15
9099.400  7.037e-15
9100.680  6.826e-15
9101.950  6.695e-15
9103.220  6.648e-15
9104.490  6.555e-15
9105.760  6.430e-15
9107.030  6.368e-15
9108.300  6.306e-15
9109.570  6.194e-15
9110.850  6.086e-15
9112.120  6.012e-15
9113.390  5.897e-15
9114.660  5.726e-15
9115.930  5.568e-15
9117.200  5.456e-15
9118.470  5.375e-15
9119.740  5.297e-15
9121.020  5.241e-15
9122.290  5.147e-15
9123.560  4.997e-15
9124.830  4.877e-15
9126.100  4.713e-15
9127.370  4.573e-15
9128.640  4.459e-15
9129.910  4.272e-15
9131.190  4.109e-15
9132.460  3.999e-15
9133.730  3.875e-15
