# TELESCOPE = UH88
# INSTRUMENT = SNIFS
# OBJECT = ATLAS21baci
# CHANNEL = B+R
# EXPNUM = 21_192_018
# MJD-OBS = 59406.291209
# DATE-OBS = 2021-07-11T07:00:12
# EXPTIME = 1800.0s
# AIRMASS = 1.28
# RA = 13:05:49.58
# DEC = 20:59:48.19
# wl fl err
# [A] [erg/s/cm2/A]
3402.860000 1.569319e-16 4.598168e-17
3405.860000 1.012225e-16 4.732051e-17
3408.860000 1.216539e-16 4.325410e-17
3411.860000 1.384563e-16 4.068792e-17
3414.860000 1.723036e-16 4.489518e-17
3417.860000 1.821755e-16 4.611447e-17
3420.860000 2.331282e-16 4.123378e-17
3423.860000 2.383904e-16 4.017898e-17
3426.860000 1.431720e-16 4.446410e-17
3429.860000 1.473777e-16 4.417876e-17
3432.860000 2.038165e-16 3.903862e-17
3435.860000 1.989157e-16 3.889740e-17
3438.860000 2.117476e-16 4.356075e-17
3441.860000 2.937990e-16 4.350396e-17
3444.860000 2.097840e-16 3.758675e-17
3447.860000 1.441400e-16 3.826828e-17
3450.860000 1.419113e-16 4.129250e-17
3453.860000 1.486604e-16 3.961121e-17
3456.860000 1.622182e-16 3.564446e-17
3459.860000 1.876490e-16 3.774306e-17
3462.860000 1.713174e-16 4.044555e-17
3465.860000 1.725576e-16 3.795059e-17
3468.860000 1.387120e-16 3.442602e-17
3471.860000 1.461909e-16 3.735656e-17
3474.860000 1.879760e-16 3.951629e-17
3477.860000 1.154718e-16 3.538019e-17
3480.860000 1.111488e-16 3.374397e-17
3483.860000 1.194908e-16 3.745583e-17
3486.860000 1.692127e-16 3.894132e-17
3489.860000 1.372689e-16 3.464985e-17
3492.860000 1.517192e-16 3.351084e-17
3495.860000 9.442523e-17 3.728621e-17
3498.860000 1.300525e-16 3.741771e-17
3501.860000 1.759990e-16 3.312691e-17
3504.860000 1.735635e-16 3.286613e-17
3507.860000 1.425443e-16 3.650763e-17
3510.860000 1.629130e-16 3.589874e-17
3513.860000 1.336917e-16 3.133318e-17
3516.860000 1.108892e-16 3.170910e-17
3519.860000 1.381282e-16 3.521182e-17
3522.860000 1.699906e-16 3.412436e-17
3525.860000 1.810124e-16 3.052763e-17
3528.860000 1.617022e-16 3.162140e-17
3531.860000 1.388456e-16 3.411778e-17
3534.860000 1.313654e-16 3.226307e-17
3537.860000 1.686852e-16 2.993843e-17
3540.860000 1.796972e-16 3.233258e-17
3543.860000 2.289335e-16 3.451949e-17
3546.860000 2.266417e-16 3.227604e-17
3549.860000 1.914766e-16 3.039698e-17
3552.860000 2.611187e-16 3.406554e-17
3555.860000 2.214955e-16 3.442377e-17
3558.860000 2.109253e-16 3.131011e-17
3561.860000 2.142263e-16 3.035812e-17
3564.860000 2.015109e-16 3.367023e-17
3567.860000 1.647542e-16 3.371435e-17
3570.860000 1.870431e-16 2.983619e-17
3573.860000 2.154235e-16 2.956181e-17
3576.860000 2.079988e-16 3.337715e-17
3579.860000 1.721802e-16 3.295436e-17
3582.860000 2.015445e-16 2.881486e-17
3585.860000 2.328470e-16 2.929721e-17
3588.860000 2.367800e-16 3.236609e-17
3591.860000 2.157838e-16 3.101674e-17
3594.860000 1.790533e-16 2.717342e-17
3597.860000 1.888794e-16 2.841312e-17
3600.860000 1.983590e-16 3.067070e-17
3603.860000 2.163090e-16 2.927127e-17
3606.860000 2.015651e-16 2.662867e-17
3609.860000 1.742383e-16 2.829175e-17
3612.860000 1.770708e-16 2.979926e-17
3615.860000 1.700812e-16 2.749228e-17
3618.860000 1.466060e-16 2.558179e-17
3621.860000 1.484509e-16 2.816354e-17
3624.860000 1.432782e-16 2.927977e-17
3627.860000 1.755715e-16 2.681663e-17
3630.860000 2.043510e-16 2.611778e-17
3633.860000 2.122373e-16 2.934151e-17
3636.860000 1.959120e-16 2.962036e-17
3639.860000 2.027245e-16 2.638025e-17
3642.860000 2.121694e-16 2.613791e-17
3645.860000 2.223193e-16 2.972605e-17
3648.860000 1.879309e-16 2.929481e-17
3651.860000 1.857049e-16 2.525051e-17
3654.860000 2.016612e-16 2.575211e-17
3657.860000 2.142987e-16 2.867626e-17
3660.860000 2.311690e-16 2.808629e-17
3663.860000 2.076087e-16 2.480274e-17
3666.860000 1.718172e-16 2.543376e-17
3669.860000 1.824231e-16 2.767197e-17
3672.860000 1.861890e-16 2.630347e-17
3675.860000 2.246973e-16 2.417904e-17
3678.860000 2.269157e-16 2.566328e-17
3681.860000 2.295928e-16 2.740959e-17
3684.860000 2.104626e-16 2.537586e-17
3687.860000 1.914857e-16 2.326485e-17
3690.860000 2.013933e-16 2.566061e-17
3693.860000 2.177415e-16 2.702443e-17
3696.860000 2.378728e-16 2.471482e-17
3699.860000 2.313892e-16 2.361256e-17
3702.860000 2.157877e-16 2.658633e-17
3705.860000 2.322310e-16 2.717885e-17
3708.860000 2.131999e-16 2.410653e-17
3711.860000 2.163576e-16 2.359533e-17
3714.860000 2.029671e-16 2.668174e-17
3717.860000 2.160200e-16 2.697543e-17
3720.860000 2.566369e-16 2.395570e-17
3723.860000 2.724818e-16 2.415725e-17
3726.860000 2.526273e-16 2.671589e-17
3729.860000 2.338544e-16 2.629969e-17
3732.860000 2.584379e-16 2.345776e-17
3735.860000 2.559133e-16 2.445533e-17
3738.860000 2.413604e-16 2.684090e-17
3741.860000 2.627001e-16 2.582656e-17
3744.860000 2.404782e-16 2.318925e-17
3747.860000 2.350320e-16 2.463524e-17
3750.860000 2.295611e-16 2.601570e-17
3753.860000 2.098748e-16 2.425585e-17
3756.860000 2.222479e-16 2.263396e-17
3759.860000 2.030575e-16 2.439905e-17
3762.860000 2.408823e-16 2.582564e-17
3765.860000 2.540168e-16 2.374097e-17
3768.860000 2.072916e-16 2.227433e-17
3771.860000 1.870522e-16 2.451497e-17
3774.860000 1.664099e-16 2.500834e-17
3777.860000 1.677588e-16 2.246162e-17
3780.860000 2.184769e-16 2.219398e-17
3783.860000 2.711332e-16 2.571054e-17
3786.860000 3.091185e-16 2.576315e-17
3789.860000 3.021797e-16 2.249334e-17
3792.860000 2.520561e-16 2.217510e-17
3795.860000 2.536040e-16 2.485314e-17
3798.860000 2.552059e-16 2.436732e-17
3801.860000 2.522836e-16 2.143465e-17
3804.860000 2.113714e-16 2.154706e-17
3807.860000 2.351397e-16 2.376660e-17
3810.860000 2.608021e-16 2.325245e-17
3813.860000 2.573991e-16 2.091542e-17
3816.860000 2.795356e-16 2.234138e-17
3819.860000 2.507809e-16 2.355555e-17
3822.860000 2.216496e-16 2.192525e-17
3825.860000 2.169169e-16 2.003397e-17
3828.860000 2.593935e-16 2.212741e-17
3831.860000 2.609057e-16 2.326076e-17
3834.860000 2.619266e-16 2.153353e-17
3837.860000 2.627568e-16 2.050428e-17
3840.860000 2.807900e-16 2.285178e-17
3843.860000 2.786716e-16 2.341003e-17
3846.860000 2.715256e-16 2.111293e-17
3849.860000 2.966929e-16 2.085053e-17
3852.860000 3.166255e-16 2.383544e-17
3855.860000 3.192081e-16 2.404320e-17
3858.860000 3.040404e-16 2.092226e-17
3861.860000 2.974182e-16 2.099594e-17
3864.860000 2.946974e-16 2.380766e-17
3867.860000 3.015563e-16 2.351471e-17
3870.860000 2.876934e-16 2.060156e-17
3873.860000 2.648751e-16 2.086516e-17
3876.860000 2.582028e-16 2.292969e-17
3879.860000 2.723786e-16 2.229160e-17
3882.860000 2.790791e-16 2.009971e-17
3885.860000 2.814485e-16 2.094561e-17
3888.860000 2.672129e-16 2.231768e-17
3891.860000 2.834914e-16 2.141298e-17
3894.860000 2.917784e-16 1.971459e-17
3897.860000 2.772287e-16 2.096811e-17
3900.860000 2.424448e-16 2.170308e-17
3903.860000 2.383615e-16 1.995156e-17
3906.860000 2.506057e-16 1.888308e-17
3909.860000 2.841477e-16 2.107945e-17
3912.860000 2.573743e-16 2.155207e-17
3915.860000 2.253833e-16 1.920622e-17
3918.860000 2.257741e-16 1.854776e-17
3921.860000 2.505174e-16 2.109288e-17
3924.860000 2.426127e-16 2.114362e-17
3927.860000 2.471696e-16 1.885943e-17
3930.860000 2.360616e-16 1.864366e-17
3933.860000 2.301729e-16 2.117789e-17
3936.860000 1.985773e-16 2.064241e-17
3939.860000 1.661055e-16 1.798756e-17
3942.860000 2.007538e-16 1.867162e-17
3945.860000 2.141293e-16 2.078854e-17
3948.860000 2.050093e-16 2.027355e-17
3951.860000 2.259013e-16 1.814187e-17
3954.860000 2.509402e-16 1.912712e-17
3957.860000 2.457306e-16 2.075535e-17
3960.860000 2.191560e-16 1.973362e-17
3963.860000 2.085897e-16 1.792539e-17
3966.860000 2.054661e-16 1.921796e-17
3969.860000 2.136616e-16 2.053461e-17
3972.860000 2.046242e-16 1.910490e-17
3975.860000 1.972814e-16 1.809405e-17
3978.860000 1.668091e-16 1.993092e-17
3981.860000 1.549608e-16 2.079244e-17
3984.860000 2.150827e-16 1.978979e-17
3987.860000 2.371154e-16 1.946417e-17
3990.860000 2.316818e-16 2.182183e-17
3993.860000 2.242168e-16 2.184471e-17
3996.860000 2.303248e-16 1.945378e-17
3999.860000 2.008529e-16 1.862193e-17
4002.860000 1.796265e-16 2.060687e-17
4005.860000 1.819554e-16 2.026193e-17
4008.860000 1.617072e-16 1.729069e-17
4011.860000 1.471465e-16 1.700786e-17
4014.860000 1.668205e-16 1.905639e-17
4017.860000 1.630536e-16 1.864690e-17
4020.860000 1.296843e-16 1.625849e-17
4023.860000 1.164273e-16 1.676148e-17
4026.860000 9.566399e-17 1.795634e-17
4029.860000 1.145271e-16 1.703949e-17
4032.860000 1.435835e-16 1.560102e-17
4035.860000 1.542793e-16 1.664772e-17
4038.860000 1.442410e-16 1.773695e-17
4041.860000 1.192941e-16 1.641376e-17
4044.860000 1.453617e-16 1.555113e-17
4047.860000 1.672136e-16 1.717590e-17
4050.860000 1.417677e-16 1.774459e-17
4053.860000 1.238126e-16 1.600042e-17
4056.860000 1.389274e-16 1.538317e-17
4059.860000 1.285495e-16 1.721501e-17
4062.860000 1.368851e-16 1.761728e-17
4065.860000 1.217254e-16 1.575835e-17
4068.860000 1.148058e-16 1.553011e-17
4071.860000 1.429458e-16 1.811885e-17
4074.860000 1.736031e-16 1.829639e-17
4077.860000 1.323266e-16 1.601254e-17
4080.860000 1.074666e-16 1.608997e-17
4083.860000 1.161277e-16 1.826078e-17
4086.860000 1.437572e-16 1.825571e-17
4089.860000 1.581781e-16 1.635584e-17
4092.860000 1.518759e-16 1.678646e-17
4095.860000 1.671859e-16 1.869749e-17
4098.860000 1.773310e-16 1.787537e-17
4101.860000 1.889096e-16 1.623812e-17
4104.860000 1.748107e-16 1.701363e-17
4107.860000 1.839137e-16 1.824705e-17
4110.860000 1.804910e-16 1.717307e-17
4113.860000 1.773731e-16 1.578211e-17
4116.860000 1.910209e-16 1.719128e-17
4119.860000 2.017641e-16 1.798753e-17
4122.860000 2.059190e-16 1.650228e-17
4125.860000 2.175307e-16 1.570334e-17
4128.860000 2.275972e-16 1.757936e-17
4131.860000 2.220342e-16 1.799725e-17
4134.860000 2.421182e-16 1.614962e-17
4137.860000 2.277691e-16 1.563209e-17
4140.860000 2.160525e-16 1.772251e-17
4143.860000 2.401011e-16 1.789853e-17
4146.860000 2.307055e-16 1.567056e-17
4149.860000 2.520390e-16 1.596001e-17
4152.860000 2.320415e-16 1.767428e-17
4155.860000 2.386673e-16 1.742613e-17
4158.860000 2.494436e-16 1.558628e-17
4161.860000 2.531528e-16 1.599761e-17
4164.860000 2.864408e-16 1.788751e-17
4167.860000 2.678362e-16 1.717614e-17
4170.860000 2.303541e-16 1.516400e-17
4173.860000 2.810358e-16 1.657380e-17
4176.860000 2.698849e-16 1.763677e-17
4179.860000 2.649015e-16 1.668133e-17
4182.860000 2.550525e-16 1.531824e-17
4185.860000 2.867363e-16 1.696963e-17
4188.860000 2.809866e-16 1.762872e-17
4191.860000 2.857364e-16 1.632234e-17
4194.860000 2.808870e-16 1.538342e-17
4197.860000 2.914321e-16 1.716253e-17
4200.860000 3.101873e-16 1.789425e-17
4203.860000 3.045405e-16 1.611122e-17
4206.860000 2.973741e-16 1.559326e-17
4209.860000 2.637128e-16 1.727852e-17
4212.860000 2.882486e-16 1.752354e-17
4215.860000 3.114338e-16 1.567054e-17
4218.860000 3.100509e-16 1.576873e-17
4221.860000 3.211580e-16 1.786918e-17
4224.860000 3.104773e-16 1.749792e-17
4227.860000 3.135366e-16 1.553812e-17
4230.860000 3.035372e-16 1.578643e-17
4233.860000 2.965298e-16 1.738818e-17
4236.860000 2.987591e-16 1.668382e-17
4239.860000 3.206429e-16 1.522158e-17
4242.860000 2.885827e-16 1.563724e-17
4245.860000 2.923862e-16 1.703183e-17
4248.860000 2.689632e-16 1.590319e-17
4251.860000 3.029021e-16 1.490743e-17
4254.860000 3.024770e-16 1.607309e-17
4257.860000 2.866934e-16 1.694656e-17
4260.860000 2.623485e-16 1.562693e-17
4263.860000 2.558552e-16 1.475045e-17
4266.860000 2.672763e-16 1.633069e-17
4269.860000 2.966899e-16 1.711742e-17
4272.860000 2.952550e-16 1.548894e-17
4275.860000 2.827266e-16 1.484661e-17
4278.860000 2.652547e-16 1.653922e-17
4281.860000 2.421870e-16 1.659967e-17
4284.860000 2.576872e-16 1.494967e-17
4287.860000 2.880163e-16 1.507799e-17
4290.860000 2.812200e-16 1.697978e-17
4293.860000 2.676100e-16 1.675109e-17
4296.860000 2.629558e-16 1.471166e-17
4299.860000 2.831439e-16 1.517127e-17
4302.860000 2.872528e-16 1.678348e-17
4305.860000 2.702904e-16 1.628101e-17
4308.860000 2.946743e-16 1.469950e-17
4311.860000 3.034027e-16 1.542294e-17
4314.860000 3.017388e-16 1.680988e-17
4317.860000 2.943559e-16 1.594034e-17
4320.860000 3.147208e-16 1.479083e-17
4323.860000 3.086903e-16 1.583542e-17
4326.860000 2.946585e-16 1.662288e-17
4329.860000 3.005990e-16 1.541459e-17
4332.860000 3.135180e-16 1.459668e-17
4335.860000 3.120186e-16 1.605507e-17
4338.860000 2.768486e-16 1.642412e-17
4341.860000 2.707399e-16 1.489639e-17
4344.860000 3.015668e-16 1.460358e-17
4347.860000 3.369461e-16 1.668208e-17
4350.860000 3.048624e-16 1.665429e-17
4353.860000 2.783896e-16 1.468684e-17
4356.860000 2.725019e-16 1.442211e-17
4359.860000 2.960788e-16 1.663869e-17
4362.860000 2.722715e-16 1.659279e-17
4365.860000 2.714036e-16 1.446946e-17
4368.860000 2.800351e-16 1.470868e-17
4371.860000 2.763418e-16 1.629810e-17
4374.860000 2.751293e-16 1.584679e-17
4377.860000 2.630782e-16 1.410929e-17
4380.860000 2.751657e-16 1.477044e-17
4383.860000 2.650368e-16 1.590747e-17
4386.860000 2.591023e-16 1.519505e-17
4389.860000 2.638950e-16 1.387686e-17
4392.860000 2.508169e-16 1.462854e-17
4395.860000 2.367968e-16 1.557231e-17
4398.860000 2.478420e-16 1.466449e-17
4401.860000 2.314121e-16 1.360120e-17
4404.860000 2.596744e-16 1.509934e-17
4407.860000 2.780115e-16 1.590240e-17
4410.860000 2.519179e-16 1.448196e-17
4413.860000 2.276558e-16 1.369829e-17
4416.860000 2.253742e-16 1.541632e-17
4419.860000 2.468977e-16 1.581337e-17
4422.860000 2.533590e-16 1.426304e-17
4425.860000 2.499764e-16 1.389755e-17
4428.860000 2.552127e-16 1.589702e-17
4431.860000 2.752151e-16 1.613219e-17
4434.860000 2.470519e-16 1.390519e-17
4437.860000 2.316623e-16 1.394252e-17
4440.860000 2.447696e-16 1.563732e-17
4443.860000 2.655639e-16 1.546478e-17
4446.860000 2.609241e-16 1.375712e-17
4449.860000 2.597007e-16 1.424350e-17
4452.860000 2.530081e-16 1.553350e-17
4455.860000 2.606450e-16 1.500388e-17
4458.860000 2.714812e-16 1.365108e-17
4461.860000 2.527353e-16 1.437574e-17
4464.860000 2.675698e-16 1.549334e-17
4467.860000 2.644360e-16 1.456801e-17
4470.860000 2.356188e-16 1.328994e-17
4473.860000 2.412360e-16 1.456422e-17
4476.860000 2.581825e-16 1.530714e-17
4479.860000 2.424394e-16 1.401321e-17
4482.860000 2.346964e-16 1.324587e-17
4485.860000 2.397777e-16 1.475562e-17
4488.860000 2.185704e-16 1.495844e-17
4491.860000 2.125043e-16 1.343615e-17
4494.860000 2.206879e-16 1.322942e-17
4497.860000 2.379550e-16 1.507297e-17
4500.860000 2.176915e-16 1.506104e-17
4503.860000 2.225913e-16 1.328832e-17
4506.860000 2.140841e-16 1.337495e-17
4509.860000 2.128781e-16 1.502794e-17
4512.860000 2.066648e-16 1.470871e-17
4515.860000 1.995598e-16 1.292604e-17
4518.860000 1.985746e-16 1.334837e-17
4521.860000 2.158495e-16 1.474224e-17
4524.860000 2.055558e-16 1.411037e-17
4527.860000 1.849276e-16 1.263883e-17
4530.860000 1.828721e-16 1.330741e-17
4533.860000 1.876851e-16 1.440777e-17
4536.860000 1.767800e-16 1.352086e-17
4539.860000 1.703099e-16 1.252107e-17
4542.860000 1.636988e-16 1.347203e-17
4545.860000 1.608699e-16 1.412928e-17
4548.860000 1.659053e-16 1.312412e-17
4551.860000 1.842447e-16 1.259956e-17
4554.860000 1.852348e-16 1.390490e-17
4557.860000 1.706528e-16 1.416107e-17
4560.860000 1.616987e-16 1.271373e-17
4563.860000 1.529044e-16 1.225764e-17
4566.860000 1.251271e-16 1.368284e-17
4569.860000 1.391189e-16 1.388080e-17
4572.860000 1.386708e-16 1.229166e-17
4575.860000 1.183329e-16 1.209814e-17
4578.860000 1.101641e-16 1.367823e-17
4581.860000 1.431744e-16 1.372668e-17
4584.860000 1.438712e-16 1.215381e-17
4587.860000 1.359475e-16 1.237063e-17
4590.860000 1.314462e-16 1.354768e-17
4593.860000 1.429481e-16 1.340354e-17
4596.860000 1.530786e-16 1.210496e-17
4599.860000 1.742702e-16 1.298734e-17
4602.860000 1.691754e-16 1.398937e-17
4605.860000 1.658300e-16 1.310954e-17
4608.860000 1.587124e-16 1.202197e-17
4611.860000 1.607759e-16 1.295642e-17
4614.860000 1.345734e-16 1.343336e-17
4617.860000 1.515993e-16 1.269318e-17
4620.860000 1.505790e-16 1.192083e-17
4623.860000 1.609368e-16 1.323095e-17
4626.860000 1.460516e-16 1.364107e-17
4629.860000 1.668424e-16 1.250873e-17
4632.860000 1.874097e-16 1.222868e-17
4635.860000 1.622005e-16 1.358123e-17
4638.860000 1.609016e-16 1.378531e-17
4641.860000 1.590704e-16 1.228782e-17
4644.860000 1.611962e-16 1.219192e-17
4647.860000 1.648428e-16 1.395323e-17
4650.860000 2.034940e-16 1.416780e-17
4653.860000 1.894393e-16 1.228074e-17
4656.860000 1.969111e-16 1.257594e-17
4659.860000 1.829000e-16 1.380801e-17
4662.860000 1.706555e-16 1.348846e-17
4665.860000 1.556718e-16 1.193290e-17
4668.860000 1.673000e-16 1.273070e-17
4671.860000 1.561645e-16 1.363507e-17
4674.860000 1.864993e-16 1.330968e-17
4677.860000 2.033250e-16 1.222626e-17
4680.860000 2.153908e-16 1.331798e-17
4683.860000 1.960567e-16 1.390828e-17
4686.860000 1.992274e-16 1.297421e-17
4689.860000 1.974378e-16 1.215028e-17
4692.860000 1.947068e-16 1.330020e-17
4695.860000 1.807563e-16 1.369611e-17
4698.860000 1.685195e-16 1.246224e-17
4701.860000 1.810171e-16 1.206668e-17
4704.860000 1.939989e-16 1.364652e-17
4707.860000 1.849970e-16 1.379690e-17
4710.860000 1.689567e-16 1.216545e-17
4713.860000 1.479723e-16 1.204238e-17
4716.860000 1.523675e-16 1.371534e-17
4719.860000 1.567287e-16 1.372553e-17
4722.860000 1.744539e-16 1.214694e-17
4725.860000 1.939398e-16 1.250716e-17
4728.860000 1.911373e-16 1.391983e-17
4731.860000 1.759043e-16 1.348942e-17
4734.860000 1.663548e-16 1.201236e-17
4737.860000 1.650928e-16 1.245815e-17
4740.860000 1.608803e-16 1.352244e-17
4743.860000 1.576795e-16 1.292230e-17
4746.860000 1.795820e-16 1.196546e-17
4749.860000 1.954933e-16 1.285081e-17
4752.860000 1.754256e-16 1.353560e-17
4755.860000 1.682411e-16 1.257490e-17
4758.860000 1.832376e-16 1.184302e-17
4761.860000 2.068252e-16 1.325203e-17
4764.860000 2.238769e-16 1.405833e-17
4767.860000 2.083249e-16 1.273720e-17
4770.860000 2.071324e-16 1.221230e-17
4773.860000 2.043681e-16 1.358849e-17
4776.860000 2.149651e-16 1.384364e-17
4779.860000 2.095024e-16 1.246765e-17
4782.860000 1.984686e-16 1.235736e-17
4785.860000 2.142541e-16 1.415105e-17
4788.860000 2.260098e-16 1.426881e-17
4791.860000 2.189569e-16 1.252477e-17
4794.860000 1.913870e-16 1.233005e-17
4797.860000 1.615597e-16 1.357130e-17
4800.860000 1.798434e-16 1.337832e-17
4803.860000 1.983714e-16 1.222678e-17
4806.860000 2.082815e-16 1.274676e-17
4809.860000 1.878942e-16 1.372591e-17
4812.860000 1.970210e-16 1.333766e-17
4815.860000 2.153984e-16 1.231701e-17
4818.860000 2.179272e-16 1.310616e-17
4821.860000 2.085721e-16 1.397468e-17
4824.860000 2.042279e-16 1.317107e-17
4827.860000 1.974027e-16 1.218511e-17
4830.860000 1.975133e-16 1.330005e-17
4833.860000 1.971914e-16 1.391232e-17
4836.860000 2.002826e-16 1.286764e-17
4839.860000 1.938696e-16 1.223089e-17
4842.860000 1.813135e-16 1.350827e-17
4845.860000 2.016297e-16 1.390287e-17
4848.860000 1.976466e-16 1.254103e-17
4851.860000 1.869746e-16 1.224491e-17
4854.860000 1.840741e-16 1.391351e-17
4857.860000 1.947323e-16 1.400665e-17
4860.860000 1.896486e-16 1.237079e-17
4863.860000 1.858163e-16 1.251940e-17
4866.860000 1.848075e-16 1.423143e-17
4869.860000 1.990944e-16 1.417714e-17
4872.860000 1.954876e-16 1.260941e-17
4875.860000 1.864562e-16 1.282309e-17
4878.860000 1.874937e-16 1.406661e-17
4881.860000 1.975828e-16 1.368205e-17
4884.860000 2.098148e-16 1.246727e-17
4887.860000 2.108089e-16 1.329590e-17
4890.860000 1.852123e-16 1.418987e-17
4893.860000 1.821301e-16 1.336608e-17
4896.860000 2.334375e-16 1.279950e-17
4899.860000 2.472438e-16 1.404016e-17
4902.860000 1.953646e-16 1.450706e-17
4905.860000 2.038578e-16 1.353928e-17
4908.860000 2.179823e-16 1.310814e-17
4911.860000 2.173313e-16 1.453763e-17
4914.860000 2.059288e-16 1.489396e-17
4917.860000 1.955439e-16 1.355916e-17
4920.860000 2.055990e-16 1.327123e-17
4923.860000 2.059315e-16 1.503300e-17
4926.860000 2.053661e-16 1.522380e-17
4929.860000 2.054537e-16 1.356095e-17
4932.860000 2.237585e-16 1.381310e-17
4935.860000 2.210804e-16 1.578781e-17
4938.860000 2.065239e-16 1.579118e-17
4941.860000 2.054622e-16 1.405775e-17
4944.860000 2.158476e-16 1.457297e-17
4947.860000 2.333107e-16 1.651659e-17
4950.860000 2.159198e-16 1.608605e-17
4953.860000 2.140557e-16 1.453701e-17
4956.860000 2.137788e-16 1.550174e-17
4959.860000 2.235433e-16 1.691251e-17
4962.860000 2.128292e-16 1.617028e-17
4965.860000 2.173634e-16 1.518592e-17
4968.860000 2.032269e-16 1.645273e-17
4971.860000 2.058211e-16 1.767515e-17
4974.860000 2.171965e-16 1.681028e-17
4977.860000 1.886997e-16 1.584909e-17
4980.860000 1.915242e-16 1.782443e-17
4983.860000 2.210566e-16 1.884995e-17
4986.860000 2.199196e-16 1.729297e-17
4989.860000 1.846910e-16 1.670361e-17
4992.860000 1.816685e-16 1.916953e-17
4995.860000 1.789113e-16 1.962102e-17
4998.860000 1.731730e-16 1.770676e-17
5001.860000 1.787370e-16 1.807442e-17
5004.860000 2.041120e-16 2.094431e-17
5007.860000 1.984392e-16 2.099556e-17
5010.860000 1.641458e-16 1.827025e-17
5013.860000 1.557648e-16 1.892238e-17
5016.860000 1.867067e-16 2.138222e-17
5019.860000 1.933975e-16 2.110503e-17
5022.860000 1.900294e-16 1.896588e-17
5025.860000 1.939528e-16 2.002996e-17
5028.860000 1.815622e-16 2.179523e-17
5031.860000 1.692255e-16 2.087959e-17
5034.860000 1.809856e-16 1.933100e-17
5037.860000 1.689067e-16 2.069131e-17
5040.860000 1.355491e-16 2.167206e-17
5043.860000 1.301652e-16 2.018191e-17
5046.860000 1.475638e-16 1.899634e-17
5049.860000 1.507579e-16 2.090685e-17
5052.860000 1.299077e-16 2.153068e-17
5055.860000 1.035730e-16 1.924706e-17
5058.860000 1.182589e-16 1.863873e-17
5061.860000 1.393545e-16 2.117572e-17
5064.860000 1.472866e-16 2.149395e-17
5067.860000 1.159580e-16 1.873762e-17
5070.860000 1.139265e-16 nan
5073.860000 9.827015e-17 nan
5076.860000 1.127941e-16 nan
5079.860000 1.145667e-16 nan
5082.860000 1.207180e-16 nan
5085.860000 1.303298e-16 nan
5088.860000 1.226427e-16 nan
5091.860000 1.329986e-16 nan
5094.860000 1.162341e-16 nan
5097.860000 1.256829e-16 nan
5100.860000 1.438492e-16 nan
5103.860000 1.657087e-16 nan
5106.860000 1.616533e-16 nan
5109.860000 1.458833e-16 nan
5112.860000 1.547591e-16 nan
5115.860000 1.553539e-16 nan
5118.860000 1.418326e-16 nan
5121.860000 2.649289e-16 nan
5124.860000 1.708063e-16 nan
5127.860000 1.759654e-16 nan
5130.860000 1.598229e-16 nan
5133.860000 1.577421e-16 nan
5136.860000 1.687249e-16 nan
5139.860000 2.154190e-16 nan
5142.860000 2.218621e-16 nan
5145.860000 2.023559e-16 nan
5148.860000 1.618631e-16 nan
5151.860000 1.361172e-16 nan
5154.860000 1.419209e-16 nan
5157.860000 1.438059e-16 nan
5160.860000 1.455239e-16 nan
5163.860000 1.473855e-16 nan
5166.860000 1.394701e-16 nan
5169.860000 1.300762e-16 nan
5172.860000 1.315060e-16 1.789636e-17
5175.860000 1.312306e-16 1.715648e-17
5178.860000 1.218036e-16 1.649943e-17
5181.860000 1.230099e-16 1.612497e-17
5184.860000 1.463027e-16 1.598522e-17
5187.860000 1.538264e-16 1.573534e-17
5190.860000 1.312427e-16 1.557771e-17
5193.860000 1.176155e-16 1.561546e-17
5196.860000 1.404318e-16 1.592122e-17
5199.860000 1.698557e-16 1.648781e-17
5202.860000 1.752435e-16 1.687750e-17
5205.860000 1.614097e-16 1.705532e-17
5208.860000 1.549904e-16 1.728838e-17
5211.860000 1.523494e-16 1.754769e-17
5214.860000 1.453067e-16 1.793194e-17
5217.860000 1.808110e-16 1.875759e-17
5220.860000 1.652398e-16 1.875744e-17
5223.860000 1.766980e-16 1.913213e-17
5226.860000 1.851500e-16 1.968044e-17
5229.860000 1.794382e-16 1.999068e-17
5232.860000 1.770101e-16 2.059972e-17
5235.860000 1.903281e-16 2.094462e-17
5238.860000 1.826843e-16 2.094320e-17
5241.860000 1.648043e-16 2.026658e-17
5244.860000 1.683547e-16 1.954654e-17
5247.860000 1.629487e-16 1.896597e-17
5250.860000 1.522288e-16 1.814227e-17
5253.860000 1.654617e-16 1.785923e-17
5256.860000 1.316594e-16 1.694492e-17
5259.860000 1.102605e-16 1.615821e-17
5262.860000 1.131046e-16 1.567285e-17
5265.860000 1.346516e-16 1.546288e-17
5268.860000 1.660988e-16 1.520081e-17
5271.860000 1.606088e-16 1.472045e-17
5274.860000 1.458116e-16 1.411783e-17
5277.860000 1.454491e-16 1.380595e-17
5280.860000 1.311196e-16 1.328968e-17
5283.860000 1.295027e-16 1.291306e-17
5286.860000 1.300770e-16 1.261046e-17
5289.860000 1.398290e-16 1.247187e-17
5292.860000 1.302789e-16 1.225191e-17
5295.860000 1.362398e-16 1.217789e-17
5298.860000 1.456082e-16 1.220742e-17
5301.860000 1.352112e-16 1.195187e-17
5304.860000 1.424441e-16 1.175254e-17
5307.860000 1.497934e-16 1.165245e-17
5310.860000 1.430866e-16 1.157588e-17
5313.860000 1.387997e-16 1.155773e-17
5316.860000 1.191502e-16 1.137939e-17
5319.860000 1.146949e-16 1.138025e-17
5322.860000 1.179849e-16 1.140709e-17
5325.860000 1.285192e-16 1.160338e-17
5328.860000 1.244170e-16 1.169500e-17
5331.860000 1.235763e-16 1.177073e-17
5334.860000 1.302138e-16 1.181877e-17
5337.860000 1.262319e-16 1.203743e-17
5340.860000 1.091095e-16 1.201071e-17
5343.860000 1.228389e-16 1.224207e-17
5346.860000 1.361169e-16 1.254811e-17
5349.860000 1.366618e-16 1.279409e-17
5352.860000 1.325490e-16 1.292854e-17
5355.860000 1.211484e-16 1.308076e-17
5358.860000 1.220574e-16 1.337431e-17
5361.860000 1.275089e-16 1.368820e-17
5364.860000 1.284476e-16 1.366193e-17
5367.860000 1.319495e-16 1.328630e-17
5370.860000 1.381930e-16 1.286822e-17
5373.860000 1.337026e-16 1.236219e-17
5376.860000 1.408968e-16 1.213307e-17
5379.860000 1.310927e-16 1.176506e-17
5382.860000 1.294879e-16 1.139758e-17
5385.860000 1.349736e-16 1.123342e-17
5388.860000 1.277234e-16 1.081397e-17
5391.860000 1.425533e-16 1.058099e-17
5394.860000 1.427018e-16 1.041400e-17
5397.860000 1.349900e-16 1.010968e-17
5400.860000 1.393938e-16 9.862359e-18
5403.860000 1.413475e-16 9.710305e-18
5406.860000 1.436229e-16 9.597414e-18
5409.860000 1.475789e-16 9.451650e-18
5412.860000 1.387918e-16 9.125674e-18
5415.860000 1.465338e-16 9.023759e-18
5418.860000 1.480044e-16 8.992634e-18
5421.860000 1.495839e-16 8.943327e-18
5424.860000 1.511748e-16 8.911489e-18
5427.860000 1.435017e-16 8.818719e-18
5430.860000 1.456022e-16 8.804070e-18
5433.860000 1.577265e-16 8.904270e-18
5436.860000 1.608003e-16 8.936299e-18
5439.860000 1.558389e-16 8.964692e-18
5442.860000 1.593752e-16 9.038547e-18
5445.860000 1.702298e-16 9.199988e-18
5448.860000 1.864403e-16 9.405403e-18
5451.860000 1.708687e-16 9.413764e-18
5454.860000 1.671823e-16 9.507118e-18
5457.860000 1.699904e-16 9.597251e-18
5460.860000 1.775797e-16 9.829208e-18
5463.860000 1.707571e-16 9.957013e-18
5466.860000 1.732819e-16 9.992672e-18
5469.860000 1.700397e-16 1.013095e-17
5472.860000 1.597958e-16 1.015078e-17
5475.860000 1.641439e-16 1.036512e-17
5478.860000 1.632844e-16 1.063835e-17
5481.860000 1.520220e-16 1.078756e-17
5484.860000 1.690113e-16 1.106899e-17
5487.860000 1.743608e-16 1.129996e-17
5490.860000 1.680239e-16 1.122254e-17
5493.860000 1.675877e-16 1.098554e-17
5496.860000 1.711243e-16 1.070048e-17
5499.860000 1.822969e-16 1.061491e-17
5502.860000 1.682834e-16 1.029789e-17
5505.860000 1.780021e-16 1.020043e-17
5508.860000 1.932406e-16 1.021080e-17
5511.860000 1.892788e-16 9.942886e-18
5514.860000 1.696036e-16 9.402123e-18
5517.860000 1.654042e-16 9.131462e-18
5520.860000 1.653847e-16 8.985513e-18
5523.860000 1.660261e-16 8.735549e-18
5526.860000 1.621107e-16 8.533599e-18
5529.860000 1.742156e-16 8.380796e-18
5532.860000 1.721236e-16 8.212369e-18
5535.860000 1.724810e-16 8.004103e-18
5538.860000 1.664360e-16 7.894353e-18
5541.860000 1.554655e-16 7.727893e-18
5544.860000 1.588909e-16 7.649808e-18
5547.860000 1.546963e-16 7.604631e-18
5550.860000 1.507828e-16 7.649743e-18
5553.860000 1.571935e-16 7.653278e-18
5556.860000 1.651494e-16 7.612593e-18
5559.860000 1.670375e-16 7.635984e-18
5562.860000 1.549098e-16 7.616366e-18
5565.860000 1.471094e-16 7.595321e-18
5568.860000 1.507350e-16 7.719351e-18
5571.860000 1.526310e-16 7.885542e-18
5574.860000 1.468472e-16 8.366418e-18
5577.860000 1.473671e-16 9.718371e-18
5580.860000 1.631557e-16 1.179687e-17
5583.860000 1.807127e-16 1.302963e-17
5586.860000 1.510621e-16 1.218648e-17
5589.860000 1.410344e-16 1.032156e-17
5592.860000 1.389014e-16 9.085463e-18
5595.860000 1.278561e-16 8.511563e-18
5598.860000 1.356998e-16 8.653413e-18
5601.860000 1.474322e-16 8.910429e-18
5604.860000 1.399791e-16 8.977670e-18
5607.860000 1.331983e-16 9.077152e-18
5610.860000 1.480478e-16 9.399489e-18
5613.860000 1.406052e-16 9.463456e-18
5616.860000 1.292843e-16 9.264687e-18
5619.860000 1.262400e-16 8.984732e-18
5622.860000 1.244750e-16 8.664509e-18
5625.860000 1.112120e-16 8.376580e-18
5628.860000 1.179432e-16 8.234389e-18
5631.860000 1.227746e-16 8.034552e-18
5634.860000 1.201347e-16 7.904959e-18
5637.860000 1.193551e-16 7.610323e-18
5640.860000 1.234403e-16 7.424460e-18
5643.860000 1.187777e-16 7.230033e-18
5646.860000 1.126693e-16 7.037999e-18
5649.860000 1.221267e-16 7.031088e-18
5652.860000 1.192654e-16 6.848979e-18
5655.860000 1.166570e-16 6.751053e-18
5658.860000 1.229912e-16 6.715611e-18
5661.860000 1.309035e-16 6.636980e-18
5664.860000 1.229018e-16 6.467172e-18
5667.860000 1.127802e-16 6.336012e-18
5670.860000 1.143703e-16 6.347789e-18
5673.860000 1.188594e-16 6.347678e-18
5676.860000 1.226184e-16 6.307724e-18
5679.860000 1.265208e-16 6.325141e-18
5682.860000 1.272259e-16 6.292978e-18
5685.860000 1.229098e-16 6.185852e-18
5688.860000 1.196976e-16 6.194472e-18
5691.860000 1.260927e-16 6.311977e-18
5694.860000 1.333208e-16 6.381662e-18
5697.860000 1.300215e-16 6.446784e-18
5700.860000 1.302116e-16 6.478759e-18
5703.860000 1.245138e-16 6.530036e-18
5706.860000 1.219427e-16 6.626516e-18
5709.860000 1.369609e-16 6.863312e-18
5712.860000 1.358282e-16 6.948758e-18
5715.860000 1.301940e-16 6.983282e-18
5718.860000 1.368930e-16 7.196541e-18
5721.860000 1.385074e-16 7.353312e-18
5724.860000 1.328416e-16 7.394368e-18
5727.860000 1.334013e-16 7.570013e-18
5730.860000 1.341508e-16 7.746834e-18
5733.860000 1.307235e-16 7.949373e-18
5736.860000 1.475011e-16 8.218897e-18
5739.860000 1.347594e-16 8.188084e-18
5742.860000 1.244321e-16 7.982605e-18
5745.860000 1.306605e-16 7.790556e-18
5748.860000 1.300907e-16 7.534283e-18
5751.860000 1.251984e-16 7.356394e-18
5754.860000 1.296924e-16 7.273414e-18
5757.860000 1.412048e-16 7.204013e-18
5760.860000 1.322794e-16 7.021797e-18
5763.860000 1.272963e-16 6.758178e-18
5766.860000 1.252599e-16 6.560174e-18
5769.860000 1.295161e-16 6.473528e-18
5772.860000 1.311589e-16 6.328192e-18
5775.860000 1.298154e-16 6.220618e-18
5778.860000 1.244396e-16 6.053406e-18
5781.860000 1.236165e-16 5.924350e-18
5784.860000 1.352230e-16 5.935697e-18
5787.860000 1.323107e-16 5.823531e-18
5790.860000 1.138789e-16 5.601148e-18
5793.860000 1.216700e-16 5.600664e-18
5796.860000 1.308778e-16 5.660821e-18
5799.860000 1.294282e-16 5.635776e-18
5802.860000 1.292628e-16 5.629546e-18
5805.860000 1.294598e-16 5.622009e-18
5808.860000 1.167310e-16 5.528484e-18
5811.860000 1.152731e-16 5.558903e-18
5814.860000 1.195692e-16 5.602302e-18
5817.860000 1.288683e-16 5.709887e-18
5820.860000 1.240994e-16 5.702040e-18
5823.860000 1.243140e-16 5.739542e-18
5826.860000 1.229282e-16 5.811896e-18
5829.860000 1.140392e-16 5.841100e-18
5832.860000 1.147283e-16 5.939626e-18
5835.860000 1.210769e-16 6.108979e-18
5838.860000 1.262155e-16 6.214795e-18
5841.860000 1.200710e-16 6.246269e-18
5844.860000 1.106312e-16 6.368687e-18
5847.860000 1.092706e-16 6.524459e-18
5850.860000 1.189251e-16 6.686593e-18
5853.860000 1.247326e-16 6.808418e-18
5856.860000 1.302717e-16 7.065446e-18
5859.860000 1.342736e-16 7.273078e-18
5862.860000 1.343883e-16 7.365206e-18
5865.860000 1.306283e-16 7.409278e-18
5868.860000 1.329699e-16 7.352437e-18
5871.860000 1.325079e-16 7.329877e-18
5874.860000 1.315010e-16 7.186632e-18
5877.860000 1.250083e-16 6.899323e-18
5880.860000 1.335842e-16 6.791644e-18
5883.860000 1.346277e-16 6.606731e-18
5886.860000 1.352048e-16 6.548887e-18
5889.860000 1.373536e-16 6.448992e-18
5892.860000 1.289565e-16 6.279713e-18
5895.860000 1.318632e-16 6.336531e-18
5898.860000 1.244960e-16 6.220611e-18
5901.860000 1.274044e-16 6.082986e-18
5904.860000 1.331355e-16 5.873795e-18
5907.860000 1.366250e-16 5.727562e-18
5910.860000 1.358076e-16 5.536434e-18
5913.860000 1.390531e-16 5.470440e-18
5916.860000 1.366471e-16 5.387226e-18
5919.860000 1.380719e-16 5.382614e-18
5922.860000 1.390416e-16 5.380787e-18
5925.860000 1.416836e-16 5.346311e-18
5928.860000 1.393253e-16 5.288692e-18
5931.860000 1.350923e-16 5.290072e-18
5934.860000 1.326058e-16 5.296630e-18
5937.860000 1.325206e-16 5.329293e-18
5940.860000 1.361777e-16 5.394116e-18
5943.860000 1.370241e-16 5.406958e-18
5946.860000 1.339840e-16 5.373826e-18
5949.860000 1.442902e-16 5.543530e-18
5952.860000 1.457852e-16 5.619592e-18
5955.860000 1.474974e-16 5.738320e-18
5958.860000 1.489118e-16 5.886347e-18
5961.860000 1.468566e-16 5.962258e-18
5964.860000 1.404165e-16 5.915127e-18
5967.860000 1.464862e-16 6.115141e-18
5970.860000 1.484987e-16 6.255315e-18
5973.860000 1.504641e-16 6.389786e-18
5976.860000 1.646810e-16 6.612953e-18
5979.860000 1.538047e-16 6.660301e-18
5982.860000 1.623807e-16 6.927111e-18
5985.860000 1.505121e-16 6.974051e-18
5988.860000 1.482192e-16 7.033902e-18
5991.860000 1.427079e-16 7.024364e-18
5994.860000 1.409362e-16 6.849822e-18
5997.860000 1.467669e-16 6.688396e-18
6000.860000 1.482412e-16 6.537885e-18
6003.860000 1.420087e-16 6.389809e-18
6006.860000 1.534815e-16 6.383156e-18
6009.860000 1.488589e-16 6.215815e-18
6012.860000 1.336036e-16 5.893780e-18
6015.860000 1.387472e-16 5.804787e-18
6018.860000 1.400701e-16 5.704195e-18
6021.860000 1.453596e-16 5.601646e-18
6024.860000 1.508185e-16 5.559631e-18
6027.860000 1.487770e-16 5.451087e-18
6030.860000 1.483481e-16 5.372541e-18
6033.860000 1.464964e-16 5.209221e-18
6036.860000 1.479281e-16 5.150277e-18
6039.860000 1.423560e-16 5.081771e-18
6042.860000 1.330486e-16 4.957387e-18
6045.860000 1.356709e-16 4.928154e-18
6048.860000 1.423327e-16 4.916458e-18
6051.860000 1.475869e-16 4.896718e-18
6054.860000 1.418089e-16 4.826367e-18
6057.860000 1.389131e-16 4.798078e-18
6060.860000 1.405604e-16 4.831454e-18
6063.860000 1.384231e-16 4.860793e-18
6066.860000 1.423075e-16 4.936719e-18
6069.860000 1.412972e-16 4.943259e-18
6072.860000 1.504012e-16 5.078028e-18
6075.860000 1.560996e-16 5.152501e-18
6078.860000 1.496959e-16 5.176749e-18
6081.860000 1.362979e-16 5.137510e-18
6084.860000 1.355570e-16 5.216118e-18
6087.860000 1.331894e-16 5.301073e-18
6090.860000 1.351847e-16 5.454903e-18
6093.860000 1.351328e-16 5.591028e-18
6096.860000 1.293102e-16 5.663996e-18
6099.860000 1.336258e-16 5.785602e-18
6102.860000 1.374553e-16 5.917252e-18
6105.860000 1.304663e-16 6.020538e-18
6108.860000 1.329842e-16 6.127157e-18
6111.860000 1.406926e-16 6.340011e-18
6114.860000 1.379700e-16 6.468807e-18
6117.860000 1.425248e-16 6.479649e-18
6120.860000 1.366827e-16 6.310276e-18
6123.860000 1.274003e-16 6.128741e-18
6126.860000 1.309562e-16 6.001156e-18
6129.860000 1.420953e-16 5.934836e-18
6132.860000 1.459990e-16 5.849014e-18
6135.860000 1.370499e-16 5.671314e-18
6138.860000 1.279506e-16 5.474231e-18
6141.860000 1.270780e-16 5.365402e-18
6144.860000 1.316385e-16 5.268077e-18
6147.860000 1.399480e-16 5.208923e-18
6150.860000 1.408930e-16 5.098423e-18
6153.860000 1.352463e-16 4.940955e-18
6156.860000 1.323810e-16 4.822198e-18
6159.860000 1.225698e-16 4.668966e-18
6162.860000 1.243848e-16 4.607384e-18
6165.860000 1.324691e-16 4.591655e-18
6168.860000 1.335167e-16 4.560342e-18
6171.860000 1.304775e-16 4.506022e-18
6174.860000 1.318444e-16 4.533965e-18
6177.860000 1.320542e-16 4.547344e-18
6180.860000 1.329354e-16 4.520118e-18
6183.860000 1.278205e-16 4.455603e-18
6186.860000 1.287542e-16 4.474592e-18
6189.860000 1.327250e-16 4.534729e-18
6192.860000 1.305048e-16 4.562662e-18
6195.860000 1.293030e-16 4.587574e-18
6198.860000 1.326310e-16 4.696528e-18
6201.860000 1.358044e-16 4.778195e-18
6204.860000 1.370772e-16 4.869837e-18
6207.860000 1.342170e-16 4.895308e-18
6210.860000 1.278890e-16 4.982418e-18
6213.860000 1.339470e-16 5.125384e-18
6216.860000 1.305844e-16 5.190029e-18
6219.860000 1.313197e-16 5.216654e-18
6222.860000 1.400459e-16 5.375162e-18
6225.860000 1.316664e-16 5.419217e-18
6228.860000 1.256070e-16 5.539414e-18
6231.860000 1.301388e-16 5.722539e-18
6234.860000 1.293715e-16 5.845453e-18
6237.860000 1.324050e-16 6.041470e-18
6240.860000 1.381153e-16 6.275133e-18
6243.860000 1.298076e-16 6.206703e-18
6246.860000 1.241891e-16 5.962030e-18
6249.860000 1.285138e-16 5.862519e-18
6252.860000 1.299459e-16 5.677964e-18
6255.860000 1.288595e-16 5.480632e-18
6258.860000 1.236533e-16 5.407113e-18
6261.860000 1.257846e-16 5.350982e-18
6264.860000 1.346202e-16 5.321770e-18
6267.860000 1.374230e-16 5.233940e-18
6270.860000 1.304322e-16 4.941259e-18
6273.860000 1.362673e-16 4.901300e-18
6276.860000 1.284613e-16 4.730451e-18
6279.860000 1.214703e-16 4.572715e-18
6282.860000 1.208120e-16 4.434693e-18
6285.860000 1.227642e-16 4.409492e-18
6288.860000 1.213193e-16 4.347881e-18
6291.860000 1.212442e-16 4.361146e-18
6294.860000 1.163848e-16 4.377794e-18
6297.860000 1.147975e-16 4.598103e-18
6300.860000 1.089763e-16 5.194612e-18
6303.860000 1.314143e-16 6.218403e-18
6306.860000 1.515528e-16 6.805375e-18
6309.860000 1.430598e-16 6.402485e-18
6312.860000 1.322028e-16 5.476760e-18
6315.860000 1.297167e-16 4.757561e-18
6318.860000 1.323983e-16 4.442488e-18
6321.860000 1.291516e-16 4.346636e-18
6324.860000 1.288313e-16 4.375518e-18
6327.860000 1.327937e-16 4.454484e-18
6330.860000 1.289716e-16 4.508540e-18
6333.860000 1.283670e-16 4.624975e-18
6336.860000 1.326271e-16 4.732429e-18
6339.860000 1.389790e-16 4.851309e-18
6342.860000 1.325911e-16 4.837419e-18
6345.860000 1.301721e-16 4.854631e-18
6348.860000 1.311864e-16 4.992481e-18
6351.860000 1.329087e-16 5.121812e-18
6354.860000 1.285680e-16 5.200147e-18
6357.860000 1.341999e-16 5.448136e-18
6360.860000 1.206036e-16 5.579598e-18
6363.860000 1.201405e-16 5.967549e-18
6366.860000 1.264860e-16 6.565204e-18
6369.860000 1.413524e-16 7.073929e-18
6372.860000 1.365964e-16 6.774289e-18
6375.860000 1.281481e-16 6.064958e-18
6378.860000 1.368989e-16 5.553857e-18
6381.860000 1.329333e-16 5.213019e-18
6384.860000 1.310470e-16 5.044918e-18
6387.860000 1.206750e-16 4.830598e-18
6390.860000 1.267991e-16 4.780084e-18
6393.860000 1.306871e-16 4.738329e-18
6396.860000 1.319748e-16 4.618072e-18
6399.860000 1.324740e-16 4.538009e-18
6402.860000 1.315049e-16 4.431890e-18
6405.860000 1.386291e-16 4.368276e-18
6408.860000 1.354630e-16 4.266316e-18
6411.860000 1.316571e-16 4.191313e-18
6414.860000 1.285694e-16 4.111235e-18
6417.860000 1.283037e-16 4.057717e-18
6420.860000 1.265884e-16 4.018240e-18
6423.860000 1.229384e-16 3.965911e-18
6426.860000 1.245027e-16 3.962620e-18
6429.860000 1.292096e-16 3.990576e-18
6432.860000 1.300590e-16 3.997790e-18
6435.860000 1.331265e-16 4.013737e-18
6438.860000 1.293305e-16 3.982281e-18
6441.860000 1.190060e-16 3.943549e-18
6444.860000 1.167014e-16 3.954064e-18
6447.860000 1.181097e-16 3.999266e-18
6450.860000 1.164195e-16 4.085064e-18
6453.860000 1.137938e-16 4.156631e-18
6456.860000 1.133683e-16 4.214703e-18
6459.860000 1.143601e-16 4.305238e-18
6462.860000 1.175503e-16 4.435055e-18
6465.860000 1.200314e-16 4.498464e-18
6468.860000 1.174451e-16 4.588170e-18
6471.860000 1.147679e-16 4.724154e-18
6474.860000 1.118649e-16 4.776262e-18
6477.860000 1.122398e-16 4.853849e-18
6480.860000 1.073524e-16 4.803954e-18
6483.860000 9.781287e-17 4.800128e-18
6486.860000 9.484274e-17 4.835048e-18
6489.860000 9.489112e-17 4.923242e-18
6492.860000 9.360425e-17 5.046934e-18
6495.860000 9.576687e-17 5.027377e-18
6498.860000 9.169521e-17 4.932280e-18
6501.860000 9.136576e-17 4.865299e-18
6504.860000 9.118523e-17 4.802675e-18
6507.860000 9.665872e-17 4.749194e-18
6510.860000 9.564185e-17 4.615857e-18
6513.860000 8.869823e-17 4.391213e-18
6516.860000 8.050168e-17 4.175223e-18
6519.860000 7.523538e-17 3.975859e-18
6522.860000 7.702679e-17 3.886981e-18
6525.860000 7.593948e-17 3.800887e-18
6528.860000 6.943684e-17 3.713165e-18
6531.860000 6.961858e-17 3.642047e-18
6534.860000 7.030206e-17 3.629869e-18
6537.860000 6.737311e-17 3.590386e-18
6540.860000 6.717715e-17 3.555625e-18
6543.860000 6.950937e-17 3.512306e-18
6546.860000 7.035239e-17 3.476973e-18
6549.860000 6.739482e-17 3.434145e-18
6552.860000 6.647869e-17 3.416956e-18
6555.860000 6.733450e-17 3.445844e-18
6558.860000 6.350405e-17 3.456272e-18
6561.860000 6.309548e-17 3.458529e-18
6564.860000 6.672487e-17 3.490380e-18
6567.860000 6.673091e-17 3.544166e-18
6570.860000 6.613551e-17 3.554260e-18
6573.860000 6.355538e-17 3.523798e-18
6576.860000 6.415330e-17 3.526520e-18
6579.860000 7.000182e-17 3.617768e-18
6582.860000 7.403303e-17 3.728464e-18
6585.860000 7.822593e-17 3.801203e-18
6588.860000 7.997829e-17 3.829984e-18
6591.860000 7.817519e-17 3.850315e-18
6594.860000 7.065240e-17 3.847400e-18
6597.860000 7.517903e-17 3.974117e-18
6600.860000 7.757005e-17 4.072861e-18
6603.860000 8.286344e-17 4.239655e-18
6606.860000 8.169160e-17 4.307389e-18
6609.860000 8.384722e-17 4.412797e-18
6612.860000 8.599457e-17 4.557181e-18
6615.860000 9.254337e-17 4.713484e-18
6618.860000 9.072491e-17 4.707106e-18
6621.860000 8.499562e-17 4.639738e-18
6624.860000 8.425896e-17 4.521932e-18
6627.860000 9.466292e-17 4.499187e-18
6630.860000 9.873700e-17 4.413358e-18
6633.860000 9.859805e-17 4.318108e-18
6636.860000 9.729250e-17 4.195221e-18
6639.860000 9.956418e-17 4.154454e-18
6642.860000 9.503447e-17 4.030656e-18
6645.860000 9.402734e-17 3.946287e-18
6648.860000 9.024587e-17 3.816173e-18
6651.860000 9.398023e-17 3.744687e-18
6654.860000 9.794503e-17 3.705721e-18
6657.860000 1.045451e-16 3.684349e-18
6660.860000 1.033338e-16 3.615564e-18
6663.860000 1.031928e-16 3.577687e-18
6666.860000 9.969104e-17 3.519531e-18
6669.860000 1.001803e-16 3.493537e-18
6672.860000 1.005679e-16 3.460575e-18
6675.860000 1.002342e-16 3.429391e-18
6678.860000 9.788357e-17 3.407376e-18
6681.860000 9.672373e-17 3.408137e-18
6684.860000 9.981485e-17 3.421887e-18
6687.860000 1.043009e-16 3.465646e-18
6690.860000 1.082125e-16 3.512390e-18
6693.860000 1.083703e-16 3.542835e-18
6696.860000 1.066072e-16 3.543396e-18
6699.860000 1.034770e-16 3.543889e-18
6702.860000 1.001197e-16 3.588868e-18
6705.860000 1.024222e-16 3.648291e-18
6708.860000 1.026720e-16 3.694958e-18
6711.860000 9.933682e-17 3.703565e-18
6714.860000 9.894864e-17 3.798783e-18
6717.860000 9.631592e-17 3.846916e-18
6720.860000 9.887795e-17 3.943691e-18
6723.860000 1.007391e-16 4.007429e-18
6726.860000 9.860797e-17 4.073571e-18
6729.860000 1.089884e-16 4.265510e-18
6732.860000 1.110975e-16 4.404936e-18
6735.860000 1.046629e-16 4.443015e-18
6738.860000 9.818967e-17 4.468670e-18
6741.860000 9.684829e-17 4.521700e-18
6744.860000 1.087818e-16 4.707923e-18
6747.860000 1.134826e-16 4.684016e-18
6750.860000 1.053637e-16 4.521086e-18
6753.860000 1.075814e-16 4.403027e-18
6756.860000 1.029772e-16 4.266152e-18
6759.860000 1.011833e-16 4.142258e-18
6762.860000 1.010733e-16 4.041812e-18
6765.860000 1.006018e-16 3.973537e-18
6768.860000 1.047667e-16 3.910502e-18
6771.860000 1.057102e-16 3.870354e-18
6774.860000 1.032329e-16 3.778454e-18
6777.860000 1.096841e-16 3.750852e-18
6780.860000 1.075264e-16 3.656529e-18
6783.860000 1.081978e-16 3.592671e-18
6786.860000 1.053821e-16 3.524185e-18
6789.860000 1.030972e-16 3.449914e-18
6792.860000 1.025977e-16 3.411382e-18
6795.860000 1.000811e-16 3.355432e-18
6798.860000 9.767429e-17 3.305945e-18
6801.860000 9.742169e-17 3.289390e-18
6804.860000 9.728797e-17 3.278938e-18
6807.860000 9.785482e-17 3.276484e-18
6810.860000 9.841862e-17 3.277198e-18
6813.860000 1.003627e-16 3.290278e-18
6816.860000 9.986724e-17 3.306783e-18
6819.860000 9.576382e-17 3.324893e-18
6822.860000 9.307164e-17 3.367548e-18
6825.860000 9.501318e-17 3.435081e-18
6828.860000 9.468686e-17 3.520441e-18
6831.860000 9.399456e-17 3.660786e-18
6834.860000 9.962847e-17 3.858137e-18
6837.860000 1.006109e-16 3.998898e-18
6840.860000 9.695275e-17 4.032567e-18
6843.860000 9.668974e-17 4.014847e-18
6846.860000 9.898931e-17 4.008943e-18
6849.860000 9.387567e-17 3.941068e-18
6852.860000 8.967446e-17 3.969008e-18
6855.860000 9.180085e-17 4.066367e-18
6858.860000 9.137724e-17 4.158146e-18
6861.860000 9.141794e-17 4.284502e-18
6864.860000 9.403384e-17 4.545721e-18
6867.860000 9.942620e-17 4.963932e-18
6870.860000 9.455030e-17 5.283227e-18
6873.860000 8.628763e-17 5.246755e-18
6876.860000 9.153670e-17 5.159766e-18
6879.860000 9.281703e-17 4.854190e-18
6882.860000 9.460375e-17 4.623287e-18
6885.860000 9.093247e-17 4.384522e-18
6888.860000 9.298383e-17 4.242727e-18
6891.860000 1.005845e-16 4.235986e-18
6894.860000 1.002778e-16 4.180645e-18
6897.860000 9.286350e-17 4.058726e-18
6900.860000 8.827666e-17 3.906619e-18
6903.860000 9.225097e-17 3.872776e-18
6906.860000 9.281763e-17 3.809241e-18
6909.860000 8.849805e-17 3.695424e-18
6912.860000 8.720424e-17 3.588118e-18
6915.860000 8.762438e-17 3.515301e-18
6918.860000 9.304511e-17 3.477155e-18
6921.860000 1.025003e-16 3.465569e-18
6924.860000 1.035985e-16 3.451926e-18
6927.860000 9.939666e-17 3.437717e-18
6930.860000 9.440949e-17 3.414666e-18
6933.860000 8.737087e-17 3.326855e-18
6936.860000 8.405572e-17 3.228040e-18
6939.860000 8.520355e-17 3.208130e-18
6942.860000 8.526911e-17 3.234216e-18
6945.860000 8.021412e-17 3.242467e-18
6948.860000 8.063878e-17 3.295774e-18
6951.860000 8.542828e-17 3.414110e-18
6954.860000 9.119904e-17 3.537274e-18
6957.860000 8.811760e-17 3.555034e-18
6960.860000 8.380666e-17 3.505443e-18
6963.860000 8.426958e-17 3.504150e-18
6966.860000 8.110972e-17 3.526469e-18
6969.860000 7.991556e-17 3.593108e-18
6972.860000 8.361837e-17 3.703388e-18
6975.860000 8.472978e-17 3.814066e-18
6978.860000 8.754028e-17 3.920672e-18
6981.860000 8.867911e-17 4.033133e-18
6984.860000 9.101788e-17 4.159488e-18
6987.860000 8.544967e-17 4.197164e-18
6990.860000 8.684748e-17 4.199410e-18
6993.860000 8.609424e-17 4.262649e-18
6996.860000 8.588358e-17 4.264216e-18
6999.860000 8.646268e-17 4.194783e-18
7002.860000 8.938372e-17 4.134768e-18
7005.860000 8.557457e-17 4.044430e-18
7008.860000 8.221471e-17 3.943636e-18
7011.860000 8.436325e-17 3.893940e-18
7014.860000 8.356532e-17 3.806280e-18
7017.860000 7.981811e-17 3.704827e-18
7020.860000 7.727049e-17 3.669072e-18
7023.860000 8.142651e-17 3.722748e-18
7026.860000 8.201852e-17 3.669360e-18
7029.860000 8.708429e-17 3.504647e-18
7032.860000 8.736001e-17 3.359280e-18
7035.860000 8.454684e-17 3.256959e-18
7038.860000 7.772761e-17 3.154749e-18
7041.860000 7.634631e-17 3.118256e-18
7044.860000 8.147833e-17 3.173186e-18
7047.860000 8.761312e-17 3.217614e-18
7050.860000 8.561939e-17 3.191723e-18
7053.860000 8.002191e-17 3.120904e-18
7056.860000 7.791170e-17 3.082166e-18
7059.860000 7.938137e-17 3.072895e-18
7062.860000 7.804041e-17 3.034973e-18
7065.860000 7.845906e-17 3.027200e-18
7068.860000 8.166308e-17 3.072294e-18
7071.860000 8.078532e-17 3.100840e-18
7074.860000 7.972064e-17 3.129259e-18
7077.860000 7.808192e-17 3.167016e-18
7080.860000 7.674918e-17 3.201718e-18
7083.860000 7.762918e-17 3.232921e-18
7086.860000 7.878236e-17 3.286746e-18
7089.860000 8.000483e-17 3.364546e-18
7092.860000 8.063114e-17 3.447027e-18
7095.860000 7.942777e-17 3.494533e-18
7098.860000 7.583176e-17 3.506952e-18
7101.860000 7.470105e-17 3.548286e-18
7104.860000 7.588891e-17 3.619317e-18
7107.860000 7.904919e-17 3.721860e-18
7110.860000 7.683422e-17 3.802245e-18
7113.860000 7.484591e-17 3.865514e-18
7116.860000 7.735541e-17 3.998289e-18
7119.860000 7.896706e-17 4.081302e-18
7122.860000 7.689200e-17 4.074452e-18
7125.860000 7.803085e-17 3.997860e-18
7128.860000 7.718308e-17 3.918384e-18
7131.860000 7.567209e-17 3.814330e-18
7134.860000 7.423153e-17 3.691432e-18
7137.860000 7.322084e-17 3.604965e-18
7140.860000 7.380408e-17 3.523442e-18
7143.860000 7.310144e-17 3.465915e-18
7146.860000 7.673174e-17 3.424651e-18
7149.860000 7.659120e-17 3.379169e-18
7152.860000 7.460810e-17 3.309136e-18
7155.860000 7.199857e-17 3.227799e-18
7158.860000 7.253866e-17 3.150213e-18
7161.860000 7.819279e-17 3.120136e-18
7164.860000 7.709636e-17 3.097522e-18
7167.860000 7.304496e-17 3.022840e-18
7170.860000 7.032780e-17 2.946949e-18
7173.860000 7.029394e-17 2.922300e-18
7176.860000 6.759499e-17 2.894071e-18
7179.860000 6.359689e-17 2.854230e-18
7182.860000 6.744706e-17 2.872550e-18
7185.860000 7.089472e-17 2.894834e-18
7188.860000 6.894264e-17 2.883265e-18
7191.860000 6.693209e-17 2.865728e-18
7194.860000 6.405839e-17 2.869391e-18
7197.860000 6.372073e-17 2.900500e-18
7200.860000 6.296786e-17 2.954337e-18
7203.860000 5.998068e-17 2.982637e-18
7206.860000 6.162818e-17 3.022881e-18
7209.860000 6.970460e-17 3.105359e-18
7212.860000 7.390915e-17 3.183295e-18
7215.860000 7.076978e-17 3.226832e-18
7218.860000 6.734239e-17 3.267265e-18
7221.860000 6.691764e-17 3.328172e-18
7224.860000 6.916368e-17 3.410741e-18
7227.860000 6.681682e-17 3.466469e-18
7230.860000 6.678029e-17 3.562399e-18
7233.860000 6.679143e-17 3.656350e-18
7236.860000 6.239387e-17 3.790486e-18
7239.860000 5.965614e-17 3.961220e-18
7242.860000 5.628480e-17 4.335350e-18
7245.860000 5.536070e-17 4.797818e-18
7248.860000 6.467909e-17 5.037746e-18
7251.860000 7.493138e-17 4.915065e-18
7254.860000 7.330023e-17 4.543682e-18
7257.860000 7.083602e-17 4.125901e-18
7260.860000 6.760110e-17 3.851651e-18
7263.860000 6.535447e-17 3.664095e-18
7266.860000 6.333917e-17 3.519901e-18
7269.860000 6.079200e-17 3.419342e-18
7272.860000 5.793557e-17 3.349033e-18
7275.860000 5.818890e-17 3.392060e-18
7278.860000 5.409638e-17 3.552032e-18
7281.860000 5.039495e-17 3.785896e-18
7284.860000 5.571533e-17 3.829617e-18
7287.860000 6.245396e-17 3.667165e-18
7290.860000 6.415314e-17 3.452908e-18
7293.860000 5.963203e-17 3.237645e-18
7296.860000 5.705621e-17 3.069590e-18
7299.860000 6.129307e-17 3.000485e-18
7302.860000 6.426538e-17 3.003705e-18
7305.860000 6.453902e-17 3.014165e-18
7308.860000 6.494665e-17 3.044877e-18
7311.860000 6.203942e-17 3.057692e-18
7314.860000 5.871022e-17 3.059817e-18
7317.860000 5.849331e-17 3.195050e-18
7320.860000 5.971438e-17 3.401969e-18
7323.860000 5.771791e-17 3.453931e-18
7326.860000 5.672570e-17 3.316022e-18
7329.860000 5.798728e-17 3.188943e-18
7332.860000 6.050914e-17 3.230936e-18
7335.860000 6.142905e-17 3.306272e-18
7338.860000 5.579813e-17 3.331012e-18
7341.860000 5.568802e-17 3.485013e-18
7344.860000 5.524088e-17 3.809768e-18
7347.860000 5.640070e-17 4.032958e-18
7350.860000 6.107106e-17 3.952311e-18
7353.860000 6.349237e-17 3.725876e-18
7356.860000 6.262021e-17 3.640097e-18
7359.860000 6.115953e-17 3.691203e-18
7362.860000 5.936423e-17 3.872154e-18
7365.860000 6.166675e-17 4.070571e-18
7368.860000 6.439434e-17 4.194626e-18
7371.860000 6.339307e-17 4.376455e-18
7374.860000 6.710790e-17 4.587598e-18
7377.860000 6.966681e-17 4.565730e-18
7380.860000 6.513318e-17 4.184583e-18
7383.860000 6.157182e-17 3.806654e-18
7386.860000 6.169240e-17 3.602916e-18
7389.860000 5.870109e-17 3.470220e-18
7392.860000 6.071592e-17 3.429898e-18
7395.860000 6.266588e-17 3.436970e-18
7398.860000 5.892120e-17 3.423718e-18
7401.860000 5.603509e-17 3.338893e-18
7404.860000 5.379424e-17 3.290306e-18
7407.860000 5.287468e-17 3.315370e-18
7410.860000 5.306616e-17 3.251161e-18
7413.860000 5.309278e-17 3.108790e-18
7416.860000 5.534752e-17 2.953769e-18
7419.860000 6.033096e-17 2.897912e-18
7422.860000 6.261476e-17 2.880833e-18
7425.860000 5.873605e-17 2.837335e-18
7428.860000 5.625739e-17 2.807088e-18
7431.860000 5.866162e-17 2.837925e-18
7434.860000 6.010650e-17 2.864420e-18
7437.860000 5.906385e-17 2.885743e-18
7440.860000 5.976621e-17 2.940539e-18
7443.860000 6.078623e-17 2.991355e-18
7446.860000 6.077289e-17 3.008464e-18
7449.860000 5.992367e-17 2.970826e-18
7452.860000 6.137566e-17 2.945879e-18
7455.860000 6.334120e-17 2.958935e-18
7458.860000 6.004329e-17 2.970475e-18
7461.860000 5.642301e-17 3.007168e-18
7464.860000 5.746379e-17 3.086978e-18
7467.860000 5.706115e-17 3.145595e-18
7470.860000 5.334837e-17 3.230095e-18
7473.860000 5.442485e-17 3.326260e-18
7476.860000 5.608038e-17 3.470946e-18
7479.860000 5.870169e-17 3.631317e-18
7482.860000 5.817070e-17 3.725711e-18
7485.860000 5.624956e-17 3.804906e-18
7488.860000 5.569478e-17 3.886336e-18
7491.860000 5.675548e-17 3.924388e-18
7494.860000 6.110957e-17 3.942157e-18
7497.860000 6.464083e-17 3.960815e-18
7500.860000 5.988186e-17 3.865072e-18
7503.860000 5.472170e-17 3.702875e-18
7506.860000 5.331717e-17 3.580465e-18
7509.860000 5.592222e-17 3.476886e-18
7512.860000 5.985087e-17 3.429321e-18
7515.860000 5.939742e-17 3.387396e-18
7518.860000 5.827251e-17 3.305169e-18
7521.860000 5.574367e-17 3.276462e-18
7524.860000 5.869874e-17 3.348313e-18
7527.860000 5.752430e-17 3.492730e-18
7530.860000 5.789535e-17 3.583898e-18
7533.860000 5.688065e-17 3.484687e-18
7536.860000 5.185660e-17 3.264612e-18
7539.860000 5.343290e-17 3.082947e-18
7542.860000 5.383825e-17 2.945173e-18
7545.860000 5.418809e-17 2.856851e-18
7548.860000 5.409677e-17 2.810127e-18
7551.860000 5.715171e-17 2.777480e-18
7554.860000 5.788060e-17 2.749175e-18
7557.860000 5.460551e-17 2.735576e-18
7560.860000 5.506607e-17 2.786994e-18
7563.860000 5.491100e-17 2.820866e-18
7566.860000 5.491759e-17 2.818198e-18
7569.860000 5.745639e-17 2.854627e-18
7572.860000 5.936645e-17 2.984330e-18
7575.860000 5.998561e-17 3.175921e-18
7578.860000 5.867202e-17 3.265857e-18
7581.860000 5.762224e-17 3.216029e-18
7584.860000 5.788097e-17 3.126938e-18
7587.860000 5.894220e-17 3.130281e-18
7590.860000 5.850370e-17 3.218258e-18
7593.860000 6.003167e-17 3.409187e-18
7596.860000 5.357193e-17 3.713125e-18
7599.860000 5.618149e-17 4.294942e-18
7602.860000 6.453247e-17 5.157299e-18
7605.860000 5.775757e-17 6.198178e-18
7608.860000 4.177384e-17 6.795796e-18
7611.860000 3.459445e-17 6.927937e-18
7614.860000 4.082212e-17 6.642730e-18
7617.860000 4.773610e-17 5.940308e-18
7620.860000 4.724847e-17 5.452715e-18
7623.860000 5.524680e-17 5.310951e-18
7626.860000 5.532045e-17 5.171206e-18
7629.860000 5.073578e-17 5.249436e-18
7632.860000 4.759699e-17 5.298628e-18
7635.860000 5.661367e-17 5.409052e-18
7638.860000 5.818922e-17 5.187796e-18
7641.860000 5.197976e-17 4.819785e-18
7644.860000 4.814218e-17 4.473109e-18
7647.860000 5.131818e-17 4.264313e-18
7650.860000 4.707498e-17 4.018713e-18
7653.860000 4.573119e-17 3.795865e-18
7656.860000 4.706005e-17 3.615297e-18
7659.860000 5.091291e-17 3.507228e-18
7662.860000 4.958168e-17 3.376256e-18
7665.860000 4.945610e-17 3.261858e-18
7668.860000 5.387628e-17 3.199867e-18
7671.860000 5.529248e-17 3.127499e-18
7674.860000 5.294904e-17 3.023330e-18
7677.860000 5.091042e-17 2.946680e-18
7680.860000 4.978156e-17 2.888345e-18
7683.860000 5.338436e-17 2.857474e-18
7686.860000 5.193887e-17 2.841105e-18
7689.860000 4.841138e-17 2.844761e-18
7692.860000 4.852219e-17 2.872691e-18
7695.860000 5.164640e-17 2.928759e-18
7698.860000 5.501089e-17 2.966650e-18
7701.860000 5.481134e-17 2.984996e-18
7704.860000 5.537691e-17 3.005847e-18
7707.860000 5.619035e-17 3.033892e-18
7710.860000 5.158862e-17 3.079036e-18
7713.860000 4.548960e-17 3.328133e-18
7716.860000 4.090523e-17 3.819445e-18
7719.860000 4.461012e-17 4.305330e-18
7722.860000 5.498832e-17 4.502757e-18
7725.860000 6.443441e-17 4.362095e-18
7728.860000 5.968009e-17 4.015865e-18
7731.860000 5.640232e-17 3.876699e-18
7734.860000 5.597432e-17 3.818111e-18
7737.860000 5.251973e-17 3.790633e-18
7740.860000 5.333039e-17 3.795724e-18
7743.860000 4.902621e-17 3.850530e-18
7746.860000 4.936388e-17 3.955485e-18
7749.860000 4.683214e-17 4.131248e-18
7752.860000 4.117461e-17 4.489338e-18
7755.860000 4.288799e-17 4.996079e-18
7758.860000 5.469330e-17 5.083470e-18
7761.860000 5.301575e-17 4.602607e-18
7764.860000 5.659567e-17 4.236842e-18
7767.860000 5.424669e-17 4.027497e-18
7770.860000 5.251421e-17 3.719713e-18
7773.860000 4.651938e-17 3.405018e-18
7776.860000 4.500593e-17 3.311503e-18
7779.860000 4.748929e-17 3.343598e-18
7782.860000 5.138468e-17 3.424803e-18
7785.860000 4.935145e-17 3.369057e-18
7788.860000 4.796249e-17 3.299699e-18
7791.860000 4.744445e-17 3.239954e-18
7794.860000 4.497945e-17 3.280481e-18
7797.860000 4.306401e-17 3.535971e-18
7800.860000 4.589717e-17 3.716900e-18
7803.860000 4.884596e-17 3.598504e-18
7806.860000 4.914945e-17 3.266687e-18
7809.860000 4.820336e-17 3.073649e-18
7812.860000 4.833352e-17 3.119309e-18
7815.860000 4.518482e-17 3.161037e-18
7818.860000 4.034711e-17 3.134215e-18
7821.860000 4.174553e-17 3.251883e-18
7824.860000 4.131820e-17 3.565200e-18
7827.860000 4.767424e-17 3.843028e-18
7830.860000 5.644197e-17 3.768919e-18
7833.860000 5.276808e-17 3.388548e-18
7836.860000 4.260287e-17 3.117080e-18
7839.860000 3.896474e-17 3.085485e-18
7842.860000 4.292533e-17 3.218468e-18
7845.860000 4.559908e-17 3.473519e-18
7848.860000 4.879952e-17 3.643455e-18
7851.860000 4.209179e-17 3.682115e-18
7854.860000 3.709675e-17 3.972365e-18
7857.860000 3.952848e-17 4.564392e-18
7860.860000 4.274961e-17 4.850786e-18
7863.860000 4.582173e-17 4.797529e-18
7866.860000 4.418855e-17 4.609812e-18
7869.860000 4.183753e-17 4.485935e-18
7872.860000 4.273717e-17 4.522546e-18
7875.860000 4.705136e-17 4.650540e-18
7878.860000 5.342875e-17 4.574230e-18
7881.860000 4.774945e-17 4.287432e-18
7884.860000 4.514941e-17 4.176681e-18
7887.860000 4.786429e-17 4.151327e-18
7890.860000 4.256275e-17 4.006334e-18
7893.860000 4.721013e-17 4.018745e-18
7896.860000 5.158922e-17 4.076563e-18
7899.860000 4.419068e-17 3.870047e-18
7902.860000 4.434229e-17 3.543899e-18
7905.860000 4.546019e-17 3.307530e-18
7908.860000 4.133777e-17 3.217879e-18
7911.860000 3.637430e-17 3.257716e-18
7914.860000 3.091216e-17 3.482870e-18
7917.860000 3.348937e-17 3.948927e-18
7920.860000 4.576361e-17 4.265376e-18
7923.860000 5.667680e-17 4.204106e-18
7926.860000 5.522545e-17 3.889072e-18
7929.860000 4.804257e-17 3.562694e-18
7932.860000 4.155509e-17 3.304878e-18
7935.860000 4.524783e-17 3.255882e-18
7938.860000 5.161569e-17 3.260868e-18
7941.860000 5.176814e-17 3.182390e-18
7944.860000 5.043463e-17 3.083903e-18
7947.860000 4.905662e-17 3.032817e-18
7950.860000 4.234386e-17 3.058699e-18
7953.860000 3.813262e-17 3.167421e-18
7956.860000 4.167529e-17 3.258416e-18
7959.860000 3.991243e-17 3.222396e-18
7962.860000 3.747035e-17 3.243554e-18
7965.860000 3.896576e-17 3.523940e-18
7968.860000 4.513979e-17 4.006591e-18
7971.860000 5.186518e-17 4.279295e-18
7974.860000 4.801366e-17 4.069206e-18
7977.860000 4.550602e-17 3.780987e-18
7980.860000 4.263189e-17 3.731634e-18
7983.860000 4.893007e-17 4.041346e-18
7986.860000 5.132569e-17 4.198653e-18
7989.860000 4.003572e-17 4.087161e-18
7992.860000 3.302309e-17 4.063589e-18
7995.860000 3.307331e-17 4.552889e-18
7998.860000 4.254158e-17 5.277949e-18
8001.860000 4.636227e-17 5.329890e-18
8004.860000 4.800375e-17 4.695883e-18
8007.860000 4.471634e-17 4.093594e-18
8010.860000 4.057388e-17 3.795628e-18
8013.860000 4.176186e-17 3.692146e-18
8016.860000 4.210842e-17 3.711386e-18
8019.860000 4.437139e-17 3.795266e-18
8022.860000 3.631236e-17 3.682476e-18
8025.860000 3.488215e-17 3.612485e-18
8028.860000 4.148282e-17 3.811129e-18
8031.860000 4.250881e-17 3.978415e-18
8034.860000 4.263206e-17 3.897919e-18
8037.860000 4.246110e-17 3.596667e-18
8040.860000 3.971641e-17 3.266297e-18
8043.860000 4.106941e-17 3.055916e-18
8046.860000 4.055980e-17 2.954565e-18
8049.860000 4.264085e-17 2.935152e-18
8052.860000 4.160037e-17 2.913393e-18
8055.860000 4.381976e-17 2.984554e-18
8058.860000 4.242243e-17 3.015256e-18
8061.860000 4.204852e-17 3.020944e-18
8064.860000 4.659049e-17 3.094604e-18
8067.860000 5.713310e-17 3.237489e-18
8070.860000 5.909609e-17 3.267107e-18
8073.860000 5.040703e-17 3.117280e-18
8076.860000 4.122985e-17 2.965641e-18
8079.860000 3.885590e-17 2.941046e-18
8082.860000 3.865348e-17 2.951345e-18
8085.860000 4.055327e-17 3.034991e-18
8088.860000 3.888239e-17 3.075817e-18
8091.860000 3.985721e-17 3.161324e-18
8094.860000 4.220428e-17 3.229342e-18
8097.860000 4.207565e-17 3.311906e-18
8100.860000 4.484265e-17 3.412555e-18
8103.860000 4.714848e-17 3.526137e-18
8106.860000 4.492750e-17 3.641180e-18
8109.860000 4.294486e-17 3.798488e-18
8112.860000 4.205584e-17 3.826134e-18
8115.860000 3.942158e-17 3.811832e-18
8118.860000 4.190432e-17 3.865595e-18
8121.860000 4.222010e-17 3.935806e-18
8124.860000 3.981618e-17 4.004217e-18
8127.860000 3.867242e-17 3.960391e-18
8130.860000 3.702572e-17 3.869762e-18
8133.860000 4.614022e-17 3.814383e-18
8136.860000 5.110400e-17 3.766358e-18
8139.860000 4.357484e-17 3.628351e-18
8142.860000 4.632198e-17 3.585247e-18
8145.860000 3.977288e-17 3.491562e-18
8148.860000 3.574371e-17 3.434539e-18
8151.860000 3.466301e-17 3.346777e-18
8154.860000 3.794880e-17 3.304446e-18
8157.860000 3.701106e-17 3.234763e-18
8160.860000 3.725774e-17 3.120883e-18
8163.860000 3.787592e-17 3.048121e-18
8166.860000 3.830448e-17 3.007892e-18
8169.860000 4.095530e-17 2.989718e-18
8172.860000 3.948822e-17 2.946810e-18
8175.860000 3.752409e-17 2.901183e-18
8178.860000 3.839625e-17 2.888105e-18
8181.860000 3.834278e-17 2.878380e-18
8184.860000 3.826559e-17 2.862921e-18
8187.860000 4.309927e-17 2.897644e-18
8190.860000 4.280804e-17 2.900191e-18
8193.860000 3.960130e-17 2.895110e-18
8196.860000 3.634376e-17 2.888418e-18
8199.860000 3.631743e-17 2.893758e-18
8202.860000 3.656795e-17 2.911519e-18
8205.860000 3.715087e-17 2.916328e-18
8208.860000 3.992703e-17 2.977737e-18
8211.860000 4.113505e-17 3.036690e-18
8214.860000 4.083842e-17 3.094671e-18
8217.860000 3.679496e-17 3.120752e-18
8220.860000 3.492390e-17 3.176213e-18
8223.860000 3.944336e-17 3.276853e-18
8226.860000 3.831004e-17 3.313413e-18
8229.860000 3.852254e-17 3.408631e-18
8232.860000 3.538645e-17 3.423009e-18
8235.860000 3.217815e-17 3.478961e-18
8238.860000 3.491334e-17 3.630739e-18
8241.860000 3.265952e-17 3.691316e-18
8244.860000 3.578651e-17 3.843176e-18
8247.860000 3.261468e-17 3.953961e-18
8250.860000 3.651143e-17 4.137477e-18
8253.860000 4.285634e-17 4.169038e-18
8256.860000 4.043031e-17 3.998590e-18
8259.860000 4.133251e-17 3.899478e-18
8262.860000 3.799768e-17 3.804424e-18
8265.860000 4.332424e-17 3.752794e-18
8268.860000 4.629767e-17 3.698753e-18
8271.860000 3.980236e-17 3.583396e-18
8274.860000 3.892881e-17 3.495505e-18
8277.860000 3.858922e-17 3.416576e-18
8280.860000 3.135520e-17 3.426277e-18
8283.860000 3.400439e-17 3.663727e-18
8286.860000 3.429015e-17 3.882756e-18
8289.860000 3.984087e-17 4.034233e-18
8292.860000 4.370920e-17 4.161188e-18
8295.860000 4.066898e-17 4.132698e-18
8298.860000 3.270419e-17 3.941965e-18
8301.860000 3.294923e-17 3.927387e-18
8304.860000 4.275130e-17 4.055572e-18
8307.860000 4.699513e-17 3.921896e-18
8310.860000 4.425462e-17 3.567307e-18
8313.860000 4.177793e-17 3.329493e-18
8316.860000 4.508027e-17 3.313216e-18
8319.860000 4.429452e-17 3.280847e-18
8322.860000 4.529591e-17 3.184371e-18
8325.860000 4.332331e-17 3.099158e-18
8328.860000 4.160063e-17 3.074342e-18
8331.860000 4.149520e-17 3.104923e-18
8334.860000 4.212772e-17 3.163165e-18
8337.860000 3.943922e-17 3.218613e-18
8340.860000 2.988291e-17 3.319096e-18
8343.860000 1.426233e-17 3.676989e-18
8346.860000 1.454911e-17 4.717711e-18
8349.860000 3.515227e-17 5.794607e-18
8352.860000 5.433659e-17 5.969750e-18
8355.860000 6.318426e-17 5.475912e-18
8358.860000 5.922328e-17 5.129563e-18
8361.860000 4.790141e-17 4.793997e-18
8364.860000 4.943467e-17 4.489320e-18
8367.860000 4.932471e-17 4.438795e-18
8370.860000 5.225513e-17 4.605536e-18
8373.860000 4.837676e-17 4.553031e-18
8376.860000 4.136882e-17 4.348483e-18
8379.860000 4.017737e-17 4.207867e-18
8382.860000 3.888812e-17 4.183960e-18
8385.860000 4.709889e-17 4.436034e-18
8388.860000 4.556946e-17 4.540594e-18
8391.860000 3.871104e-17 4.315239e-18
8394.860000 4.202330e-17 4.020117e-18
8397.860000 3.707397e-17 3.895340e-18
8400.860000 3.620356e-17 4.269746e-18
8403.860000 3.479978e-17 4.925168e-18
8406.860000 4.587778e-17 5.172607e-18
8409.860000 5.902369e-17 4.703567e-18
8412.860000 6.314390e-17 3.960816e-18
8415.860000 5.292078e-17 3.570861e-18
8418.860000 5.215831e-17 3.650266e-18
8421.860000 4.916265e-17 3.793802e-18
8424.860000 4.413168e-17 3.700722e-18
8427.860000 3.344070e-17 3.481504e-18
8430.860000 2.234703e-17 3.596827e-18
8433.860000 2.568130e-17 4.220616e-18
8436.860000 4.271379e-17 4.695316e-18
8439.860000 5.510534e-17 4.451940e-18
8442.860000 6.022528e-17 3.788154e-18
8445.860000 5.496006e-17 3.301124e-18
8448.860000 4.744879e-17 3.152881e-18
8451.860000 4.255280e-17 3.185073e-18
8454.860000 3.867344e-17 3.376704e-18
8457.860000 4.147412e-17 3.636143e-18
8460.860000 4.722540e-17 3.727022e-18
8463.860000 3.767388e-17 3.591862e-18
8466.860000 3.786533e-17 3.900033e-18
8469.860000 4.677147e-17 4.550262e-18
8472.860000 5.574368e-17 4.764158e-18
8475.860000 5.116030e-17 4.292449e-18
8478.860000 4.651553e-17 3.878322e-18
8481.860000 4.581096e-17 3.714751e-18
8484.860000 4.544438e-17 3.764751e-18
8487.860000 3.970420e-17 3.704642e-18
8490.860000 4.279585e-17 3.813925e-18
8493.860000 3.812052e-17 3.910342e-18
8496.860000 4.135531e-17 4.251703e-18
8499.860000 4.589578e-17 4.599718e-18
8502.860000 4.679149e-17 4.687877e-18
8505.860000 4.558276e-17 4.608887e-18
8508.860000 4.586434e-17 4.717781e-18
8511.860000 4.669727e-17 4.840883e-18
8514.860000 4.719714e-17 4.520762e-18
8517.860000 4.669573e-17 4.000837e-18
8520.860000 4.265328e-17 3.691764e-18
8523.860000 4.227857e-17 3.566442e-18
8526.860000 5.151977e-17 3.535940e-18
8529.860000 4.959337e-17 3.478854e-18
8532.860000 4.518568e-17 3.355150e-18
8535.860000 4.151033e-17 3.259724e-18
8538.860000 4.624766e-17 3.252404e-18
8541.860000 4.881947e-17 3.328505e-18
8544.860000 4.835859e-17 3.341894e-18
8547.860000 4.254693e-17 3.274333e-18
8550.860000 4.269074e-17 3.276570e-18
8553.860000 4.707788e-17 3.345969e-18
8556.860000 4.722310e-17 3.331539e-18
8559.860000 4.443709e-17 3.203990e-18
8562.860000 4.533860e-17 3.084370e-18
8565.860000 4.250536e-17 3.004570e-18
8568.860000 3.829931e-17 2.974591e-18
8571.860000 4.297173e-17 3.009633e-18
8574.860000 4.407316e-17 3.044892e-18
8577.860000 4.627244e-17 3.086341e-18
8580.860000 4.791736e-17 3.113850e-18
8583.860000 4.212478e-17 3.105502e-18
8586.860000 3.875380e-17 3.121870e-18
8589.860000 4.142072e-17 3.216445e-18
8592.860000 4.088767e-17 3.296760e-18
8595.860000 3.728202e-17 3.336944e-18
8598.860000 3.538699e-17 3.413286e-18
8601.860000 3.912096e-17 3.545239e-18
8604.860000 4.235638e-17 3.645627e-18
8607.860000 3.768569e-17 3.619351e-18
8610.860000 3.768934e-17 3.674632e-18
8613.860000 4.040333e-17 3.767729e-18
8616.860000 3.835881e-17 3.942123e-18
8619.860000 4.612349e-17 4.278838e-18
8622.860000 3.587025e-17 4.554207e-18
8625.860000 3.365201e-17 4.892315e-18
8628.860000 3.502760e-17 5.220681e-18
8631.860000 3.639850e-17 5.414297e-18
8634.860000 4.101910e-17 5.452215e-18
8637.860000 4.305398e-17 5.401317e-18
8640.860000 4.462442e-17 5.178786e-18
8643.860000 3.957459e-17 4.796627e-18
8646.860000 3.643232e-17 4.458130e-18
8649.860000 3.670674e-17 4.207877e-18
8652.860000 3.479001e-17 4.145185e-18
8655.860000 3.160169e-17 4.252323e-18
8658.860000 3.562877e-17 4.446226e-18
8661.860000 4.040146e-17 4.575374e-18
8664.860000 4.303653e-17 4.542106e-18
8667.860000 3.893993e-17 4.435141e-18
8670.860000 4.569048e-17 4.334558e-18
8673.860000 5.023747e-17 4.223436e-18
8676.860000 4.390462e-17 3.978073e-18
8679.860000 3.916304e-17 3.757416e-18
8682.860000 3.757740e-17 3.601173e-18
8685.860000 4.321804e-17 3.493345e-18
8688.860000 4.502972e-17 3.397059e-18
8691.860000 4.134959e-17 3.281514e-18
8694.860000 4.068175e-17 3.227612e-18
8697.860000 3.902692e-17 3.185385e-18
8700.860000 4.035472e-17 3.176323e-18
8703.860000 4.262257e-17 3.206027e-18
8706.860000 4.490494e-17 3.277165e-18
8709.860000 4.647112e-17 3.326611e-18
8712.860000 4.251716e-17 3.358825e-18
8715.860000 3.734271e-17 3.389577e-18
8718.860000 3.885362e-17 3.401958e-18
8721.860000 3.851228e-17 3.397381e-18
8724.860000 4.095112e-17 3.463406e-18
8727.860000 4.372037e-17 3.556062e-18
8730.860000 3.567005e-17 3.594719e-18
8733.860000 3.220118e-17 3.694740e-18
8736.860000 3.249363e-17 3.812150e-18
8739.860000 3.552848e-17 3.841651e-18
8742.860000 3.748886e-17 3.958839e-18
8745.860000 3.703383e-17 4.054046e-18
8748.860000 3.056382e-17 4.072631e-18
8751.860000 3.623916e-17 4.237087e-18
8754.860000 3.751251e-17 4.264934e-18
8757.860000 2.678780e-17 4.193914e-18
8760.860000 2.545016e-17 4.379401e-18
8763.860000 1.723474e-17 4.873324e-18
8766.860000 1.746686e-17 5.449166e-18
8769.860000 3.975932e-17 5.806325e-18
8772.860000 3.636405e-17 5.884000e-18
8775.860000 2.911159e-17 5.606482e-18
8778.860000 3.243088e-17 5.190669e-18
8781.860000 3.911477e-17 5.195478e-18
8784.860000 4.357585e-17 5.354081e-18
8787.860000 4.808391e-17 4.935929e-18
8790.860000 4.963315e-17 4.174499e-18
8793.860000 4.362496e-17 3.817068e-18
8796.860000 4.069498e-17 3.832175e-18
8799.860000 3.476146e-17 3.728943e-18
8802.860000 3.063125e-17 3.425446e-18
8805.860000 3.424195e-17 3.199577e-18
8808.860000 3.663679e-17 3.133344e-18
8811.860000 3.035476e-17 3.085597e-18
8814.860000 3.063291e-17 3.104988e-18
8817.860000 2.874144e-17 3.099371e-18
8820.860000 2.025542e-17 3.094904e-18
8823.860000 1.118145e-17 3.269649e-18
8826.860000 3.421159e-18 3.934310e-18
8829.860000 4.574212e-18 5.209999e-18
8832.860000 1.712248e-17 6.163428e-18
8835.860000 2.228786e-17 6.074905e-18
8838.860000 4.222604e-17 5.485469e-18
8841.860000 4.590928e-17 5.126862e-18
8844.860000 4.103559e-17 4.767339e-18
8847.860000 4.844484e-17 4.279178e-18
8850.860000 4.547311e-17 4.020444e-18
8853.860000 3.918040e-17 4.077153e-18
8856.860000 3.449989e-17 4.159272e-18
8859.860000 2.816845e-17 4.051461e-18
8862.860000 2.930001e-17 3.934081e-18
8865.860000 3.057772e-17 4.056025e-18
8868.860000 3.414411e-17 4.446518e-18
8871.860000 3.918890e-17 5.085240e-18
8874.860000 4.468341e-17 5.442430e-18
8877.860000 3.087662e-17 5.143389e-18
8880.860000 2.794978e-17 4.654461e-18
8883.860000 2.149549e-17 4.473974e-18
8886.860000 2.969199e-17 5.042091e-18
8889.860000 3.530693e-17 6.196268e-18
8892.860000 3.461532e-17 6.821048e-18
8895.860000 3.604143e-17 6.220780e-18
8898.860000 5.697255e-17 5.036195e-18
8901.860000 4.206509e-17 4.263780e-18
8904.860000 4.022299e-17 4.216565e-18
8907.860000 3.731187e-17 4.550521e-18
8910.860000 2.796509e-17 4.600428e-18
8913.860000 1.682822e-17 4.204189e-18
8916.860000 1.853759e-17 3.862306e-18
8919.860000 2.392924e-17 4.072002e-18
8922.860000 3.228037e-17 4.949799e-18
8925.860000 3.979390e-17 5.696851e-18
8928.860000 5.218794e-17 5.535360e-18
8931.860000 6.948485e-17 4.642341e-18
8934.860000 6.177308e-17 3.834029e-18
8937.860000 4.232819e-17 3.443087e-18
8940.860000 3.161082e-17 3.329083e-18
8943.860000 3.274238e-17 3.458671e-18
8946.860000 3.358314e-17 3.765800e-18
8949.860000 3.203368e-17 3.978074e-18
8952.860000 3.284501e-17 3.912088e-18
8955.860000 2.598532e-17 3.745262e-18
8958.860000 2.331268e-17 4.042247e-18
8961.860000 2.883000e-17 4.882636e-18
8964.860000 3.952579e-17 5.338409e-18
8967.860000 4.770297e-17 4.945231e-18
8970.860000 4.908023e-17 4.189827e-18
8973.860000 4.040425e-17 3.816274e-18
8976.860000 3.504868e-17 3.758983e-18
8979.860000 4.040205e-17 3.878320e-18
8982.860000 3.928362e-17 3.961543e-18
8985.860000 3.187360e-17 4.072019e-18
8988.860000 3.011825e-17 4.269533e-18
8991.860000 3.689903e-17 4.656954e-18
8994.860000 3.778550e-17 4.976888e-18
8997.860000 3.026497e-17 4.925180e-18
9000.860000 3.100729e-17 5.017790e-18
9003.860000 3.384385e-17 5.407890e-18
9006.860000 4.198157e-17 5.963933e-18
9009.860000 3.752417e-17 5.842027e-18
9012.860000 3.797703e-17 5.157421e-18
9015.860000 3.875816e-17 4.469587e-18
9018.860000 3.512617e-17 4.141154e-18
9021.860000 3.625069e-17 4.032078e-18
9024.860000 3.454733e-17 3.925911e-18
9027.860000 3.572658e-17 3.838713e-18
9030.860000 3.974298e-17 3.819738e-18
9033.860000 3.996252e-17 3.748480e-18
9036.860000 3.591578e-17 3.712650e-18
9039.860000 3.269965e-17 3.720454e-18
9042.860000 3.043414e-17 3.772943e-18
9045.860000 3.087870e-17 3.814595e-18
9048.860000 3.356237e-17 3.775444e-18
9051.860000 4.103868e-17 3.863400e-18
9054.860000 4.831624e-17 4.039428e-18
9057.860000 5.079717e-17 4.030667e-18
9060.860000 4.438971e-17 3.793472e-18
9063.860000 3.847086e-17 3.542713e-18
9066.860000 3.496403e-17 3.447078e-18
9069.860000 3.747807e-17 3.446120e-18
9072.860000 3.955465e-17 3.450512e-18
9075.860000 3.707744e-17 3.452416e-18
9078.860000 3.478057e-17 3.453886e-18
9081.860000 3.483979e-17 3.475807e-18
9084.860000 3.381186e-17 3.510691e-18
9087.860000 3.467367e-17 3.553108e-18
9090.860000 3.441980e-17 3.603566e-18
9093.860000 3.261103e-17 3.667307e-18
9096.860000 3.141446e-17 3.799769e-18
9099.860000 2.915827e-17 3.895929e-18
