4.020000000000000000e+03 9.809924316406250000e+01
4.029199999999999818e+03 7.154174041748046875e+01
4.038400000000000091e+03 1.756092681884765625e+02
4.047599999999999909e+03 4.181870269775390625e+01
4.056800000000000182e+03 1.305880889892578125e+02
4.066000000000000000e+03 9.822893524169921875e+01
4.075199999999999818e+03 1.088274002075195312e+02
4.084400000000000091e+03 1.654344787597656250e+02
4.093599999999999909e+03 1.279767837524414062e+02
4.102800000000000182e+03 1.651382904052734375e+02
4.112000000000000000e+03 1.169211502075195312e+02
4.121199999999999818e+03 1.769462280273437500e+02
4.130399999999999636e+03 2.466694030761718750e+02
4.139600000000000364e+03 1.290952911376953125e+02
4.148800000000000182e+03 2.754472045898437500e+02
4.158000000000000000e+03 2.420881958007812500e+02
4.167199999999999818e+03 2.556954345703125000e+02
4.176399999999999636e+03 2.541634674072265625e+02
4.185600000000000364e+03 3.301897888183593750e+02
4.194800000000000182e+03 3.039219665527343750e+02
4.204000000000000000e+03 2.815107116699218750e+02
4.213199999999999818e+03 3.379450073242187500e+02
4.222399999999999636e+03 3.364983825683593750e+02
4.231600000000000364e+03 2.110071716308593750e+02
4.240800000000000182e+03 3.143244323730468750e+02
4.250000000000000000e+03 4.195500793457031250e+02
4.259199999999999818e+03 3.656257019042968750e+02
4.268399999999999636e+03 3.586607666015625000e+02
4.277600000000000364e+03 3.473012695312500000e+02
4.286800000000000182e+03 3.431622619628906250e+02
4.296000000000000000e+03 3.408552551269531250e+02
4.305199999999999818e+03 3.833019714355468750e+02
4.314399999999999636e+03 4.251185302734375000e+02
4.323600000000000364e+03 3.337478637695312500e+02
4.332800000000000182e+03 3.524312133789062500e+02
4.342000000000000000e+03 3.757186279296875000e+02
4.351199999999999818e+03 3.772329711914062500e+02
4.360399999999999636e+03 3.017221984863281250e+02
4.369600000000000364e+03 3.639872436523437500e+02
4.378800000000000182e+03 3.367701416015625000e+02
4.388000000000000000e+03 2.801553955078125000e+02
4.397199999999999818e+03 3.897847595214843750e+02
4.406399999999999636e+03 3.171281738281250000e+02
4.415600000000000364e+03 3.374249267578125000e+02
4.424800000000000182e+03 3.382140197753906250e+02
4.434000000000000000e+03 2.882938842773437500e+02
4.443199999999999818e+03 3.352416992187500000e+02
4.452399999999999636e+03 2.846447448730468750e+02
4.461600000000000364e+03 3.475546875000000000e+02
4.470800000000000182e+03 4.179069213867187500e+02
4.480000000000000000e+03 4.175402526855468750e+02
4.489199999999999818e+03 4.539780578613281250e+02
4.498399999999999636e+03 3.850888366699218750e+02
4.507600000000000364e+03 5.360908203125000000e+02
4.516800000000000182e+03 5.629622192382812500e+02
4.526000000000000000e+03 5.033094482421875000e+02
4.535199999999999818e+03 4.678139038085937500e+02
4.544399999999999636e+03 5.083430175781250000e+02
4.553600000000000364e+03 5.058693542480468750e+02
4.562800000000000182e+03 5.164419555664062500e+02
4.572000000000000000e+03 5.066528320312500000e+02
4.581199999999999818e+03 4.899171752929687500e+02
4.590399999999999636e+03 5.979354248046875000e+02
4.599600000000000364e+03 6.676210327148437500e+02
4.608800000000000182e+03 6.899672851562500000e+02
4.618000000000000000e+03 6.517373657226562500e+02
4.627199999999999818e+03 7.009176635742187500e+02
4.636399999999999636e+03 7.262532958984375000e+02
4.645600000000000364e+03 6.772565917968750000e+02
4.654800000000000182e+03 6.733413696289062500e+02
4.664000000000000000e+03 7.594049682617187500e+02
4.673199999999999818e+03 7.449212036132812500e+02
4.682399999999999636e+03 7.457222290039062500e+02
4.691600000000000364e+03 7.680546875000000000e+02
4.700800000000000182e+03 7.977243041992187500e+02
4.710000000000000000e+03 7.839088745117187500e+02
4.719199999999999818e+03 7.616943359375000000e+02
4.728399999999999636e+03 9.013013305664062500e+02
4.737600000000000364e+03 7.804710083007812500e+02
4.746800000000000182e+03 7.175638427734375000e+02
4.756000000000000000e+03 7.381238403320312500e+02
4.765199999999999818e+03 7.641156005859375000e+02
4.774399999999999636e+03 8.479898071289062500e+02
4.783600000000000364e+03 7.040055541992187500e+02
4.792800000000000182e+03 7.361547851562500000e+02
4.802000000000000000e+03 6.565383911132812500e+02
4.811199999999999818e+03 8.441453247070312500e+02
4.820399999999999636e+03 7.911357421875000000e+02
4.829600000000000364e+03 6.781955566406250000e+02
4.838800000000000182e+03 7.771970825195312500e+02
4.848000000000000000e+03 7.862744140625000000e+02
4.857199999999999818e+03 6.159046630859375000e+02
4.866399999999999636e+03 7.418499755859375000e+02
4.875600000000000364e+03 7.319094848632812500e+02
4.884800000000000182e+03 7.686707763671875000e+02
4.894000000000000000e+03 6.531447753906250000e+02
4.903199999999999818e+03 8.836715087890625000e+02
4.912399999999999636e+03 7.923623046875000000e+02
4.921600000000000364e+03 8.417812500000000000e+02
4.930800000000000182e+03 6.896750488281250000e+02
4.940000000000000000e+03 7.200325317382812500e+02
4.949199999999999818e+03 7.638070678710937500e+02
4.958399999999999636e+03 6.798648681640625000e+02
4.967600000000000364e+03 6.966198120117187500e+02
4.976800000000000182e+03 6.586364746093750000e+02
4.986000000000000000e+03 6.807847900390625000e+02
4.995199999999999818e+03 6.479253540039062500e+02
5.004399999999999636e+03 8.556331787109375000e+02
5.013600000000000364e+03 8.952389526367187500e+02
5.022800000000000182e+03 6.887633666992187500e+02
5.032000000000000000e+03 7.506967163085937500e+02
5.041199999999999818e+03 7.504978637695312500e+02
5.050399999999999636e+03 7.388887329101562500e+02
5.059600000000000364e+03 7.263319702148437500e+02
5.068800000000000182e+03 7.567191162109375000e+02
5.078000000000000000e+03 6.194464111328125000e+02
5.087199999999999818e+03 8.016392211914062500e+02
5.096399999999999636e+03 8.108181152343750000e+02
5.105600000000000364e+03 8.679417114257812500e+02
5.114800000000000182e+03 7.881711425781250000e+02
5.124000000000000000e+03 7.738423461914062500e+02
5.133199999999999818e+03 7.054454345703125000e+02
5.142399999999999636e+03 7.529146118164062500e+02
5.151600000000000364e+03 8.901600341796875000e+02
5.160800000000000182e+03 1.346877197265625000e+03
5.170000000000000000e+03 1.326667724609375000e+03
5.179199999999999818e+03 8.379537353515625000e+02
5.188399999999999636e+03 8.180869140625000000e+02
5.197600000000000364e+03 8.272860717773437500e+02
5.206800000000000182e+03 9.658938598632812500e+02
5.216000000000000000e+03 8.718724975585937500e+02
5.225199999999999818e+03 9.658687133789062500e+02
5.234399999999999636e+03 9.905855102539062500e+02
5.243600000000000364e+03 9.088124389648437500e+02
5.252800000000000182e+03 1.006204223632812500e+03
5.262000000000000000e+03 9.936416625976562500e+02
5.271199999999999818e+03 1.046614990234375000e+03
5.280399999999999636e+03 9.419414062500000000e+02
5.289600000000000364e+03 1.108758300781250000e+03
5.298800000000000182e+03 1.077029907226562500e+03
5.308000000000000000e+03 1.107733154296875000e+03
5.317199999999999818e+03 1.006581298828125000e+03
5.326399999999999636e+03 1.026131713867187500e+03
5.335600000000000364e+03 1.028356201171875000e+03
5.344800000000000182e+03 1.008053894042968750e+03
5.354000000000000000e+03 1.064029174804687500e+03
5.363199999999999818e+03 1.008783813476562500e+03
5.372399999999999636e+03 9.470489501953125000e+02
5.381600000000000364e+03 1.008492431640625000e+03
5.390800000000000182e+03 9.651304321289062500e+02
5.400000000000000000e+03 9.073872680664062500e+02
5.409199999999999818e+03 8.818933715820312500e+02
5.418399999999999636e+03 8.350460815429687500e+02
5.427600000000000364e+03 8.473768310546875000e+02
5.436800000000000182e+03 7.949703369140625000e+02
5.446000000000000000e+03 7.381628417968750000e+02
5.455199999999999818e+03 7.775820922851562500e+02
5.464399999999999636e+03 8.527040405273437500e+02
5.473600000000000364e+03 9.235083007812500000e+02
5.482800000000000182e+03 8.105828857421875000e+02
5.492000000000000000e+03 7.705368041992187500e+02
5.501199999999999818e+03 8.563408813476562500e+02
5.510399999999999636e+03 9.163408813476562500e+02
5.519600000000000364e+03 9.926175537109375000e+02
5.528800000000000182e+03 2.049409912109375000e+03
5.538000000000000000e+03 9.395448608398437500e+02
5.547199999999999818e+03 8.742670288085937500e+02
5.556399999999999636e+03 1.005416748046875000e+03
5.565600000000000364e+03 8.824316406250000000e+02
5.574800000000000182e+03 8.029841918945312500e+02
5.584000000000000000e+03 6.621276855468750000e+02
5.593199999999999818e+03 9.493419799804687500e+02
5.602399999999999636e+03 8.047662353515625000e+02
5.611600000000000364e+03 8.126575927734375000e+02
5.620800000000000182e+03 8.762510986328125000e+02
5.630000000000000000e+03 7.869252319335937500e+02
5.639199999999999818e+03 8.273765869140625000e+02
5.648399999999999636e+03 8.377634887695312500e+02
5.657600000000000364e+03 9.236535644531250000e+02
5.666800000000000182e+03 8.323626098632812500e+02
5.676000000000000000e+03 9.395622558593750000e+02
5.685199999999999818e+03 8.677725219726562500e+02
5.694399999999999636e+03 9.473262939453125000e+02
5.703600000000000364e+03 1.042057861328125000e+03
5.712800000000000182e+03 1.110628417968750000e+03
5.722000000000000000e+03 1.068099731445312500e+03
5.731199999999999818e+03 1.011881469726562500e+03
5.740399999999999636e+03 1.111186645507812500e+03
5.749600000000000364e+03 9.644817504882812500e+02
5.758800000000000182e+03 1.007339843750000000e+03
5.768000000000000000e+03 1.003087829589843750e+03
5.777199999999999818e+03 1.046765258789062500e+03
5.786399999999999636e+03 1.083898925781250000e+03
5.795600000000000364e+03 9.907659301757812500e+02
5.804800000000000182e+03 1.034747680664062500e+03
5.814000000000000000e+03 1.013340759277343750e+03
5.823199999999999818e+03 1.070182861328125000e+03
5.832399999999999636e+03 1.031872314453125000e+03
5.841600000000000364e+03 9.380219726562500000e+02
5.850800000000000182e+03 9.838605346679687500e+02
5.860000000000000000e+03 9.907257080078125000e+02
5.869199999999999818e+03 9.320284423828125000e+02
5.878399999999999636e+03 9.559055175781250000e+02
5.887600000000000364e+03 1.119358276367187500e+03
5.896800000000000182e+03 9.736813964843750000e+02
5.906000000000000000e+03 9.420682373046875000e+02
5.915199999999999818e+03 9.383611450195312500e+02
5.924399999999999636e+03 9.331345825195312500e+02
5.933600000000000364e+03 9.144733276367187500e+02
5.942800000000000182e+03 1.102974243164062500e+03
5.952000000000000000e+03 7.488238525390625000e+02
5.961199999999999818e+03 9.161399536132812500e+02
5.970399999999999636e+03 9.083670043945312500e+02
5.979600000000000364e+03 1.098339965820312500e+03
5.988800000000000182e+03 9.737612304687500000e+02
5.998000000000000000e+03 9.782927246093750000e+02
6.007199999999999818e+03 9.408377075195312500e+02
6.016399999999999636e+03 9.698479614257812500e+02
6.025600000000000364e+03 1.003288818359375000e+03
6.034800000000000182e+03 9.538856811523437500e+02
6.044000000000000000e+03 1.019947814941406250e+03
6.053199999999999818e+03 1.009600463867187500e+03
6.062399999999999636e+03 9.925767211914062500e+02
6.071600000000000364e+03 9.869334716796875000e+02
6.080799999999999272e+03 9.784638671875000000e+02
6.090000000000000000e+03 1.006705200195312500e+03
6.099199999999999818e+03 1.017936645507812500e+03
6.108399999999999636e+03 1.076454711914062500e+03
6.117600000000000364e+03 9.464497070312500000e+02
6.126799999999999272e+03 9.358402709960937500e+02
6.136000000000000000e+03 9.470355224609375000e+02
6.145199999999999818e+03 9.954210815429687500e+02
6.154399999999999636e+03 1.006737243652343750e+03
6.163600000000000364e+03 9.369545288085937500e+02
6.172799999999999272e+03 1.061203491210937500e+03
6.182000000000000000e+03 9.016697998046875000e+02
6.191199999999999818e+03 9.460194702148437500e+02
6.200399999999999636e+03 9.281898803710937500e+02
6.209600000000000364e+03 8.868927612304687500e+02
6.218799999999999272e+03 9.108186645507812500e+02
6.228000000000000000e+03 8.898467407226562500e+02
6.237199999999999818e+03 7.182636718750000000e+02
6.246399999999999636e+03 7.278181762695312500e+02
6.255600000000000364e+03 6.780156860351562500e+02
6.264799999999999272e+03 6.243859252929687500e+02
6.274000000000000000e+03 4.857394714355468750e+02
6.283199999999999818e+03 5.454412841796875000e+02
6.292399999999999636e+03 5.619025268554687500e+02
6.301600000000000364e+03 6.342968750000000000e+02
6.310799999999999272e+03 4.350789184570312500e+02
6.320000000000000000e+03 5.048119506835937500e+02
6.329199999999999818e+03 5.053957824707031250e+02
6.338399999999999636e+03 5.032283630371093750e+02
6.347600000000000364e+03 5.517577514648437500e+02
6.356799999999999272e+03 6.087241210937500000e+02
6.366000000000000000e+03 5.952845458984375000e+02
6.375199999999999818e+03 6.937985229492187500e+02
6.384399999999999636e+03 6.660660400390625000e+02
6.393600000000000364e+03 6.713125000000000000e+02
6.402799999999999272e+03 7.150449829101562500e+02
6.412000000000000000e+03 6.866485595703125000e+02
6.421199999999999818e+03 6.737045898437500000e+02
6.430399999999999636e+03 7.077602539062500000e+02
6.439600000000000364e+03 6.631748046875000000e+02
6.448799999999999272e+03 6.795455932617187500e+02
6.458000000000000000e+03 7.559025878906250000e+02
6.467199999999999818e+03 7.931630249023437500e+02
6.476399999999999636e+03 7.415076904296875000e+02
6.485600000000000364e+03 8.342783203125000000e+02
6.494799999999999272e+03 7.472196655273437500e+02
6.504000000000000000e+03 6.378150024414062500e+02
6.513199999999999818e+03 6.346369628906250000e+02
6.522399999999999636e+03 6.446858520507812500e+02
6.531600000000000364e+03 6.200558471679687500e+02
6.540799999999999272e+03 6.785599975585937500e+02
6.550000000000000000e+03 6.241488037109375000e+02
6.559199999999999818e+03 6.647895507812500000e+02
6.568399999999999636e+03 6.603677978515625000e+02
6.577600000000000364e+03 5.795567626953125000e+02
6.586799999999999272e+03 5.898607788085937500e+02
6.596000000000000000e+03 5.680307617187500000e+02
6.605199999999999818e+03 6.640529174804687500e+02
6.614399999999999636e+03 7.045304565429687500e+02
6.623600000000000364e+03 4.766237487792968750e+02
6.632799999999999272e+03 4.921900024414062500e+02
6.642000000000000000e+03 4.906191711425781250e+02
6.651199999999999818e+03 6.142935791015625000e+02
6.660399999999999636e+03 5.709727172851562500e+02
6.669600000000000364e+03 5.237194213867187500e+02
6.678799999999999272e+03 4.918028564453125000e+02
6.688000000000000000e+03 5.401135253906250000e+02
6.697199999999999818e+03 4.450720520019531250e+02
6.706399999999999636e+03 5.944768066406250000e+02
6.715600000000000364e+03 4.981201782226562500e+02
6.724799999999999272e+03 5.149649047851562500e+02
6.734000000000000000e+03 8.940418090820312500e+02
6.743199999999999818e+03 1.145740478515625000e+03
6.752399999999999636e+03 7.993969116210937500e+02
6.761600000000000364e+03 5.764822998046875000e+02
6.770799999999999272e+03 4.759338989257812500e+02
6.780000000000000000e+03 4.976080322265625000e+02
6.789199999999999818e+03 3.806197814941406250e+02
6.798399999999999636e+03 5.406594848632812500e+02
6.807600000000000364e+03 5.256362915039062500e+02
6.816799999999999272e+03 4.196940307617187500e+02
6.826000000000000000e+03 4.676180725097656250e+02
6.835199999999999818e+03 4.447339782714843750e+02
6.844399999999999636e+03 3.791554260253906250e+02
6.853600000000000364e+03 4.962365112304687500e+02
6.862799999999999272e+03 4.546649780273437500e+02
6.872000000000000000e+03 4.320434265136718750e+02
6.881199999999999818e+03 3.846524353027343750e+02
6.890399999999999636e+03 3.985509338378906250e+02
6.899600000000000364e+03 4.888277587890625000e+02
6.908799999999999272e+03 5.063373107910156250e+02
6.918000000000000000e+03 4.289744262695312500e+02
6.927199999999999818e+03 3.779884948730468750e+02
6.936399999999999636e+03 3.970006713867187500e+02
6.945600000000000364e+03 3.852985534667968750e+02
6.954799999999999272e+03 4.046527099609375000e+02
6.964000000000000000e+03 4.079541015625000000e+02
6.973199999999999818e+03 3.386321716308593750e+02
6.982399999999999636e+03 2.964212951660156250e+02
6.991600000000000364e+03 3.702951354980468750e+02
7.000799999999999272e+03 2.736538391113281250e+02
7.010000000000000000e+03 3.371036071777343750e+02
7.019199999999999818e+03 3.491908569335937500e+02
7.028399999999999636e+03 2.956806030273437500e+02
7.037600000000000364e+03 2.621438903808593750e+02
7.046799999999999272e+03 3.091723632812500000e+02
7.056000000000000000e+03 3.306598510742187500e+02
7.065199999999999818e+03 2.921714172363281250e+02
7.074399999999999636e+03 2.985664367675781250e+02
7.083600000000000364e+03 3.179673461914062500e+02
7.092799999999999272e+03 3.007367248535156250e+02
7.102000000000000000e+03 2.865956726074218750e+02
7.111199999999999818e+03 3.771607666015625000e+02
7.120399999999999636e+03 2.262958679199218750e+02
7.129600000000000364e+03 3.008330078125000000e+02
7.138799999999999272e+03 2.284814605712890625e+02
7.148000000000000000e+03 1.737180023193359375e+02
7.157199999999999818e+03 2.769622192382812500e+02
7.166399999999999636e+03 2.189037322998046875e+02
7.175600000000000364e+03 2.006895599365234375e+02
7.184799999999999272e+03 2.223070220947265625e+02
7.194000000000000000e+03 3.240019226074218750e+02
7.203199999999999818e+03 2.444106903076171875e+02
7.212399999999999636e+03 2.544989166259765625e+02
7.221600000000000364e+03 2.271851043701171875e+02
7.230799999999999272e+03 3.040314331054687500e+02
7.240000000000000000e+03 2.361944885253906250e+02
7.249199999999999818e+03 2.822417907714843750e+02
7.258399999999999636e+03 2.823431701660156250e+02
7.267600000000000364e+03 2.247238006591796875e+02
7.276799999999999272e+03 2.529179687500000000e+02
7.286000000000000000e+03 1.831624755859375000e+02
7.295199999999999818e+03 2.816868591308593750e+02
7.304399999999999636e+03 2.158993835449218750e+02
7.313600000000000364e+03 3.631446228027343750e+02
7.322799999999999272e+03 3.756077270507812500e+02
7.332000000000000000e+03 2.971538085937500000e+02
7.341199999999999818e+03 2.257001342773437500e+02
7.350399999999999636e+03 2.836661376953125000e+02
7.359600000000000364e+03 2.192996215820312500e+02
7.368799999999999272e+03 2.611108093261718750e+02
7.378000000000000000e+03 1.082671813964843750e+02
7.387199999999999818e+03 2.350467224121093750e+02
7.396399999999999636e+03 1.735319213867187500e+02
7.405600000000000364e+03 2.014682464599609375e+02
7.414799999999999272e+03 2.181369323730468750e+02
7.424000000000000000e+03 1.973800354003906250e+02
7.433199999999999818e+03 2.235445251464843750e+02
7.442399999999999636e+03 2.289846954345703125e+02
7.451600000000000364e+03 1.953399047851562500e+02
7.460799999999999272e+03 1.972773132324218750e+02
7.470000000000000000e+03 2.185085906982421875e+02
7.479199999999999818e+03 1.447243957519531250e+02
7.488399999999999636e+03 1.786567993164062500e+02
7.497600000000000364e+03 1.534829864501953125e+02
7.506799999999999272e+03 1.703504486083984375e+02
7.516000000000000000e+03 2.548907470703125000e+02
7.525199999999999818e+03 1.113424224853515625e+02
7.534399999999999636e+03 9.068312072753906250e+01
7.543600000000000364e+03 2.020879974365234375e+02
7.552799999999999272e+03 1.707581634521484375e+02
7.562000000000000000e+03 1.778711395263671875e+02
7.571199999999999818e+03 2.454571685791015625e+02
7.580399999999999636e+03 1.487040557861328125e+02
7.589600000000000364e+03 6.794853210449218750e+01
7.598799999999999272e+03 2.971803092956542969e+01
7.608000000000000000e+03 5.749372100830078125e+01
7.617199999999999818e+03 1.290869903564453125e+02
7.626399999999999636e+03 1.705065307617187500e+02
7.635600000000000364e+03 1.509474487304687500e+02
7.644799999999999272e+03 5.985169219970703125e+01
7.654000000000000000e+03 1.079924316406250000e+02
7.663199999999999818e+03 6.429333496093750000e+01
7.672399999999999636e+03 8.500342559814453125e+01
7.681600000000000364e+03 7.858131408691406250e+01
7.690799999999999272e+03 3.309216690063476562e+01
7.700000000000000000e+03 1.517854919433593750e+02
7.709199999999999818e+03 1.155034255981445312e+02
7.718399999999999636e+03 1.225484848022460938e+02
7.727600000000000364e+03 2.065382080078125000e+02
7.736799999999999272e+03 1.203903656005859375e+02
7.746000000000000000e+03 5.382919692993164062e+01
7.755199999999999818e+03 1.904230194091796875e+02
7.764399999999999636e+03 1.343674468994140625e+02
7.773600000000000364e+03 1.158872680664062500e+02
7.782799999999999272e+03 1.170675582885742188e+02
7.792000000000000000e+03 4.769355010986328125e+01
7.801199999999999818e+03 9.190628814697265625e+01
7.810399999999999636e+03 1.116362533569335938e+02
7.819600000000000364e+03 9.031469726562500000e+01
7.828799999999999272e+03 8.320183563232421875e+01
7.838000000000000000e+03 3.297295379638671875e+01
7.847199999999999818e+03 5.255376815795898438e+01
7.856399999999999636e+03 1.608484649658203125e+02
7.865600000000000364e+03 5.710015869140625000e+01
7.874799999999999272e+03 1.615950927734375000e+02
7.884000000000000000e+03 1.180598373413085938e+02
7.893199999999999818e+03 6.382575225830078125e+01
7.902399999999999636e+03 8.411328887939453125e+01
7.911600000000000364e+03 6.599779510498046875e+01
7.920799999999999272e+03 1.093458328247070312e+02
7.930000000000000000e+03 9.064942169189453125e+01
7.939199999999999818e+03 7.635567474365234375e+01
7.948399999999999636e+03 -4.116085433959960938e+01
7.957600000000000364e+03 8.984025573730468750e+01
7.966799999999999272e+03 -1.203777313232421875e+02
7.976000000000000000e+03 3.824806213378906250e+01
7.985199999999999818e+03 2.328978919982910156e+01
7.994399999999999636e+03 5.923897171020507812e+01
8.003600000000000364e+03 6.307502441406250000e+02
8.012799999999999272e+03 1.040648727416992188e+02
8.022000000000000000e+03 1.136725387573242188e+02
8.031199999999999818e+03 1.050257644653320312e+02
8.040399999999999636e+03 8.557216644287109375e+01
8.049600000000000364e+03 1.997503852844238281e+01
8.058799999999999272e+03 3.193551826477050781e+01
8.068000000000000000e+03 -1.060988545417785645e+00
8.077199999999999818e+03 7.859461212158203125e+01
8.086399999999999636e+03 -5.346292257308959961e-01
