# OBJECT = ATLAS18xhr
# TELESCOPE = UH88
# INSTRUMENT = SNIFS
# CHANNEL = R
# EXPNUM = 18_295_031
# MJD-OBS = 58413.355800
# EXPTIME = 1800.0s
# AIRMASS = 1.18
# wl fl err
# [A] [erg/s/cm2/A]
5200.750000 2.148178e-17 8.139316e-18
5203.680000 1.033363e-17 8.001000e-18
5206.610000 1.174709e-17 8.017090e-18
5209.540000 8.690446e-18 8.062388e-18
5212.470000 1.567905e-17 8.183716e-18
5215.400000 1.915512e-17 8.234587e-18
5218.330000 8.193327e-18 8.133625e-18
5221.260000 1.216632e-18 8.088766e-18
5224.190000 3.252079e-18 8.096139e-18
5227.120000 7.900460e-18 8.092834e-18
5230.050000 1.497304e-17 8.059738e-18
5232.980000 1.687467e-17 8.084153e-18
5235.910000 2.094333e-17 8.073289e-18
5238.840000 1.254389e-17 8.046030e-18
5241.770000 1.407878e-17 8.071421e-18
5244.700000 6.407555e-18 7.948991e-18
5247.630000 2.837563e-18 7.909558e-18
5250.560000 1.608389e-17 7.898148e-18
5253.490000 1.867176e-17 7.924286e-18
5256.420000 9.577334e-18 7.809366e-18
5259.350000 9.944044e-18 7.814926e-18
5262.280000 1.681305e-17 7.795240e-18
5265.210000 2.132172e-17 7.723863e-18
5268.140000 1.404626e-17 7.483909e-18
5271.070000 1.219429e-17 7.360737e-18
5274.000000 1.143404e-17 7.285938e-18
5276.930000 7.468420e-18 7.237114e-18
5279.860000 4.974930e-18 7.221836e-18
5282.790000 9.491498e-18 7.274687e-18
5285.720000 1.262408e-17 7.221920e-18
5288.650000 1.501093e-17 7.137263e-18
5291.580000 1.204647e-17 7.169419e-18
5294.510000 1.473286e-17 7.174274e-18
5297.440000 7.965191e-18 7.060900e-18
5300.370000 5.695587e-18 6.941664e-18
5303.300000 1.151676e-17 6.949155e-18
5306.230000 9.218006e-18 6.924417e-18
5309.160000 7.322264e-18 6.773709e-18
5312.090000 5.251432e-18 6.730687e-18
5315.020000 7.490290e-19 6.698760e-18
5317.950000 5.319725e-18 6.662699e-18
5320.880000 6.423346e-18 6.557300e-18
5323.810000 1.130981e-17 6.576121e-18
5326.740000 1.684137e-17 6.543145e-18
5329.670000 1.397040e-17 6.448925e-18
5332.600000 1.385565e-17 6.446046e-18
5335.530000 1.320854e-17 6.503699e-18
5338.460000 9.254047e-18 6.445452e-18
5341.390000 1.360605e-17 6.493813e-18
5344.320000 9.356297e-18 6.403597e-18
5347.250000 7.464021e-18 6.363731e-18
5350.180000 1.561404e-17 6.423160e-18
5353.110000 1.155923e-17 6.355079e-18
5356.040000 1.263594e-17 6.400428e-18
5358.970000 1.924166e-17 6.484285e-18
5361.900000 1.492049e-17 6.380099e-18
5364.830000 9.067987e-18 6.234994e-18
5367.760000 3.097501e-18 6.106522e-18
5370.690000 7.301135e-18 6.084765e-18
5373.620000 8.585518e-18 6.100279e-18
5376.550000 1.548391e-17 6.185255e-18
5379.480000 1.513189e-17 6.179952e-18
5382.410000 1.773395e-17 6.207540e-18
5385.340000 1.965025e-17 6.201306e-18
5388.270000 1.736647e-17 6.134749e-18
5391.200000 3.131351e-18 5.964340e-18
5394.130000 1.321939e-17 6.047667e-18
5397.060000 1.990592e-17 6.082936e-18
5399.990000 1.520105e-17 6.003765e-18
5402.920000 1.003674e-17 5.820152e-18
5405.850000 8.710830e-18 5.769259e-18
5408.780000 8.267212e-18 5.769163e-18
5411.710000 1.292282e-17 5.785116e-18
5414.640000 1.169273e-17 5.824935e-18
5417.570000 8.888878e-18 5.786013e-18
5420.500000 6.933003e-18 5.764076e-18
5423.430000 3.829207e-18 5.709402e-18
5426.360000 9.900284e-18 5.800568e-18
5429.290000 7.326893e-18 5.743336e-18
5432.220000 1.581607e-17 5.795524e-18
5435.150000 1.269506e-17 5.805238e-18
5438.080000 1.061464e-17 5.845887e-18
5441.010000 1.262914e-17 5.871686e-18
5443.940000 1.477469e-17 5.936415e-18
5446.870000 1.600421e-17 5.893068e-18
5449.800000 1.123275e-17 5.799793e-18
5452.730000 5.704435e-18 5.771084e-18
5455.660000 1.383178e-17 5.808806e-18
5458.590000 1.282365e-17 5.801237e-18
5461.520000 8.487547e-18 5.733179e-18
5464.450000 1.329187e-17 5.760493e-18
5467.380000 2.121830e-17 5.807372e-18
5470.310000 1.757003e-17 5.755077e-18
5473.240000 1.982873e-17 5.770608e-18
5476.170000 1.695301e-17 5.697367e-18
5479.100000 9.845223e-18 5.575272e-18
5482.030000 1.091059e-17 5.586042e-18
5484.960000 1.201239e-17 5.603159e-18
5487.890000 1.143719e-17 5.612860e-18
5490.820000 4.839839e-18 5.624195e-18
5493.750000 9.167616e-18 5.608063e-18
5496.680000 1.646368e-17 5.668080e-18
5499.610000 2.271422e-17 5.721137e-18
5502.540000 1.725570e-17 5.657795e-18
5505.470000 1.655447e-17 5.612208e-18
5508.400000 1.531720e-17 5.595642e-18
5511.330000 1.648921e-17 5.630408e-18
5514.260000 1.071236e-17 5.573682e-18
5517.190000 1.472929e-17 5.608627e-18
5520.120000 2.061310e-17 5.640576e-18
5523.050000 2.556274e-17 5.677496e-18
5525.980000 2.234686e-17 5.653206e-18
5528.910000 1.639957e-17 5.572560e-18
5531.840000 2.395790e-17 5.605993e-18
5534.770000 1.820452e-17 5.592537e-18
5537.700000 1.801689e-17 5.590163e-18
5540.630000 2.208638e-17 5.631961e-18
5543.560000 2.653077e-17 5.682825e-18
5546.490000 2.198921e-17 5.658151e-18
5549.420000 2.243745e-17 5.646623e-18
5552.350000 2.005971e-17 5.623602e-18
5555.280000 2.082900e-17 5.598465e-18
5558.210000 2.088417e-17 5.627580e-18
5561.140000 1.403524e-17 5.555038e-18
5564.070000 2.232581e-17 5.645380e-18
5567.000000 2.279666e-17 5.639540e-18
5569.930000 1.876356e-17 5.644110e-18
5572.860000 2.038624e-17 5.831291e-18
5575.790000 1.980978e-17 6.285995e-18
5578.720000 2.774683e-17 6.939190e-18
5581.650000 3.009721e-17 7.088386e-18
5584.580000 2.445575e-17 6.575347e-18
5587.510000 2.150151e-17 5.916188e-18
5590.440000 2.034567e-17 5.566842e-18
5593.370000 2.619652e-17 5.532130e-18
5596.300000 2.476772e-17 5.491653e-18
5599.230000 2.553665e-17 5.533208e-18
5602.160000 2.647435e-17 5.542233e-18
5605.090000 2.462899e-17 5.511656e-18
5608.020000 1.533704e-17 5.449218e-18
5610.950000 2.337566e-17 5.518649e-18
5613.880000 2.392070e-17 5.530170e-18
5616.810000 3.159104e-17 5.548020e-18
5619.740000 2.902935e-17 5.506969e-18
5622.670000 2.362183e-17 5.454592e-18
5625.600000 2.507187e-17 5.481713e-18
5628.530000 3.019486e-17 5.557195e-18
5631.460000 1.731458e-17 5.395947e-18
5634.390000 1.827161e-17 5.434510e-18
5637.320000 2.019878e-17 5.437161e-18
5640.250000 2.655831e-17 5.472351e-18
5643.180000 2.222410e-17 5.395725e-18
5646.110000 1.892820e-17 5.358655e-18
5649.040000 2.432389e-17 5.462716e-18
5651.970000 2.298607e-17 5.457856e-18
5654.900000 1.896711e-17 5.431950e-18
5657.830000 2.358706e-17 5.407837e-18
5660.760000 2.957927e-17 5.439290e-18
5663.690000 2.769484e-17 5.415781e-18
5666.620000 2.771239e-17 5.449907e-18
5669.550000 2.708207e-17 5.433905e-18
5672.480000 2.828678e-17 5.452937e-18
5675.410000 2.633825e-17 5.412279e-18
5678.340000 2.396009e-17 5.361176e-18
5681.270000 1.852138e-17 5.355105e-18
5684.200000 1.695692e-17 5.324744e-18
5687.130000 2.361777e-17 5.373133e-18
5690.060000 1.366134e-17 5.271677e-18
5692.990000 2.111544e-17 5.351337e-18
5695.920000 3.330957e-17 5.440022e-18
5698.850000 2.677564e-17 5.406732e-18
5701.780000 3.172569e-17 5.440346e-18
5704.710000 2.585491e-17 5.349436e-18
5707.640000 2.101071e-17 5.276024e-18
5710.570000 1.453159e-17 5.157301e-18
5713.500000 1.815911e-17 5.212082e-18
5716.430000 2.449451e-17 5.298507e-18
5719.360000 2.319171e-17 5.254446e-18
5722.290000 2.347433e-17 5.247598e-18
5725.220000 1.895723e-17 5.210925e-18
5728.150000 2.324066e-17 5.253824e-18
5731.080000 2.183767e-17 5.187145e-18
5734.010000 2.459814e-17 5.207321e-18
5736.940000 2.264216e-17 5.153888e-18
5739.870000 1.923702e-17 5.131846e-18
5742.800000 1.659761e-17 5.085521e-18
5745.730000 1.626313e-17 5.063713e-18
5748.660000 1.808309e-17 5.100319e-18
5751.590000 1.617468e-17 5.030023e-18
5754.520000 2.053132e-17 5.026659e-18
5757.450000 1.891673e-17 5.011475e-18
5760.380000 2.494055e-17 5.066775e-18
5763.310000 1.955300e-17 4.995765e-18
5766.240000 2.268269e-17 5.002346e-18
5769.170000 2.036985e-17 5.007002e-18
5772.100000 1.780859e-17 4.964171e-18
5775.030000 1.896187e-17 4.944895e-18
5777.960000 1.650504e-17 4.909639e-18
5780.890000 2.248646e-17 4.969481e-18
5783.820000 1.421805e-17 4.879082e-18
5786.750000 2.065330e-17 4.828517e-18
5789.680000 1.618894e-17 4.784934e-18
5792.610000 1.916209e-17 4.817771e-18
5795.540000 2.756481e-17 4.911253e-18
5798.470000 2.192302e-17 4.837934e-18
5801.400000 2.412344e-17 4.857303e-18
5804.330000 1.941866e-17 4.827656e-18
5807.260000 8.091572e-18 4.717382e-18
5810.190000 2.083948e-17 4.803352e-18
5813.120000 2.099563e-17 4.804873e-18
5816.050000 1.594432e-17 4.764368e-18
5818.980000 1.534173e-17 4.770964e-18
5821.910000 1.454660e-17 4.748951e-18
5824.840000 1.943483e-17 4.782956e-18
5827.770000 2.121329e-17 4.789724e-18
5830.700000 1.740100e-17 4.758031e-18
5833.630000 1.560699e-17 4.706563e-18
5836.560000 1.389820e-17 4.695317e-18
5839.490000 1.448216e-17 4.671922e-18
5842.420000 1.502231e-17 4.642543e-18
5845.350000 1.474386e-17 4.644848e-18
5848.280000 2.231695e-17 4.756697e-18
5851.210000 2.230927e-17 4.751912e-18
5854.140000 1.670444e-17 4.666020e-18
5857.070000 1.293169e-17 4.589387e-18
5860.000000 1.872924e-17 4.696653e-18
5862.930000 1.997228e-17 4.716945e-18
5865.860000 1.709276e-17 4.738086e-18
5868.790000 1.895728e-17 4.796543e-18
5871.720000 2.034077e-17 4.868070e-18
5874.650000 2.107328e-17 4.850095e-18
5877.580000 1.540324e-17 4.736909e-18
5880.510000 2.040219e-17 4.804619e-18
5883.440000 1.993723e-17 4.815459e-18
5886.370000 1.975294e-17 4.974725e-18
5889.300000 2.027789e-17 5.341515e-18
5892.230000 2.208908e-17 5.711026e-18
5895.160000 1.959181e-17 5.783629e-18
5898.090000 1.701179e-17 5.588268e-18
5901.020000 1.911984e-17 5.314801e-18
5903.950000 2.017127e-17 5.014754e-18
5906.880000 2.387488e-17 4.869731e-18
5909.810000 2.561329e-17 4.822364e-18
5912.740000 1.946545e-17 4.751763e-18
5915.670000 1.692067e-17 4.753760e-18
5918.600000 1.528040e-17 4.742287e-18
5921.530000 1.708853e-17 4.742135e-18
5924.460000 2.245601e-17 4.780266e-18
5927.390000 2.346451e-17 4.760108e-18
5930.320000 1.535529e-17 4.701141e-18
5933.250000 1.200788e-17 4.673200e-18
5936.180000 1.875165e-17 4.732661e-18
5939.110000 2.091319e-17 4.726174e-18
5942.040000 1.846696e-17 4.660946e-18
5944.970000 1.584039e-17 4.650213e-18
5947.900000 1.480993e-17 4.626180e-18
5950.830000 2.234463e-17 4.705703e-18
5953.760000 2.126158e-17 4.738919e-18
5956.690000 1.537378e-17 4.669474e-18
5959.620000 1.298357e-17 4.612912e-18
5962.550000 1.786280e-17 4.612101e-18
5965.480000 1.858118e-17 4.647593e-18
5968.410000 2.328933e-17 4.649220e-18
5971.340000 1.826645e-17 4.647708e-18
5974.270000 1.655117e-17 4.607928e-18
5977.200000 1.734577e-17 4.625910e-18
5980.130000 1.842216e-17 4.625447e-18
5983.060000 2.022370e-17 4.597924e-18
5985.990000 2.665633e-17 4.665653e-18
5988.920000 1.674962e-17 4.549362e-18
5991.850000 2.049954e-17 4.552605e-18
5994.780000 1.050751e-17 4.455385e-18
5997.710000 1.664981e-17 4.546126e-18
6000.640000 2.080198e-17 4.586163e-18
6003.570000 1.796529e-17 4.518781e-18
6006.500000 2.058168e-17 4.536880e-18
6009.430000 1.382959e-17 4.457259e-18
6012.360000 1.057541e-17 4.410318e-18
6015.290000 8.420246e-18 4.384923e-18
6018.220000 1.655270e-17 4.442073e-18
6021.150000 1.795548e-17 4.406328e-18
6024.080000 2.149458e-17 4.400670e-18
6027.010000 9.504952e-18 4.308642e-18
6029.940000 9.716108e-18 4.319424e-18
6032.870000 1.508517e-17 4.387381e-18
6035.800000 1.301940e-17 4.390331e-18
6038.730000 1.398425e-17 4.388318e-18
6041.660000 2.664637e-17 4.473159e-18
6044.590000 1.502543e-17 4.345331e-18
6047.520000 1.599052e-17 4.319631e-18
6050.450000 1.772470e-17 4.369366e-18
6053.380000 1.555929e-17 4.324880e-18
6056.310000 1.553233e-17 4.315843e-18
6059.240000 2.190675e-17 4.377011e-18
6062.170000 1.510313e-17 4.283807e-18
6065.100000 2.240181e-17 4.347155e-18
6068.030000 2.012852e-17 4.356421e-18
6070.960000 1.403754e-17 4.295124e-18
6073.890000 1.184556e-17 4.275824e-18
6076.820000 1.734980e-17 4.337810e-18
6079.750000 1.552790e-17 4.281950e-18
6082.680000 1.461985e-17 4.255416e-18
6085.610000 1.504248e-17 4.308890e-18
6088.540000 1.255186e-17 4.261354e-18
6091.470000 1.228130e-17 4.228591e-18
6094.400000 1.780109e-17 4.255567e-18
6097.330000 2.560941e-17 4.353405e-18
6100.260000 1.212663e-17 4.239510e-18
6103.190000 1.093536e-17 4.228037e-18
6106.120000 7.393871e-18 4.171543e-18
6109.050000 2.236184e-17 4.291105e-18
6111.980000 1.606757e-17 4.256413e-18
6114.910000 1.434522e-17 4.220033e-18
6117.840000 1.516124e-17 4.219335e-18
6120.770000 1.727830e-17 4.222749e-18
6123.700000 2.055264e-17 4.226346e-18
6126.630000 1.460120e-17 4.142777e-18
6129.560000 1.774004e-17 4.163668e-18
6132.490000 1.261368e-17 4.088618e-18
6135.420000 1.608905e-17 4.148227e-18
6138.350000 1.626322e-17 4.128723e-18
6141.280000 1.710582e-17 4.124552e-18
6144.210000 1.752428e-17 4.124499e-18
6147.140000 1.774264e-17 4.122953e-18
6150.070000 2.019011e-17 4.166962e-18
6153.000000 2.547236e-17 4.199944e-18
6155.930000 1.762373e-17 4.128018e-18
6158.860000 8.312031e-18 4.040430e-18
6161.790000 1.879816e-17 4.064020e-18
6164.720000 1.723840e-17 4.034006e-18
6167.650000 1.800590e-17 4.056393e-18
6170.580000 1.786289e-17 4.090134e-18
6173.510000 2.304359e-17 4.155176e-18
6176.440000 1.838079e-17 4.128178e-18
6179.370000 1.701398e-17 4.117278e-18
6182.300000 1.756988e-17 4.115648e-18
6185.230000 2.069271e-17 4.146627e-18
6188.160000 1.792043e-17 4.103496e-18
6191.090000 1.875734e-17 4.119302e-18
6194.020000 1.776772e-17 4.121321e-18
6196.950000 2.122020e-17 4.150311e-18
6199.880000 1.654028e-17 4.114228e-18
6202.810000 1.539671e-17 4.138400e-18
6205.740000 1.542271e-17 4.137761e-18
6208.670000 1.582931e-17 4.155039e-18
6211.600000 1.791584e-17 4.130840e-18
6214.530000 2.090861e-17 4.138619e-18
6217.460000 2.362862e-17 4.139753e-18
6220.390000 1.988827e-17 4.123554e-18
6223.320000 1.809862e-17 4.099621e-18
6226.250000 1.472908e-17 4.084441e-18
6229.180000 1.309377e-17 4.071936e-18
6232.110000 1.009653e-17 4.040402e-18
6235.040000 2.303203e-17 4.212932e-18
6237.970000 2.309650e-17 4.283114e-18
6240.900000 2.117234e-17 4.270932e-18
6243.830000 1.803455e-17 4.199711e-18
6246.760000 2.087022e-17 4.145508e-18
6249.690000 1.826322e-17 4.070797e-18
6252.620000 2.237590e-17 4.089172e-18
6255.550000 1.927332e-17 4.094297e-18
6258.480000 2.052684e-17 4.169405e-18
6261.410000 2.201758e-17 4.224787e-18
6264.340000 1.934536e-17 4.194027e-18
6267.270000 2.239681e-17 4.173280e-18
6270.200000 1.983033e-17 4.141322e-18
6273.130000 2.568824e-17 4.135030e-18
6276.060000 2.454084e-17 4.126158e-18
6278.990000 2.788447e-17 4.159476e-18
6281.920000 2.534514e-17 4.094285e-18
6284.850000 2.163965e-17 4.100859e-18
6287.780000 2.628228e-17 4.197167e-18
6290.710000 2.453087e-17 4.246345e-18
6293.640000 2.280779e-17 4.205803e-18
6296.570000 2.456306e-17 4.230773e-18
6299.500000 2.720699e-17 4.360281e-18
6302.430000 2.151462e-17 4.437972e-18
6305.360000 1.534719e-17 4.407464e-18
6308.290000 2.329285e-17 4.392539e-18
6311.220000 2.544914e-17 4.317083e-18
6314.150000 2.611951e-17 4.222360e-18
6317.080000 2.713977e-17 4.131945e-18
6320.010000 2.114779e-17 4.092877e-18
6322.940000 2.119585e-17 4.130765e-18
6325.870000 2.219098e-17 4.164653e-18
6328.800000 2.579098e-17 4.235849e-18
6331.730000 2.898503e-17 4.281770e-18
6334.660000 2.708840e-17 4.289254e-18
6337.590000 3.092636e-17 4.257109e-18
6340.520000 2.173643e-17 4.096919e-18
6343.450000 2.204223e-17 4.076816e-18
6346.380000 3.185042e-17 4.172103e-18
6349.310000 2.636213e-17 4.140048e-18
6352.240000 2.336177e-17 4.156353e-18
6355.170000 2.997207e-17 4.226859e-18
6358.100000 2.501032e-17 4.204027e-18
6361.030000 2.596467e-17 4.219751e-18
6363.960000 2.511188e-17 4.193524e-18
6366.890000 2.977767e-17 4.237547e-18
6369.820000 2.935914e-17 4.205368e-18
6372.750000 2.609253e-17 4.064689e-18
6375.680000 2.809924e-17 4.069123e-18
6378.610000 3.865875e-17 4.070052e-18
6381.540000 2.986094e-17 4.075141e-18
6384.470000 2.608798e-17 4.068591e-18
6387.400000 2.827925e-17 4.101727e-18
6390.330000 2.167334e-17 4.034979e-18
6393.260000 2.086937e-17 3.992999e-18
6396.190000 2.066981e-17 3.964076e-18
6399.120000 2.246556e-17 3.959547e-18
6402.050000 2.699857e-17 3.987347e-18
6404.980000 2.497958e-17 3.946295e-18
6407.910000 2.007908e-17 3.895859e-18
6410.840000 2.270452e-17 3.944627e-18
6413.770000 1.984352e-17 3.894963e-18
6416.700000 2.261050e-17 3.942128e-18
6419.630000 1.943265e-17 3.912978e-18
6422.560000 2.173101e-17 3.920283e-18
6425.490000 1.972041e-17 3.909768e-18
6428.420000 1.798586e-17 3.886611e-18
6431.350000 1.639201e-17 3.854120e-18
6434.280000 1.860634e-17 3.855810e-18
6437.210000 2.261257e-17 3.892985e-18
6440.140000 2.194283e-17 3.867581e-18
6443.070000 1.776060e-17 3.842916e-18
6446.000000 1.802763e-17 3.855452e-18
6448.930000 2.038681e-17 3.865637e-18
6451.860000 1.988020e-17 3.866892e-18
6454.790000 1.294810e-17 3.791175e-18
6457.720000 1.514320e-17 3.819488e-18
6460.650000 1.663060e-17 3.876109e-18
6463.580000 1.669472e-17 3.885670e-18
6466.510000 1.801925e-17 3.952562e-18
6469.440000 1.795116e-17 4.021633e-18
6472.370000 1.826326e-17 4.017142e-18
6475.300000 1.602475e-17 3.959956e-18
6478.230000 1.740068e-17 3.914443e-18
6481.160000 2.239118e-17 3.918780e-18
6484.090000 2.166039e-17 3.868795e-18
6487.020000 2.146403e-17 3.865426e-18
6489.950000 2.216185e-17 3.853410e-18
6492.880000 1.922949e-17 3.834264e-18
6495.810000 1.872037e-17 3.850888e-18
6498.740000 1.045241e-17 3.868370e-18
6501.670000 1.210085e-17 3.970648e-18
6504.600000 1.996163e-17 4.005046e-18
6507.530000 2.073228e-17 3.976371e-18
6510.460000 1.442388e-17 3.851622e-18
6513.390000 1.222621e-17 3.803489e-18
6516.320000 1.198861e-17 3.764575e-18
6519.250000 1.646302e-17 3.787753e-18
6522.180000 1.543845e-17 3.794971e-18
6525.110000 1.382883e-17 3.780622e-18
6528.040000 1.198668e-17 3.758891e-18
6530.970000 1.825172e-17 3.831010e-18
6533.900000 1.447862e-17 3.847801e-18
6536.830000 9.544609e-18 3.828842e-18
6539.760000 1.285102e-17 3.806633e-18
6542.690000 9.649090e-18 3.754114e-18
6545.620000 1.256250e-17 3.756652e-18
6548.550000 1.160516e-17 3.742111e-18
6551.480000 1.015850e-17 3.728913e-18
6554.410000 1.383287e-17 3.809383e-18
6557.340000 9.004836e-18 3.769698e-18
6560.270000 7.309131e-18 3.632323e-18
6563.200000 7.570393e-18 3.495579e-18
6566.130000 1.181617e-17 3.471700e-18
6569.060000 1.180263e-17 3.497849e-18
6571.990000 8.946335e-18 3.535023e-18
6574.920000 7.127241e-18 3.592740e-18
6577.850000 6.035922e-18 3.640246e-18
6580.780000 7.751544e-18 3.690353e-18
6583.710000 7.006320e-18 3.692886e-18
6586.640000 1.319339e-17 3.690863e-18
6589.570000 9.695205e-18 3.600654e-18
6592.500000 1.074313e-17 3.601485e-18
6595.430000 1.369130e-17 3.644407e-18
6598.360000 1.098260e-17 3.630705e-18
6601.290000 1.271974e-17 3.669726e-18
6604.220000 1.605640e-17 3.712456e-18
6607.150000 1.554050e-17 3.723219e-18
6610.080000 1.654583e-17 3.720240e-18
6613.010000 9.075743e-18 3.633129e-18
6615.940000 1.310065e-17 3.641861e-18
6618.870000 1.649395e-17 3.642175e-18
6621.800000 1.646282e-17 3.657533e-18
6624.730000 1.643709e-17 3.658118e-18
6627.660000 1.704366e-17 3.668372e-18
6630.590000 1.906783e-17 3.706547e-18
6633.520000 1.981631e-17 3.712410e-18
6636.450000 2.076605e-17 3.722219e-18
6639.380000 1.644487e-17 3.674678e-18
6642.310000 2.246141e-17 3.690113e-18
6645.240000 1.966539e-17 3.659936e-18
6648.170000 1.765705e-17 3.631935e-18
6651.100000 2.256656e-17 3.685078e-18
6654.030000 2.364728e-17 3.684906e-18
6656.960000 3.140363e-17 3.729247e-18
6659.890000 2.990835e-17 3.718558e-18
6662.820000 2.450653e-17 3.675197e-18
6665.750000 2.338426e-17 3.667669e-18
6668.680000 1.947008e-17 3.640990e-18
6671.610000 1.498600e-17 3.585991e-18
6674.540000 1.456372e-17 3.587223e-18
6677.470000 1.198546e-17 3.566193e-18
6680.400000 1.621664e-17 3.579940e-18
6683.330000 1.664145e-17 3.585043e-18
6686.260000 1.924332e-17 3.614435e-18
6689.190000 2.006165e-17 3.609971e-18
6692.120000 2.065476e-17 3.609386e-18
6695.050000 2.094893e-17 3.615302e-18
6697.980000 2.102530e-17 3.610805e-18
6700.910000 1.451407e-17 3.553316e-18
6703.840000 1.582671e-17 3.556566e-18
6706.770000 1.794519e-17 3.549047e-18
6709.700000 1.595984e-17 3.530863e-18
6712.630000 1.962910e-17 3.563672e-18
6715.560000 2.032484e-17 3.584840e-18
6718.490000 1.791338e-17 3.546058e-18
6721.420000 1.796601e-17 3.545353e-18
6724.350000 1.913914e-17 3.534898e-18
6727.280000 1.897631e-17 3.537328e-18
6730.210000 2.302427e-17 3.579329e-18
6733.140000 1.992416e-17 3.551033e-18
6736.070000 2.287643e-17 3.579866e-18
6739.000000 2.161466e-17 3.565146e-18
6741.930000 2.282965e-17 3.579003e-18
6744.860000 1.899343e-17 3.556349e-18
6747.790000 1.830628e-17 3.541127e-18
6750.720000 1.818817e-17 3.550581e-18
6753.650000 1.740487e-17 3.522476e-18
6756.580000 2.152595e-17 3.542739e-18
6759.510000 2.231788e-17 3.568759e-18
6762.440000 2.128868e-17 3.544973e-18
6765.370000 2.478496e-17 3.558315e-18
6768.300000 1.984129e-17 3.514628e-18
6771.230000 1.647239e-17 3.485852e-18
6774.160000 1.891798e-17 3.500892e-18
6777.090000 2.100911e-17 3.504299e-18
6780.020000 1.870525e-17 3.502405e-18
6782.950000 1.738603e-17 3.507287e-18
6785.880000 1.763044e-17 3.515976e-18
6788.810000 2.166316e-17 3.532755e-18
6791.740000 1.973963e-17 3.511664e-18
6794.670000 1.786587e-17 3.483188e-18
6797.600000 1.806904e-17 3.464449e-18
6800.530000 1.668738e-17 3.434074e-18
6803.460000 1.947771e-17 3.460628e-18
6806.390000 2.056247e-17 3.500581e-18
6809.320000 2.353929e-17 3.498019e-18
6812.250000 2.062027e-17 3.468343e-18
6815.180000 1.759424e-17 3.441565e-18
6818.110000 1.574021e-17 3.397799e-18
6821.040000 1.708515e-17 3.424244e-18
6823.970000 2.079050e-17 3.482266e-18
6826.900000 2.107525e-17 3.609256e-18
6829.830000 1.814611e-17 3.755720e-18
6832.760000 1.831662e-17 3.880206e-18
6835.690000 1.997784e-17 3.927198e-18
6838.620000 2.649219e-17 3.911032e-18
6841.550000 2.024466e-17 3.693359e-18
6844.480000 2.001915e-17 3.546727e-18
6847.410000 2.104508e-17 3.482647e-18
6850.340000 1.714326e-17 3.436681e-18
6853.270000 1.901039e-17 3.414312e-18
6856.200000 2.080446e-17 3.411263e-18
6859.130000 2.044489e-17 3.486410e-18
6862.060000 2.070774e-17 3.611820e-18
6864.990000 2.188374e-17 3.837297e-18
6867.920000 2.197583e-17 3.881097e-18
6870.850000 1.658945e-17 3.605136e-18
6873.780000 1.615467e-17 3.355989e-18
6876.710000 1.844820e-17 3.293011e-18
6879.640000 1.759662e-17 3.268388e-18
6882.570000 1.722188e-17 3.415098e-18
6885.500000 2.025404e-17 3.475140e-18
6888.430000 2.028075e-17 3.541279e-18
6891.360000 1.695649e-17 3.561233e-18
6894.290000 1.367808e-17 3.524104e-18
6897.220000 1.964873e-17 3.545660e-18
6900.150000 2.078367e-17 3.586412e-18
6903.080000 1.414895e-17 3.601928e-18
6906.010000 1.482352e-17 3.614788e-18
6908.940000 1.644678e-17 3.599166e-18
6911.870000 1.647195e-17 3.631551e-18
6914.800000 2.041606e-17 3.735682e-18
6917.730000 1.883173e-17 3.758784e-18
6920.660000 1.395974e-17 3.733503e-18
6923.590000 1.851673e-17 3.853518e-18
6926.520000 1.715855e-17 3.919815e-18
6929.450000 1.697779e-17 3.843193e-18
6932.380000 2.245713e-17 3.749482e-18
6935.310000 2.176868e-17 3.696675e-18
6938.240000 2.148744e-17 3.741928e-18
6941.170000 2.238844e-17 3.851780e-18
6944.100000 2.088422e-17 3.893726e-18
6947.030000 1.771455e-17 3.932848e-18
6949.960000 2.282201e-17 4.061469e-18
6952.890000 2.309877e-17 4.113141e-18
6955.820000 2.570139e-17 4.032440e-18
6958.750000 2.460100e-17 3.850924e-18
6961.680000 2.339419e-17 3.807435e-18
6964.610000 2.288457e-17 3.800623e-18
6967.540000 2.206038e-17 3.841599e-18
6970.470000 2.547145e-17 3.918168e-18
6973.400000 2.307017e-17 3.934105e-18
6976.330000 1.829312e-17 3.928462e-18
6979.260000 1.651054e-17 3.976279e-18
6982.190000 1.571612e-17 3.981673e-18
6985.120000 1.959780e-17 3.927837e-18
6988.050000 2.202367e-17 3.865623e-18
6990.980000 2.188822e-17 3.846241e-18
6993.910000 1.962539e-17 3.814354e-18
6996.840000 2.172198e-17 3.839685e-18
6999.770000 2.360621e-17 3.895539e-18
7002.700000 2.214507e-17 3.903520e-18
7005.630000 2.518795e-17 3.949593e-18
7008.560000 2.187878e-17 3.949005e-18
7011.490000 1.894052e-17 3.953052e-18
7014.420000 1.719045e-17 3.969839e-18
7017.350000 1.602443e-17 3.933966e-18
7020.280000 1.495258e-17 3.862974e-18
7023.210000 1.459540e-17 3.851109e-18
7026.140000 1.885342e-17 3.899184e-18
7029.070000 2.087068e-17 3.952459e-18
7032.000000 2.073530e-17 3.961981e-18
7034.930000 1.845091e-17 3.993898e-18
7037.860000 2.334134e-17 4.024770e-18
7040.790000 3.331580e-17 4.136047e-18
7043.720000 3.314281e-17 4.164570e-18
7046.650000 2.905832e-17 4.150907e-18
7049.580000 2.024177e-17 4.103733e-18
7052.510000 1.773390e-17 4.087807e-18
7055.440000 1.766303e-17 4.048845e-18
7058.370000 2.061789e-17 4.019626e-18
7061.300000 1.924150e-17 3.972340e-18
7064.230000 1.815751e-17 3.972346e-18
7067.160000 1.135282e-17 3.935119e-18
7070.090000 1.498523e-17 3.970702e-18
7073.020000 2.025816e-17 4.013212e-18
7075.950000 1.686920e-17 3.985915e-18
7078.880000 1.635239e-17 3.972369e-18
7081.810000 1.817268e-17 3.983586e-18
7084.740000 1.754154e-17 3.967693e-18
7087.670000 1.585148e-17 3.970304e-18
7090.600000 1.390243e-17 3.942680e-18
7093.530000 1.690141e-17 3.963292e-18
7096.460000 1.694450e-17 3.935609e-18
7099.390000 1.880849e-17 3.915904e-18
7102.320000 1.766675e-17 3.886603e-18
7105.250000 1.846741e-17 3.889763e-18
7108.180000 1.902151e-17 3.888300e-18
7111.110000 2.240579e-17 3.916595e-18
7114.040000 2.159958e-17 3.917410e-18
7116.970000 1.979379e-17 3.888836e-18
7119.900000 1.351620e-17 3.812864e-18
7122.830000 1.825545e-17 3.830998e-18
7125.760000 2.230803e-17 3.856454e-18
7128.690000 1.823797e-17 3.839353e-18
7131.620000 1.713719e-17 3.844060e-18
7134.550000 1.801210e-17 3.856091e-18
7137.480000 1.769107e-17 3.838726e-18
7140.410000 1.847626e-17 3.817733e-18
7143.340000 1.549225e-17 3.794258e-18
7146.270000 1.598010e-17 3.842565e-18
7149.200000 1.969324e-17 3.864712e-18
7152.130000 1.888889e-17 3.822495e-18
7155.060000 1.477874e-17 3.758993e-18
7157.990000 1.505229e-17 3.766850e-18
7160.920000 1.489553e-17 3.731598e-18
7163.850000 1.391283e-17 3.706281e-18
7166.780000 1.471787e-17 3.705564e-18
7169.710000 1.695766e-17 3.706036e-18
7172.640000 1.654194e-17 3.705213e-18
7175.570000 1.319731e-17 3.674249e-18
7178.500000 9.291167e-18 3.623453e-18
7181.430000 8.558887e-18 3.600269e-18
7184.360000 9.993647e-18 3.573511e-18
7187.290000 1.183712e-17 3.551482e-18
7190.220000 1.344373e-17 3.550129e-18
7193.150000 1.328305e-17 3.536140e-18
7196.080000 1.484366e-17 3.540163e-18
7199.010000 1.345997e-17 3.490137e-18
7201.940000 1.667044e-17 3.529294e-18
7204.870000 1.697499e-17 3.542397e-18
7207.800000 1.721516e-17 3.540241e-18
7210.730000 1.380422e-17 3.500571e-18
7213.660000 1.291405e-17 3.501246e-18
7216.590000 1.266853e-17 3.502358e-18
7219.520000 1.820489e-17 3.561159e-18
7222.450000 2.325244e-17 3.636683e-18
7225.380000 2.176731e-17 3.651645e-18
7228.310000 1.851237e-17 3.648853e-18
7231.240000 1.360393e-17 3.614230e-18
7234.170000 9.581485e-18 3.639458e-18
7237.100000 6.851483e-18 3.864142e-18
7240.030000 1.384793e-17 4.380534e-18
7242.960000 1.817610e-17 4.936294e-18
7245.890000 1.548367e-17 5.110757e-18
7248.820000 1.238223e-17 4.895137e-18
7251.750000 9.140481e-18 4.429667e-18
7254.680000 9.275015e-18 4.065385e-18
7257.610000 1.120507e-17 3.902663e-18
7260.540000 1.185951e-17 3.769490e-18
7263.470000 1.453183e-17 3.689807e-18
7266.400000 1.405318e-17 3.651131e-18
7269.330000 1.685992e-17 3.762223e-18
7272.260000 1.882173e-17 3.977575e-18
7275.190000 1.467674e-17 4.430942e-18
7278.120000 2.091707e-17 5.002031e-18
7281.050000 1.984267e-17 5.099738e-18
7283.980000 8.577096e-18 4.684443e-18
7286.910000 1.504289e-17 4.440772e-18
7289.840000 1.936646e-17 4.281006e-18
7292.770000 1.629625e-17 3.999648e-18
7295.700000 1.432587e-17 3.856349e-18
7298.630000 1.017835e-17 3.861854e-18
7301.560000 9.160107e-18 3.920027e-18
7304.490000 1.182263e-17 4.027049e-18
7307.420000 1.491228e-17 4.127182e-18
7310.350000 1.492539e-17 4.098475e-18
7313.280000 1.746577e-17 4.183867e-18
7316.210000 2.187223e-17 4.577436e-18
7319.140000 1.998141e-17 4.889742e-18
7322.070000 1.742226e-17 4.733989e-18
7325.000000 1.223081e-17 4.250654e-18
7327.930000 1.344456e-17 4.109872e-18
7330.860000 1.624431e-17 4.331013e-18
7333.790000 9.353219e-18 4.355731e-18
7336.720000 8.791398e-18 4.358535e-18
7339.650000 1.241316e-17 4.619356e-18
7342.580000 1.809034e-17 5.169563e-18
7345.510000 2.126533e-17 5.300615e-18
7348.440000 1.588087e-17 4.776530e-18
7351.370000 1.447293e-17 4.271788e-18
7354.300000 1.589657e-17 4.117993e-18
7357.230000 1.325106e-17 4.183126e-18
7360.160000 1.189816e-17 4.386970e-18
7363.090000 1.472147e-17 4.501714e-18
7366.020000 1.839446e-17 4.557261e-18
7368.950000 2.069547e-17 4.787743e-18
7371.880000 1.175758e-17 5.049657e-18
7374.810000 1.133629e-17 4.933885e-18
7377.740000 1.822244e-17 4.511974e-18
7380.670000 2.101039e-17 4.168229e-18
7383.600000 1.525404e-17 4.008095e-18
7386.530000 1.334786e-17 3.984979e-18
7389.460000 1.285426e-17 4.040130e-18
7392.390000 1.692880e-17 4.207892e-18
7395.320000 1.807354e-17 4.341200e-18
7398.250000 1.192980e-17 4.318419e-18
7401.180000 1.183684e-17 4.385038e-18
7404.110000 1.688004e-17 4.622832e-18
7407.040000 1.858276e-17 4.611422e-18
7409.970000 1.210091e-17 4.220833e-18
7412.900000 8.097088e-18 3.921082e-18
7415.830000 8.814596e-18 3.853866e-18
7418.760000 1.372163e-17 3.893672e-18
7421.690000 1.281519e-17 3.849828e-18
7424.620000 1.251106e-17 3.840983e-18
7427.550000 9.083076e-18 3.836697e-18
7430.480000 9.384657e-18 3.930585e-18
7433.410000 6.598978e-18 3.990919e-18
7436.340000 7.829851e-18 4.037283e-18
7439.270000 8.827952e-18 4.162719e-18
7442.200000 1.267383e-17 4.237511e-18
7445.130000 1.381211e-17 4.095945e-18
7448.060000 8.740754e-18 3.909567e-18
7450.990000 7.757454e-18 3.831693e-18
7453.920000 1.447588e-17 3.869141e-18
7456.850000 1.465476e-17 3.856211e-18
7459.780000 1.376328e-17 3.907114e-18
7462.710000 1.142113e-17 3.946424e-18
7465.640000 1.427122e-17 4.085063e-18
7468.570000 1.574276e-17 4.176862e-18
7471.500000 1.158904e-17 4.262873e-18
7474.430000 1.063876e-17 4.356793e-18
7477.360000 1.127373e-17 4.380785e-18
7480.290000 9.612076e-18 4.392227e-18
7483.220000 1.105395e-17 4.447799e-18
7486.150000 8.634413e-18 4.405341e-18
7489.080000 9.584739e-18 4.245644e-18
7492.010000 1.750654e-17 4.126567e-18
7494.940000 1.297262e-17 4.020791e-18
7497.870000 1.148038e-17 3.967698e-18
7500.800000 9.705723e-18 3.902105e-18
7503.730000 1.387943e-17 3.889761e-18
7506.660000 1.243055e-17 3.847403e-18
7509.590000 1.675625e-17 3.887858e-18
7512.520000 1.784276e-17 3.891506e-18
7515.450000 1.438230e-17 3.897543e-18
7518.380000 8.767926e-18 3.943589e-18
7521.310000 8.221017e-18 4.174371e-18
7524.240000 8.233268e-18 4.548714e-18
7527.170000 1.827870e-17 4.917635e-18
7530.100000 1.338452e-17 4.772111e-18
7533.030000 6.919382e-18 4.413462e-18
7535.960000 1.019443e-17 4.194750e-18
7538.890000 1.455753e-17 4.050154e-18
7541.820000 1.432914e-17 3.976133e-18
7544.750000 1.691144e-17 4.002685e-18
7547.680000 1.563120e-17 3.949517e-18
7550.610000 9.235092e-18 3.858776e-18
7553.540000 8.493669e-18 3.889785e-18
7556.470000 1.394437e-17 4.015342e-18
7559.400000 9.994703e-18 4.048733e-18
7562.330000 1.396204e-17 4.101892e-18
7565.260000 1.217866e-17 4.051394e-18
7568.190000 9.724543e-18 4.067785e-18
7571.120000 1.072751e-17 4.293713e-18
7574.050000 1.529639e-17 4.589379e-18
7576.980000 1.470101e-17 4.583912e-18
7579.910000 1.066622e-17 4.208843e-18
7582.840000 8.460175e-18 3.979865e-18
7585.770000 1.372511e-17 4.025253e-18
7588.700000 1.619895e-17 4.070407e-18
7691.250000 7.566737e-18 4.148358e-18
7694.180000 1.168456e-17 4.241728e-18
7697.110000 1.192341e-17 4.286093e-18
7700.040000 1.178574e-17 4.300985e-18
7702.970000 8.830264e-18 4.363430e-18
7705.900000 3.024829e-18 4.331370e-18
7708.830000 6.407111e-18 4.498661e-18
7711.760000 9.064197e-18 5.154234e-18
7714.690000 1.348689e-17 6.064937e-18
7717.620000 2.076324e-17 6.746500e-18
7720.550000 2.275098e-17 6.601022e-18
7723.480000 1.502822e-17 5.844277e-18
7726.410000 2.064740e-17 5.299804e-18
7729.340000 2.124979e-17 5.074530e-18
7732.270000 1.458259e-17 4.766165e-18
7735.200000 1.913924e-17 4.618180e-18
7738.130000 1.185341e-17 4.561823e-18
7741.060000 1.180862e-17 4.497428e-18
7743.990000 1.218176e-17 4.561951e-18
7746.920000 8.703195e-18 4.866742e-18
7749.850000 1.113237e-17 5.682931e-18
7752.780000 1.275273e-17 6.602554e-18
7755.710000 1.920327e-17 6.618547e-18
7758.640000 9.651466e-18 5.818988e-18
7761.570000 1.582458e-17 5.477084e-18
7764.500000 1.521431e-17 5.301368e-18
7767.430000 1.053825e-17 4.858098e-18
7770.360000 5.574485e-18 4.511140e-18
7773.290000 7.216178e-18 4.518621e-18
7776.220000 1.106073e-17 4.688866e-18
7779.150000 1.054238e-17 4.765188e-18
7782.080000 9.939796e-18 4.841553e-18
7785.010000 1.168380e-17 4.827950e-18
7787.940000 4.481028e-18 4.636536e-18
7790.870000 3.388730e-18 4.755447e-18
7793.800000 1.503119e-17 5.473861e-18
7796.730000 2.503365e-17 6.088174e-18
7799.660000 2.252572e-17 5.832243e-18
7802.590000 1.256753e-17 4.981153e-18
7805.520000 1.388815e-17 4.627659e-18
7808.450000 8.240051e-18 4.744699e-18
7811.380000 2.224298e-17 5.114187e-18
7814.310000 1.480254e-17 5.006201e-18
7817.240000 4.349154e-18 4.807973e-18
7820.170000 1.810386e-18 5.234819e-18
7823.100000 2.139493e-17 6.099687e-18
7826.030000 2.220221e-17 6.205586e-18
7828.960000 1.590833e-17 5.454319e-18
7831.890000 1.092476e-17 4.635084e-18
7834.820000 3.877148e-18 4.284425e-18
7837.750000 -7.923468e-20 4.273978e-18
7840.680000 6.069334e-18 4.602036e-18
7843.610000 2.066815e-17 5.040648e-18
7846.540000 1.387970e-17 5.033047e-18
7849.470000 3.206885e-18 5.003584e-18
7852.400000 1.825080e-18 5.632716e-18
7855.330000 1.337489e-17 6.530008e-18
7858.260000 2.343393e-17 6.718183e-18
7861.190000 7.118957e-18 6.107656e-18
7864.120000 1.178517e-17 5.705890e-18
7867.050000 5.609552e-18 5.362468e-18
7869.980000 8.233811e-18 5.402823e-18
7872.910000 1.693165e-17 5.707509e-18
7875.840000 1.845270e-17 5.585251e-18
7878.770000 1.540909e-17 5.250200e-18
7881.700000 1.911525e-17 5.279756e-18
7884.630000 1.554734e-17 5.302531e-18
7887.560000 1.152490e-17 5.248294e-18
7890.490000 1.420703e-17 5.457229e-18
7893.420000 2.202604e-17 5.688700e-18
7896.350000 2.308738e-17 5.337373e-18
7899.280000 1.552944e-17 4.727562e-18
7902.210000 7.319798e-18 4.380855e-18
7905.140000 1.023430e-18 4.310701e-18
7908.070000 7.256955e-18 4.576255e-18
7911.000000 5.915629e-18 5.214705e-18
7913.930000 1.382880e-17 6.424836e-18
7916.860000 3.801377e-17 7.443254e-18
7919.790000 1.579642e-17 7.057051e-18
7922.720000 5.262980e-18 6.363883e-18
7925.650000 1.850571e-17 5.992599e-18
7928.580000 1.099810e-17 5.451746e-18
7931.510000 8.481122e-18 5.249217e-18
7934.440000 1.775485e-17 5.460216e-18
7937.370000 1.500100e-17 5.185552e-18
7940.300000 6.902484e-18 4.677735e-18
7943.230000 3.963999e-18 4.472310e-18
7946.160000 6.720616e-18 4.627253e-18
7949.090000 9.127912e-18 4.949423e-18
7952.020000 1.312837e-17 5.223958e-18
7954.950000 1.096841e-17 5.071289e-18
7957.880000 6.524831e-18 4.751317e-18
7960.810000 4.168010e-18 4.899565e-18
7963.740000 1.370165e-17 5.749880e-18
7966.670000 2.626669e-17 6.796965e-18
7969.600000 2.978333e-17 6.889963e-18
7972.530000 8.379110e-18 5.854735e-18
7975.460000 3.828358e-18 5.104497e-18
7978.390000 4.540481e-18 5.200250e-18
7981.320000 1.595111e-17 5.674741e-18
7984.250000 1.234519e-17 5.580172e-18
7987.180000 8.716283e-18 5.181611e-18
7990.110000 5.022414e-18 5.168246e-18
7993.040000 5.763062e-18 6.089927e-18
7995.970000 2.683927e-17 7.075195e-18
7998.900000 2.896109e-17 6.810906e-18
8001.830000 3.478047e-18 5.508714e-18
8004.760000 5.161278e-18 4.774227e-18
8007.690000 8.956864e-18 4.625676e-18
8010.620000 1.691383e-18 4.591199e-18
8013.550000 2.518075e-18 4.903538e-18
8016.480000 7.654942e-18 5.286356e-18
8019.410000 1.075668e-17 5.335646e-18
8022.340000 4.876446e-18 5.241260e-18
8025.270000 1.205062e-17 5.742216e-18
8028.200000 2.275045e-17 6.445564e-18
8031.130000 2.188780e-17 6.353815e-18
8034.060000 2.019926e-18 5.346101e-18
8036.990000 5.595185e-18 4.729553e-18
8039.920000 1.361427e-17 4.579116e-18
8042.850000 9.791305e-18 4.461736e-18
8045.780000 8.780667e-18 4.460654e-18
8048.710000 1.097622e-17 4.526731e-18
8051.640000 1.374946e-17 4.745360e-18
8054.570000 1.637134e-17 4.981311e-18
8057.500000 9.235036e-18 4.898800e-18
8060.430000 2.617831e-18 4.855320e-18
8063.360000 4.633415e-18 5.194215e-18
8066.290000 1.376064e-17 5.414067e-18
8069.220000 8.301824e-18 5.019030e-18
8072.150000 1.016335e-17 4.596573e-18
8075.080000 1.006731e-17 4.412640e-18
8078.010000 9.096649e-18 4.390403e-18
8080.940000 3.660798e-18 4.325936e-18
8083.870000 1.295510e-17 4.449410e-18
8086.800000 1.117606e-17 4.414119e-18
8089.730000 1.406713e-17 4.448854e-18
8092.660000 1.861516e-17 4.537180e-18
8095.590000 1.178421e-17 4.597466e-18
8098.520000 1.080458e-17 4.638325e-18
8101.450000 1.134937e-17 4.649722e-18
8104.380000 1.220278e-17 4.804221e-18
8107.310000 5.211701e-18 4.753298e-18
8110.240000 6.922925e-18 4.581362e-18
8113.170000 1.103962e-17 4.436819e-18
8116.100000 4.954683e-18 4.330993e-18
8119.030000 -7.676748e-19 4.214240e-18
8121.960000 9.132727e-18 4.282037e-18
8124.890000 7.912953e-18 4.278783e-18
8127.820000 6.433107e-18 4.263913e-18
8130.750000 3.647948e-18 4.199544e-18
8133.680000 5.140593e-18 4.233191e-18
8136.610000 5.993933e-18 4.319529e-18
8139.540000 6.866332e-18 4.353123e-18
8142.470000 1.278250e-17 4.425742e-18
8145.400000 8.578497e-18 4.416677e-18
8148.330000 5.485624e-18 4.407203e-18
8151.260000 1.181539e-17 4.448450e-18
8154.190000 1.330485e-17 4.401691e-18
8157.120000 6.659011e-18 4.226577e-18
8160.050000 4.318083e-18 4.152659e-18
8162.980000 1.133255e-17 4.219201e-18
8165.910000 6.883006e-18 4.171242e-18
8168.840000 8.471988e-18 4.181110e-18
8171.770000 7.869066e-18 4.181718e-18
8174.700000 6.401977e-18 4.174077e-18
8177.630000 6.914347e-18 4.191294e-18
8180.560000 1.187545e-17 4.185490e-18
8183.490000 4.783550e-18 4.116277e-18
8186.420000 3.235414e-18 4.140649e-18
8189.350000 1.872395e-18 4.160956e-18
8192.280000 8.637075e-18 4.258220e-18
8195.210000 6.701409e-18 4.264803e-18
8198.140000 9.979216e-18 4.287142e-18
8201.070000 8.183728e-18 4.244118e-18
8204.000000 4.105858e-18 4.194930e-18
8206.930000 6.115275e-18 4.263422e-18
8209.860000 8.012744e-18 4.304355e-18
8212.790000 9.955972e-18 4.304226e-18
8215.720000 9.255316e-18 4.253068e-18
8218.650000 4.289837e-18 4.156616e-18
8221.580000 5.476018e-18 4.151069e-18
8224.510000 7.583495e-18 4.172335e-18
8227.440000 -9.177446e-20 4.070965e-18
8230.370000 -1.988584e-19 4.117082e-18
8233.300000 6.533956e-18 4.180493e-18
8236.230000 4.011597e-18 4.176068e-18
8239.160000 7.667510e-18 4.250927e-18
8242.090000 1.189806e-17 4.349305e-18
8245.020000 5.538839e-18 4.356198e-18
8247.950000 3.126413e-18 4.307521e-18
8250.880000 8.910921e-18 4.388416e-18
8253.810000 1.291411e-17 4.459433e-18
8256.740000 1.082719e-17 4.411571e-18
8259.670000 1.225509e-17 4.402157e-18
8262.600000 8.392013e-18 4.338642e-18
8265.530000 1.097764e-17 4.357311e-18
8268.460000 1.080300e-17 4.397649e-18
8271.390000 8.101264e-18 4.437929e-18
8274.320000 3.547761e-18 4.536194e-18
8277.250000 2.616484e-19 4.881227e-18
8280.180000 -8.493280e-19 5.628187e-18
8283.110000 1.457257e-17 6.508813e-18
8286.040000 1.386649e-17 6.899938e-18
8288.970000 1.337749e-17 7.100704e-18
8291.900000 2.060733e-17 7.219785e-18
8294.830000 -6.073981e-18 6.650687e-18
8297.760000 -4.493079e-18 6.625433e-18
8300.690000 1.660007e-17 7.458270e-18
8303.620000 1.389358e-17 7.162195e-18
8306.550000 1.013823e-17 6.102503e-18
8309.480000 3.872059e-18 5.345869e-18
8312.410000 1.431510e-17 5.520315e-18
8315.340000 2.162679e-17 5.598411e-18
8318.270000 7.276181e-18 5.089478e-18
8321.200000 1.278721e-18 4.699886e-18
8324.130000 5.598042e-18 4.639021e-18
8327.060000 5.117523e-18 4.569421e-18
8329.990000 9.156870e-18 4.607702e-18
8332.920000 4.522076e-18 4.586213e-18
8335.850000 3.190565e-18 4.731866e-18
8338.780000 -1.016071e-18 5.106781e-18
8341.710000 -1.388644e-17 6.166530e-18
8344.640000 3.219985e-17 8.659661e-18
8347.570000 4.776510e-17 1.030489e-17
8350.500000 1.451410e-17 9.478622e-18
8353.430000 1.575707e-17 8.047293e-18
8356.360000 3.162644e-17 7.454148e-18
8359.290000 1.061528e-17 6.446469e-18
8362.220000 1.150579e-18 5.589502e-18
8365.150000 8.775913e-18 5.652332e-18
8368.080000 1.776586e-17 5.915778e-18
8371.010000 2.620541e-18 5.498779e-18
8373.940000 1.209362e-18 5.063895e-18
8376.870000 2.271563e-18 5.016451e-18
8379.800000 2.097952e-18 5.314201e-18
8382.730000 1.285986e-17 6.086719e-18
8385.660000 7.146889e-18 6.443661e-18
8388.590000 -3.348213e-18 5.960577e-18
8391.520000 3.535334e-18 5.387113e-18
8394.450000 4.788354e-18 5.456222e-18
8397.380000 8.524882e-18 6.696732e-18
8400.310000 2.723672e-17 8.720650e-18
8403.240000 2.845364e-17 9.470270e-18
8406.170000 -2.273458e-18 7.873318e-18
8409.100000 -4.727684e-18 5.993124e-18
8412.030000 2.908107e-18 5.556123e-18
8414.960000 1.544737e-17 6.311217e-18
8417.890000 2.259935e-17 7.085925e-18
8420.820000 1.019658e-18 6.670918e-18
8423.750000 -4.643356e-18 5.936100e-18
8426.680000 1.451049e-18 6.273471e-18
8429.610000 3.746678e-17 8.198587e-18
8432.540000 7.682793e-17 1.019564e-17
8435.470000 3.455832e-17 9.517129e-18
8438.400000 -2.442170e-18 7.190480e-18
8441.330000 7.272841e-18 5.583028e-18
8444.260000 9.839887e-18 5.148322e-18
8447.190000 1.561230e-17 5.300978e-18
8450.120000 5.296706e-18 5.630133e-18
8453.050000 2.657324e-17 6.682853e-18
8455.980000 2.307850e-17 7.027722e-18
8458.910000 4.351866e-18 6.460325e-18
8461.840000 7.113276e-18 6.256897e-18
8464.770000 3.073966e-17 7.529610e-18
8467.700000 4.301192e-17 8.890568e-18
8470.630000 1.535427e-17 8.421553e-18
8473.560000 -3.388346e-18 6.667857e-18
8476.490000 5.995846e-18 5.527208e-18
8479.420000 1.178582e-17 5.215668e-18
8482.350000 1.787403e-17 5.177424e-18
8485.280000 9.524883e-18 4.985386e-18
8488.210000 7.054559e-18 5.057075e-18
8491.140000 1.178056e-17 5.394643e-18
8494.070000 1.763003e-17 5.976270e-18
8497.000000 1.013930e-17 6.307425e-18
8499.930000 4.565411e-18 6.034141e-18
8502.860000 1.213896e-17 6.161214e-18
8505.790000 2.461224e-17 7.032221e-18
8508.720000 9.742281e-18 7.270406e-18
8511.650000 4.112452e-18 6.489635e-18
8514.580000 6.955935e-19 5.428205e-18
8517.510000 5.293236e-18 5.076037e-18
8520.440000 1.058243e-17 5.119441e-18
8523.370000 1.370783e-17 5.138728e-18
8526.300000 7.472794e-18 5.087594e-18
8529.230000 2.323376e-18 5.018422e-18
8532.160000 7.689599e-18 5.065804e-18
8535.090000 1.812742e-17 5.259726e-18
8538.020000 1.821731e-17 5.459286e-18
8540.950000 8.762721e-18 5.613007e-18
8543.880000 4.613817e-18 5.564030e-18
8546.810000 2.884391e-18 5.517861e-18
8549.740000 1.207829e-17 5.966998e-18
8552.670000 9.933119e-18 6.243663e-18
8555.600000 5.997724e-18 5.902944e-18
8558.530000 1.838455e-17 5.545917e-18
8561.460000 1.600237e-17 5.388325e-18
8564.390000 6.497304e-18 5.283559e-18
8567.320000 8.489615e-18 5.281514e-18
8570.250000 7.821755e-18 5.257949e-18
8573.180000 1.110850e-17 5.263827e-18
8576.110000 1.448030e-17 5.365883e-18
8579.040000 1.268212e-17 5.401744e-18
8581.970000 1.727863e-17 5.451819e-18
8584.900000 1.542099e-17 5.412636e-18
8587.830000 1.276485e-17 5.471648e-18
8590.760000 1.699208e-17 5.652229e-18
8593.690000 1.014986e-17 5.623597e-18
8596.620000 8.722388e-18 5.586540e-18
8599.550000 9.174354e-18 5.672057e-18
8602.480000 1.394589e-17 5.661095e-18
8605.410000 9.415367e-18 5.431657e-18
8608.340000 7.793611e-18 5.299117e-18
8611.270000 1.517838e-18 5.244820e-18
8614.200000 2.122721e-18 5.347135e-18
8617.130000 3.103161e-18 5.608039e-18
8620.060000 3.789432e-20 5.823181e-18
8622.990000 8.169080e-18 6.239138e-18
8625.920000 8.125519e-18 6.654803e-18
8628.850000 1.477907e-17 7.015176e-18
8631.780000 9.506688e-18 7.138953e-18
8634.710000 1.358915e-17 7.205043e-18
8637.640000 9.934920e-18 6.973920e-18
8640.570000 9.706845e-18 6.599145e-18
8643.500000 -1.955589e-18 6.189879e-18
8646.430000 5.795917e-18 6.071685e-18
8649.360000 4.264609e-18 6.233468e-18
8652.290000 1.309634e-17 6.754100e-18
8655.220000 1.609710e-17 7.164260e-18
8658.150000 1.624272e-17 7.316895e-18
8661.080000 8.424586e-18 7.220420e-18
8664.010000 8.630599e-18 7.132071e-18
8666.940000 8.880323e-18 7.021586e-18
8669.870000 5.256386e-18 6.907053e-18
8672.800000 6.610820e-18 6.784314e-18
8675.730000 4.962214e-18 6.596522e-18
8678.660000 1.042241e-17 6.440857e-18
8681.590000 1.423568e-17 6.263814e-18
8684.520000 1.512279e-17 6.120573e-18
8687.450000 1.988976e-17 5.996979e-18
8690.380000 6.326366e-18 5.743357e-18
8693.310000 2.550653e-18 5.621363e-18
8696.240000 8.583932e-18 5.791303e-18
8699.170000 8.805993e-18 5.763841e-18
8702.100000 1.149285e-17 5.754220e-18
8705.030000 1.120670e-17 5.726282e-18
8707.960000 5.702968e-18 5.704520e-18
8710.890000 1.245591e-17 5.793146e-18
8713.820000 3.719574e-18 5.630394e-18
8716.750000 1.098455e-17 5.645418e-18
8719.680000 5.326291e-18 5.550102e-18
8722.610000 4.145402e-18 5.474529e-18
8725.540000 1.302483e-17 5.577193e-18
8728.470000 6.718415e-18 5.524209e-18
8731.400000 7.249109e-18 5.582716e-18
8734.330000 9.807283e-18 5.700714e-18
8737.260000 4.795929e-18 5.676840e-18
8740.190000 2.437142e-18 5.658672e-18
8743.120000 3.921856e-18 5.681092e-18
8746.050000 2.510667e-18 5.563608e-18
8748.980000 6.571348e-18 5.602323e-18
8751.910000 7.629421e-18 5.683642e-18
8754.840000 -3.847547e-18 5.880938e-18
8757.770000 -2.340733e-18 6.866140e-18
8760.700000 1.373133e-17 8.825407e-18
8763.630000 5.298917e-18 1.026028e-17
8766.560000 1.162512e-18 1.089574e-17
8769.490000 4.062433e-18 1.123634e-17
8772.420000 7.566470e-18 1.091886e-17
8775.350000 5.082002e-18 9.926649e-18
8778.280000 5.165709e-17 1.075090e-17
8781.210000 4.883325e-17 1.151286e-17
8784.140000 9.791033e-18 9.973043e-18
8787.070000 -2.338521e-18 7.557516e-18
8790.000000 3.043373e-18 6.854905e-18
8792.930000 1.538616e-17 7.486348e-18
8795.860000 -8.811145e-19 7.409538e-18
8798.790000 -4.962162e-18 6.485299e-18
8801.720000 5.285454e-18 5.819095e-18
8804.650000 9.196656e-19 5.595407e-18
8807.580000 3.934654e-18 5.595806e-18
8810.510000 2.789330e-18 5.732551e-18
8813.440000 3.791102e-18 5.805624e-18
8816.370000 -1.260390e-18 5.783251e-18
8819.300000 -5.647153e-18 6.017851e-18
8822.230000 -8.847750e-18 7.101748e-18
8825.160000 3.165214e-17 1.024929e-17
8828.090000 1.014088e-16 1.453576e-17
8831.020000 6.090820e-17 1.595496e-17
8833.950000 -5.264510e-18 1.338407e-17
8836.880000 2.810283e-18 1.091895e-17
8839.810000 5.519939e-18 1.043273e-17
8842.740000 -1.278641e-17 9.118532e-18
8845.670000 1.732462e-18 7.303642e-18
8848.600000 1.953166e-17 6.949289e-18
8851.530000 2.389810e-17 7.419976e-18
8854.460000 9.454528e-18 7.269219e-18
8857.390000 1.315415e-17 6.498157e-18
8860.320000 9.976137e-18 6.013743e-18
8863.250000 1.819743e-17 6.273638e-18
8866.180000 2.114919e-17 7.232442e-18
8869.110000 4.877672e-17 8.815569e-18
8872.040000 3.392850e-17 8.939946e-18
8874.970000 4.307234e-18 7.386396e-18
8877.900000 1.342521e-18 6.162927e-18
8880.830000 1.428406e-18 6.388658e-18
8883.760000 1.006244e-17 8.353436e-18
8886.690000 4.240094e-17 1.160800e-17
8889.620000 3.681932e-17 1.329935e-17
8892.550000 -3.298122e-18 1.112047e-17
8895.480000 1.162276e-17 7.912146e-18
8898.410000 9.570814e-18 6.625720e-18
8901.340000 1.647939e-17 7.318569e-18
8904.270000 2.923453e-17 8.715187e-18
8907.200000 2.965776e-18 9.077838e-18
8910.130000 -1.460195e-17 7.943691e-18
8913.060000 -8.098269e-18 6.792341e-18
8915.990000 7.394056e-18 7.612972e-18
8918.920000 5.278556e-17 1.072734e-17
8921.850000 7.758161e-17 1.369894e-17
8924.780000 4.197279e-17 1.359173e-17
8927.710000 1.375055e-17 9.970487e-18
8930.640000 9.786648e-18 7.064097e-18
8933.570000 7.369643e-18 6.223074e-18
8936.500000 9.899512e-18 6.045424e-18
8939.430000 1.275451e-17 6.288849e-18
8942.360000 2.594434e-17 7.318992e-18
8945.290000 4.555334e-17 8.692196e-18
8948.220000 2.423612e-17 8.718103e-18
8951.150000 1.127384e-18 7.335038e-18
8954.080000 -4.625238e-18 6.895113e-18
8957.010000 3.533201e-18 8.757971e-18
8959.940000 3.204839e-17 1.137483e-17
8962.870000 2.540962e-17 1.179734e-17
8965.800000 4.343847e-18 9.030913e-18
8968.730000 1.543722e-17 6.637657e-18
8971.660000 1.742660e-17 5.932642e-18
8974.590000 1.039156e-17 5.739107e-18
8977.520000 1.397995e-17 5.670022e-18
8980.450000 8.293337e-18 5.492645e-18
8983.380000 4.093914e-18 5.606985e-18
8986.310000 8.021618e-18 6.057949e-18
8989.240000 1.789474e-17 6.999266e-18
8992.170000 1.339100e-17 7.476125e-18
8995.100000 6.906168e-18 6.930505e-18
8998.030000 1.603342e-18 6.529334e-18
9000.960000 5.522949e-18 7.638313e-18
9003.890000 1.349249e-17 9.208986e-18
9006.820000 4.374746e-18 8.872479e-18
9009.750000 2.385722e-18 6.891537e-18
9012.680000 1.288676e-17 5.648861e-18
9015.610000 1.036940e-17 5.377444e-18
9018.540000 1.320621e-17 5.402237e-18
9021.470000 2.214575e-17 5.531070e-18
9024.400000 1.284164e-17 5.532257e-18
9027.330000 1.220687e-17 5.521396e-18
9030.260000 1.280403e-17 5.530924e-18
9033.190000 1.685767e-17 5.706117e-18
9036.120000 2.348563e-17 6.133878e-18
9039.050000 3.339429e-17 6.741871e-18
9041.980000 1.955451e-17 6.840294e-18
9044.910000 8.541774e-18 6.534808e-18
9047.840000 1.262254e-17 6.605204e-18
9050.770000 9.341727e-18 7.316556e-18
9053.700000 3.287078e-18 7.538599e-18
9056.630000 1.009479e-17 6.849840e-18
9059.560000 2.362318e-17 6.149206e-18
9062.490000 2.497701e-17 5.886117e-18
9065.420000 2.263776e-17 5.834612e-18
9068.350000 2.108171e-17 5.837437e-18
9071.280000 1.686222e-17 5.737841e-18
9074.210000 1.591409e-17 5.633655e-18
9077.140000 1.430610e-17 5.520291e-18
9080.070000 1.332515e-17 5.575944e-18
9083.000000 2.189105e-17 5.753715e-18
9085.930000 1.683497e-17 5.886203e-18
9088.860000 1.565278e-17 6.009300e-18
9091.790000 2.431108e-17 6.260988e-18
9094.720000 1.759556e-17 6.454054e-18
9097.650000 1.035288e-17 6.499210e-18
9100.580000 9.377921e-18 6.410183e-18
9103.510000 1.756702e-17 6.796362e-18
9106.440000 1.923118e-17 7.129300e-18
9109.370000 2.075336e-17 6.873580e-18
9112.300000 1.487975e-17 6.381353e-18
9115.230000 2.018997e-17 6.197125e-18
9118.160000 2.240169e-17 6.143423e-18
9121.090000 1.740796e-17 6.064683e-18
9124.020000 1.807922e-17 5.983435e-18
9126.950000 9.853357e-18 5.978555e-18
9129.880000 1.008346e-17 6.014431e-18
9132.810000 1.644845e-17 6.163495e-18
9135.740000 2.439887e-17 6.348854e-18
9138.670000 1.831229e-17 6.314997e-18
9141.600000 1.256256e-17 6.244286e-18
9144.530000 8.900912e-18 6.108491e-18
9147.460000 1.086204e-17 6.070756e-18
9150.390000 2.071990e-17 6.373542e-18
9153.320000 2.991972e-17 6.751855e-18
9156.250000 3.154031e-17 6.945444e-18
9159.180000 1.960811e-17 6.887880e-18
9162.110000 1.531175e-17 6.954734e-18
9165.040000 1.418541e-17 6.967663e-18
9167.970000 1.307323e-17 6.639914e-18
9170.900000 8.365083e-18 6.261654e-18
9173.830000 8.019527e-18 6.083813e-18
9176.760000 1.370203e-17 6.107429e-18
9179.690000 1.958419e-17 6.234639e-18
9182.620000 1.449200e-17 6.196858e-18
9185.550000 2.198406e-17 6.381256e-18
9188.480000 1.624214e-17 6.361467e-18
9191.410000 1.344039e-17 6.303415e-18
9194.340000 1.840354e-17 6.285607e-18
9197.270000 2.268626e-17 6.322240e-18
