3652.09985352  -4.587669E-18
3657.61675644358  4.749481E-18
3663.13365936716  1.020858E-17
3668.65056229074  -1.969709E-19
3674.16746521432  -1.099370E-18
3679.6843681379  7.447806E-18
3685.20127106148  -1.237302E-18
3690.71817398506  -2.562249E-18
3696.23507690864  2.118034E-18
3701.75197983222  2.736020E-18
3707.2688827558  -2.988989E-18
3712.78578567938  -1.215402E-18
3718.30268860296  1.020700E-18
3723.81959152654  -4.228900E-19
3729.33649445012  -3.064304E-19
3734.8533973737  -2.453216E-18
3740.37030029728  -8.433481E-19
3745.88720322086  2.679164E-18
3751.40410614444  4.300628E-19
3756.92100906802  5.883863E-19
3762.4379119916  -5.740408E-18
3767.95481491518  4.562705E-18
3773.47171783876  3.446556E-18
3778.98862076234  -5.226060E-18
3784.50552368592  -2.217154E-18
3790.0224266095  -1.745593E-18
3795.53932953308  1.294144E-18
3801.05623245666  1.176382E-18
3806.57313538024  -3.439721E-18
3812.09003830382  4.928360E-18
3817.6069412274  7.224494E-19
3823.12384415098  -5.397248E-19
3828.64074707456  1.523756E-18
3834.15764999814  -1.887481E-18
3839.67455292172  -4.400173E-19
3845.1914558453  4.509163E-18
3850.70835876888  6.136989E-19
3856.22526169246  -1.647467E-18
3861.74216461604  1.672703E-18
3867.25906753962  5.603067E-18
3872.7759704632  -4.181153E-19
3878.29287338678  -3.952305E-18
3883.80977631036  6.917299E-19
3889.32667923394  1.760032E-18
3894.84358215752  2.573606E-18
3900.3604850811  -2.881481E-20
3905.87738800468  7.332889E-18
3911.39429092826  -2.864554E-18
3916.91119385184  9.569387E-18
3922.42809677542  9.457068E-18
3927.944999699  3.555413E-18
3933.46190262258  8.457165E-18
3938.97880554616  -2.289826E-18
3944.49570846974  -2.661147E-18
3950.01261139332  -5.287928E-18
3955.5295143169  -1.495476E-18
3961.04641724048  2.046085E-18
3966.56332016406  1.604115E-18
3972.08022308764  9.236336E-18
3977.59712601122  3.146495E-18
3983.1140289348  3.506189E-18
3988.63093185838  -2.570112E-18
3994.14783478196  1.386847E-18
3999.66473770554  -4.956907E-18
4005.18164062912  -4.075817E-18
4010.69854355271  5.084929E-18
4016.21544647628  1.302936E-18
4021.73234939986  7.494245E-19
4027.24925232344  3.138809E-18
4032.76615524702  9.351376E-19
4038.2830581706  2.404004E-18
4043.79996109418  -1.840684E-18
4049.31686401776  -1.881861E-18
4054.83376694134  4.010927E-18
4060.35066986492  -8.949868E-19
4065.8675727885  2.232109E-19
4071.38447571208  1.581799E-18
4076.90137863566  4.808389E-18
4082.41828155924  2.789386E-18
4087.93518448282  3.331461E-18
4093.4520874064  1.481988E-18
4098.96899032998  3.603229E-18
4104.48589325356  1.465655E-18
4110.00279617714  2.859872E-18
4115.51969910073  1.469563E-18
4121.0366020243  1.030386E-18
4126.55350494788  1.236120E-18
4132.07040787146  6.178169E-18
4137.58731079504  6.884577E-18
4143.10421371862  2.426560E-18
4148.6211166422  1.080977E-18
4154.13801956578  7.244001E-18
4159.65492248936  7.010823E-18
4165.17182541294  1.068056E-17
4170.68872833652  4.593720E-18
4176.2056312601  3.912950E-18
4181.72253418368  2.351509E-18
4187.23943710726  4.186998E-18
4192.75634003084  8.784598E-18
4198.27324295442  5.542807E-18
4203.790145878  5.173679E-18
4209.30704880158  1.927916E-18
4214.82395172516  5.757062E-18
4220.34085464875  2.690519E-18
4225.85775757232  3.015837E-18
4231.3746604959  4.795436E-18
4236.89156341948  3.979152E-18
4242.40846634306  4.655420E-18
4247.92536926664  4.229417E-18
4253.44227219022  2.170483E-18
4258.9591751138  6.285692E-18
4264.47607803739  2.702039E-18
4269.99298096096  2.430385E-18
4275.50988388454  -1.279240E-18
4281.02678680813  3.555279E-18
4286.5436897317  2.728193E-18
4292.06059265528  2.663613E-18
4297.57749557886  2.762255E-18
4303.09439850244  -1.504560E-18
4308.61130142602  9.469852E-19
4314.1282043496  4.509991E-18
4319.64510727318  3.511072E-18
4325.16201019676  1.984725E-18
4330.67891312034  6.738399E-18
4336.19581604392  6.197753E-18
4341.7127189675  1.852591E-18
4347.22962189108  5.503612E-20
4352.74652481466  -2.557074E-18
4358.26342773824  1.468060E-18
4363.78033066182  4.489758E-18
4369.29723358541  3.280364E-18
4374.81413650898  4.313069E-18
4380.33103943256  3.183415E-18
4385.84794235614  4.622554E-18
4391.36484527972  1.367268E-18
4396.8817482033  2.760349E-18
4402.39865112688  1.385446E-18
4407.91555405046  1.216472E-18
4413.43245697404  1.751899E-18
4418.94935989762  7.257136E-18
4424.4662628212  4.995541E-18
4429.98316574478  3.825134E-19
4435.50006866836  -1.407520E-18
4441.01697159195  8.062259E-19
4446.53387451552  3.791902E-18
4452.05077743911  -7.566959E-19
4457.56768036268  2.577820E-18
4463.08458328626  6.381029E-18
4468.60148620984  1.945092E-18
4474.11838913342  1.789151E-18
4479.635292057  3.963387E-18
4485.15219498058  2.394638E-18
4490.66909790416  -2.797654E-18
4496.18600082774  8.684177E-19
4501.70290375132  4.607738E-18
4507.2198066749  3.871426E-18
4512.73670959848  6.489283E-18
4518.25361252206  5.447155E-18
4523.77051544564  3.096465E-18
4529.28741836922  2.093717E-18
4534.8043212928  1.731512E-18
4540.32122421638  5.293730E-18
4545.83812713997  3.482436E-18
4551.35503006354  5.350379E-18
4556.87193298713  4.655944E-18
4562.3888359107  2.996323E-18
4567.90573883428  5.562748E-18
4573.42264175786  6.707683E-19
4578.93954468145  4.194864E-18
4584.45644760502  -4.953474E-21
4589.9733505286  3.178044E-18
4595.49025345218  6.170353E-18
4601.00715637577  2.532610E-18
4606.52405929934  -1.057933E-18
4612.04096222292  1.982848E-18
4617.5578651465  2.928435E-18
4623.07476807008  2.969859E-18
4628.59167099366  5.936257E-18
4634.10857391725  3.050810E-18
4639.62547684082  6.155896E-19
4645.14237976441  1.077141E-18
4650.65928268798  3.258871E-18
4656.17618561156  1.176321E-18
4661.69308853514  1.169714E-19
4667.20999145872  2.974175E-19
4672.72689438231  1.600888E-18
4678.24379730588  4.612989E-18
4683.76070022947  -1.290239E-18
4689.27760315304  -4.041346E-19
4694.79450607663  -7.604079E-19
4700.3114090002  1.300278E-18
4705.82831192379  1.796147E-18
4711.34521484736  3.714906E-18
4716.86211777094  2.766294E-18
4722.37902069453  1.870590E-18
4727.89592361811  2.769733E-19
4733.41282654169  -1.366294E-18
4738.92972946526  2.043265E-18
4744.44663238885  7.464393E-20
4749.96353531243  1.853567E-18
4755.480438236  2.744364E-18
4760.99734115958  2.286430E-19
4766.51424408316  1.401868E-18
4772.03114700674  4.646268E-18
4777.54804993033  4.722858E-18
4783.0649528539  2.731292E-18
4788.58185577749  5.110733E-18
4794.09875870106  3.909965E-18
4799.61566162464  5.776828E-18
4805.13256454822  6.767585E-18
4810.6494674718  7.942454E-18
4816.16637039538  7.222848E-18
4821.68327331897  3.907564E-18
4827.20017624254  8.717148E-18
4832.71707916613  6.118946E-18
4838.2339820897  5.950775E-18
4843.75088501328  6.743098E-18
4849.26778793686  9.847520E-18
4854.78469086044  7.081918E-18
4860.30159378402  9.009925E-18
4865.81849670761  1.075468E-17
4871.33539963119  8.889928E-18
4876.85230255477  9.204649E-18
4882.36920547835  1.227722E-17
4887.88610840193  1.203879E-17
4893.40301132551  9.474997E-18
4898.91991424909  1.238383E-17
4904.43681717266  1.122907E-17
4909.95372009624  1.076599E-17
4915.47062301982  9.355684E-18
4920.9875259434  8.243258E-18
4926.50442886699  6.287850E-18
4932.02133179056  2.392121E-18
4937.53823471415  9.249163E-18
4943.05513763772  8.944507E-18
4948.5720405613  7.032769E-18
4954.08894348489  5.420765E-18
4959.60584640847  4.190080E-18
4965.12274933204  4.674338E-18
4970.63965225563  5.267447E-18
4976.1565551792  4.758019E-18
4981.67345810279  4.335552E-18
4987.19036102637  5.757532E-18
4992.70726394995  1.915435E-18
4998.22416687352  2.924039E-18
5003.74106979711  3.140152E-18
5009.25797272069  5.677267E-19
5014.77487564427  2.383673E-18
5020.29177856785  4.801719E-18
5025.80868149143  2.555473E-18
5031.32558441501  2.224457E-18
5036.84248733858  4.052025E-18
5042.35939026217  4.148861E-18
5047.87629318575  6.183405E-18
5053.39319610932  1.611816E-18
5058.91009903291  3.342276E-18
5064.42700195648  6.946202E-18
5069.94390488006  7.958006E-18
5075.46080780365  5.053618E-18
5080.97771072723  4.369546E-18
5086.49461365081  4.456768E-18
5092.01151657438  5.304585E-18
5097.52841949797  6.800687E-18
5103.04532242155  8.148878E-18
5108.56222534513  2.976649E-18
5114.07912826871  5.303381E-18
5119.59603119229  3.098399E-18
5125.11293411587  8.547115E-18
5130.62983703945  5.154700E-18
5136.14673996303  4.035990E-18
5141.66364288661  4.976305E-18
5147.18054581019  5.804686E-18
5152.69744873377  6.730533E-18
5158.21435165735  6.300487E-18
5163.73125458093  3.842465E-18
5169.24815750451  7.211724E-18
5174.76506042808  7.970199E-18
5180.28196335167  6.863508E-18
5185.79886627524  5.706312E-18
5191.31576919883  6.880988E-18
5196.83267212241  6.448878E-18
5202.34957504598  8.160253E-18
5207.86647796957  1.140069E-17
5213.38338089314  7.998558E-18
5218.90028381673  6.652253E-18
5224.41718674031  4.972552E-18
5229.93408966389  7.607264E-18
5235.45099258747  6.603293E-18
5240.96789551105  4.962522E-18
5246.48479843463  7.705955E-18
5252.00170135821  8.786373E-18
5257.51860428179  6.896530E-18
5263.03550720537  4.599948E-18
5268.55241012895  9.480088E-18
5274.06931305253  9.435206E-18
5279.58621597611  4.437466E-18
5285.10311889969  5.289210E-18
5290.62002182327  6.776590E-18
5296.13692474685  5.704901E-18
5301.65382767043  2.819481E-18
5307.17073059401  2.905288E-18
5312.68763351759  1.887905E-18
5318.20453644117  3.637159E-18
5323.72143936475  7.159567E-18
5329.23834228833  2.844365E-18
5334.75524521191  4.080017E-18
5340.27214813549  4.178170E-18
5345.78905105907  2.757945E-18
5351.30595398265  4.056773E-18
5356.82285690623  5.049168E-18
5362.33975982981  2.304742E-18
5367.85666275339  4.508729E-18
5373.37356567697  1.946324E-18
5378.89046860055  4.602842E-18
5384.40737152413  5.247195E-18
5389.92427444771  1.250666E-18
5395.44117737129  8.173685E-18
5400.95808029487  5.513232E-18
5406.47498321845  3.019687E-18
5411.99188614203  -4.251379E-19
5417.50878906561  6.865495E-18
5423.02569198919  5.794615E-19
5428.54259491277  1.871790E-19
5434.05949783635  3.866197E-18
5439.57640075993  3.280711E-19
5445.09330368351  1.178208E-18
5450.61020660709  2.483448E-18
5456.12710953067  3.348453E-18
5461.64401245425  1.299200E-18
5467.16091537783  3.120337E-18
5472.67781830141  4.789336E-18
5478.19472122499  2.811078E-18
5483.71162414857  4.099607E-18
5489.22852707215  5.857435E-18
5494.74542999573  5.047526E-18
5500.26233291931  3.468520E-18
5505.77923584289  7.386533E-18
5511.29613876647  3.114182E-18
5516.81304169005  7.930123E-18
5522.32994461363  7.995501E-18
5527.84684753721  5.541421E-18
5533.36375046078  5.907545E-18
5538.88065338437  6.736498E-18
5544.39755630795  6.751693E-18
5549.91445923153  8.459153E-18
5555.43136215511  7.893106E-18
5560.94826507869  7.725187E-18
5566.46516800227  3.423368E-18
5571.98207092585  8.083600E-18
5577.49897384943  1.570454E-17
5583.01587677301  1.843331E-17
5588.53277969659  1.029198E-17
5594.04968262017  1.101618E-17
5599.56658554375  9.423809E-18
5605.08348846733  8.759491E-18
5610.60039139091  9.001565E-18
5616.11729431449  5.729460E-18
5621.63419723807  8.317245E-18
5627.15110016165  6.857935E-18
5632.66800308523  8.103418E-18
5638.18490600881  9.274602E-18
5643.70180893239  5.592506E-18
5649.21871185597  6.964924E-18
5654.73561477955  1.081419E-17
5660.25251770313  1.087448E-17
5665.76942062671  1.258885E-17
5671.28632355029  9.563296E-18
5676.80322647387  1.154384E-17
5682.32012939745  1.120795E-17
5687.83703232103  1.182755E-17
5693.35393524461  1.566822E-17
5698.87083816819  1.016957E-17
5704.38774109177  1.006306E-17
5709.90464401535  1.182388E-17
5715.42154693893  1.188776E-17
5720.93844986251  1.388420E-17
5726.45535278609  1.356178E-17
5731.97225570967  1.300445E-17
5737.48915863325  1.108402E-17
5743.00606155683  1.392766E-17
5748.52296448041  1.473930E-17
5754.03986740399  1.231667E-17
5759.55677032757  9.308024E-18
5765.07367325115  1.227269E-17
5770.59057617472  1.582851E-17
5776.10747909831  1.098967E-17
5781.62438202189  1.352560E-17
5787.14128494547  1.511588E-17
5792.65818786905  1.372350E-17
5798.17509079263  1.810470E-17
5803.69199371621  1.290124E-17
5809.20889663979  1.475653E-17
5814.72579956337  1.268406E-17
5820.24270248695  1.315820E-17
5825.75960541053  1.382082E-17
5831.27650833411  1.503271E-17
5836.79341125769  1.308736E-17
5842.31031418127  1.683484E-17
5847.82721710485  1.703188E-17
5853.34412002843  1.363846E-17
5858.86102295201  1.306277E-17
5864.37792587559  1.897139E-17
5869.89482879917  1.479311E-17
5875.41173172275  1.268283E-17
5880.92863464633  1.282368E-17
5886.44553756991  1.546683E-17
5891.96244049349  1.723963E-17
5897.47934341707  1.334884E-17
5902.99624634065  1.340615E-17
5908.51314926423  1.279566E-17
5914.03005218781  1.278083E-17
5919.54695511139  1.403809E-17
5925.06385803497  1.395824E-17
5930.58076095855  1.036174E-17
5936.09766388213  9.297345E-18
5941.61456680571  1.134385E-17
5947.13146972929  1.175288E-17
5952.64837265287  1.264111E-17
5958.16527557645  1.197185E-17
5963.68217850003  7.299779E-18
5969.19908142361  6.902358E-18
5974.71598434719  9.511215E-18
5980.23288727077  1.116877E-17
5985.74979019435  1.143975E-17
5991.26669311793  8.229851E-18
5996.78359604151  5.978033E-18
6002.30049896509  8.588482E-18
6007.81740188867  9.954833E-18
6013.33430481225  9.144230E-18
6018.85120773583  6.062317E-18
6024.36811065941  6.366713E-18
6029.88501358299  9.548964E-18
6035.40191650657  6.299705E-18
6040.91881943015  7.428116E-18
6046.43572235373  9.278242E-18
6051.95262527731  8.109695E-18
6057.46952820089  6.217787E-18
6062.98643112447  8.095440E-18
6068.50333404805  6.110733E-18
6074.02023697163  7.836229E-18
6079.53713989521  6.681886E-18
6085.05404281879  7.807706E-18
6090.57094574237  8.298893E-18
6096.08784866595  9.747549E-18
6101.60475158953  5.276499E-18
6107.12165451311  5.440083E-18
6112.63855743669  8.992106E-18
6118.15546036027  1.232045E-17
6123.67236328385  1.022614E-17
6129.18926620743  8.271869E-18
6134.70616913101  5.802059E-18
6140.22307205459  8.375843E-18
6145.73997497817  1.345586E-17
6151.25687790175  1.085223E-17
6156.77378082533  1.027157E-17
6162.29068374891  1.043448E-17
6167.80758667249  9.346130E-18
6173.32448959607  1.407971E-17
6178.84139251965  1.008659E-17
6184.35829544323  1.473753E-17
6189.87519836681  1.281498E-17
6195.39210129039  1.289705E-17
6200.90900421397  1.278180E-17
6206.42590713755  1.015305E-17
6211.94281006113  1.453767E-17
6217.45971298471  1.538157E-17
6222.97661590829  1.306276E-17
6228.49351883187  8.897672E-18
6234.01042175545  9.931131E-18
6239.52732467903  1.384972E-17
6245.04422760261  1.433554E-17
6250.56113052619  1.061742E-17
6256.07803344977  1.140025E-17
6261.59493637335  9.153345E-18
6267.11183929693  8.531343E-18
6272.62874222051  1.198894E-17
6278.14564514409  8.353144E-18
6283.66254806767  9.365268E-18
6289.17945099125  5.387875E-18
6294.69635391483  6.401337E-18
6300.21325683841  2.052622E-17
6305.73015976199  1.184849E-17
6311.24706268557  -1.608412E-18
6316.76396560915  4.712944E-18
6322.28086853273  9.083747E-18
6327.79777145631  5.984636E-18
6333.31467437989  6.027839E-18
6338.83157730347  6.701535E-18
6344.34848022705  4.403920E-18
6349.86538315063  2.381824E-18
6355.38228607421  4.911906E-18
6360.89918899779  8.994871E-18
6366.41609192137  8.120771E-18
6371.93299484495  6.407827E-18
6377.44989776853  2.358582E-18
6382.96680069211  6.439217E-18
6388.48370361569  6.845491E-18
6394.00060653927  6.480856E-18
6399.51750946285  5.691210E-18
6405.03441238643  4.865058E-18
6410.55131531001  2.983224E-18
6416.06821823359  7.620176E-18
6421.58512115717  4.891451E-18
6427.10202408075  6.009059E-18
6432.61892700433  8.857062E-18
6438.13582992791  5.684156E-18
6443.65273285149  2.116300E-18
6449.16963577507  3.536053E-18
6454.68653869865  3.801865E-18
6460.20344162223  6.023564E-18
6465.72034454581  5.031894E-18
6471.23724746939  4.139373E-18
6476.75415039297  5.598923E-18
6482.27105331655  5.038336E-18
6487.78795624013  6.343617E-18
6493.30485916371  4.689202E-18
6498.82176208729  3.706278E-18
6504.33866501087  2.446250E-18
6509.85556793445  4.569658E-18
6515.37247085803  6.417251E-18
6520.88937378161  4.821866E-18
6526.40627670519  8.652126E-18
6531.92317962877  8.513598E-18
6537.44008255235  6.656702E-18
6542.95698547593  5.542896E-18
6548.47388839951  7.802817E-18
6553.99079132309  8.801779E-18
6559.50769424667  7.292633E-18
6565.02459717025  9.320649E-18
6570.54150009383  5.753197E-18
6576.05840301741  7.319481E-18
6581.57530594099  4.160252E-18
6587.09220886457  7.998817E-18
6592.60911178815  3.815331E-18
6598.12601471173  6.944357E-18
6603.64291763531  6.165188E-18
6609.15982055889  9.055836E-18
6614.67672348247  6.744260E-18
6620.19362640605  8.096434E-18
6625.71052932963  6.956381E-18
6631.22743225321  5.512224E-18
6636.74433517679  6.278877E-18
6642.26123810037  7.448516E-18
6647.77814102395  5.290542E-18
6653.29504394753  2.610964E-18
6658.81194687111  4.836731E-18
6664.32884979469  5.946619E-18
6669.84575271827  4.356906E-18
6675.36265564185  3.428179E-18
6680.87955856543  6.593705E-18
6686.39646148901  5.240056E-18
6691.91336441259  4.663150E-18
6697.43026733617  7.191520E-18
6702.94717025975  3.944610E-18
6708.46407318333  4.274415E-18
6713.98097610691  9.508098E-18
6719.49787903049  8.442329E-18
6725.01478195407  5.918987E-18
6730.53168487765  6.136640E-18
6736.04858780123  5.162136E-18
6741.56549072481  7.387138E-18
6747.08239364839  1.094249E-17
6752.59929657197  6.819741E-18
6758.11619949555  3.932147E-18
6763.63310241913  6.931900E-18
6769.15000534271  9.201388E-18
6774.66690826629  9.481137E-18
6780.18381118987  1.311054E-17
6785.70071411345  1.449874E-17
6791.21761703703  1.037580E-17
6796.73451996061  1.153505E-17
6802.25142288419  1.168514E-17
6807.76832580777  1.327277E-17
6813.28522873135  1.652396E-17
6818.80213165493  7.784167E-18
6824.31903457851  1.122303E-17
6829.83593750209  1.121986E-17
6835.35284042567  1.315491E-17
6840.86974334925  1.186808E-17
6846.38664627283  1.469817E-17
6851.90354919641  1.335682E-17
6857.42045211999  1.064850E-17
6862.93735504357  1.193340E-17
6868.45425796715  1.361357E-17
6873.97116089073  1.211691E-17
6879.48806381431  8.166609E-18
6885.00496673789  1.192472E-17
6890.52186966147  1.425957E-17
6896.03877258505  1.092959E-17
6901.55567550863  1.210014E-17
6907.07257843221  1.598920E-17
6912.58948135579  1.266251E-17
6918.10638427937  1.047181E-17
6923.62328720295  1.468086E-17
6929.14019012653  1.166776E-17
6934.65709305011  1.192037E-17
6940.17399597369  1.061704E-17
6945.69089889727  6.558102E-18
6951.20780182085  1.210268E-19
6956.72470474443  3.049794E-18
6962.24160766801  2.400632E-18
6967.75851059159  4.318199E-18
6973.27541351517  8.810771E-18
6978.79231643875  9.213844E-18
6984.30921936233  1.059473E-17
6989.82612228591  1.117608E-17
6995.34302520949  7.127650E-18
7000.85992813307  7.690571E-18
7006.37683105665  1.355207E-17
7011.89373398023  1.250878E-17
7017.41063690381  7.299648E-18
7022.92753982739  6.319308E-18
7028.44444275097  9.500908E-18
7033.96134567455  9.325229E-18
7039.47824859813  6.889410E-18
7044.99515152171  6.508024E-18
7050.51205444529  7.985372E-18
7056.02895736887  1.000227E-17
7061.54586029245  7.020565E-18
7067.06276321603  8.041320E-18
7072.57966613961  4.385381E-18
7078.09656906319  5.855909E-18
7083.61347198677  5.473981E-18
7089.13037491035  5.877239E-18
7094.64727783393  8.245542E-18
7100.16418075751  3.728698E-18
7105.68108368109  3.011890E-18
7111.19798660467  4.122812E-18
7116.71488952825  5.440198E-18
7122.23179245183  2.126815E-18
7127.74869537541  3.961198E-18
7133.26559829899  6.024832E-18
7138.78250122257  3.450639E-18
7144.29940414615  4.412714E-18
7149.81630706973  6.201529E-18
7155.33320999331  4.841895E-18
7160.85011291689  3.786396E-18
7166.36701584047  5.692552E-18
7171.88391876405  5.743998E-18
7177.40082168763  4.107154E-18
7182.91772461121  3.974437E-18
7188.43462753479  6.159708E-18
7193.95153045837  5.518045E-18
7199.46843338195  3.504389E-18
7204.98533630553  2.822339E-18
7210.50223922911  3.047822E-18
7216.01914215269  6.772808E-18
7221.53604507627  7.342888E-18
7227.05294799985  4.748567E-18
7232.56985092343  -1.916960E-18
7238.08675384701  7.657453E-18
7243.60365677059  6.796167E-18
7249.12055969417  3.576706E-18
7254.63746261775  3.790123E-18
7260.15436554133  3.468459E-18
7265.67126846491  6.132385E-18
7271.18817138849  5.883186E-18
7276.70507431207  5.659945E-18
7282.22197723565  6.286150E-18
7287.73888015923  6.431830E-18
7293.25578308281  3.695389E-18
7298.77268600639  6.022249E-18
7304.28958892997  1.416876E-18
7309.80649185355  1.527609E-18
7315.32339477713  2.543723E-18
7320.84029770071  5.252034E-18
7326.35720062429  6.155273E-18
7331.87410354787  4.310456E-18
7337.39100647145  1.898403E-18
7342.90790939503  6.181077E-18
7348.42481231861  7.418203E-18
7353.94171524219  6.515755E-18
7359.45861816577  8.075671E-18
7364.97552108935  4.656797E-18
7370.49242401293  2.478702E-18
7376.00932693651  2.711077E-18
7381.52622986009  1.019536E-18
7387.04313278367  5.739885E-18
7392.56003570725  -5.497719E-20
7398.07693863083  -1.174922E-18
7403.59384155441  2.693740E-18
7409.11074447799  8.203884E-19
7414.62764740157  3.432940E-18
7420.14455032515  6.137982E-18
7425.66145324873  1.093373E-18
7431.17835617231  1.551234E-18
7436.69525909589  3.024632E-18
7442.21216201947  2.479724E-18
7447.72906494305  6.978988E-18
7453.24596786663  5.320552E-18
7458.76287079021  2.430340E-18
7464.27977371379  2.584688E-18
7469.79667663737  2.595611E-18
7475.31357956095  4.092471E-18
7480.83048248453  5.131640E-18
7486.34738540811  3.034642E-18
7491.86428833169  6.389200E-18
7497.38119125527  6.517921E-18
7502.89809417885  4.093985E-18
7508.41499710243  4.859941E-18
7513.93190002601  7.036645E-18
7519.44880294959  8.650438E-18
7524.96570587317  6.625981E-18
7530.48260879675  5.253512E-18
7535.99951172033  7.141570E-18
7541.51641464391  7.137191E-18
7547.03331756749  2.567140E-18
7552.55022049107  5.879089E-18
7558.06712341465  3.681829E-18
7563.58402633823  6.110384E-18
7569.10092926181  3.497883E-18
7574.61783218539  3.475855E-18
7580.13473510897  6.966317E-18
7585.65163803255  2.624443E-18
7591.16854095613  4.311414E-18
7596.68544387971  2.631341E-18
7602.20234680329  -7.695449E-20
7607.71924972687  -4.486803E-18
7613.23615265045  4.525775E-18
7618.75305557403  1.108026E-17
7624.26995849761  7.657426E-18
7629.78686142119  5.967857E-18
7635.30376434477  3.847463E-18
7640.82066726835  3.240820E-18
7646.33757019193  4.090911E-18
7651.85447311551  7.269608E-18
7657.37137603909  7.360993E-18
7662.88827896267  4.525765E-18
7668.40518188625  4.048116E-18
7673.92208480983  3.140496E-18
7679.43898773341  1.003499E-17
7684.95589065699  8.351491E-18
7690.47279358057  6.538378E-18
7695.98969650415  3.522389E-18
7701.50659942773  2.622101E-18
7707.02350235131  5.346673E-18
7712.54040527489  1.064344E-18
7718.05730819847  1.067728E-17
7723.57421112205  9.186764E-18
7729.09111404563  1.000713E-17
7734.60801696921  7.108954E-18
7740.12491989279  7.264352E-19
7745.64182281637  1.129920E-17
7751.15872573995  9.728513E-18
7756.67562866353  5.522431E-18
7762.19253158711  4.528755E-18
7767.70943451069  7.067148E-18
7773.22633743427  9.561688E-18
7778.74324035785  3.863072E-18
7784.26014328143  9.916980E-19
7789.77704620501  4.517006E-18
7795.29394912859  6.580161E-18
7800.81085205217  6.663804E-18
7806.32775497575  5.890183E-18
7811.84465789933  7.607865E-18
7817.36156082291  5.797201E-18
7822.87846374649  1.360068E-17
7828.39536667007  4.287735E-18
7833.91226959365  8.615761E-18
7839.42917251723  6.240204E-18
7844.94607544081  2.972360E-18
7850.46297836439  5.951313E-18
7855.97988128797  4.536144E-18
7861.49678421155  2.735251E-18
7867.01368713513  9.133935E-18
7872.53059005871  9.599943E-19
7878.04749298229  8.869665E-19
7883.56439590587  2.135790E-18
7889.08129882945  7.110335E-18
7894.59820175303  1.055379E-17
7900.11510467661  8.286520E-18
7905.63200760019  8.274685E-18
7911.14891052377  6.121717E-18
7916.66581344735  -4.637139E-19
7922.18271637093  -1.410880E-18
7927.69961929451  4.260453E-18
7933.21652221809  7.330567E-18
7938.73342514167  9.700853E-18
7944.25032806525  1.276423E-18
7949.76723098883  2.870523E-18
7955.28413391241  7.388109E-18
7960.80103683599  1.206706E-17
7966.31793975957  1.814889E-17
7971.83484268315  9.039843E-18
7977.35174560673  6.416314E-18
7982.86864853031  -2.311851E-19
7988.38555145389  4.569803E-18
7993.90245437747  4.789280E-18
7999.41935730105  1.035917E-17
8004.93626022463  9.406137E-18
8010.45316314821  2.968892E-18
8015.97006607179  2.946661E-18
8021.48696899537  2.907419E-18
8027.00387191895  1.562915E-18
8032.52077484253  5.050104E-18
8038.03767776611  3.444340E-18
8043.55458068969  4.788563E-18
8049.07148361327  7.404832E-18
8054.58838653685  4.414401E-18
8060.10528946043  9.347904E-18
8065.62219238401  5.158581E-18
8071.13909530759  1.018526E-18
8076.65599823117  4.920670E-18
8082.17290115475  4.194241E-18
8087.68980407833  6.035371E-18
8093.20670700191  8.061519E-18
8098.72360992549  2.881270E-18
8104.24051284907  2.601858E-18
8109.75741577265  9.724541E-18
8115.27431869623  7.041291E-18
8120.79122161981  8.586817E-18
8126.30812454339  6.366906E-18
8131.82502746697  5.180280E-18
8137.34193039055  4.281635E-18
8142.85883331413  1.053300E-17
8148.37573623771  9.623708E-18
8153.89263916129  5.134157E-18
8159.40954208487  7.198658E-18
8164.92644500845  4.135269E-18
8170.44334793203  6.343674E-18
8175.96025085561  1.024396E-17
8181.47715377919  7.982992E-18
8186.99405670277  4.070217E-18
8192.51095962635  2.477169E-18
8198.02786254993  6.472443E-18
8203.54476547351  5.889446E-18
8209.06166839709  5.657103E-18
8214.57857132067  8.037846E-18
8220.09547424425  8.413528E-18
8225.61237716783  5.714143E-18
8231.12928009141  4.889938E-18
8236.64618301499  8.716378E-18
8242.16308593857  6.159376E-18
8247.67998886215  8.495092E-18
8253.19689178573  3.625245E-18
8258.71379470931  4.975208E-18
8264.23069763289  7.179987E-18
8269.74760055647  6.677996E-18
8275.26450348005  7.889102E-18
8280.78140640363  8.038535E-19
8286.29830932721  5.886887E-18
8291.81521225079  1.520668E-17
8297.33211517437  1.286532E-17
8302.84901809795  4.148110E-18
8308.36592102153  -3.209193E-18
8313.88282394511  5.813930E-18
8319.39972686869  5.071677E-18
8324.91662979227  6.957488E-18
8330.43353271585  8.251156E-18
8335.95043563943  1.658197E-18
8341.46733856301  -1.664143E-18
8346.98424148659  -1.553444E-18
8352.50114441017  9.088303E-18
8358.01804733375  8.946455E-18
8363.53495025733  5.533519E-18
8369.05185318091  4.811759E-18
8374.56875610449  5.551801E-18
8380.08565902807  4.688104E-18
8385.60256195165  -6.577814E-19
8391.11946487523  4.894206E-18
8396.63636779881  6.592867E-18
8402.15327072239  1.723778E-17
8407.67017364597  3.881325E-18
8413.18707656955  1.457685E-18
8418.70397949313  -4.051425E-18
8424.22088241671  8.199606E-19
8429.73778534029  5.699242E-18
8435.25468826387  -3.488396E-18
8440.77159118745  1.593635E-18
8446.28849411103  3.893380E-19
8451.80539703461  3.355499E-18
8457.32229995819  -3.508759E-20
8462.83920288177  -3.566649E-18
8468.35610580535  6.086090E-18
8473.87300872893  6.472291E-18
8479.38991165251  2.843010E-18
8484.90681457609  1.147535E-18
8490.42371749967  1.732090E-18
8495.94062042325  -5.653595E-18
8501.45752334683  6.776962E-19
8506.97442627041  7.645586E-18
8512.49132919399  -8.855452E-20
8518.00823211757  2.802818E-18
8523.52513504115  4.107607E-19
8529.04203796473  4.565176E-18
8534.55894088831  -4.120506E-19
8540.07584381189  4.132529E-19
8545.59274673547  2.195596E-18
8551.10964965905  8.788494E-18
8556.62655258263  -6.300784E-19
8562.14345550621  9.383434E-18
8567.66035842979  3.515325E-18
8573.17726135337  3.040499E-18
8578.69416427695  9.211674E-18
8584.21106720053  2.498876E-18
8589.72797012411  1.669364E-18
8595.24487304769  -2.863273E-18
8600.76177597127  2.081951E-18
8606.27867889485  1.552188E-18
8611.79558181843  -1.750635E-19
8617.31248474201  1.379656E-20
8622.82938766559  2.519985E-18
8628.34629058917  4.192067E-19
8633.86319351275  1.941334E-18
8639.38009643633  2.310928E-18
8644.89699935991  -1.344709E-18
8650.41390228349  -3.682173E-18
8655.93080520707  -7.787993E-18
8661.44770813065  -1.257087E-18
8666.96461105423  -2.344506E-19
8672.48151397781  2.013446E-18
8677.99841690139  7.989813E-18
8683.51531982497  6.385920E-18
8689.03222274855  -8.889646E-18
8694.54912567213  -3.101067E-18
8700.06602859571  -4.841037E-18
8705.58293151929  -6.949670E-19
8711.09983444287  8.871721E-18
8716.61673736645  -4.277566E-18
8722.13364029003  -5.741914E-18
8727.65054321361  -2.974011E-18
8733.16744613719  -3.271446E-19
8738.68434906077  9.636541E-19
8744.20125198435  3.230667E-18
8749.71815490793  -1.956532E-18
8755.23505783151  -6.225492E-18
8760.75196075509  -5.465286E-18
8766.26886367867  -1.510410E-18
8771.78576660225  3.745446E-19
8777.30266952583  -7.689766E-19
8782.81957244941  -1.659451E-18
8788.33647537299  7.022102E-19
8793.85337829657  7.310044E-19
8799.37028122015  -3.531509E-18
8804.88718414373  4.598846E-20
8810.40408706731  -1.357379E-19
8815.92098999089  2.428921E-18
8821.43789291447  1.486013E-17
8826.95479583805  1.860266E-17
8832.47169876163  1.384456E-17
8837.98860168521  2.935726E-19
8843.50550460879  -1.002756E-17
8849.02240753237  5.815374E-19
8854.53931045595  -3.947586E-18
8860.05621337953  2.127107E-18
8865.57311630311  -4.361700E-18
8871.09001922669  9.891024E-19
8876.60692215027  2.887382E-19
8882.12382507385  -2.820049E-18
8887.64072799743  -2.072973E-18
8893.15763092101  -3.810045E-20
8898.67453384459  2.448183E-18
8904.19143676817  3.743867E-18
8909.70833969175  -7.927353E-19
8915.22524261533  -3.858243E-18
8920.74214553891  3.537292E-18
8926.25904846249  1.604284E-18
8931.77595138607  4.376734E-18
8937.29285430965  8.077990E-18
8942.80975723323  -4.421661E-18
8948.32666015681  7.019954E-18
8953.84356308039  1.428360E-17
8959.36046600397  8.414902E-18
8964.87736892755  7.966356E-18
8970.39427185113  5.423302E-18
8975.91117477471  4.903735E-18
8981.42807769829  7.759250E-18
8986.94498062187  3.912836E-18
8992.46188354545  9.092556E-18
8997.97878646903  1.250664E-17
9003.49568939261  1.045645E-17
9009.01259231619  9.659565E-18
9014.52949523977  1.035095E-18
9020.04639816335  4.344557E-18
9025.56330108693  -2.542505E-19
9031.08020401051  -2.010491E-19
9036.59710693409  1.091918E-17
9042.11400985767  1.055238E-17
9047.63091278125  1.230267E-18
9053.14781570483  2.523046E-18
9058.66471862841  -5.371354E-19
9064.18162155199  9.979754E-19
9069.69852447557  1.516438E-17
9075.21542739915  5.152169E-19
9080.73233032273  6.844178E-18
9086.24923324631  4.071424E-18
9091.76613616989  3.662527E-18
9097.28303909347  1.014795E-17
9102.79994201705  6.035386E-18
9108.31684494063  -2.612126E-18
9113.83374786421  3.593968E-18
9119.35065078779  1.120016E-17
9124.86755371137  4.611076E-18
9130.38445663495  1.214646E-17
9135.90135955853  5.835067E-18
9141.41826248211  5.733250E-18
9146.93516540569  4.130321E-18
9152.45206832927  9.466884E-18
9157.96897125285  1.338692E-17
9163.48587417643  6.120710E-18
9169.00277710001  -1.710476E-18
9174.51968002359  1.581727E-18
9180.03658294717  1.599411E-17
9185.55348587075  1.141877E-17
9191.07038879433  -4.803122E-18
9196.58729171791  4.653213E-18
9202.10419464149  4.830913E-18
9207.62109756507  1.542938E-18
9213.13800048865  1.574350E-17
9218.65490341223  4.996908E-18
9224.17180633581  9.402342E-18
9229.68870925939  1.203300E-17
9235.20561218297  5.131375E-18
9240.72251510655  1.438864E-17
9246.23941803013  7.464736E-18
