3300.238000 1.087927e-15
3303.288070 1.495510e-15
3306.338141 4.688640e-15
3309.388211 3.238164e-15
3312.438282 2.046189e-15
3315.488352 5.344980e-15
3318.538423 4.947577e-15
3321.588493 3.519846e-15
3324.638564 2.486736e-15
3327.688634 4.903472e-15
3330.738705 5.319254e-15
3333.788775 4.372169e-15
3336.838846 1.311705e-15
3339.888916 1.742153e-15
3342.938986 -2.875329e-16
3345.989057 6.942725e-16
3349.039127 9.988487e-16
3352.089198 1.860331e-15
3355.139268 1.854758e-15
3358.189339 2.820729e-15
3361.239409 3.156484e-15
3364.289480 1.238274e-15
3367.339550 1.972162e-15
3370.389621 2.938336e-16
3373.439691 1.039640e-15
3376.489761 1.517459e-15
3379.539832 1.788637e-15
3382.589902 2.084020e-15
3385.639973 1.717958e-15
3388.690043 6.266802e-16
3391.740114 1.213293e-15
3394.790184 1.164839e-15
3397.840255 2.005651e-15
3400.890325 2.590211e-15
3403.940396 2.942948e-15
3406.990466 3.500254e-15
3410.040537 2.343676e-15
3413.090607 2.440826e-15
3416.140677 2.430044e-15
3419.190748 1.969768e-15
3422.240818 1.929102e-15
3425.290889 1.849797e-15
3428.340959 2.348605e-15
3431.391030 2.747741e-15
3434.441100 1.894399e-15
3437.491171 1.984723e-15
3440.541241 3.097598e-15
3443.591312 2.189094e-15
3446.641382 2.236099e-15
3449.691453 1.179709e-15
3452.741523 1.164678e-15
3455.791593 1.958665e-15
3458.841664 2.116130e-15
3461.891734 1.759474e-15
3464.941805 1.656656e-15
3467.991875 2.088333e-15
3471.041946 2.023682e-15
3474.092016 2.118251e-15
3477.142087 2.330420e-15
3480.192157 2.462771e-15
3483.242228 2.608474e-15
3486.292298 1.782185e-15
3489.342368 1.766195e-15
3492.392439 2.067623e-15
3495.442509 2.193362e-15
3498.492580 2.131399e-15
3501.542650 2.670241e-15
3504.592721 2.926684e-15
3507.642791 2.980528e-15
3510.692862 2.703996e-15
3513.742932 2.341192e-15
3516.793003 2.540196e-15
3519.843073 2.622389e-15
3522.893144 2.927846e-15
3525.943214 3.043840e-15
3528.993284 3.492553e-15
3532.043355 3.511843e-15
3535.093425 3.555483e-15
3538.143496 3.394215e-15
3541.193566 3.453244e-15
3544.243637 3.437957e-15
3547.293707 3.351304e-15
3550.343778 3.532664e-15
3553.393848 3.009818e-15
3556.443919 3.380310e-15
3559.493989 3.408246e-15
3562.544059 3.760862e-15
3565.594130 3.668112e-15
3568.644200 3.450388e-15
3571.694271 3.792717e-15
3574.744341 3.623274e-15
3577.794412 4.014902e-15
3580.844482 3.771762e-15
3583.894553 3.641313e-15
3586.944623 3.870393e-15
3589.994694 4.048040e-15
3593.044764 3.934675e-15
3596.094835 3.737854e-15
3599.144905 4.027339e-15
3602.194975 4.287582e-15
3605.245046 4.030240e-15
3608.295116 3.981434e-15
3611.345187 3.761075e-15
3614.395257 3.707834e-15
3617.445328 3.502321e-15
3620.495398 3.767842e-15
3623.545469 3.494408e-15
3626.595539 3.538017e-15
3629.645610 3.437088e-15
3632.695680 3.419060e-15
3635.745751 3.411399e-15
3638.795821 3.794482e-15
3641.845891 3.906146e-15
3644.895962 3.942619e-15
3647.946032 4.252020e-15
3650.996103 4.296302e-15
3654.046173 4.368561e-15
3657.096244 4.723508e-15
3660.146314 4.762401e-15
3663.196385 4.780377e-15
3666.246455 4.684551e-15
3669.296526 4.991073e-15
3672.346596 4.929739e-15
3675.396666 5.156565e-15
3678.446737 5.197769e-15
3681.496807 5.190115e-15
3684.546878 5.182815e-15
3687.596948 5.202555e-15
3690.647019 5.560344e-15
3693.697089 5.316031e-15
3696.747160 5.506613e-15
3699.797230 5.633875e-15
3702.847301 5.485343e-15
3705.897371 5.354556e-15
3708.947442 5.466720e-15
3711.997512 5.350683e-15
3715.047582 5.245671e-15
3718.097653 5.295464e-15
3721.147723 5.101714e-15
3724.197794 5.085119e-15
3727.247864 4.943751e-15
3730.297935 5.158472e-15
3733.348005 5.097471e-15
3736.398076 4.938415e-15
3739.448146 5.102283e-15
3742.498217 5.225933e-15
3745.548287 5.154345e-15
3748.598358 5.276283e-15
3751.648428 5.218553e-15
3754.698498 5.207630e-15
3757.748569 4.949918e-15
3760.798639 4.950213e-15
3763.848710 4.992740e-15
3766.898780 4.992674e-15
3769.948851 4.667199e-15
3772.998921 4.688541e-15
3776.048992 4.559001e-15
3779.099062 4.291488e-15
3782.149133 4.133523e-15
3785.199203 4.059190e-15
3788.249273 3.776595e-15
3791.299344 3.757276e-15
3794.349414 3.598284e-15
3797.399485 3.400146e-15
3800.449555 3.579621e-15
3803.499626 3.703547e-15
3806.549696 3.739505e-15
3809.599767 3.695919e-15
3812.649837 3.733449e-15
3815.699908 3.729765e-15
3818.749978 3.870620e-15
3821.800049 3.837553e-15
3824.850119 3.973083e-15
3827.900189 4.088667e-15
3830.950260 4.342590e-15
3834.000330 4.492276e-15
3837.050401 4.802100e-15
3840.100471 4.955910e-15
3843.150542 5.419918e-15
3846.200612 5.804084e-15
3849.250683 6.139702e-15
3852.300753 6.453826e-15
3855.350824 6.883422e-15
3858.400894 7.244784e-15
3861.450965 7.676503e-15
3864.501035 7.935895e-15
3867.551105 8.201251e-15
3870.601176 8.507855e-15
3873.651246 8.509650e-15
3876.701317 8.983941e-15
3879.751387 9.316937e-15
3882.801458 9.469807e-15
3885.851528 9.673370e-15
3888.901599 9.969692e-15
3891.951669 9.957081e-15
3895.001740 9.787964e-15
3898.051810 1.029825e-14
3901.101880 1.042831e-14
3904.151951 1.047840e-14
3907.202021 1.079317e-14
3910.252092 1.083783e-14
3913.302162 1.082966e-14
3916.352233 1.098113e-14
3919.402303 1.121614e-14
3922.452374 1.149741e-14
3925.502444 1.159029e-14
3928.552515 1.149150e-14
3931.602585 1.157374e-14
3934.652656 1.183273e-14
3937.702726 1.192535e-14
3940.752796 1.222755e-14
3943.802867 1.221267e-14
3946.852937 1.227912e-14
3949.903008 1.229461e-14
3952.953078 1.222072e-14
3956.003149 1.241020e-14
3959.053219 1.257372e-14
3962.103290 1.252239e-14
3965.153360 1.253717e-14
3968.203431 1.255243e-14
3971.253501 1.232233e-14
3974.303572 1.198192e-14
3977.353642 1.229162e-14
3980.403712 1.180220e-14
3983.453783 1.159969e-14
3986.503853 1.149297e-14
3989.553924 1.134589e-14
3992.603994 1.106373e-14
3995.654065 1.080941e-14
3998.704135 1.049570e-14
4001.754206 1.041915e-14
4004.804276 1.005714e-14
4007.854347 9.810991e-15
4010.904417 9.396678e-15
4013.954487 9.136074e-15
4017.004558 8.781930e-15
4020.054628 8.598080e-15
4023.104699 8.437024e-15
4026.154769 8.058891e-15
4029.204840 7.931859e-15
4032.254910 7.712587e-15
4035.304981 7.619036e-15
4038.355051 7.533177e-15
4041.405122 7.695880e-15
4044.455192 7.597620e-15
4047.505263 7.627971e-15
4050.555333 7.649774e-15
4053.605403 7.652588e-15
4056.655474 7.703559e-15
4059.705544 7.740223e-15
4062.755615 7.732136e-15
4065.805685 7.701540e-15
4068.855756 7.815005e-15
4071.905826 7.947804e-15
4074.955897 7.825453e-15
4078.005967 7.528641e-15
4081.056038 7.435808e-15
4084.106108 7.067575e-15
4087.156178 6.823405e-15
4090.206249 6.722629e-15
4093.256319 6.644487e-15
4096.306390 6.534348e-15
4099.356460 6.507041e-15
4102.406531 6.515729e-15
4105.456601 6.454070e-15
4108.506672 6.512638e-15
4111.556742 6.511376e-15
4114.606813 6.573684e-15
4117.656883 6.509489e-15
4120.706954 6.520268e-15
4123.757024 6.509265e-15
4126.807094 6.565357e-15
4129.857165 6.572251e-15
4132.907235 6.738089e-15
4135.957306 6.855911e-15
4139.007376 6.854283e-15
4142.057447 6.971886e-15
4145.107517 6.976747e-15
4148.157588 6.900040e-15
4151.207658 6.971350e-15
4154.257729 7.085129e-15
4157.307799 7.054376e-15
4160.357870 7.113915e-15
4163.407940 7.317624e-15
4166.458010 7.497039e-15
4169.508081 7.672374e-15
4172.558151 7.936308e-15
4175.608222 8.108743e-15
4178.658292 8.319048e-15
4181.708363 8.565842e-15
4184.758433 8.572079e-15
4187.808504 8.598469e-15
4190.858574 8.523553e-15
4193.908645 8.447734e-15
4196.958715 8.279485e-15
4200.008785 8.158687e-15
4203.058856 8.066219e-15
4206.108926 8.017033e-15
4209.158997 8.060953e-15
4212.209067 8.217181e-15
4215.259138 8.085908e-15
4218.309208 8.028056e-15
4221.359279 8.082411e-15
4224.409349 8.086658e-15
4227.459420 8.023462e-15
4230.509490 8.124565e-15
4233.559561 8.040664e-15
4236.609631 7.974516e-15
4239.659701 8.066636e-15
4242.709772 8.111171e-15
4245.759842 8.109222e-15
4248.809913 8.207253e-15
4251.859983 8.262302e-15
4254.910054 8.312890e-15
4257.960124 8.362585e-15
4261.010195 8.410029e-15
4264.060265 8.371326e-15
4267.110336 8.341564e-15
4270.160406 8.407046e-15
4273.210477 8.479942e-15
4276.260547 8.754613e-15
4279.310617 8.758533e-15
4282.360688 8.875926e-15
4285.410758 8.928166e-15
4288.460829 9.019496e-15
4291.510899 9.130532e-15
4294.560970 9.306897e-15
4297.611040 9.402566e-15
4300.661111 9.486462e-15
4303.711181 9.673123e-15
4306.761252 9.698126e-15
4309.811322 9.750300e-15
4312.861392 9.851852e-15
4315.911463 9.433855e-15
4318.961533 9.620920e-15
4322.011604 9.954201e-15
4325.061674 9.834152e-15
4328.111745 9.704471e-15
4331.161815 9.667652e-15
4334.211886 9.509099e-15
4337.261956 9.166344e-15
4340.312027 8.931561e-15
4343.362097 8.645475e-15
4346.412168 8.359806e-15
4349.462238 8.159436e-15
4352.512308 7.939463e-15
4355.562379 7.589025e-15
4358.612449 7.348095e-15
4361.662520 7.174151e-15
4364.712590 6.970584e-15
4367.762661 6.736697e-15
4370.812731 6.565686e-15
4373.862802 6.476468e-15
4376.912872 6.315371e-15
4379.962943 6.143355e-15
4383.013013 5.957763e-15
4386.063084 5.745412e-15
4389.113154 5.619216e-15
4392.163224 5.527537e-15
4395.213295 5.317121e-15
4398.263365 5.226976e-15
4401.313436 5.094473e-15
4404.363506 5.110287e-15
4407.413577 4.969665e-15
4410.463647 4.882780e-15
4413.513718 4.768448e-15
4416.563788 4.726001e-15
4419.613859 4.739187e-15
4422.663929 4.727910e-15
4425.713999 4.714079e-15
4428.764070 4.689800e-15
4431.814140 4.789224e-15
4434.864211 4.866549e-15
4437.914281 5.019985e-15
4440.964352 5.088450e-15
4444.014422 5.272308e-15
4447.064493 5.369138e-15
4450.114563 5.432253e-15
4453.164634 5.514908e-15
4456.214704 5.527169e-15
4459.264775 5.488663e-15
4462.314845 5.566967e-15
4465.364915 5.594919e-15
4468.414986 5.651714e-15
4471.465056 5.809521e-15
4474.515127 5.933118e-15
4477.565197 6.102858e-15
4480.615268 6.302563e-15
4483.665338 6.536265e-15
4486.715409 6.741904e-15
4489.765479 6.910099e-15
4492.815550 7.071868e-15
4495.865620 7.280666e-15
4498.915691 7.395646e-15
4501.965761 7.532207e-15
4505.015831 7.781030e-15
4508.065902 7.879580e-15
4511.115972 8.169990e-15
4514.166043 8.524842e-15
4517.216113 8.903177e-15
4520.266184 9.097656e-15
4523.316254 9.434428e-15
4526.366325 9.735919e-15
4529.416395 1.011676e-14
4532.466466 1.052633e-14
4535.516536 1.087556e-14
4538.566606 1.120180e-14
4541.616677 1.143217e-14
4544.666747 1.184982e-14
4547.716818 1.209868e-14
4550.766888 1.244308e-14
4553.816959 1.279061e-14
4556.867029 1.290397e-14
4559.917100 1.313505e-14
4562.967170 1.340750e-14
4566.017241 1.356549e-14
4569.067311 1.355735e-14
4572.117382 1.372482e-14
4575.167452 1.392261e-14
4578.217522 1.415198e-14
4581.267593 1.442624e-14
4584.317663 1.467182e-14
4587.367734 1.487878e-14
4590.417804 1.521692e-14
4593.467875 1.555427e-14
4596.517945 1.574636e-14
4599.568016 1.614032e-14
4602.618086 1.644964e-14
4605.668157 1.690492e-14
4608.718227 1.731915e-14
4611.768297 1.760035e-14
4614.818368 1.792535e-14
4617.868438 1.817080e-14
4620.918509 1.841655e-14
4623.968579 1.855729e-14
4627.018650 1.865993e-14
4630.068720 1.871701e-14
4633.118791 1.872764e-14
4636.168861 1.849790e-14
4639.218932 1.828957e-14
4642.269002 1.784759e-14
4645.319073 1.732399e-14
4648.369143 1.684377e-14
4651.419213 1.604250e-14
4654.469284 1.524629e-14
4657.519354 1.449808e-14
4660.569425 1.383979e-14
4663.619495 1.330127e-14
4666.669566 1.274827e-14
4669.719636 1.222420e-14
4672.769707 1.179435e-14
4675.819777 1.150994e-14
4678.869848 1.114356e-14
4681.919918 1.076215e-14
4684.969989 1.044640e-14
4688.020059 1.021413e-14
4691.070129 1.002047e-14
4694.120200 9.804398e-15
4697.170270 9.540586e-15
4700.220341 9.502268e-15
4703.270411 9.385817e-15
4706.320482 9.403090e-15
4709.370552 9.440642e-15
4712.420623 9.439610e-15
4715.470693 9.547223e-15
4718.520764 9.814992e-15
4721.570834 9.968406e-15
4724.620904 1.025638e-14
4727.670975 1.037853e-14
4730.721045 1.039895e-14
4733.771116 1.030327e-14
4736.821186 1.010503e-14
4739.871257 9.723328e-15
4742.921327 9.297741e-15
4745.971398 8.800084e-15
4749.021468 8.301761e-15
4752.071539 7.800815e-15
4755.121609 7.443944e-15
4758.171680 7.199216e-15
4761.221750 6.953399e-15
4764.271820 6.780049e-15
4767.321891 6.731946e-15
4770.371961 6.670512e-15
4773.422032 6.713201e-15
4776.472102 6.824904e-15
4779.522173 6.988542e-15
4782.572243 7.092946e-15
4785.622314 7.105923e-15
4788.672384 7.311178e-15
4791.722455 7.530646e-15
4794.772525 7.684090e-15
4797.822596 7.791124e-15
4800.872666 7.943072e-15
4803.922736 8.081960e-15
4806.972807 8.207725e-15
4810.022877 8.384186e-15
4813.072948 8.482707e-15
4816.123018 8.547520e-15
4819.173089 8.709915e-15
4822.223159 8.745282e-15
4825.273230 8.663349e-15
4828.323300 8.579448e-15
4831.373371 8.430092e-15
4834.423441 8.214910e-15
4837.473511 7.968434e-15
4840.523582 7.686422e-15
4843.573652 7.560265e-15
4846.623723 7.455737e-15
4849.673793 7.335030e-15
4852.723864 7.305320e-15
4855.773934 7.286678e-15
4858.824005 7.302102e-15
4861.874075 7.293756e-15
4864.924146 7.322413e-15
4867.974216 7.453648e-15
4871.024287 7.579878e-15
4874.074357 7.710359e-15
4877.124427 7.842138e-15
4880.174498 8.031016e-15
4883.224568 8.206718e-15
4886.274639 8.237987e-15
4889.324709 8.454349e-15
4892.374780 8.535752e-15
4895.424850 8.748751e-15
4898.474921 8.977029e-15
4901.524991 9.155758e-15
4904.575062 9.440675e-15
4907.625132 9.690054e-15
4910.675203 9.907995e-15
4913.725273 1.011878e-14
4916.775343 1.028063e-14
4919.825414 1.047256e-14
4922.875484 1.071295e-14
4925.925555 1.083662e-14
4928.975625 1.103556e-14
4932.025696 1.127255e-14
4935.075766 1.142994e-14
4938.125837 1.160048e-14
4941.175907 1.168674e-14
4944.225978 1.170786e-14
4947.276048 1.183744e-14
4950.326118 1.201428e-14
4953.376189 1.208414e-14
4956.426259 1.208312e-14
4959.476330 1.215785e-14
4962.526400 1.221727e-14
4965.576471 1.208446e-14
4968.626541 1.188011e-14
4971.676612 1.156548e-14
4974.726682 1.118159e-14
4977.776753 1.072236e-14
4980.826823 1.022248e-14
4983.876894 9.628915e-15
4986.926964 9.162111e-15
4989.977034 8.833519e-15
4993.027105 8.450754e-15
4996.077175 8.179047e-15
4999.127246 7.874595e-15
5002.177316 7.679574e-15
5005.227387 7.483783e-15
5008.277457 7.307814e-15
5011.327528 7.077898e-15
5014.377598 6.953654e-15
5017.427669 6.983325e-15
5020.477739 6.888170e-15
5023.527809 6.870745e-15
5026.577880 6.897156e-15
5029.627950 6.885901e-15
5032.678021 6.905725e-15
5035.728091 6.868112e-15
5038.778162 6.854682e-15
5041.828232 6.769231e-15
5044.878303 6.664274e-15
5047.928373 6.638777e-15
5050.978444 6.610793e-15
5054.028514 6.578985e-15
5057.078585 6.602118e-15
5060.128655 6.623266e-15
5063.178725 6.601468e-15
5066.228796 6.639565e-15
5069.278866 6.741703e-15
5072.328937 6.790756e-15
5075.379007 6.767552e-15
5078.429078 6.787353e-15
5081.479148 6.786215e-15
5084.529219 6.780799e-15
5087.579289 6.781623e-15
5090.629360 6.714095e-15
5093.679430 6.729330e-15
5096.729501 6.761380e-15
5099.779571 6.812812e-15
5102.829641 6.846918e-15
5105.879712 6.879881e-15
5108.929782 6.981109e-15
5111.979853 7.001600e-15
5115.029923 7.041802e-15
5118.079994 7.045118e-15
5121.130064 7.037228e-15
5124.180135 7.000953e-15
5127.230205 6.903642e-15
5130.280276 6.874107e-15
5133.330346 6.952382e-15
5136.380416 6.893577e-15
5139.430487 6.877351e-15
5142.480557 6.927316e-15
5145.530628 6.962171e-15
5148.580698 7.061263e-15
5151.630769 7.163032e-15
5154.680839 7.282723e-15
5157.730910 7.364300e-15
5160.780980 7.469203e-15
5163.831051 7.617550e-15
5166.881121 7.720721e-15
5169.931192 7.818302e-15
5172.981262 7.916068e-15
5176.031332 8.019681e-15
5179.081403 8.209221e-15
5182.131473 8.325838e-15
5185.181544 8.456643e-15
5188.231614 8.613359e-15
5191.281685 8.813925e-15
5194.331755 8.927952e-15
5197.381826 9.061638e-15
5200.431896 9.351621e-15
5203.481967 9.458902e-15
5206.532037 9.619445e-15
5209.582108 9.825237e-15
5212.632178 9.987936e-15
5215.682248 1.015002e-14
5218.732319 1.031125e-14
5221.782389 1.043713e-14
5224.832460 1.052857e-14
5227.882530 1.073189e-14
5230.932601 1.082512e-14
5233.982671 1.094160e-14
5237.032742 1.112131e-14
5240.082812 1.127177e-14
5243.132883 1.140961e-14
5246.182953 1.153288e-14
5249.233023 1.174543e-14
5252.283094 1.193048e-14
5255.333164 1.220677e-14
5258.383235 1.234896e-14
5261.433305 1.254650e-14
5264.483376 1.282447e-14
5267.533446 1.296679e-14
5270.583517 1.314678e-14
5273.633587 1.332015e-14
5276.683658 1.340195e-14
5279.733728 1.346792e-14
5282.783799 1.365254e-14
5285.833869 1.375569e-14
5288.883939 1.377842e-14
5291.934010 1.391649e-14
5294.984080 1.398214e-14
5298.034151 1.405175e-14
5301.084221 1.415964e-14
5304.134292 1.421418e-14
5307.184362 1.414379e-14
5310.234433 1.424962e-14
5313.284503 1.429212e-14
5316.334574 1.436530e-14
5319.384644 1.447466e-14
5322.434715 1.452299e-14
5325.484785 1.457314e-14
5328.534855 1.469014e-14
5331.584926 1.483073e-14
5334.634996 1.499729e-14
5337.685067 1.508164e-14
5340.735137 1.505599e-14
5343.785208 1.517242e-14
5346.835278 1.527662e-14
5349.885349 1.530617e-14
5352.935419 1.532063e-14
5355.985490 1.546983e-14
5359.035560 1.563130e-14
5362.085630 1.578957e-14
5365.135701 1.600715e-14
5368.185771 1.620124e-14
5371.235842 1.645402e-14
5374.285912 1.687254e-14
5377.335983 1.713558e-14
5380.386053 1.740976e-14
5383.436124 1.769041e-14
5386.486194 1.794223e-14
5389.536265 1.821964e-14
5392.586335 1.838967e-14
5395.636406 1.855307e-14
5398.686476 1.878598e-14
5401.736546 1.883579e-14
5404.786617 1.899253e-14
5407.836687 1.918554e-14
5410.886758 1.917270e-14
5413.936828 1.908579e-14
5416.986899 1.916377e-14
5420.036969 1.922926e-14
5423.087040 1.913347e-14
5426.137110 1.905143e-14
5429.187181 1.896867e-14
5432.237251 1.890561e-14
5435.287322 1.887918e-14
5438.337392 1.873465e-14
5441.387462 1.855398e-14
5444.437533 1.853206e-14
5447.487603 1.843732e-14
5450.537674 1.827015e-14
5453.587744 1.812752e-14
5456.637815 1.800133e-14
5459.687885 1.795501e-14
5462.737956 1.784580e-14
5465.788026 1.774037e-14
5468.838097 1.775120e-14
5471.888167 1.753234e-14
5474.938237 1.699595e-14
5477.988308 1.718399e-14
5481.038378 1.789413e-14
5484.088449 1.799789e-14
5487.138519 1.803796e-14
5490.188590 1.810002e-14
5493.238660 1.827893e-14
5496.288731 1.845268e-14
5499.338801 1.857583e-14
5502.388872 1.887391e-14
5505.438942 1.902696e-14
5508.489013 1.917936e-14
5511.539083 1.946784e-14
5514.589153 1.969885e-14
5517.639224 1.990649e-14
5520.689294 2.026129e-14
5523.739365 2.050090e-14
5526.789435 2.063243e-14
5529.839506 2.098474e-14
5532.889576 2.123070e-14
5535.939647 2.140462e-14
5538.989717 2.166827e-14
5542.039788 2.195428e-14
5545.089858 2.212917e-14
5548.139928 2.218751e-14
5551.189999 2.234550e-14
5554.240069 2.234117e-14
5557.290140 2.248232e-14
5560.340210 2.287565e-14
5563.390281 2.287247e-14
5566.440351 2.297263e-14
5569.490422 2.300328e-14
5572.540492 2.303735e-14
5575.590563 2.308742e-14
5578.640633 2.305460e-14
5581.690704 2.310316e-14
5584.740774 2.307819e-14
5587.790844 2.286391e-14
5590.840915 2.270604e-14
5593.890985 2.255902e-14
5596.941056 2.251909e-14
5599.991126 2.253775e-14
5603.041197 2.236534e-14
5606.091267 2.211859e-14
5609.141338 2.197432e-14
5612.191408 2.180044e-14
5615.241479 2.164586e-14
5618.291549 2.126068e-14
5621.341620 2.099980e-14
5624.391690 2.069967e-14
5627.441760 2.045378e-14
5630.491831 2.013745e-14
5633.541901 1.987574e-14
5636.591972 1.975000e-14
5639.642042 1.948853e-14
5642.692113 1.939391e-14
5645.742183 1.925862e-14
5648.792254 1.885918e-14
5651.842324 1.863002e-14
5654.892395 1.843202e-14
5657.942465 1.810224e-14
5660.992535 1.790178e-14
5664.042606 1.760420e-14
5667.092676 1.727937e-14
5670.142747 1.709360e-14
5673.192817 1.690440e-14
5676.242888 1.661759e-14
5679.292958 1.632756e-14
5682.343029 1.618659e-14
5685.393099 1.599251e-14
5688.443170 1.571620e-14
5691.493240 1.550162e-14
5694.543311 1.532622e-14
5697.593381 1.516897e-14
5700.643451 1.498638e-14
5703.693522 1.489229e-14
5706.743592 1.481209e-14
5709.793663 1.466183e-14
5712.843733 1.456104e-14
5715.893804 1.444903e-14
5718.943874 1.436261e-14
5721.993945 1.419312e-14
5725.044015 1.412681e-14
5728.094086 1.396356e-14
5731.144156 1.385885e-14
5734.194227 1.383989e-14
5737.244297 1.386147e-14
5740.294367 1.372841e-14
5743.344438 1.372770e-14
5746.394508 1.363711e-14
5749.444579 1.362278e-14
5752.494649 1.365853e-14
5755.544720 1.370466e-14
5758.594790 1.374365e-14
5761.644861 1.367856e-14
5764.694931 1.365071e-14
5767.745002 1.368023e-14
5770.795072 1.382891e-14
5773.845142 1.384812e-14
5776.895213 1.391937e-14
5779.945283 1.392315e-14
5782.995354 1.392636e-14
5786.045424 1.408748e-14
5789.095495 1.423804e-14
5792.145565 1.439083e-14
5795.195636 1.451294e-14
5798.245706 1.463632e-14
5801.295777 1.477707e-14
5804.345847 1.494922e-14
5807.395918 1.516510e-14
5810.445988 1.534643e-14
5813.496058 1.561915e-14
5816.546129 1.595346e-14
5819.596199 1.611363e-14
5822.646270 1.630408e-14
5825.696340 1.650025e-14
5828.746411 1.660084e-14
5831.796481 1.674394e-14
5834.846552 1.688085e-14
5837.896622 1.704337e-14
5840.946693 1.714819e-14
5843.996763 1.723476e-14
5847.046834 1.737932e-14
5850.096904 1.758199e-14
5853.146974 1.778147e-14
5856.197045 1.785897e-14
5859.247115 1.796407e-14
5862.297186 1.794482e-14
5865.347256 1.796684e-14
5868.397327 1.788823e-14
5871.447397 1.797956e-14
5874.497468 1.794122e-14
5877.547538 1.791792e-14
5880.597609 1.777955e-14
5883.647679 1.775630e-14
5886.697749 1.768341e-14
5889.747820 1.763702e-14
5892.797890 1.763597e-14
5895.847961 1.753495e-14
5898.898031 1.765172e-14
5901.948102 1.758996e-14
5904.998172 1.742418e-14
5908.048243 1.735452e-14
5911.098313 1.719552e-14
5914.148384 1.697234e-14
5917.198454 1.667160e-14
5920.248525 1.647927e-14
5923.298595 1.616193e-14
5926.348665 1.583338e-14
5929.398736 1.563078e-14
5932.448806 1.528684e-14
5935.498877 1.489783e-14
5938.548947 1.464038e-14
5941.599018 1.437998e-14
5944.649088 1.412719e-14
5947.699159 1.401348e-14
5950.749229 1.385275e-14
5953.799300 1.365357e-14
5956.849370 1.362143e-14
5959.899441 1.352774e-14
5962.949511 1.340045e-14
5965.999581 1.341172e-14
5969.049652 1.346459e-14
5972.099722 1.346228e-14
5975.149793 1.343082e-14
5978.199863 1.352893e-14
5981.249934 1.347228e-14
5984.300004 1.337777e-14
5987.350075 1.323190e-14
5990.400145 1.315178e-14
5993.450216 1.300616e-14
5996.500286 1.283833e-14
5999.550356 1.274159e-14
6002.600427 1.260003e-14
6005.650497 1.241754e-14
6008.700568 1.213457e-14
6011.750638 1.184172e-14
6014.800709 1.145118e-14
6017.850779 1.116573e-14
6020.900850 1.074670e-14
6023.950920 1.035422e-14
6027.000991 1.009501e-14
6030.051061 9.853716e-15
6033.101132 9.661708e-15
6036.151202 9.407964e-15
6039.201272 9.163617e-15
6042.251343 9.057444e-15
6045.301413 8.974500e-15
6048.351484 8.891960e-15
6051.401554 8.883835e-15
6054.451625 8.887996e-15
6057.501695 8.923356e-15
6060.551766 9.037910e-15
6063.601836 9.083532e-15
6066.651907 9.141441e-15
6069.701977 9.289043e-15
6072.752047 9.415877e-15
6075.802118 9.516490e-15
6078.852188 9.578898e-15
6081.902259 9.656725e-15
6084.952329 9.751867e-15
6088.002400 9.712728e-15
6091.052470 9.894900e-15
6094.102541 9.862731e-15
6097.152611 9.821955e-15
6100.202682 9.752662e-15
6103.252752 9.700907e-15
6106.302823 9.577091e-15
6109.352893 9.465143e-15
6112.402963 9.271765e-15
6115.453034 9.137884e-15
6118.503104 8.971771e-15
6121.553175 8.840816e-15
6124.603245 8.737939e-15
6127.653316 8.679474e-15
6130.703386 8.633447e-15
6133.753457 8.551432e-15
6136.803527 8.509916e-15
6139.853598 8.589665e-15
6142.903668 8.695345e-15
6145.953739 8.729899e-15
6149.003809 8.734885e-15
6152.053879 8.763865e-15
6155.103950 8.929343e-15
6158.154020 9.118404e-15
6161.204091 9.228847e-15
6164.254161 9.424754e-15
6167.304232 9.586211e-15
6170.354302 9.733720e-15
6173.404373 9.842980e-15
6176.454443 1.005605e-14
6179.504514 1.013069e-14
6182.554584 1.020445e-14
6185.604654 1.028257e-14
6188.654725 1.031612e-14
6191.704795 1.037788e-14
6194.754866 1.043545e-14
6197.804936 1.049412e-14
6200.855007 1.047076e-14
6203.905077 1.050303e-14
6206.955148 1.058040e-14
6210.005218 1.063184e-14
6213.055289 1.062386e-14
6216.105359 1.054977e-14
6219.155430 1.052984e-14
6222.205500 1.043395e-14
6225.255570 1.027829e-14
6228.305641 1.013043e-14
6231.355711 9.996685e-15
6234.405782 9.950550e-15
6237.455852 9.957198e-15
6240.505923 9.934786e-15
6243.555993 9.832484e-15
6246.606064 9.860631e-15
6249.656134 9.783542e-15
6252.706205 9.835347e-15
6255.756275 9.936797e-15
6258.806346 1.004884e-14
6261.856416 1.013649e-14
6264.906486 1.018478e-14
6267.956557 1.028636e-14
6271.006627 1.019015e-14
6274.056698 1.010996e-14
6277.106768 1.011149e-14
6280.156839 1.020112e-14
6283.206909 1.023046e-14
6286.256980 1.024158e-14
6289.307050 1.024064e-14
6292.357121 1.020795e-14
6295.407191 1.012730e-14
6298.457261 1.016735e-14
6301.507332 1.014657e-14
6304.557402 1.012954e-14
6307.607473 1.018995e-14
6310.657543 1.011034e-14
6313.707614 1.001356e-14
6316.757684 9.972282e-15
6319.807755 9.921878e-15
6322.857825 9.874978e-15
6325.907896 9.834700e-15
6328.957966 9.807388e-15
6332.008037 9.715442e-15
6335.058107 9.761783e-15
6338.108177 9.659809e-15
6341.158248 9.615522e-15
6344.208318 9.603949e-15
6347.258389 9.582530e-15
6350.308459 9.685883e-15
6353.358530 9.559370e-15
6356.408600 9.573753e-15
6359.458671 9.612986e-15
6362.508741 9.641646e-15
6365.558812 9.677014e-15
6368.608882 9.736178e-15
6371.658953 9.786612e-15
6374.709023 9.879509e-15
6377.759093 9.947465e-15
6380.809164 9.999747e-15
6383.859234 1.014491e-14
6386.909305 1.026892e-14
6389.959375 1.035307e-14
6393.009446 1.052279e-14
6396.059516 1.070856e-14
6399.109587 1.080509e-14
6402.159657 1.085575e-14
6405.209728 1.099040e-14
6408.259798 1.112139e-14
6411.309868 1.121584e-14
6414.359939 1.139929e-14
6417.410009 1.156251e-14
6420.460080 1.167806e-14
6423.510150 1.190731e-14
6426.560221 1.212603e-14
6429.610291 1.215192e-14
6432.660362 1.232807e-14
6435.710432 1.261088e-14
6438.760503 1.275876e-14
6441.810573 1.300364e-14
6444.860644 1.322750e-14
6447.910714 1.330760e-14
6450.960784 1.347207e-14
6454.010855 1.364301e-14
6457.060925 1.372848e-14
6460.110996 1.383268e-14
6463.161066 1.401680e-14
6466.211137 1.418870e-14
6469.261207 1.433298e-14
6472.311278 1.453083e-14
6475.361348 1.464195e-14
6478.411419 1.484465e-14
6481.461489 1.501235e-14
6484.511559 1.510442e-14
6487.561630 1.523957e-14
6490.611700 1.543331e-14
6493.661771 1.562821e-14
6496.711841 1.581133e-14
6499.761912 1.594836e-14
6502.811982 1.616836e-14
6505.862053 1.617657e-14
6508.912123 1.614464e-14
6511.962194 1.622294e-14
6515.012264 1.631699e-14
6518.062335 1.635704e-14
6521.112405 1.652104e-14
6524.162475 1.675694e-14
6527.212546 1.686854e-14
6530.262616 1.694235e-14
6533.312687 1.700137e-14
6536.362757 1.705522e-14
6539.412828 1.709061e-14
6542.462898 1.697971e-14
6545.512969 1.693634e-14
6548.563039 1.697985e-14
6551.613110 1.701151e-14
6554.663180 1.694583e-14
6557.713251 1.699730e-14
6560.763321 1.708960e-14
6563.813391 1.710764e-14
6566.863462 1.708285e-14
6569.913532 1.698560e-14
6572.963603 1.688753e-14
6576.013673 1.687727e-14
6579.063744 1.683722e-14
6582.113814 1.685014e-14
6585.163885 1.686614e-14
6588.213955 1.706399e-14
6591.264026 1.701433e-14
6594.314096 1.676681e-14
6597.364166 1.665647e-14
6600.414237 1.655555e-14
6603.464307 1.643116e-14
6606.514378 1.637962e-14
6609.564448 1.635719e-14
6612.614519 1.623110e-14
6615.664589 1.625068e-14
6618.714660 1.617829e-14
6621.764730 1.617568e-14
6624.814801 1.606657e-14
6627.864871 1.598883e-14
6630.914942 1.586660e-14
6633.965012 1.578614e-14
6637.015082 1.555863e-14
6640.065153 1.548829e-14
6643.115223 1.539020e-14
6646.165294 1.526307e-14
6649.215364 1.519548e-14
6652.265435 1.508608e-14
6655.315505 1.480470e-14
6658.365576 1.459457e-14
6661.415646 1.454110e-14
6664.465717 1.449077e-14
6667.515787 1.433603e-14
6670.565858 1.409690e-14
6673.615928 1.388539e-14
6676.665998 1.373682e-14
6679.716069 1.366989e-14
6682.766139 1.346588e-14
6685.816210 1.324974e-14
6688.866280 1.301330e-14
6691.916351 1.287886e-14
6694.966421 1.269150e-14
6698.016492 1.252631e-14
6701.066562 1.236983e-14
6704.116633 1.221867e-14
6707.166703 1.195444e-14
6710.216773 1.166124e-14
6713.266844 1.142855e-14
6716.316914 1.124468e-14
6719.366985 1.097673e-14
6722.417055 1.079951e-14
6725.467126 1.069134e-14
6728.517196 1.048735e-14
6731.567267 1.024728e-14
6734.617337 1.002479e-14
6737.667408 9.807303e-15
6740.717478 9.576774e-15
6743.767549 9.402640e-15
6746.817619 9.202121e-15
6749.867689 9.047505e-15
6752.917760 8.918441e-15
6755.967830 8.788514e-15
6759.017901 8.664525e-15
6762.067971 8.472468e-15
6765.118042 8.287330e-15
6768.168112 8.198257e-15
6771.218183 8.111541e-15
6774.268253 8.116873e-15
6777.318324 8.067909e-15
6780.368394 7.980052e-15
6783.418465 7.931075e-15
6786.468535 7.843572e-15
6789.518605 7.786260e-15
6792.568676 7.751704e-15
6795.618746 7.619309e-15
6798.668817 7.573763e-15
6801.718887 7.650053e-15
6804.768958 7.615605e-15
6807.819028 7.634605e-15
6810.869099 7.705788e-15
6813.919169 7.679877e-15
6816.969240 7.548924e-15
6820.019310 7.617898e-15
6823.069380 7.618562e-15
6826.119451 7.640849e-15
6829.169521 7.706083e-15
6832.219592 7.766853e-15
6835.269662 7.744269e-15
6838.319733 7.815527e-15
6841.369803 7.854758e-15
6844.419874 7.802950e-15
6847.469944 7.837698e-15
6850.520015 7.835128e-15
6853.570085 7.798483e-15
6856.620156 7.787391e-15
6859.670226 7.496043e-15
6862.720296 6.917869e-15
6865.770367 6.307476e-15
6868.820437 5.880131e-15
6871.870508 5.857156e-15
6874.920578 6.128872e-15
6877.970649 6.454723e-15
6881.020719 6.736320e-15
6884.070790 6.869634e-15
6887.120860 6.863483e-15
6890.170931 6.826258e-15
6893.221001 6.868084e-15
6896.271072 6.979248e-15
6899.321142 7.127568e-15
6902.371212 7.296677e-15
6905.421283 7.390304e-15
6908.471353 7.422939e-15
6911.521424 7.480109e-15
6914.571494 7.545677e-15
6917.621565 7.533361e-15
6920.671635 7.445957e-15
6923.721706 7.415553e-15
6926.771776 7.418493e-15
6929.821847 7.418412e-15
6932.871917 7.421719e-15
6935.921987 7.393194e-15
6938.972058 7.336674e-15
6942.022128 7.355329e-15
6945.072199 7.283101e-15
6948.122269 7.209174e-15
6951.172340 7.119689e-15
6954.222410 7.001035e-15
6957.272481 6.911876e-15
6960.322551 6.860484e-15
6963.372622 6.849183e-15
6966.422692 6.840204e-15
6969.472763 6.793571e-15
6972.522833 6.765951e-15
6975.572903 6.790425e-15
6978.622974 6.788691e-15
6981.673044 6.713625e-15
6984.723115 6.622777e-15
6987.773185 6.572044e-15
6990.823256 6.523309e-15
6993.873326 6.399983e-15
6996.923397 6.384535e-15
6999.973467 6.334869e-15
7003.023538 6.382096e-15
7006.073608 6.421077e-15
7009.123678 6.404138e-15
7012.173749 6.488560e-15
7015.223819 6.607887e-15
7018.273890 6.586309e-15
7021.323960 6.559633e-15
7024.374031 6.534953e-15
7027.424101 6.465348e-15
7030.474172 6.468494e-15
7033.524242 6.443797e-15
7036.574313 6.367510e-15
7039.624383 6.352299e-15
7042.674454 6.268912e-15
7045.724524 6.231575e-15
7048.774594 6.233444e-15
7051.824665 6.133029e-15
7054.874735 6.138963e-15
7057.924806 6.131916e-15
7060.974876 6.090606e-15
7064.024947 5.989863e-15
7067.075017 6.005022e-15
7070.125088 5.913541e-15
7073.175158 5.898984e-15
7076.225229 5.908513e-15
7079.275299 5.826715e-15
7082.325370 5.840041e-15
7085.375440 5.844184e-15
7088.425510 5.826082e-15
7091.475581 5.932715e-15
7094.525651 6.000783e-15
7097.575722 6.051195e-15
7100.625792 6.081633e-15
7103.675863 6.060491e-15
7106.725933 6.094062e-15
7109.776004 6.075940e-15
7112.826074 6.111455e-15
7115.876145 6.008386e-15
7118.926215 5.999359e-15
7121.976285 5.992684e-15
7125.026356 6.043882e-15
7128.076426 6.057380e-15
7131.126497 6.079346e-15
7134.176567 6.153802e-15
7137.226638 6.172849e-15
7140.276708 6.152597e-15
7143.326779 6.097093e-15
7146.376849 6.035304e-15
7149.426920 5.998983e-15
7152.476990 5.944060e-15
7155.527061 5.930416e-15
7158.577131 5.881606e-15
7161.627201 5.812213e-15
7164.677272 5.807933e-15
7167.727342 5.713487e-15
7170.777413 5.630163e-15
7173.827483 5.642268e-15
7176.877554 5.588436e-15
7179.927624 5.496185e-15
7182.977695 5.461901e-15
7186.027765 5.432794e-15
7189.077836 5.425549e-15
7192.127906 5.444586e-15
7195.177977 5.454522e-15
7198.228047 5.514425e-15
7201.278117 5.645066e-15
7204.328188 5.837155e-15
7207.378258 6.002038e-15
7210.428329 6.367571e-15
7213.478399 7.123694e-15
7216.528470 6.948254e-15
7219.578540 6.482499e-15
7222.628611 6.467754e-15
7225.678681 6.370704e-15
7228.728752 6.245531e-15
7231.778822 6.210425e-15
7234.828892 6.160873e-15
7237.878963 6.198345e-15
7240.929033 6.381820e-15
7243.979104 6.494650e-15
7247.029174 6.587526e-15
7250.079245 6.780550e-15
7253.129315 6.910207e-15
7256.179386 7.077937e-15
7259.229456 7.164456e-15
7262.279527 7.208602e-15
7265.329597 7.244647e-15
7268.379668 7.205985e-15
7271.429738 7.178174e-15
7274.479808 7.335461e-15
7277.529879 7.479226e-15
7280.579949 7.542042e-15
7283.630020 8.154465e-15
7286.680090 8.419869e-15
7289.730161 8.176057e-15
7292.780231 8.076320e-15
7295.830302 8.043494e-15
7298.880372 8.050301e-15
7301.930443 8.122627e-15
7304.980513 8.073324e-15
7308.030584 8.083586e-15
7311.080654 8.351055e-15
7314.130724 8.484549e-15
7317.180795 8.716259e-15
7320.230865 9.096151e-15
7323.280936 8.966976e-15
7326.331006 8.807708e-15
7329.381077 8.936213e-15
7332.431147 8.969024e-15
7335.481218 8.848398e-15
7338.531288 8.761432e-15
7341.581359 8.765638e-15
7344.631429 8.735491e-15
7347.681499 8.713322e-15
7350.731570 8.724951e-15
7353.781640 8.641340e-15
7356.831711 8.620142e-15
7359.881781 8.686103e-15
7362.931852 8.780792e-15
7365.981922 8.811644e-15
7369.031993 8.698455e-15
7372.082063 8.570407e-15
7375.132134 8.508813e-15
7378.182204 8.356752e-15
7381.232275 8.225256e-15
7384.282345 8.211137e-15
7387.332415 8.189996e-15
7390.382486 8.209869e-15
7393.432556 8.250579e-15
7396.482627 8.276572e-15
7399.532697 8.387809e-15
7402.582768 8.455005e-15
7405.632838 8.404274e-15
7408.682909 8.423114e-15
7411.732979 8.388938e-15
7414.783050 8.266776e-15
7417.833120 8.118273e-15
7420.883191 8.014060e-15
7423.933261 7.941450e-15
7426.983331 7.928122e-15
7430.033402 7.908393e-15
7433.083472 7.829216e-15
7436.133543 7.916616e-15
7439.183613 8.049809e-15
7442.233684 8.060025e-15
7445.283754 8.035660e-15
7448.333825 8.060622e-15
7451.383895 8.053346e-15
7454.433966 7.998995e-15
7457.484036 7.993174e-15
7460.534106 7.884681e-15
7463.584177 7.843752e-15
7466.634247 7.674569e-15
7469.684318 7.663640e-15
7472.734388 7.720909e-15
7475.784459 7.839100e-15
7478.834529 8.031272e-15
7481.884600 8.214057e-15
7484.934670 8.356616e-15
7487.984741 8.542745e-15
7491.034811 8.775957e-15
7494.084882 8.911669e-15
7497.134952 8.966498e-15
7500.185022 9.006952e-15
7503.235093 8.985569e-15
7506.285163 8.957293e-15
7509.335234 8.884503e-15
7512.385304 8.902509e-15
7515.435375 9.043508e-15
7518.485445 9.191335e-15
7521.535516 9.161972e-15
7524.585586 9.268288e-15
7527.635657 9.351523e-15
7530.685727 9.405938e-15
7533.735797 9.429753e-15
7536.785868 9.409343e-15
7539.835938 9.339012e-15
7542.886009 9.197813e-15
7545.936079 9.017326e-15
7548.986150 8.900523e-15
7552.036220 8.836430e-15
7555.086291 8.689377e-15
7558.136361 8.635999e-15
7561.186432 8.613033e-15
7564.236502 8.565192e-15
7567.286573 8.582308e-15
7570.336643 8.569809e-15
7573.386713 8.517540e-15
7576.436784 8.373454e-15
7579.486854 8.290722e-15
7582.536925 8.023388e-15
7585.586995 7.379947e-15
7588.637066 6.270473e-15
7591.687136 4.847852e-15
7594.737207 3.462310e-15
7597.787277 2.245338e-15
7600.837348 1.456563e-15
7603.887418 1.216189e-15
7606.937489 1.553915e-15
7609.987559 2.449545e-15
7613.037629 3.293169e-15
7616.087700 3.650892e-15
7619.137770 3.645744e-15
7622.187841 3.456515e-15
7625.237911 3.124566e-15
7628.287982 2.898230e-15
7631.338052 2.873817e-15
7634.388123 2.935992e-15
7637.438193 3.142358e-15
7640.488264 3.494338e-15
7643.538334 3.840266e-15
7646.588404 4.225038e-15
7649.638475 4.659331e-15
7652.688545 5.060578e-15
7655.738616 5.497948e-15
7658.788686 5.982603e-15
7661.838757 6.388747e-15
7664.888827 6.621911e-15
7667.938898 6.798276e-15
7670.988968 6.933844e-15
7674.039039 6.990897e-15
7677.089109 7.085339e-15
7680.139180 7.222505e-15
7683.189250 7.351027e-15
7686.239320 7.586938e-15
7689.289391 7.913980e-15
7692.339461 8.143766e-15
7695.389532 8.334013e-15
7698.439602 8.587335e-15
7701.489673 8.768909e-15
7704.539743 8.777229e-15
7707.589814 8.868105e-15
7710.639884 8.931443e-15
7713.689955 8.953707e-15
7716.740025 8.915188e-15
7719.790096 8.819915e-15
7722.840166 8.902648e-15
7725.890236 9.145721e-15
7728.940307 9.380928e-15
7731.990377 9.615215e-15
7735.040448 9.779847e-15
7738.090518 9.791910e-15
7741.140589 9.759299e-15
7744.190659 9.746352e-15
7747.240730 9.742643e-15
7750.290800 9.931385e-15
7753.340871 9.848356e-15
7756.390941 9.771957e-15
7759.441011 9.896303e-15
7762.491082 9.967133e-15
7765.541152 9.869004e-15
7768.591223 9.779993e-15
7771.641293 9.780383e-15
7774.691364 9.890950e-15
7777.741434 1.000230e-14
7780.791505 1.005504e-14
7783.841575 1.030246e-14
7786.891646 1.051070e-14
7789.941716 1.053476e-14
7792.991787 1.064175e-14
7796.041857 1.061898e-14
7799.091927 1.049730e-14
7802.141998 1.024363e-14
7805.192068 1.006765e-14
7808.242139 9.934717e-15
7811.292209 9.896093e-15
7814.342280 9.879872e-15
7817.392350 9.918127e-15
7820.442421 1.001921e-14
7823.492491 1.010774e-14
7826.542562 1.028177e-14
7829.592632 1.034701e-14
7832.642703 1.048569e-14
7835.692773 1.056885e-14
7838.742843 1.039310e-14
7841.792914 1.024946e-14
7844.842984 1.012393e-14
7847.893055 9.909911e-15
7850.943125 9.656940e-15
7853.993196 9.443808e-15
7857.043266 9.367734e-15
7860.093337 9.272390e-15
7863.143407 9.094675e-15
7866.193478 9.045892e-15
7869.243548 9.141546e-15
7872.293618 9.262409e-15
7875.343689 9.293835e-15
7878.393759 9.292929e-15
7881.443830 9.206761e-15
7884.493900 9.108353e-15
7887.543971 8.809647e-15
7890.594041 8.517783e-15
7893.644112 8.225036e-15
7896.694182 8.057387e-15
7899.744253 7.905823e-15
7902.794323 7.775658e-15
7905.844394 7.739869e-15
7908.894464 7.687779e-15
7911.944534 7.677949e-15
7914.994605 7.716771e-15
7918.044675 7.785556e-15
7921.094746 7.821414e-15
7924.144816 7.711761e-15
7927.194887 7.636177e-15
7930.244957 7.584862e-15
7933.295028 7.403046e-15
7936.345098 7.196245e-15
7939.395169 7.025245e-15
7942.445239 6.832014e-15
7945.495309 6.612099e-15
7948.545380 6.466298e-15
7951.595450 6.355883e-15
7954.645521 6.188815e-15
7957.695591 6.130260e-15
7960.745662 6.160781e-15
7963.795732 6.148887e-15
7966.845803 6.166389e-15
7969.895873 6.286563e-15
7972.945944 6.315680e-15
7975.996014 6.163756e-15
7979.046085 6.108691e-15
7982.096155 6.143640e-15
7985.146225 6.404162e-15
7988.196296 6.442500e-15
7991.246366 5.913958e-15
7994.296437 5.436078e-15
7997.346507 5.256653e-15
8000.396578 5.178262e-15
8003.446648 5.091852e-15
8006.496719 5.008056e-15
8009.546789 5.071435e-15
8012.596860 5.117815e-15
8015.646930 5.172837e-15
8018.697001 5.220866e-15
8021.747071 5.268282e-15
8024.797141 5.274349e-15
8027.847212 5.249897e-15
8030.897282 5.249537e-15
8033.947353 5.229257e-15
8036.997423 5.160789e-15
8040.047494 5.104841e-15
8043.097564 5.035309e-15
8046.147635 4.901601e-15
8049.197705 4.785963e-15
8052.247776 4.614384e-15
8055.297846 4.575628e-15
8058.347916 4.624768e-15
8061.397987 4.581243e-15
8064.448057 4.542254e-15
8067.498128 4.562269e-15
8070.548198 4.646481e-15
8073.598269 4.726421e-15
8076.648339 4.728332e-15
8079.698410 4.759703e-15
8082.748480 4.778287e-15
8085.798551 4.750143e-15
8088.848621 4.815673e-15
8091.898692 4.774931e-15
8094.948762 4.633263e-15
8097.998832 4.607204e-15
8101.048903 4.568060e-15
8104.098973 4.446440e-15
8107.149044 4.303096e-15
8110.199114 4.176560e-15
8113.249185 4.031770e-15
8116.299255 3.923660e-15
8119.349326 3.939193e-15
8122.399396 3.902245e-15
8125.449467 3.782629e-15
8128.499537 3.769077e-15
8131.549608 3.620344e-15
8134.599678 3.623861e-15
8137.649748 3.598336e-15
8140.699819 3.525893e-15
8143.749889 3.510285e-15
8146.799960 3.441036e-15
8149.850030 3.333872e-15
8152.900101 3.206930e-15
8155.950171 3.031680e-15
8159.000242 2.871417e-15
8162.050312 2.715821e-15
8165.100383 2.622053e-15
8168.150453 2.515388e-15
8171.200523 2.412333e-15
8174.250594 2.283656e-15
8177.300664 2.140607e-15
8180.350735 2.036929e-15
8183.400805 1.930006e-15
8186.450876 1.759590e-15
8189.500946 1.650625e-15
8192.551017 1.548116e-15
8195.601087 1.394496e-15
8198.651158 1.311327e-15
8201.701228 1.231350e-15
8204.751299 1.217985e-15
8207.801369 1.153375e-15
8210.851439 1.087879e-15
8213.901510 1.059730e-15
8216.951580 9.667372e-16
8220.001651 8.557354e-16
8223.051721 7.537308e-16
8226.101792 7.003664e-16
8229.151862 7.324849e-16
8232.201933 7.748014e-16
8235.252003 7.934513e-16
8238.302074 8.504301e-16
8241.352144 9.254118e-16
8244.402215 1.024749e-15
8247.452285 1.150374e-15
8250.502355 1.146361e-15
8253.552426 1.268217e-15
8256.602496 1.339805e-15
8259.652567 1.416188e-15
8262.702637 1.527704e-15
8265.752708 1.615113e-15
8268.802778 1.629967e-15
8271.852849 1.659883e-15
8274.902919 1.757953e-15
8277.952990 1.801453e-15
8281.003060 1.865447e-15
8284.053130 1.934911e-15
8287.103201 1.956106e-15
8290.153271 2.082983e-15
8293.203342 2.113976e-15
8296.253412 2.298337e-15
8299.303483 2.530358e-15
8302.353553 2.676069e-15
8305.403624 2.907557e-15
8308.453694 3.114019e-15
8311.503765 3.187112e-15
8314.553835 3.293702e-15
8317.603906 3.363268e-15
8320.653976 3.400829e-15
8323.704046 3.327611e-15
8326.754117 3.240876e-15
8329.804187 2.994732e-15
8332.854258 2.905160e-15
8335.904328 2.793493e-15
8338.954399 2.563521e-15
8342.004469 2.377107e-15
8345.054540 2.184339e-15
8348.104610 1.938081e-15
8351.154681 1.809415e-15
8354.204751 1.808912e-15
8357.254822 1.799952e-15
8360.304892 1.850594e-15
8363.354962 1.964999e-15
8366.405033 2.115459e-15
8369.455103 2.197001e-15
8372.505174 2.289191e-15
8375.555244 2.449424e-15
8378.605315 2.583618e-15
8381.655385 2.707016e-15
8384.705456 2.878477e-15
8387.755526 3.051217e-15
8390.805597 3.261184e-15
8393.855667 3.483463e-15
8396.905737 3.566113e-15
8399.955808 3.866992e-15
8403.005878 4.163731e-15
8406.055949 4.471841e-15
8409.106019 4.678170e-15
8412.156090 5.046717e-15
8415.206160 5.434723e-15
8418.256231 5.756997e-15
8421.306301 6.182319e-15
8424.356372 6.616314e-15
8427.406442 6.883180e-15
8430.456513 6.924950e-15
8433.506583 6.968829e-15
8436.556653 7.036816e-15
8439.606724 7.062172e-15
8442.656794 7.113433e-15
8445.706865 7.107202e-15
8448.756935 7.058445e-15
8451.807006 7.163959e-15
8454.857076 7.246263e-15
8457.907147 7.157869e-15
8460.957217 7.169924e-15
8464.007288 7.409916e-15
8467.057358 7.677780e-15
8470.107428 7.745107e-15
8473.157499 8.004969e-15
8476.207569 8.228437e-15
8479.257640 8.273542e-15
8482.307710 8.320173e-15
8485.357781 8.461010e-15
8488.407851 8.575318e-15
8491.457922 8.494836e-15
8494.507992 8.300773e-15
8497.558063 8.114640e-15
8500.608133 7.965986e-15
8503.658204 8.003375e-15
8506.708274 7.902340e-15
8509.758344 7.872777e-15
8512.808415 7.930008e-15
8515.858485 8.016345e-15
8518.908556 8.226886e-15
8521.958626 8.286101e-15
8525.008697 8.470426e-15
8528.058767 8.684544e-15
8531.108838 8.589808e-15
8534.158908 8.556380e-15
8537.208979 8.487507e-15
8540.259049 8.269816e-15
8543.309120 8.120210e-15
8546.359190 8.090047e-15
8549.409260 8.015951e-15
8552.459331 7.963633e-15
8555.509401 8.052713e-15
8558.559472 8.231125e-15
8561.609542 8.268297e-15
8564.659613 8.327062e-15
8567.709683 8.549112e-15
8570.759754 8.617774e-15
8573.809824 8.681953e-15
8576.859895 8.742442e-15
8579.909965 8.737081e-15
8582.960035 8.670535e-15
8586.010106 8.576159e-15
8589.060176 8.452557e-15
8592.110247 8.283134e-15
8595.160317 8.039842e-15
8598.210388 7.921015e-15
8601.260458 7.933563e-15
8604.310529 7.913416e-15
8607.360599 8.073348e-15
8610.410670 8.208391e-15
8613.460740 8.317973e-15
8616.510811 8.497593e-15
8619.560881 8.569278e-15
8622.610951 8.661043e-15
8625.661022 8.656532e-15
8628.711092 8.655561e-15
8631.761163 8.677118e-15
8634.811233 8.541205e-15
8637.861304 8.322456e-15
8640.911374 8.120164e-15
8643.961445 7.982517e-15
8647.011515 7.840734e-15
8650.061586 7.683397e-15
8653.111656 7.670755e-15
8656.161727 7.814912e-15
8659.211797 7.899461e-15
8662.261867 8.034880e-15
8665.311938 8.230237e-15
8668.362008 8.304702e-15
8671.412079 8.417110e-15
8674.462149 8.633786e-15
8677.512220 8.611787e-15
8680.562290 8.503223e-15
8683.612361 8.497232e-15
8686.662431 8.482617e-15
8689.712502 8.416174e-15
8692.762572 8.363442e-15
8695.812642 8.214922e-15
8698.862713 8.016989e-15
8701.912783 7.908123e-15
8704.962854 7.786963e-15
8708.012924 7.678525e-15
8711.062995 7.821562e-15
8714.113065 8.049132e-15
8717.163136 8.094217e-15
8720.213206 8.116315e-15
8723.263277 8.281571e-15
8726.313347 8.380840e-15
8729.363418 8.355747e-15
8732.413488 8.491781e-15
8735.463558 8.689406e-15
8738.513629 8.764287e-15
8741.563699 8.962724e-15
8744.613770 8.996782e-15
8747.663840 8.872601e-15
8750.713911 8.778201e-15
8753.763981 8.499635e-15
8756.814052 8.339531e-15
8759.864122 8.210120e-15
8762.914193 8.068825e-15
8765.964263 8.074212e-15
8769.014334 8.180214e-15
8772.064404 8.266774e-15
8775.114474 8.366351e-15
8778.164545 8.606354e-15
8781.214615 8.744801e-15
8784.264686 8.908156e-15
8787.314756 8.959103e-15
8790.364827 9.165090e-15
8793.414897 9.387679e-15
8796.464968 9.425651e-15
8799.515038 9.383062e-15
8802.565109 9.379043e-15
8805.615179 9.443605e-15
8808.665249 9.420425e-15
8811.715320 9.245991e-15
8814.765390 9.111129e-15
8817.815461 8.886213e-15
8820.865531 8.633183e-15
8823.915602 8.501932e-15
8826.965672 8.580422e-15
8830.015743 8.765183e-15
8833.065813 8.903014e-15
8836.115884 8.995909e-15
8839.165954 9.057007e-15
8842.216025 9.118665e-15
8845.266095 9.363042e-15
8848.316165 9.527746e-15
8851.366236 9.519492e-15
8854.416306 9.512834e-15
8857.466377 9.625142e-15
8860.516447 9.701863e-15
8863.566518 9.592281e-15
8866.616588 9.475302e-15
8869.666659 9.476383e-15
8872.716729 9.353925e-15
8875.766800 9.154382e-15
8878.816870 8.847955e-15
8881.866941 8.621203e-15
8884.917011 8.643556e-15
8887.967081 8.765276e-15
8891.017152 9.044842e-15
8894.067222 9.309189e-15
8897.117293 9.342384e-15
8900.167363 9.508287e-15
8903.217434 9.768276e-15
8906.267504 9.639790e-15
8909.317575 9.694051e-15
8912.367645 9.760079e-15
8915.417716 9.784765e-15
8918.467786 9.914606e-15
8921.517856 9.679119e-15
8924.567927 9.226052e-15
8927.617997 8.922688e-15
8930.668068 8.610841e-15
8933.718138 8.478747e-15
8936.768209 8.205493e-15
8939.818279 7.924596e-15
8942.868350 7.912430e-15
8945.918420 7.871089e-15
8948.968491 8.004143e-15
8952.018561 8.112681e-15
8955.068632 8.020751e-15
8958.118702 8.139405e-15
8961.168772 8.362495e-15
8964.218843 8.262065e-15
8967.268913 8.336257e-15
8970.318984 8.200945e-15
8973.369054 8.054214e-15
8976.419125 8.026621e-15
8979.469195 7.921137e-15
8982.519266 7.690735e-15
8985.569336 7.213471e-15
8988.619407 6.640704e-15
8991.669477 6.305998e-15
8994.719547 6.022660e-15
8997.769618 5.908323e-15
9000.819688 5.993890e-15
9003.869759 5.885766e-15
9006.919829 6.024363e-15
9009.969900 6.278946e-15
9013.019970 6.485621e-15
9016.070041 6.620665e-15
9019.120111 6.687399e-15
9022.170182 6.767821e-15
9025.220252 6.795097e-15
9028.270323 6.889266e-15
9031.320393 6.913726e-15
9034.370463 6.970540e-15
9037.420534 7.139499e-15
9040.470604 7.100532e-15
9043.520675 6.899534e-15
9046.570745 6.754279e-15
9049.620816 6.624526e-15
9052.670886 6.447820e-15
9055.720957 6.197222e-15
9058.771027 5.955334e-15
9061.821098 5.786852e-15
9064.871168 5.618088e-15
9067.921239 5.503722e-15
9070.971309 5.455939e-15
9074.021379 5.330195e-15
9077.071450 5.582449e-15
9080.121520 6.224918e-15
9083.171591 6.325603e-15
9086.221661 6.240286e-15
9089.271732 6.088332e-15
9092.321802 6.263073e-15
9095.371873 6.292330e-15
9098.421943 6.298288e-15
9101.472014 6.190900e-15
9104.522084 6.049974e-15
9107.572154 6.013911e-15
9110.622225 5.874161e-15
9113.672295 5.791819e-15
9116.722366 5.673758e-15
9119.772436 5.528983e-15
9122.822507 5.319363e-15
9125.872577 5.122137e-15
9128.922648 4.903331e-15
9131.972718 4.700470e-15
9135.022789 4.574999e-15
9138.072859 4.475136e-15
9141.122930 4.392678e-15
9144.173000 4.361724e-15
