14968.1708984  6.440858E-16
14978.3336085898  6.260702E-16
14988.4963187796  6.636847E-16
14998.6590289694  7.018612E-16
15008.8217391592  6.958768E-16
15018.984449349  7.225885E-16
15029.1471595388  6.834167E-16
15039.3098697286  7.178622E-16
15049.4725799184  7.547832E-16
15059.6352901082  7.277729E-16
15069.798000298  7.548100E-16
15079.9607104878  7.785911E-16
15090.1234206776  7.958572E-16
15100.2861308674  8.309640E-16
15110.4488410572  8.731977E-16
15120.611551247  8.608216E-16
15130.7742614368  8.487005E-16
15140.9369716266  8.810873E-16
15151.0996818164  9.000693E-16
15161.2623920062  8.874703E-16
15171.425102196  9.112842E-16
15181.5878123858  9.026883E-16
15191.7505225756  9.011230E-16
15201.9132327654  8.914394E-16
15212.0759429552  8.957989E-16
15222.238653145  8.933258E-16
15232.4013633348  9.109690E-16
15242.5640735246  8.724180E-16
15252.7267837144  8.831273E-16
15262.8894939042  8.715554E-16
15273.052204094  8.643857E-16
15283.2149142838  8.544005E-16
15293.3776244736  8.530574E-16
15303.5403346634  8.115939E-16
15313.7030448532  8.218015E-16
15323.865755043  8.151561E-16
15334.0284652328  8.094591E-16
15344.1911754226  8.113578E-16
15354.3538856124  7.930566E-16
15364.5165958022  7.848820E-16
15374.679305992  7.706097E-16
15384.8420161818  7.567937E-16
15395.0047263716  7.254693E-16
15405.1674365614  7.188219E-16
15415.3301467512  6.980777E-16
15425.492856941  6.729827E-16
15435.6555671308  6.633263E-16
15445.8182773206  6.666069E-16
15455.9809875104  6.408914E-16
15466.1436977002  6.371804E-16
15476.30640789  5.924308E-16
15486.4691180798  5.846910E-16
15496.6318282696  5.809517E-16
15506.7945384594  5.807911E-16
15516.9572486492  5.407855E-16
15527.119958839  5.421239E-16
15537.2826690288  5.250668E-16
15547.4453792186  5.147607E-16
15557.6080894084  5.166215E-16
15567.7707995982  5.058866E-16
15577.933509788  5.206038E-16
15588.0962199778  5.078527E-16
15598.2589301676  5.348590E-16
15608.4216403574  5.431364E-16
15618.5843505472  5.346612E-16
15628.747060737  5.409611E-16
15638.9097709268  5.553291E-16
15649.0724811166  5.497479E-16
15659.2351913064  5.477618E-16
15669.3979014962  5.693265E-16
15679.560611686  5.847066E-16
15689.7233218758  5.891081E-16
15699.8860320656  5.791609E-16
15710.0487422554  5.946496E-16
15720.2114524452  5.994496E-16
15730.374162635  6.041777E-16
15740.5368728248  6.219661E-16
15750.6995830146  6.323625E-16
15760.8622932044  6.300640E-16
15771.0250033942  6.142834E-16
15781.187713584  5.947056E-16
15791.3504237738  6.058594E-16
15801.5131339636  6.346297E-16
15811.6758441534  6.516600E-16
15821.8385543432  6.303136E-16
15832.001264533  6.052197E-16
15842.1639747228  6.417353E-16
15852.3266849126  6.186697E-16
15862.4893951024  6.634793E-16
15872.6521052922  6.422561E-16
15882.814815482  6.657633E-16
15892.9775256718  6.266434E-16
15903.1402358616  6.249717E-16
15913.3029460514  6.266184E-16
15923.4656562412  6.643985E-16
15933.628366431  6.664731E-16
15943.7910766208  6.985425E-16
15953.9537868106  6.893009E-16
15964.1164970004  7.008373E-16
15974.2792071902  7.154302E-16
15984.44191738  7.079159E-16
15994.6046275698  7.158269E-16
16004.7673377596  7.060328E-16
16014.9300479494  7.155009E-16
16025.0927581392  6.936116E-16
16035.255468329  7.146769E-16
16045.4181785188  7.378294E-16
16055.5808887086  7.540145E-16
16065.7435988984  7.424998E-16
16075.9063090882  7.592381E-16
16086.069019278  7.528861E-16
16096.2317294678  7.586992E-16
16106.3944396576  7.754576E-16
16116.5571498474  7.812686E-16
16126.7198600372  7.710941E-16
16136.882570227  7.416919E-16
16147.0452804168  7.648845E-16
16157.2079906066  7.592687E-16
16167.3707007964  7.714697E-16
16177.5334109862  7.792117E-16
16187.696121176  7.712819E-16
16197.8588313658  7.757559E-16
16208.0215415556  7.668153E-16
16218.1842517454  7.636194E-16
16228.3469619352  7.744531E-16
16238.509672125  7.678210E-16
16248.6723823148  7.887906E-16
16258.8350925046  8.144691E-16
16268.9978026944  8.048264E-16
16279.1605128842  8.291185E-16
16289.323223074  8.229085E-16
16299.4859332638  9.307186E-16
16309.6486434536  8.460665E-16
16319.8113536434  8.653364E-16
16329.9740638332  8.548739E-16
16340.136774023  8.567363E-16
16350.2994842128  8.976475E-16
16360.4621944026  9.078586E-16
16370.6249045924  9.323887E-16
16380.7876147822  9.458423E-16
16390.950324972  9.534289E-16
16401.1130351618  9.420780E-16
16411.2757453516  9.472536E-16
16421.4384555414  9.455104E-16
16431.6011657312  9.359692E-16
16441.763875921  9.697986E-16
16451.9265861108  9.719950E-16
16462.0892963006  1.008020E-15
16472.2520064904  9.902609E-16
16482.4147166802  9.844186E-16
16492.57742687  9.788017E-16
16502.7401370598  9.533995E-16
16512.9028472496  9.667911E-16
16523.0655574394  9.894487E-16
16533.2282676292  9.786286E-16
16543.390977819  9.583062E-16
16553.5536880088  9.727932E-16
16563.7163981986  9.569749E-16
16573.8791083884  9.520695E-16
16584.0418185782  9.390115E-16
16594.204528768  9.470268E-16
16604.3672389578  9.152432E-16
16614.5299491476  9.290079E-16
16624.6926593374  9.082115E-16
16634.8553695272  9.252609E-16
16645.018079717  9.074149E-16
16655.1807899068  8.793717E-16
16665.3435000966  8.976553E-16
16675.5062102864  9.221325E-16
16685.6689204762  9.072102E-16
16695.831630666  9.107468E-16
16705.9943408558  8.971345E-16
16716.1570510456  8.864170E-16
16726.3197612354  9.142246E-16
16736.4824714252  9.391473E-16
16746.645181615  9.717044E-16
16756.8078918048  9.847425E-16
16766.9706019946  9.582632E-16
16777.1333121844  1.003225E-15
16787.2960223742  1.010106E-15
16797.458732564  1.005534E-15
16807.6214427538  1.007627E-15
16817.7841529436  9.318055E-16
16827.9468631334  9.241733E-16
16838.1095733232  9.648343E-16
16848.272283513  9.459142E-16
16858.4349937028  9.233976E-16
16868.5977038926  8.996738E-16
16878.7604140824  9.290538E-16
16888.9231242722  9.070965E-16
16899.085834462  8.605377E-16
16909.2485446518  8.395305E-16
16919.4112548416  8.310957E-16
16929.5739650314  8.322772E-16
16939.7366752212  8.380545E-16
16949.899385411  8.075851E-16
16960.0620956008  7.809177E-16
16970.2248057906  7.940488E-16
16980.3875159804  8.026387E-16
16990.5502261702  7.843978E-16
17000.71293636  7.725979E-16
17010.8756465498  7.773844E-16
17021.0383567396  7.756196E-16
17031.2010669294  7.404198E-16
17041.3637771192  7.398358E-16
17051.526487309  7.055349E-16
17061.6891974988  7.303625E-16
17071.8519076886  6.797391E-16
17082.0146178784  6.710318E-16
17092.1773280682  6.818297E-16
17102.340038258  6.603123E-16
17112.5027484478  6.606659E-16
17122.6654586376  6.214705E-16
17132.8281688274  6.269205E-16
17142.9908790172  6.155848E-16
17153.153589207  5.909779E-16
17163.3162993968  5.863217E-16
17173.4790095866  6.028150E-16
17183.6417197764  5.993013E-16
17193.8044299662  5.803925E-16
17203.967140156  5.943504E-16
17214.1298503458  5.790339E-16
17224.2925605356  5.704517E-16
17234.4552707254  5.473408E-16
17244.6179809152  5.594354E-16
17254.780691105  5.901959E-16
17264.9434012948  6.102749E-16
17275.1061114846  6.252471E-16
17285.2688216744  6.393913E-16
17295.4315318642  6.625202E-16
17305.594242054  6.886438E-16
17315.7569522438  6.449273E-16
17325.9196624336  6.973593E-16
17336.0823726234  6.990579E-16
17346.2450828132  6.772913E-16
17356.407793003  6.581941E-16
17366.5705031928  6.806401E-16
17376.7332133826  6.747149E-16
17386.8959235724  7.038618E-16
17397.0586337622  7.003997E-16
17407.221343952  7.004104E-16
17417.3840541418  7.232529E-16
17427.5467643316  7.016362E-16
17437.7094745214  7.166292E-16
17447.8721847112  7.139968E-16
17458.034894901  6.665940E-16
17468.1976050908  6.446535E-16
17478.3603152806  6.889955E-16
17488.5230254704  6.832150E-16
17498.6857356602  6.891298E-16
17508.84844585  6.824526E-16
17519.0111560398  6.880394E-16
17529.1738662296  7.078633E-16
17539.3365764194  6.851146E-16
17549.4992866092  6.839577E-16
17559.661996799  6.528150E-16
17569.8247069888  6.678654E-16
17579.9874171786  6.968017E-16
17590.1501273684  7.414905E-16
17600.3128375582  7.139561E-16
17610.475547748  7.071738E-16
17620.6382579378  7.012638E-16
17630.8009681276  7.553900E-16
17640.9636783174  7.210654E-16
17651.1263885072  6.585433E-16
17661.289098697  7.594634E-16
17671.4518088868  7.921710E-16
17681.6145190766  7.851836E-16
17691.7772292664  7.550699E-16
17701.9399394562  7.966272E-16
17712.102649646  8.684955E-16
17722.2653598358  8.800737E-16
17732.4280700256  8.698452E-16
17742.5907802154  8.481648E-16
17752.7534904052  8.407705E-16
17762.916200595  8.957944E-16
17773.0789107848  8.756406E-16
17783.2416209746  8.692279E-16
17793.4043311644  9.266924E-16
17803.5670413542  8.925567E-16
17813.729751544  9.580942E-16
17823.8924617338  1.048177E-15
17834.0551719236  9.570401E-16
17844.2178821134  8.787487E-16
17854.3805923032  8.500688E-16
17864.543302493  9.168018E-16
17874.7060126828  1.011666E-15
17884.8687228726  1.054750E-15
17895.0314330624  9.958591E-16
17905.1941432522  9.959007E-16
17915.356853442  9.626429E-16
17925.5195636318  9.159029E-16
17935.6822738216  9.313490E-16
17945.8449840114  9.320110E-16
17956.0076942012  9.223317E-16
17966.170404391  1.002699E-15
17976.3331145808  1.171380E-15
17986.4958247706  1.233495E-15
17996.6585349604  8.528791E-16
18006.8212451502  6.754069E-16
18016.98395534  7.122425E-16
18027.1466655298  8.877487E-16
18037.3093757196  1.119787E-15
18047.4720859094  9.831068E-16
18057.6347960992  6.972151E-16
18067.797506289  8.004865E-16
18077.9602164788  1.026766E-15
18088.1229266686  1.120245E-15
18098.2856368584  9.055460E-16
18108.4483470482  7.658262E-16
18118.611057238  6.289386E-16
18128.7737674278  1.138378E-15
18138.9364776176  1.022254E-15
18149.0991878074  6.268906E-16
18159.2618979972  7.670921E-16
18169.424608187  9.402916E-16
18179.5873183768  9.976123E-16
18189.7500285666  8.967481E-16
18199.9127387564  4.689656E-16
18210.0754489462  3.471529E-16
18220.238159136  6.612443E-16
18230.4008693258  1.112669E-15
18240.5635795156  1.142811E-15
18250.7262897054  7.662557E-16
18260.8889998952  8.067727E-16
18271.051710085  8.010477E-16
18281.2144202748  7.157914E-16
18291.3771304646  4.815813E-16
18301.5398406544  5.550306E-16
18311.7025508442  2.982788E-16
18321.865261034  5.257440E-16
18332.0279712238  1.285544E-15
18342.1906814136  6.303187E-16
18352.3533916034  -1.117941E-16
18362.5161017932  1.794685E-16
18372.678811983  -7.432153E-17
18382.8415221728  5.561106E-16
18393.0042323626  7.866228E-16
18403.1669425524  1.516329E-16
18413.3296527422  3.826668E-16
18423.492362932  3.786405E-16
18433.6550731218  6.306420E-16
18443.8177833116  1.026161E-15
18453.9804935014  7.220819E-16
18464.1432036912  6.387765E-16
18474.305913881  3.956813E-16
18484.4686240708  4.194965E-16
18494.6313342606  3.417604E-16
18504.7940444504  5.478322E-16
18514.9567546402  7.953289E-16
18525.11946483  2.434136E-16
18535.2821750198  3.482074E-16
18545.4448852096  4.589634E-16
18555.6075953994  7.368413E-16
18565.7703055892  4.466208E-16
18575.933015779  -1.864540E-17
18586.0957259688  2.510953E-16
18596.2584361586  1.149392E-16
18606.4211463484  4.003034E-16
18616.5838565382  7.490471E-16
18626.746566728  5.229163E-16
18636.9092769178  2.676935E-16
18647.0719871076  4.985081E-16
18657.2346972974  6.875403E-16
18667.3974074872  1.076188E-15
18677.560117677  1.292459E-16
18687.7228278668  6.576035E-16
18697.8855380566  9.384272E-17
18708.0482482464  2.167685E-16
18718.2109584362  -8.124293E-16
18728.373668626  1.271598E-16
18738.5363788158  -9.328938E-17
18748.6990890056  3.733256E-16
18758.8617991954  2.869289E-16
18769.0245093852  1.613959E-16
18779.187219575  3.035124E-16
18789.3499297648  4.031522E-16
18799.5126399546  3.468657E-16
18809.6753501444  5.247671E-16
18819.8380603342  4.855222E-16
18830.000770524  5.368578E-16
18840.1634807138  2.518386E-16
18850.3261909036  3.547657E-16
18860.4889010934  3.456700E-16
18870.6516112832  5.730569E-16
18880.814321473  6.613338E-16
18890.9770316628  6.955384E-16
18901.1397418526  6.293528E-16
18911.3024520424  6.135160E-16
18921.4651622322  2.908968E-16
18931.627872422  3.753811E-16
18941.7905826118  4.605651E-16
18951.9532928016  6.638994E-16
18962.1160029914  4.349295E-16
18972.2787131812  7.176216E-16
18982.441423371  9.396722E-16
18992.6041335608  1.882987E-16
19002.7668437506  7.143071E-16
19012.9295539404  2.680811E-16
19023.0922641302  4.981466E-16
19033.25497432  5.860272E-17
19043.4176845098  4.688009E-16
19053.5803946996  1.406919E-16
19063.7431048894  2.505824E-16
19073.9058150792  5.454426E-16
19084.068525269  8.219423E-16
19094.2312354588  1.033837E-15
19104.3939456486  4.435333E-16
19114.5566558384  7.811860E-16
19124.7193660282  4.876919E-16
19134.882076218  -2.664931E-17
19145.0447864078  2.251189E-16
19155.2074965976  5.667593E-16
19165.3702067874  4.825055E-16
19175.5329169772  9.567922E-16
19185.695627167  6.031938E-16
19195.8583373568  1.695072E-16
19206.0210475466  4.254274E-16
19216.1837577364  6.563135E-16
19226.3464679262  4.077721E-16
19236.509178116  4.520018E-16
19246.6718883058  7.004800E-16
19256.8345984956  6.658963E-16
19266.9973086854  4.850484E-16
19277.1600188752  3.283988E-16
19287.322729065  5.433732E-16
19297.4854392548  4.453312E-16
19307.6481494446  4.711440E-16
19317.8108596344  4.209305E-16
19327.9735698242  5.339391E-16
19338.136280014  5.079292E-16
19348.2989902038  5.333469E-16
19358.4617003936  5.074993E-16
19368.6244105834  5.664109E-16
19378.7871207732  4.556322E-16
19388.949830963  3.678493E-16
19399.1125411528  3.425777E-16
19409.2752513426  5.555780E-16
19419.4379615324  6.263020E-16
19429.6006717222  5.170389E-16
19439.763381912  3.825654E-16
19449.9260921018  4.624232E-16
19460.0888022916  5.109100E-16
19470.2515124814  4.200510E-16
19480.4142226712  4.482515E-16
19490.576932861  4.683241E-16
19500.7396430508  5.562306E-16
19510.9023532406  5.772957E-16
19521.0650634304  5.874942E-16
19531.2277736202  4.855863E-16
19541.39048381  5.356358E-16
19551.5531939998  5.835790E-16
19561.7159041896  4.589394E-16
19571.8786143794  4.422191E-16
19582.0413245692  4.640003E-16
19592.204034759  5.865641E-16
19602.3667449488  6.141273E-16
19612.5294551386  5.671606E-16
19622.6921653284  5.627801E-16
19632.8548755182  4.893805E-16
19643.017585708  5.603605E-16
19653.1802958978  5.593603E-16
19663.3430060876  6.173494E-16
19673.5057162774  6.055503E-16
19683.6684264672  6.553468E-16
19693.831136657  6.202549E-16
19703.9938468468  5.852888E-16
19714.1565570366  6.135711E-16
19724.3192672264  6.274052E-16
19734.4819774162  6.402590E-16
19744.644687606  6.178486E-16
19754.8073977958  6.572677E-16
19764.9701079856  7.165985E-16
19775.1328181754  7.285082E-16
19785.2955283652  6.797748E-16
19795.458238555  6.124800E-16
19805.6209487448  6.598226E-16
19815.7836589346  6.628240E-16
19825.9463691244  7.013527E-16
19836.1090793142  7.104779E-16
19846.271789504  7.052557E-16
19856.4344996938  6.468728E-16
19866.5972098836  6.402016E-16
19876.7599200734  6.970400E-16
19886.9226302632  6.450102E-16
19897.085340453  6.151801E-16
19907.2480506428  6.889906E-16
19917.4107608326  7.180285E-16
19927.5734710224  7.163050E-16
19937.7361812122  7.305192E-16
19947.898891402  7.152867E-16
19958.0616015918  6.987233E-16
19968.2243117816  6.573902E-16
19978.3870219714  7.163956E-16
19988.5497321612  6.706622E-16
19998.712442351  7.354718E-16
20008.8751525408  8.123082E-16
20019.0378627306  7.471995E-16
20029.2005729204  5.949986E-16
20039.3632831102  7.556676E-16
20049.5259933  6.498403E-16
20059.6887034898  6.766778E-16
20069.8514136796  7.479460E-16
20080.0141238694  8.088205E-16
20090.1768340592  9.057231E-16
20100.339544249  6.915887E-16
20110.5022544388  7.011800E-16
20120.6649646286  7.951025E-16
20130.8276748184  6.563021E-16
20140.9903850082  7.188326E-16
20151.153095198  6.508158E-16
20161.3158053878  6.507441E-16
20171.4785155776  5.645133E-16
20181.6412257674  6.848696E-16
20191.8039359572  6.585671E-16
20201.966646147  6.587160E-16
20212.1293563368  6.628181E-16
20222.2920665266  6.561035E-16
20232.4547767164  5.914119E-16
20242.6174869062  7.085993E-16
20252.780197096  7.218293E-16
20262.9429072858  6.982804E-16
20273.1056174756  6.375639E-16
20283.2683276654  6.652352E-16
20293.4310378552  6.225796E-16
20303.593748045  6.108698E-16
20313.7564582348  6.972298E-16
20323.9191684246  6.755501E-16
20334.0818786144  5.812585E-16
20344.2445888042  6.326609E-16
20354.407298994  6.108671E-16
20364.5700091838  5.727000E-16
20374.7327193736  6.250584E-16
20384.8954295634  5.657621E-16
20395.0581397532  5.862496E-16
20405.220849943  6.445393E-16
20415.3835601328  5.838809E-16
20425.5462703226  6.223378E-16
20435.7089805124  5.888725E-16
20445.8716907022  5.853426E-16
20456.034400892  6.136525E-16
20466.1971110818  6.351154E-16
20476.3598212716  6.031092E-16
20486.5225314614  6.039154E-16
20496.6852416512  6.068829E-16
20506.847951841  6.022771E-16
20517.0106620308  5.637570E-16
20527.1733722206  5.465210E-16
20537.3360824104  5.397809E-16
20547.4987926002  5.283356E-16
20557.66150279  5.385643E-16
20567.8242129798  4.723584E-16
20577.9869231696  5.312501E-16
20588.1496333594  5.501726E-16
20598.3123435492  5.433859E-16
20608.475053739  4.618759E-16
20618.6377639288  5.021804E-16
20628.8004741186  4.915509E-16
20638.9631843084  4.595427E-16
20649.1258944982  5.205011E-16
20659.288604688  4.696237E-16
20669.4513148778  5.014156E-16
20679.6140250676  5.018537E-16
20689.7767352574  5.118184E-16
20699.9394454472  5.178413E-16
20710.102155637  5.387687E-16
20720.2648658268  5.966020E-16
20730.4275760166  5.428280E-16
20740.5902862064  5.098640E-16
20750.7529963962  5.409409E-16
20760.915706586  4.886562E-16
20771.0784167758  5.023704E-16
20781.2411269656  5.851229E-16
20791.4038371554  6.011505E-16
20801.5665473452  5.935504E-16
20811.729257535  6.077512E-16
20821.8919677248  6.054062E-16
20832.0546779146  6.309981E-16
20842.2173881044  6.383413E-16
20852.3800982942  5.969990E-16
20862.542808484  7.061978E-16
20872.7055186738  6.838677E-16
20882.8682288636  7.082735E-16
20893.0309390534  6.339108E-16
20903.1936492432  7.902365E-16
20913.356359433  7.675009E-16
20923.5190696228  7.736067E-16
20933.6817798126  7.876086E-16
20943.8444900024  7.504783E-16
20954.0072001922  7.995804E-16
20964.169910382  7.718488E-16
20974.3326205718  8.155907E-16
20984.4953307616  7.743723E-16
20994.6580409514  8.065034E-16
21004.8207511412  8.517407E-16
21014.983461331  8.393132E-16
21025.1461715208  8.452669E-16
21035.3088817106  8.915925E-16
21045.4715919004  1.009684E-15
21055.6343020902  9.310335E-16
21065.79701228  8.994427E-16
21075.9597224698  9.426836E-16
21086.1224326596  9.242084E-16
21096.2851428494  9.541535E-16
21106.4478530392  9.161963E-16
21116.610563229  9.921675E-16
21126.7732734188  9.756633E-16
21136.9359836086  9.427247E-16
21147.0986937984  1.007167E-15
21157.2614039882  9.239653E-16
21167.424114178  9.852156E-16
21177.5868243678  9.883736E-16
21187.7495345576  9.835357E-16
21197.9122447474  9.859774E-16
21208.0749549372  9.945065E-16
21218.237665127  9.461829E-16
21228.4003753168  9.704900E-16
21238.5630855066  9.875567E-16
21248.7257956964  1.018787E-15
21258.8885058862  9.746873E-16
21269.051216076  1.025914E-15
21279.2139262658  1.066979E-15
21289.3766364556  1.126676E-15
21299.5393466454  1.116533E-15
21309.7020568352  1.134986E-15
21319.864767025  1.108915E-15
21330.0274772148  1.163551E-15
21340.1901874046  1.204549E-15
21350.3528975944  1.108728E-15
21360.5156077842  1.170093E-15
21370.678317974  1.240193E-15
21380.8410281638  1.250904E-15
21391.0037383536  1.279142E-15
21401.1664485434  1.305665E-15
21411.3291587332  1.278986E-15
21421.491868923  1.326833E-15
21431.6545791128  1.313586E-15
21441.8172893026  1.323480E-15
21451.9799994924  1.334931E-15
21462.1427096822  1.342427E-15
21472.305419872  1.353698E-15
21482.4681300618  1.375404E-15
21492.6308402516  1.319156E-15
21502.7935504414  1.380669E-15
21512.9562606312  1.492695E-15
21523.118970821  1.372025E-15
21533.2816810108  1.344002E-15
21543.4443912006  1.483728E-15
21553.6071013904  1.488011E-15
21563.7698115802  1.516437E-15
21573.93252177  1.609055E-15
21584.0952319598  1.706925E-15
21594.2579421496  1.679387E-15
21604.4206523394  1.678447E-15
21614.5833625292  1.635995E-15
21624.746072719  1.676210E-15
21634.9087829088  1.762199E-15
21645.0714930986  1.779200E-15
21655.2342032884  1.667983E-15
21665.3969134782  1.676076E-15
21675.559623668  1.649039E-15
21685.7223338578  1.568728E-15
21695.8850440476  1.687118E-15
21706.0477542374  1.614615E-15
21716.2104644272  1.584336E-15
21726.373174617  1.657317E-15
21736.5358848068  1.531037E-15
21746.6985949966  1.462763E-15
21756.8613051864  1.475930E-15
21767.0240153762  1.439586E-15
21777.186725566  1.545506E-15
21787.3494357558  1.316279E-15
21797.5121459456  1.385234E-15
21807.6748561354  1.362876E-15
21817.8375663252  1.328942E-15
21828.000276515  1.324584E-15
21838.1629867048  1.229564E-15
21848.3256968946  1.276104E-15
21858.4884070844  1.301509E-15
21868.6511172742  1.171813E-15
21878.813827464  1.147625E-15
21888.9765376538  1.109768E-15
21899.1392478436  1.114672E-15
21909.3019580334  1.237003E-15
21919.4646682232  1.102368E-15
21929.627378413  1.251946E-15
21939.7900886028  1.112098E-15
21949.9527987926  1.055160E-15
21960.1155089824  1.026917E-15
21970.2782191722  1.225539E-15
21980.440929362  1.182096E-15
21990.6036395518  1.075023E-15
22000.7663497416  1.113303E-15
22010.9290599314  1.246618E-15
22021.0917701212  1.166632E-15
22031.254480311  1.352569E-15
22041.4171905008  1.227154E-15
22051.5799006906  1.262598E-15
22061.7426108804  1.381073E-15
22071.9053210702  1.456819E-15
22082.06803126  1.503928E-15
22092.2307414498  1.442373E-15
22102.3934516396  1.705433E-15
22112.5561618294  1.504616E-15
22122.7188720192  1.439927E-15
22132.881582209  1.457424E-15
22143.0442923988  1.768693E-15
22153.2070025886  1.738049E-15
22163.3697127784  1.701510E-15
22173.5324229682  1.980897E-15
22183.695133158  1.903843E-15
22193.8578433478  2.038801E-15
22204.0205535376  1.996447E-15
22214.1832637274  1.976768E-15
22224.3459739172  2.186150E-15
22234.508684107  2.288546E-15
22244.6713942968  2.267623E-15
22254.8341044866  2.347812E-15
22264.9968146764  2.307367E-15
22275.1595248662  2.398263E-15
22285.322235056  2.496641E-15
22295.4849452458  2.687514E-15
22305.6476554356  2.457843E-15
22315.8103656254  2.835930E-15
22325.9730758152  2.808448E-15
22336.135786005  2.716187E-15
22346.2984961948  2.754672E-15
22356.4612063846  3.136096E-15
22366.6239165744  3.112502E-15
22376.7866267642  3.093872E-15
22386.949336954  3.233086E-15
22397.1120471438  3.234267E-15
22407.2747573336  3.050828E-15
22417.4374675234  3.748598E-15
22427.6001777132  3.802725E-15
22437.762887903  3.617386E-15
22447.9255980928  3.767145E-15
22458.0883082826  3.701639E-15
22468.2510184724  4.000121E-15
22478.4137286622  4.137866E-15
22488.576438852  4.370363E-15
22498.7391490418  4.493393E-15
22508.9018592316  4.491527E-15
22519.0645694214  4.600657E-15
22529.2272796112  4.996685E-15
22539.389989801  5.155053E-15
22549.5526999908  5.108441E-15
22559.7154101806  5.463664E-15
22569.8781203704  5.765513E-15
22580.0408305602  5.697521E-15
22590.20354075  5.793853E-15
22600.3662509398  6.163389E-15
22610.5289611296  6.191838E-15
22620.6916713194  6.600126E-15
22630.8543815092  6.815168E-15
22641.017091699  6.682400E-15
22651.1798018888  7.307898E-15
22661.3425120786  7.866758E-15
22671.5052222684  7.558417E-15
22681.6679324582  7.320249E-15
22691.830642648  7.910619E-15
22701.9933528378  8.491953E-15
22712.1560630276  8.581835E-15
22722.3187732174  8.371268E-15
22732.4814834072  9.167343E-15
22742.644193597  9.524372E-15
22752.8069037868  9.773567E-15
22762.9696139766  1.014829E-14
22773.1323241664  9.310464E-15
22783.2950343562  1.091386E-14
22793.457744546  1.095123E-14
22803.6204547358  1.155452E-14
22813.7831649256  1.306926E-14
22823.9458751154  1.235990E-14
22834.1085853052  1.278378E-14
22844.271295495  1.453780E-14
22854.4340056848  1.430904E-14
22864.5967158746  1.580550E-14
22874.7594260644  1.804714E-14
22884.9221362542  1.843762E-14
22895.084846444  2.035453E-14
22905.2475566338  2.369508E-14
22915.4102668236  3.041921E-14
22925.5729770134  3.471771E-14
22935.7356872032  3.558614E-14
22945.898397393  4.692707E-14
22956.0611075828  8.392718E-14
22966.2238177726  1.801696E-13
22976.3865279624  -5.858135E-13
22986.5492381522  -1.066249E-13
22996.711948342  -5.681714E-14
23006.8746585318  -3.970685E-14
23017.0373687216  -3.348900E-14
23027.2000789114  -2.467495E-14
23037.3627891012  -2.174590E-14
23047.525499291  -1.564895E-14
23057.6882094808  -1.349037E-14
23067.8509196706  -1.267827E-14
23078.0136298604  -1.015728E-14
23088.1763400502  -9.585216E-15
23098.33905024  -8.084944E-15
23108.5017604298  -7.779313E-15
23118.6644706196  -6.867098E-15
23128.8271808094  -6.356011E-15
23138.9898909992  -6.631498E-15
23149.152601189  -4.869928E-15
23159.3153113788  -4.938401E-15
23169.4780215686  -3.773341E-15
23179.6407317584  -3.258367E-15
23189.8034419482  -3.763056E-15
23199.966152138  -2.910498E-15
23210.1288623278  -3.272044E-15
23220.2915725176  -2.493304E-15
23230.4542827074  -2.633097E-15
23240.6169928972  -2.461847E-15
23250.779703087  -2.534652E-15
23260.9424132768  -2.487995E-15
23271.1051234666  -2.301249E-15
23281.2678336564  -2.646197E-15
23291.4305438462  -2.370889E-15
23301.593254036  -1.721576E-15
23311.7559642258  -2.230536E-15
23321.9186744156  -1.869031E-15
23332.0813846054  -1.800200E-15
23342.2440947952  -2.008861E-15
23352.406804985  -2.262536E-15
23362.5695151748  -2.122167E-15
23372.7322253646  -1.849074E-15
23382.8949355544  -2.126457E-15
23393.0576457442  -1.256283E-15
23403.220355934  -1.883783E-15
23413.3830661238  -1.961987E-15
23423.5457763136  -1.728561E-15
23433.7084865034  -2.373207E-15
23443.8711966932  -2.107155E-15
23454.033906883  -1.966683E-15
23464.1966170728  -1.855176E-15
23474.3593272626  -1.905835E-15
23484.5220374524  -1.961323E-15
23494.6847476422  -2.059864E-15
23504.847457832  -2.016465E-15
23515.0101680218  -1.517342E-15
23525.1728782116  -2.065392E-15
23535.3355884014  -1.978605E-15
23545.4982985912  -2.059860E-15
23555.661008781  -1.838858E-15
23565.8237189708  -1.810946E-15
23575.9864291606  -1.823204E-15
23586.1491393504  -2.250977E-15
23596.3118495402  -2.343704E-15
23606.47455973  -2.188892E-15
23616.6372699198  -2.078087E-15
23626.7999801096  -2.124129E-15
23636.9626902994  -2.052764E-15
23647.1254004892  -1.918454E-15
23657.288110679  -2.122140E-15
23667.4508208688  -2.163612E-15
23677.6135310586  -2.452523E-15
23687.7762412484  -1.944814E-15
23697.9389514382  -1.533232E-15
23708.101661628  -1.772166E-15
23718.2643718178  -1.736914E-15
23728.4270820076  -1.483975E-15
23738.5897921974  -1.510339E-15
23748.7525023872  -1.856113E-15
23758.915212577  -1.613999E-15
23769.0779227668  -1.893264E-15
23779.2406329566  -1.742494E-15
23789.4033431464  -1.504046E-15
23799.5660533362  -1.365115E-15
23809.728763526  -1.367834E-15
23819.8914737158  -1.493530E-15
23830.0541839056  -1.191293E-15
23840.2168940954  -1.378221E-15
23850.3796042852  -1.201660E-15
23860.542314475  -1.435887E-15
23870.7050246648  -1.435062E-15
23880.8677348546  -1.352465E-15
23891.0304450444  -1.439904E-15
23901.1931552342  -1.327252E-15
23911.355865424  -1.250181E-15
23921.5185756138  -1.263861E-15
23931.6812858036  -1.136227E-15
23941.8439959934  -1.184050E-15
23952.0067061832  -1.238074E-15
23962.169416373  -1.359314E-15
23972.3321265628  -1.323506E-15
23982.4948367526  -1.154149E-15
23992.6575469424  -1.024119E-15
24002.8202571322  -1.007335E-15
24012.982967322  -1.472033E-15
24023.1456775118  -1.171516E-15
24033.3083877016  -1.038638E-15
24043.4710978914  -1.045474E-15
24053.6338080812  -7.378136E-16
24063.796518271  -6.575725E-16
24073.9592284608  -6.565444E-16
24084.1219386506  -7.636985E-16
24094.2846488404  -7.152020E-16
24104.4473590302  -6.546883E-16
24114.61006922  -9.227243E-16
24124.7727794098  -7.999003E-16
24134.9354895996  -9.324548E-16
24145.0981997894  -7.474011E-16
24155.2609099792  -5.940971E-16
24165.423620169  -4.950196E-16
24175.5863303588  -5.645428E-16
24185.7490405486  -6.117767E-16
24195.9117507384  -3.901953E-16
24206.0744609282  -4.399668E-16
24216.237171118  -5.896939E-16
24226.3998813078  -3.713693E-16
24236.5625914976  -4.763720E-16
24246.7253016874  -7.355108E-16
24256.8880118772  -3.640451E-16
24267.050722067  -5.619847E-16
24277.2134322568  -6.798760E-16
24287.3761424466  -4.534281E-16
24297.5388526364  -3.657023E-16
24307.7015628262  -3.802107E-16
24317.864273016  -6.421881E-16
24328.0269832058  -2.374734E-16
24338.1896933956  -7.182538E-16
24348.3524035854  -3.169176E-16
24358.5151137752  -3.983636E-16
24368.677823965  -5.541591E-16
24378.8405341548  -5.698501E-16
24389.0032443446  -6.239612E-16
24399.1659545344  -6.007823E-16
24409.3286647242  -3.305654E-16
24419.491374914  -4.053918E-16
24429.6540851038  -3.878328E-16
24439.8167952936  -4.351642E-16
24449.9795054834  -7.123213E-16
24460.1422156732  -5.148480E-16
24470.304925863  -5.675824E-16
24480.4676360528  -5.446315E-16
24490.6303462426  -7.986342E-16
24500.7930564324  -1.630444E-16
24510.9557666222  -3.878322E-16
24521.118476812  -4.830278E-16
24531.2811870018  -5.542559E-16
24541.4438971916  -6.996934E-16
24551.6066073814  -5.551837E-16
24561.7693175712  -7.397286E-16
24571.932027761  -6.623538E-16
24582.0947379508  -8.018228E-16
24592.2574481406  -6.319151E-16
24602.4201583304  -6.513890E-16
24612.5828685202  -6.863192E-16
24622.74557871  -6.444586E-16
24632.9082888998  -5.327765E-16
24643.0709990896  -5.001597E-16
24653.2337092794  -9.315550E-16
24663.3964194692  -5.871409E-16
24673.559129659  -4.912942E-16
24683.7218398488  -7.065414E-16
24693.8845500386  -8.930658E-16
24704.0472602284  -7.959794E-16
24714.2099704182  -2.746370E-16
24724.372680608  -7.500641E-16
24734.5353907978  -9.974863E-16
24744.6981009876  -6.393793E-16
24754.8608111774  -6.538994E-16
24765.0235213672  -4.964438E-16
24775.186231557  -9.695081E-16
24785.3489417468  -1.081946E-15
24795.5116519366  -9.354986E-16
24805.6743621264  -1.409958E-15
24815.8370723162  -8.978615E-16
24825.999782506  -6.752611E-16
24836.1624926958  -9.946197E-16
24846.3252028856  -1.104648E-15
24856.4879130754  -1.403015E-15
24866.6506232652  -5.268350E-16
24876.813333455  -3.782664E-16
24886.9760436448  -4.117843E-16
24897.1387538346  -4.248876E-16
24907.3014640244  -6.749789E-16
24917.4641742142  -4.860062E-16
24927.626884404  -2.933243E-16
24937.7895945938  -1.702645E-16
24947.9523047836  -2.219823E-16
24958.1150149734  -2.058812E-16
24968.2777251632  -7.295891E-16
24978.440435353  -2.514945E-16
24988.6031455428  -3.273238E-16
24998.7658557326  -9.140959E-16
25008.9285659224  -5.873660E-16
25019.0912761122  -4.009639E-16
25029.253986302  -8.166040E-17
25039.4166964918  -3.196176E-16
25049.5794066816  -1.549015E-16
25059.7421168714  -2.773095E-16
25069.9048270612  -3.069694E-16
25080.067537251  -1.737495E-16
25090.2302474408  -2.708366E-16
25100.3929576306  -2.370831E-16
25110.5556678204  -5.700947E-17
25120.7183780102  -4.448267E-16
25130.8810882  -5.768136E-16
25141.0437983898  -2.606077E-16
25151.2065085796  -5.747964E-16
25161.3692187694  -1.436678E-16
25171.5319289592  5.494675E-17
25181.694639149  -1.572811E-16
25191.8573493388  -5.760841E-16
25202.0200595286  -2.778831E-17
25212.1827697184  -1.140038E-16
25222.3454799082  -4.713894E-18
25232.508190098  1.881104E-16
25242.6709002878  -3.287098E-16
25252.8336104776  -5.943715E-16
25262.9963206674  -9.757757E-16
25273.1590308572  -4.055897E-16
25283.321741047  -2.678023E-16
25293.4844512368  -1.730544E-15
25303.6471614266  -8.429949E-16
25313.8098716164  -3.594814E-16
25323.9725818062  -3.403679E-16
25334.135291996  -1.768945E-17
25344.2980021858  -2.387771E-17
25354.4607123756  -3.584466E-17
25364.6234225654  -4.753755E-17
