# 2022-04-13T01:54:31.808 59682.079535
4020.0 0.6587492945515114
4029.2 1.0648749286380224
4038.4 0.3722769123595584
4047.6 0.15197542038541859
4056.8 -0.13726222447755576
4066.0 0.2506237008051618
4075.2 0.7543627149686192
4084.4 -0.022591524390011164
4093.6 -0.38947941598086866
4102.8 0.4781656051568822
4112.0 0.2209104665559184
4121.2 0.7628791841986803
4130.4 0.4295443302904823
4139.6 0.1669718462898133
4148.8 -0.1524261083809127
4158.0 0.05269123073147557
4167.2 0.37639471873948027
4176.4 -0.025743627631301554
4185.6 0.2828867907260793
4194.8 0.6411750263285292
4204.0 0.8151258243959747
4213.2 0.376969842849241
4222.4 1.0051333333652168
4231.6 0.37754496695900175
4240.8 0.4019835786157443
4250.0 0.42543142165690323
4259.2 0.39270969433882275
4268.4 0.3464140868536693
4277.6 0.2668081100329781
4286.8 0.5553376988361017
4296.0 0.5041957123545846
4305.2 0.25522254495620095
4314.4 0.04633909103855682
4323.6 0.22405917797135777
4332.8 0.2597788579191825
4342.0 0.7332705282504343
4351.2 0.4932149652938634
4360.4 0.4279593420389673
4369.6 0.4456494358725283
4378.8 0.2403925088640164
4388.0 0.6108547719035756
4397.2 0.39008952164587696
4406.4 0.3024583155968445
4415.6 0.6726612433099921
4424.8 0.3771530314299061
4434.0 0.46058951417208566
4443.2 0.3033593572258649
4452.4 0.44269049541493644
4461.6 0.17126663217571877
4470.8 0.3312372377650279
4480.0 0.49109635880890107
4489.2 0.20355956250266258
4498.4 0.17017798421270552
4507.6 0.38148782055132824
4516.8 0.3919719270014669
4526.0 0.38220764153614184
4535.2 0.42235377095534643
4544.4 0.4627480816893139
4553.6 0.528040477976387
4562.8 0.614517294773906
4572.0 0.500193060160088
4581.2 0.6229942541196749
4590.4 0.5811589917180636
4599.6 0.3842507119372787
4608.8 0.6138154422232448
4618.0 0.39934501403912204
4627.2 0.39385433235705675
4636.4 0.33792244012007466
4645.6 0.3014864820426304
4654.8 0.3303167858361193
4664.0 0.19893984762959435
4673.2 0.30653636727531464
4682.4 0.21608040884419877
4691.6 0.28141538464366683
4700.8 0.31823440063083897
4710.0 0.3036668153841863
4719.2 0.3046435209489033
4728.4 0.3860540368345276
4737.6 0.2228303969638876
4746.8 0.352097100727547
4756.0 0.3056456020024214
4765.2 0.31213274297230015
4774.4 0.46757796971684135
4783.6 0.3994979272016268
4792.8 0.472103300808762
4802.0 0.5021503130762153
4811.2 0.5079312173531607
4820.4 0.48121727304545503
4829.6 0.5551627360547147
4838.8 0.4878007700361188
4848.0 0.5003950863213811
4857.2 0.42604973041707883
4866.4 0.5496094330978503
4875.6 0.4548251687610184
4884.8 0.565889764075571
4894.0 0.6240856598751737
4903.2 0.5730116217097718
4912.4 0.4546241490440459
4921.6 0.6030691602267685
4930.8 0.5199599416546259
4940.0 0.5550875117860955
4949.2 0.4146740525598449
4958.4 0.4721269148998628
4967.6 0.5075680007751893
4976.8 0.5455206161844229
4986.0 0.5930025822224949
4995.2 0.5300580227284128
5004.4 0.4890493145893444
5013.6 0.5784113377448783
5022.8 0.47966854180454455
5032.0 0.45778403223995084
5041.2 0.5824294882667239
5050.4 0.5455159027217299
5059.6 0.4775185313367452
5068.8 0.5031038903516646
5078.0 0.5059855534297256
5087.2 0.49446953486586237
5096.4 0.45885220703771407
5105.6 0.39413626773752897
5114.8 0.3866292994632295
5124.0 0.5029583887632904
5133.2 0.3535070086062933
5142.4 0.33341353658898926
5151.6 0.45401265612599384
5160.8 0.3744827211026736
5170.0 0.42809878066795953
5179.2 0.32041548775883777
5188.4 0.3524177273515958
5197.6 0.3473082748818412
5206.8 0.5311554304358498
5216.0 0.37083162324830704
5225.2 0.4145827234329688
5234.4 0.3864408638251497
5243.6 0.3855610503028694
5252.8 0.3716317090698535
5262.0 0.3781409634175696
5271.2 0.38326481361908254
5280.4 0.33360975140463706
5289.6 0.4087211980089337
5298.8 0.415540535978557
5308.0 0.45233576829576666
5317.2 0.4321428384176017
5326.4 0.3862028530191393
5335.6 0.3952836561978722
5344.8 0.3274698553598599
5354.0 0.4171540024670799
5363.2 0.43880433033849603
5372.4 0.4030154964348126
5381.6 0.42800652603286105
5390.8 0.41642793213563406
5400.0 0.30491525700216626
5409.2 0.36424704307988404
5418.4 0.32730132515214133
5427.6 0.425425314587703
5436.8 0.44771643389497623
5446.0 0.39233538194169765
5455.2 0.3490082044363348
5464.4 0.43465651508777525
5473.6 0.4489794890552982
5482.8 0.433196260252793
5492.0 0.4035186773075746
5501.2 0.44909566819329727
5510.4 0.4337306136771964
5519.6 0.4162873053094786
5528.8 0.43839593203235855
5538.0 0.5063909944894159
5547.2 0.4849696101810538
5556.4 0.4635012623937839
5565.6 0.43976567983705744
5574.8 0.538208164682986
5584.0 0.5784800775132312
5593.2 0.5458201689568148
5602.4 0.4103041028157315
5611.6 0.4258187409397911
5620.8 0.486873294493469
5630.0 0.5118333736594228
5639.2 0.4993350508850952
5648.4 0.45087362807774484
5657.6 0.45469453560450124
5666.8 0.5445953351204986
5676.0 0.47464948737836077
5685.2 0.47152138181792463
5694.4 0.5080091979391564
5703.6 0.4710266159470825
5712.8 0.44765889151254556
5722.0 0.4859581766447843
5731.2 0.5026263252900955
5740.4 0.49669263662600843
5749.6 0.4562061215336882
5758.8 0.5126076897105125
5768.0 0.45513453602225956
5777.2 0.4604201723337152
5786.4 0.4727676266404164
5795.6 0.5532708995254236
5804.8 0.4914152886674666
5814.0 0.4364266892480495
5823.2 0.44928423739247547
5832.4 0.44995619610554627
5841.6 0.4663561910243569
5850.8 0.50992394730372
5860.0 0.5100447224409281
5869.2 0.49520590266101466
5878.4 0.4208141083326192
5887.6 0.3832069896350755
5896.8 0.41895479663839796
5906.0 0.43788625888465726
5915.2 0.44187038587112554
5924.4 0.48846222755723584
5933.6 0.41934889231686
5942.8 0.4390341684452107
5952.0 0.5071413891778221
5961.2 0.458881588384601
5970.4 0.47824156036275023
5979.6 0.47784622615668115
5988.8 0.5040305880924625
5998.0 0.4898016208718971
6007.2 0.48782128591153423
6016.4 0.4915120808151308
6025.6 0.463367691636672
6034.8 0.49588381068862275
6044.0 0.4966781351371226
6053.2 0.48226632535751535
6062.4 0.49372783273787857
6071.6 0.5135698513406706
6080.8 0.4963563381151178
6090.0 0.46442026528157554
6099.2 0.43388539959107225
6108.4 0.4945561760417001
6117.6 0.4847162597367833
6126.8 0.5608017841071047
6136.0 0.5135463734323987
6145.2 0.48930854014420444
6154.4 0.5072024718003264
6163.6 0.4809609554692236
6172.8 0.45653222425619555
6182.0 0.4579319958022653
6191.2 0.45940263746490095
6200.4 0.4663071429540296
6209.6 0.4468197993926507
6218.8 0.48138366357842866
6228.0 0.5150784844154609
6237.2 0.4654728962350875
6246.4 0.46208450495161474
6255.6 0.5767998882402557
6264.8 0.4540460323969653
6274.0 0.5033738865407728
6283.2 0.5130232070777657
6292.4 0.47854915959346594
6301.6 0.5656206768278448
6310.8 0.534106085061553
6320.0 0.5260272536638048
6329.2 0.5297160430802487
6338.4 0.5137059920033555
6347.6 0.5728656921533893
6356.8 0.5160392257070318
6366.0 0.523133402922957
6375.2 0.492275589643487
6384.4 0.4265289341934103
6393.6 0.42224070471166786
6402.8 0.5163773237673371
6412.0 0.520395531070697
6421.2 0.5156413085950928
6430.4 0.4992955355096563
6439.6 0.4668038955248927
6448.8 0.504059625895613
6458.0 0.4916600756395383
6467.2 0.5174705701084351
6476.4 0.4763195578044293
6485.6 0.4985173553183031
6494.8 0.5148119555784113
6504.0 0.48015982613002445
6513.2 0.44234044152708796
6522.4 0.4634378540308104
6531.6 0.48264744523173647
6540.8 0.5058758241957121
6550.0 0.45042936930935906
6559.2 0.43384652523399314
6568.4 0.4063509782554637
6577.6 0.4112997384385762
6586.8 0.38610415829560113
6596.0 0.36076377471306187
6605.2 0.32134731133705097
6614.4 0.36192175655076686
6623.6 0.3840369248377164
6632.8 0.36006834359402223
6642.0 0.3580887452115086
6651.2 0.3551061849820761
6660.4 0.3140948344813838
6669.6 0.43787058638787485
6678.8 0.37723302200015185
6688.0 0.3773951943897757
6697.2 0.34722333228226904
6706.4 0.41544808108618314
6715.6 0.45053238567501314
6724.8 0.4267517622922722
6734.0 0.3941732662652564
6743.2 0.4560784410987637
6752.4 0.4047010355953813
6761.6 0.44129860762638784
6770.8 0.44560448151831883
6780.0 0.3867504385383441
6789.2 0.44947860783894844
6798.4 0.4568997049715949
6807.6 0.4705329718563356
6816.8 0.4579787800532077
6826.0 0.460269530457835
6835.2 0.48030297887518747
6844.4 0.4756387876821534
6853.6 0.4470145113388084
6862.8 0.39172532504337404
6872.0 0.44231912398184353
6881.2 0.4812634582235576
6890.4 0.491234770054924
6899.6 0.4918569586614174
6908.8 0.4287937040634849
6918.0 0.45650322491840517
6927.2 0.3833007670447531
6936.4 0.45421128222930424
6945.6 0.40962854498336576
6954.8 0.41231038276691717
6964.0 0.42803465133234375
6973.2 0.4086336476559295
6982.4 0.3933968209591884
6991.6 0.43458215639038683
7000.8 0.42920223230265764
7010.0 0.4328188591821487
7019.2 0.4408601740605114
7028.4 0.4281408886009222
7037.6 0.4605082971638128
7046.8 0.38580909073024344
7056.0 0.43712762661844795
7065.2 0.46540538213885785
7074.4 0.4394574319997788
7083.6 0.4515643709844499
7092.8 0.4295004372497253
7102.0 0.4554687309315726
7111.2 0.4079833410318993
7120.4 0.43650000510832115
7129.6 0.4476347993798325
7138.8 0.4399355755827571
7148.0 0.4152138951769974
7157.2 0.37689601757663205
7166.4 0.3608135238789064
7175.6 0.3439140920143431
7184.8 0.34267470403339056
7194.0 0.3764749055307424
7203.2 0.42418796182662566
7212.4 0.4024836990295898
7221.6 0.3934188391048797
7230.8 0.30611062429400043
7240.0 0.40264720338563803
7249.2 0.3877593989156789
7258.4 0.3591359600836271
7267.6 0.3734570213792453
7276.8 0.3667673852919373
7286.0 0.41822147031591156
7295.2 0.3660121663385882
7304.4 0.3241873096847275
7313.6 0.36332412247818896
7322.8 0.3420509282125437
7332.0 0.34559682863889213
7341.2 0.3907098506083197
7350.4 0.3418170039862095
7359.6 0.3759530302788312
7368.8 0.40602926360625763
7378.0 0.36640403692003126
7387.2 0.39892884329783546
7396.4 0.36944374376605843
7405.6 0.39048409564823205
7414.8 0.3261379390985631
7424.0 0.35586743173537
7433.2 0.3381419166405131
7442.4 0.3969923679695619
7451.6 0.36995067268398707
7460.8 0.27870489474416804
7470.0 0.3622110381777754
7479.2 0.4139466091231288
7488.4 0.34700637707897086
7497.6 0.3569284953399712
7506.8 0.37986632705558304
7516.0 0.32540884111089907
7525.2 0.36397661724706837
7534.4 0.4109458507205376
7543.6 0.35771109247220073
7552.8 0.3764773824948386
7562.0 0.3268053378598707
7571.2 0.3234152381298179
7580.4 0.35861682163008773
7589.6 0.25498174252668604
7598.8 0.18121623200743783
7608.0 0.4483873490589373
7617.2 0.28782626450638066
7626.4 0.3730685364467299
7635.6 0.31487438363260484
7644.8 0.4077841619945985
7654.0 0.36674646533161104
7663.2 0.34729530067015446
7672.4 0.35664931664816274
7681.6 0.27854804134367955
7690.8 0.2874237517905273
7700.0 0.38970990301745834
7709.2 0.34264635402886623
7718.4 0.2739473907441906
7727.6 0.3281622351831017
7736.8 0.335851178226831
7746.0 0.3034235387720013
7755.2 0.326897095673285
7764.4 0.24573432657773733
7773.6 0.2950317191805498
7782.8 0.31771343142878516
7792.0 0.28713011208585754
7801.2 0.2437269309789687
7810.4 0.2686889938767301
7819.6 0.18264230056501474
7828.8 0.21938654595062873
7838.0 0.3493957129151563
7847.2 0.24065388506491703
7856.4 0.31889439445083556
7865.6 0.30079594471724364
7874.8 0.2373373657305626
7884.0 0.23939687299677384
7893.2 0.2838956457086973
7902.4 0.32054523692586284
7911.6 0.2729218078970609
7920.8 0.15285030604274527
7930.0 0.29647887769626635
7939.2 0.25483954224120453
7948.4 0.10023849450169563
7957.6 0.3666121353467051
7966.8 0.30850211680888706
7976.0 0.3463124279364916
7985.2 0.20978390208273573
7994.4 0.3118454403178931
