# DICHROIC = D55
# OBSERVER = Kevin Burdge
# OBJECT = ZTF18abfhryc
# LAMPS = 0000000
# APERTURE = 1.5
# UTSHUT = 2018-07-08T10:49:31.409
# EXPTIME = 1200
3400.000 3.0119e-18
3401.525 2.9544e-17
3403.050 4.1287e-17
3404.575 -1.0529e-17
3406.100 2.1714e-17
3407.625 2.1309e-17
3409.150 2.6059e-17
3410.675 1.6501e-17
3412.200 -1.329e-18
3413.725 3.1743e-17
3415.250 2.7601e-17
3416.775 1.6874e-17
3418.300 -1.1771e-17
3419.825 2.5236e-17
3421.350 3.72e-17
3422.875 2.5323e-18
3424.400 1.4494e-17
3425.925 9.689e-18
3427.450 4.9899e-17
3428.975 7.8482e-17
3430.500 2.9525e-17
3432.025 -1.8513e-17
3433.550 -2.9505e-18
3435.075 3.7303e-17
3436.600 8.3432e-17
3438.125 7.0605e-17
3439.650 1.792e-17
3441.175 7.9656e-18
3442.700 2.6539e-17
3444.225 2.1746e-17
3445.750 4.5199e-17
3447.275 -1.6057e-17
3448.800 1.927e-18
3450.325 2.5441e-17
3451.850 -7.8348e-18
3453.375 4.3587e-17
3454.900 3.2118e-17
3456.425 -4.3268e-18
3457.950 4.0098e-17
3459.475 2.2205e-17
3461.000 1.8115e-17
3462.525 1.8592e-17
3464.050 7.5422e-18
3465.575 3.5125e-17
3467.100 2.5738e-17
3468.625 1.577e-17
3470.150 1.7543e-17
3471.675 1.7861e-17
3473.200 1.9621e-17
3474.725 4.4116e-17
3476.250 1.3595e-17
3477.775 -1.1053e-18
3479.300 2.2616e-17
3480.825 2.4164e-17
3482.350 3.8759e-17
3483.875 1.6765e-17
3485.400 1.9845e-17
3486.925 1.6645e-17
3488.450 -4.2381e-18
3489.975 3.1381e-17
3491.500 4.2913e-17
3493.025 5.2499e-17
3494.550 2.0149e-17
3496.075 3.0951e-17
3497.600 3.171e-17
3499.125 -4.9883e-18
3500.650 3.8217e-17
3502.175 3.6938e-17
3503.700 2.028e-17
3505.225 2.8288e-17
3506.750 1.2344e-17
3508.275 4.564e-17
3509.800 3.5825e-17
3511.325 1.7276e-17
3512.850 3.9274e-17
3514.375 2.3591e-17
3515.900 8.4505e-18
3517.425 4.0519e-17
3518.950 2.2021e-17
3520.475 1.6223e-17
3522.000 2.7723e-17
3523.525 3.3513e-17
3525.050 2.7296e-17
3526.575 3.3793e-17
3528.100 2.0675e-17
3529.625 2.4314e-17
3531.150 1.5056e-17
3532.675 2.0603e-17
3534.200 4.9207e-17
3535.725 2.404e-17
3537.250 1.3474e-17
3538.775 2.9628e-17
3540.300 2.8875e-17
3541.825 4.0994e-17
3543.350 2.2132e-17
3544.875 1.816e-17
3546.400 3.9505e-17
3547.925 3.6218e-17
3549.450 2.6899e-17
3550.975 3.6489e-18
3552.500 2.3133e-17
3554.025 2.7307e-17
3555.550 5.9907e-17
3557.075 1.1222e-17
3558.600 2.5492e-17
3560.125 4.0535e-17
3561.650 1.0488e-17
3563.175 2.1961e-17
3564.700 2.9147e-17
3566.225 3.9982e-17
3567.750 3.0205e-17
3569.275 2.7261e-17
3570.800 3.0373e-17
3572.325 3.1335e-17
3573.850 8.3893e-18
3575.375 3.18e-17
3576.900 2.9687e-17
3578.425 2.0502e-17
3579.950 2.6812e-17
3581.475 3.8283e-17
3583.000 3.079e-17
3584.525 2.9701e-17
3586.050 3.3367e-17
3587.575 2.6934e-17
3589.100 2.4213e-17
3590.625 2.6411e-17
3592.150 2.4818e-17
3593.675 1.868e-17
3595.200 3.8684e-17
3596.725 3.5742e-17
3598.250 1.6e-17
3599.775 1.5234e-17
3601.300 1.4005e-17
3602.825 1.572e-17
3604.350 3.7639e-17
3605.875 2.6828e-17
3607.400 1.8668e-17
3608.925 2.3765e-17
3610.450 3.4407e-17
3611.975 3.5832e-17
3613.500 2.7038e-17
3615.025 3.1128e-17
3616.550 2.6523e-17
3618.075 3.157e-17
3619.600 2.8795e-17
3621.125 2.1053e-17
3622.650 1.6241e-17
3624.175 3.1281e-17
3625.700 2.2089e-17
3627.225 2.2303e-17
3628.750 2.0436e-17
3630.275 1.9696e-17
3631.800 3.0493e-17
3633.325 2.0042e-17
3634.850 7.7275e-18
3636.375 9.8608e-18
3637.900 1.9991e-17
3639.425 2.7434e-17
3640.950 4.0027e-17
3642.475 3.8045e-17
3644.000 1.6916e-17
3645.525 -1.8126e-18
3647.050 2.4017e-18
3648.575 2.9817e-17
3650.100 5.5135e-17
3651.625 3.9129e-17
3653.150 2.3296e-18
3654.675 2.5632e-17
3656.200 3.3735e-17
3657.725 4.7668e-18
3659.250 1.3314e-17
3660.775 2.1132e-17
3662.300 1.4088e-17
3663.825 2.5553e-17
3665.350 3.2175e-17
3666.875 1.7097e-17
3668.400 1.1511e-17
3669.925 2.272e-17
3671.450 2.3842e-17
3672.975 5.2251e-18
3674.500 9.6502e-18
3676.025 1.535e-17
3677.550 2.9923e-17
3679.075 2.3727e-17
3680.600 2.056e-17
3682.125 9.6717e-18
3683.650 1.5291e-17
3685.175 7.5895e-18
3686.700 1.5801e-17
3688.225 1.6986e-17
3689.750 1.2232e-17
3691.275 4.7294e-18
3692.800 2.0079e-17
3694.325 9.6129e-18
3695.850 2.0186e-17
3697.375 1.0306e-17
3698.900 8.9757e-18
3700.425 3.499e-17
3701.950 4.4805e-17
3703.475 2.6874e-17
3705.000 2.264e-17
3706.525 3.7752e-17
3708.050 1.2737e-17
3709.575 1.4529e-17
3711.100 1.5591e-17
3712.625 1.1737e-17
3714.150 2.7474e-17
3715.675 3.8188e-17
3717.200 3.0721e-17
3718.725 3.6504e-17
3720.250 3.8624e-17
3721.775 1.7242e-17
3723.300 1.534e-17
3724.825 6.0153e-18
3726.350 1.4595e-17
3727.875 2.1902e-17
3729.400 1.1128e-17
3730.925 1.8405e-17
3732.450 4.3315e-17
3733.975 3.0554e-17
3735.500 4.3495e-17
3737.025 4.6476e-17
3738.550 3.8089e-17
3740.075 3.9738e-17
3741.600 3.4495e-17
3743.125 4.1103e-17
3744.650 4.1314e-17
3746.175 1.0414e-17
3747.700 5.4019e-18
3749.225 2.2966e-17
3750.750 1.1593e-17
3752.275 7.5062e-18
3753.800 3.3343e-17
3755.325 4.2607e-17
3756.850 1.8649e-17
3758.375 1.2846e-17
3759.900 2.7483e-17
3761.425 3.6324e-17
3762.950 3.6263e-17
3764.475 4.1323e-17
3766.000 2.574e-17
3767.525 3.1815e-17
3769.050 2.2468e-17
3770.575 1.477e-17
3772.100 3.2141e-17
3773.625 3.4294e-17
3775.150 2.2785e-17
3776.675 1.594e-17
3778.200 2.4849e-17
3779.725 3.5585e-17
3781.250 3.4595e-17
3782.775 1.9327e-17
3784.300 2.9852e-17
3785.825 3.4676e-17
3787.350 1.9576e-17
3788.875 3.3864e-18
3790.400 3.9747e-17
3791.925 4.8912e-17
3793.450 4.0154e-17
3794.975 2.7337e-17
3796.500 2.6412e-17
3798.025 3.9725e-17
3799.550 4.0925e-17
3801.075 3.2804e-17
3802.600 2.505e-17
3804.125 2.9312e-17
3805.650 3.5666e-17
3807.175 3.6486e-17
3808.700 2.8412e-17
3810.225 2.7156e-17
3811.750 3.4257e-17
3813.275 3.029e-17
3814.800 3.933e-17
3816.325 5.013e-17
3817.850 5.1387e-17
3819.375 4.5092e-17
3820.900 4.3326e-17
3822.425 2.4453e-17
3823.950 3.2932e-17
3825.475 3.3447e-17
3827.000 4.5846e-17
3828.525 4.1804e-17
3830.050 2.666e-17
3831.575 4.8926e-17
3833.100 4.9213e-17
3834.625 5.4887e-17
3836.150 3.8273e-17
3837.675 1.4721e-17
3839.200 3.9681e-17
3840.725 4.9446e-17
3842.250 2.8039e-17
3843.775 4.2892e-17
3845.300 4.5549e-17
3846.825 4.6601e-17
3848.350 6.9743e-17
3849.875 6.4116e-17
3851.400 4.185e-17
3852.925 4.9656e-17
3854.450 4.7287e-17
3855.975 7.4326e-17
3857.500 5.213e-17
3859.025 4.4437e-17
3860.550 5.3269e-17
3862.075 4.6349e-17
3863.600 3.253e-17
3865.125 5.419e-17
3866.650 6.8079e-17
3868.175 5.3634e-17
3869.700 5.767e-17
3871.225 5.936e-17
3872.750 6.6994e-17
3874.275 4.7631e-17
3875.800 3.9402e-17
3877.325 6.2319e-17
3878.850 5.9561e-17
3880.375 6.42e-17
3881.900 7.0827e-17
3883.425 4.1185e-17
3884.950 4.2622e-17
3886.475 5.2334e-17
3888.000 4.7437e-17
3889.525 5.4963e-17
3891.050 4.0732e-17
3892.575 5.5395e-17
3894.100 6.5608e-17
3895.625 6.6801e-17
3897.150 6.5016e-17
3898.675 6.8712e-17
3900.200 5.6946e-17
3901.725 6.2497e-17
3903.250 4.8527e-17
3904.775 4.7706e-17
3906.300 6.639e-17
3907.825 5.9461e-17
3909.350 5.5596e-17
3910.875 4.7979e-17
3912.400 6.2744e-17
3913.925 5.2462e-17
3915.450 5.6836e-17
3916.975 5.0404e-17
3918.500 5.8227e-17
3920.025 6.584e-17
3921.550 8.8376e-17
3923.075 6.9989e-17
3924.600 6.6022e-17
3926.125 5.9595e-17
3927.650 6.2705e-17
3929.175 6.6694e-17
3930.700 5.8073e-17
3932.225 5.6147e-17
3933.750 6.6428e-17
3935.275 6.9243e-17
3936.800 6.5071e-17
3938.325 6.6283e-17
3939.850 7.0694e-17
3941.375 6.946e-17
3942.900 6.9729e-17
3944.425 7.8084e-17
3945.950 6.5055e-17
3947.475 7.533e-17
3949.000 6.014e-17
3950.525 5.9075e-17
3952.050 6.8693e-17
3953.575 7.7522e-17
3955.100 5.7962e-17
3956.625 7.274e-17
3958.150 8.4812e-17
3959.675 7.6121e-17
3961.200 6.8483e-17
3962.725 6.9593e-17
3964.250 7.2534e-17
3965.775 7.0537e-17
3967.300 6.5288e-17
3968.825 7.2523e-17
3970.350 8.114e-17
3971.875 6.5062e-17
3973.400 6.6064e-17
3974.925 6.5289e-17
3976.450 6.7718e-17
3977.975 8.2571e-17
3979.500 7.5812e-17
3981.025 7.0707e-17
3982.550 7.7136e-17
3984.075 6.4605e-17
3985.600 7.4054e-17
3987.125 8.1155e-17
3988.650 6.2148e-17
3990.175 7.6851e-17
3991.700 9.0706e-17
3993.225 8.6578e-17
3994.750 7.2649e-17
3996.275 6.4448e-17
3997.800 6.0516e-17
3999.325 6.7977e-17
4000.850 7.0837e-17
4002.375 6.8815e-17
4003.900 8.1376e-17
4005.425 8.0463e-17
4006.950 6.9081e-17
4008.475 6.058e-17
4010.000 4.997e-17
4011.525 6.3988e-17
4013.050 7.3814e-17
4014.575 7.6486e-17
4016.100 7.4836e-17
4017.625 7.6077e-17
4019.150 7.9963e-17
4020.675 6.9914e-17
4022.200 6.396e-17
4023.725 7.7071e-17
4025.250 7.0962e-17
4026.775 8.0583e-17
4028.300 7.3124e-17
4029.825 7.7197e-17
4031.350 6.9408e-17
4032.875 7.9247e-17
4034.400 7.6596e-17
4035.925 6.9336e-17
4037.450 7.4946e-17
4038.975 8.8232e-17
4040.500 7.2757e-17
4042.025 7.9883e-17
4043.550 5.8314e-17
4045.075 6.3042e-17
4046.600 9.2747e-17
4048.125 8.6597e-17
4049.650 6.3485e-17
4051.175 4.798e-17
4052.700 6.5342e-17
4054.225 7.2895e-17
4055.750 6.5155e-17
4057.275 7.497e-17
4058.800 7.5648e-17
4060.325 7.7778e-17
4061.850 6.7448e-17
4063.375 6.4622e-17
4064.900 7.1156e-17
4066.425 6.8659e-17
4067.950 5.771e-17
4069.475 5.6631e-17
4071.000 6.1147e-17
4072.525 7.7893e-17
4074.050 7.5171e-17
4075.575 6.6017e-17
4077.100 6.6344e-17
4078.625 7.1661e-17
4080.150 6.4479e-17
4081.675 5.2495e-17
4083.200 6.9707e-17
4084.725 7.1268e-17
4086.250 7.2227e-17
4087.775 7.8129e-17
4089.300 7.854e-17
4090.825 7.0308e-17
4092.350 7.5632e-17
4093.875 7.8819e-17
4095.400 7.2471e-17
4096.925 7.7133e-17
4098.450 7.9549e-17
4099.975 8.3114e-17
4101.500 7.6014e-17
4103.025 8.6207e-17
4104.550 9.1908e-17
4106.075 9.183e-17
4107.600 7.6557e-17
4109.125 8.6582e-17
4110.650 9.2376e-17
4112.175 8.7407e-17
4113.700 9.0238e-17
4115.225 8.9525e-17
4116.750 8.2564e-17
4118.275 8.157e-17
4119.800 9.0474e-17
4121.325 8.7521e-17
4122.850 1.0137e-16
4124.375 9.1231e-17
4125.900 8.925e-17
4127.425 8.6538e-17
4128.950 9.3641e-17
4130.475 8.235e-17
4132.000 7.9443e-17
4133.525 8.4763e-17
4135.050 8.8119e-17
4136.575 8.4832e-17
4138.100 8.4892e-17
4139.625 9.013e-17
4141.150 8.3783e-17
4142.675 8.0271e-17
4144.200 7.332e-17
4145.725 9.0114e-17
4147.250 8.4481e-17
4148.775 8.2657e-17
4150.300 8.7597e-17
4151.825 8.6454e-17
4153.350 8.7362e-17
4154.875 8.457e-17
4156.400 7.1281e-17
4157.925 7.6287e-17
4159.450 8.3866e-17
4160.975 8.903e-17
4162.500 8.2175e-17
4164.025 9.0856e-17
4165.550 9.5355e-17
4167.075 7.6958e-17
4168.600 7.8286e-17
4170.125 8.6507e-17
4171.650 8.854e-17
4173.175 7.8488e-17
4174.700 8.5274e-17
4176.225 8.4203e-17
4177.750 7.6983e-17
4179.275 8.0675e-17
4180.800 8.6271e-17
4182.325 8.5348e-17
4183.850 1.0075e-16
4185.375 9.8889e-17
4186.900 9.4282e-17
4188.425 9.9526e-17
4189.950 8.4808e-17
4191.475 9.2174e-17
4193.000 9.8271e-17
4194.525 9.513e-17
4196.050 9.7521e-17
4197.575 9.6151e-17
4199.100 9.5582e-17
4200.625 9.4121e-17
4202.150 9.567e-17
4203.675 1.0014e-16
4205.200 1.0509e-16
4206.725 9.7171e-17
4208.250 1.0471e-16
4209.775 1.0636e-16
4211.300 1.0294e-16
4212.825 9.542e-17
4214.350 9.3983e-17
4215.875 1.0687e-16
4217.400 1.0381e-16
4218.925 9.7721e-17
4220.450 9.9966e-17
4221.975 9.662e-17
4223.500 9.0561e-17
4225.025 9.796e-17
4226.550 9.4736e-17
4228.075 9.8064e-17
4229.600 1.0115e-16
4231.125 9.5518e-17
4232.650 1.033e-16
4234.175 9.9546e-17
4235.700 9.3117e-17
4237.225 1.0805e-16
4238.750 1.1077e-16
4240.275 1.0106e-16
4241.800 9.1402e-17
4243.325 9.1048e-17
4244.850 1.0034e-16
4246.375 1.0226e-16
4247.900 9.5263e-17
4249.425 8.8207e-17
4250.950 8.3301e-17
4252.475 8.0702e-17
4254.000 8.143e-17
4255.525 9.8266e-17
4257.050 1.0066e-16
4258.575 9.6658e-17
4260.100 1.0181e-16
4261.625 8.195e-17
4263.150 8.0225e-17
4264.675 9.0396e-17
4266.200 8.8418e-17
4267.725 7.6045e-17
4269.250 8.975e-17
4270.775 8.8008e-17
4272.300 7.8996e-17
4273.825 8.8959e-17
4275.350 9.0585e-17
4276.875 7.7522e-17
4278.400 7.3974e-17
4279.925 8.2069e-17
4281.450 8.1694e-17
4282.975 8.3797e-17
4284.500 8.9566e-17
4286.025 8.4681e-17
4287.550 8.0214e-17
4289.075 7.2587e-17
4290.600 7.8678e-17
4292.125 7.7446e-17
4293.650 8.324e-17
4295.175 7.9522e-17
4296.700 8.2145e-17
4298.225 8.3714e-17
4299.750 8.2904e-17
4301.275 7.5722e-17
4302.800 7.0597e-17
4304.325 6.9705e-17
4305.850 7.5907e-17
4307.375 7.1471e-17
4308.900 7.182e-17
4310.425 7.2105e-17
4311.950 7.0283e-17
4313.475 8.5051e-17
4315.000 7.6125e-17
4316.525 8.0857e-17
4318.050 6.9296e-17
4319.575 7.0787e-17
4321.100 5.8895e-17
4322.625 6.4411e-17
4324.150 7.1891e-17
4325.675 6.1651e-17
4327.200 6.2584e-17
4328.725 6.5233e-17
4330.250 5.835e-17
4331.775 6.6698e-17
4333.300 5.703e-17
4334.825 5.3236e-17
4336.350 5.1847e-17
4337.875 5.4525e-17
4339.400 4.8982e-17
4340.925 5.2934e-17
4342.450 6.1334e-17
4343.975 5.5609e-17
4345.500 5.6482e-17
4347.025 5.6419e-17
4348.550 4.9133e-17
4350.075 4.9934e-17
4351.600 5.0926e-17
4353.125 5.0998e-17
4354.650 4.9793e-17
4356.175 4.3801e-17
4357.700 6.9637e-17
4359.225 9.7469e-17
4360.750 5.5642e-17
4362.275 5.3776e-17
4363.800 5.5934e-17
4365.325 6.0513e-17
4366.850 6.919e-17
4368.375 6.0945e-17
4369.900 5.9673e-17
4371.425 5.8891e-17
4372.950 5.6339e-17
4374.475 5.9552e-17
4376.000 5.8903e-17
4377.525 5.5435e-17
4379.050 5.29e-17
4380.575 6.4721e-17
4382.100 6.0083e-17
4383.625 4.8939e-17
4385.150 5.8926e-17
4386.675 5.5851e-17
4388.200 5.3644e-17
4389.725 5.4136e-17
4391.250 5.222e-17
4392.775 6.086e-17
4394.300 5.9995e-17
4395.825 5.2753e-17
4397.350 5.0723e-17
4398.875 5.8463e-17
4400.400 4.4546e-17
4401.925 5.2519e-17
4403.450 5.1935e-17
4404.975 4.9284e-17
4406.500 4.2556e-17
4408.025 3.9789e-17
4409.550 4.852e-17
4411.075 5.8406e-17
4412.600 6.6932e-17
4414.125 4.8897e-17
4415.650 4.5311e-17
4417.175 5.9373e-17
4418.700 6.217e-17
4420.225 6.1052e-17
4421.750 5.3751e-17
4423.275 5.2111e-17
4424.800 5.227e-17
4426.325 5.1359e-17
4427.850 5.0634e-17
4429.375 6.1233e-17
4430.900 6.2044e-17
4432.425 5.5499e-17
4433.950 4.7347e-17
4435.475 5.4659e-17
4437.000 5.4369e-17
4438.525 5.7716e-17
4440.050 6.2429e-17
4441.575 6.0083e-17
4443.100 6.2054e-17
4444.625 6.2089e-17
4446.150 6.1177e-17
4447.675 5.8303e-17
4449.200 7.0186e-17
4450.725 6.4713e-17
4452.250 6.2148e-17
4453.775 6.0463e-17
4455.300 5.5503e-17
4456.825 5.9551e-17
4458.350 6.6671e-17
4459.875 5.2463e-17
4461.400 4.6367e-17
4462.925 5.2501e-17
4464.450 6.7086e-17
4465.975 6.3771e-17
4467.500 6.7821e-17
4469.025 6.0499e-17
4470.550 5.5059e-17
4472.075 4.5776e-17
4473.600 5.901e-17
4475.125 6.4041e-17
4476.650 6.8168e-17
4478.175 7.458e-17
4479.700 6.3671e-17
4481.225 6.4415e-17
4482.750 6.6625e-17
4484.275 6.9497e-17
4485.800 6.92e-17
4487.325 6.001e-17
4488.850 5.9606e-17
4490.375 6.9899e-17
4491.900 6.8877e-17
4493.425 7.6227e-17
4494.950 7.0304e-17
4496.475 6.9885e-17
4498.000 7.8825e-17
4499.525 6.0555e-17
4501.050 6.4934e-17
4502.575 5.6387e-17
4504.100 7.9377e-17
4505.625 7.0969e-17
4507.150 6.0209e-17
4508.675 7.4293e-17
4510.200 6.9287e-17
4511.725 7.3942e-17
4513.250 6.2725e-17
4514.775 7.4258e-17
4516.300 6.6831e-17
4517.825 5.7612e-17
4519.350 7.3504e-17
4520.875 6.7613e-17
4522.400 6.5843e-17
4523.925 6.7382e-17
4525.450 6.3012e-17
4526.975 7.0382e-17
4528.500 8.703e-17
4530.025 7.8418e-17
4531.550 7.0826e-17
4533.075 7.3184e-17
4534.600 7.1256e-17
4536.125 7.4527e-17
4537.650 8.3226e-17
4539.175 8.5537e-17
4540.700 8.5532e-17
4542.225 7.3443e-17
4543.750 6.762e-17
4545.275 5.9564e-17
4546.800 6.0413e-17
4548.325 7.0442e-17
4549.850 8.0553e-17
4551.375 7.4576e-17
4552.900 7.1927e-17
4554.425 7.3529e-17
4555.950 8.1933e-17
4557.475 8.5357e-17
4559.000 7.6967e-17
4560.525 7.6683e-17
4562.050 7.211e-17
4563.575 7.2381e-17
4565.100 8.1352e-17
4566.625 8.1222e-17
4568.150 7.2051e-17
4569.675 6.7116e-17
4571.200 7.21e-17
4572.725 6.6506e-17
4574.250 6.3726e-17
4575.775 7.3679e-17
4577.300 7.2886e-17
4578.825 7.9893e-17
4580.350 6.7834e-17
4581.875 8.2923e-17
4583.400 7.6405e-17
4584.925 6.9657e-17
4586.450 7.0464e-17
4587.975 6.8229e-17
4589.500 7.8295e-17
4591.025 7.6536e-17
4592.550 7.7668e-17
4594.075 7.4483e-17
4595.600 7.6207e-17
4597.125 7.0914e-17
4598.650 7.21e-17
4600.175 7.9755e-17
4601.700 7.5555e-17
4603.225 7.3676e-17
4604.750 7.2186e-17
4606.275 7.2366e-17
4607.800 7.2894e-17
4609.325 8.388e-17
4610.850 7.0284e-17
4612.375 7.6315e-17
4613.900 7.2975e-17
4615.425 6.0038e-17
4616.950 7.2095e-17
4618.475 8.4271e-17
4620.000 8.8856e-17
4621.525 7.0283e-17
4623.050 7.6842e-17
4624.575 7.7715e-17
4626.100 8.1129e-17
4627.625 7.5539e-17
4629.150 6.1394e-17
4630.675 7.3089e-17
4632.200 8.1485e-17
4633.725 7.4786e-17
4635.250 7.3482e-17
4636.775 6.9506e-17
4638.300 6.782e-17
4639.825 6.5071e-17
4641.350 6.882e-17
4642.875 7.9054e-17
4644.400 7.82e-17
4645.925 7.2134e-17
4647.450 8.4804e-17
4648.975 7.5857e-17
4650.500 7.3473e-17
4652.025 6.9925e-17
4653.550 7.0168e-17
4655.075 6.2569e-17
4656.600 6.6689e-17
4658.125 7.872e-17
4659.650 7.3201e-17
4661.175 7.2525e-17
4662.700 5.5757e-17
4664.225 6.9258e-17
4665.750 7.2927e-17
4667.275 7.5293e-17
4668.800 7.3198e-17
4670.325 6.1629e-17
4671.850 6.4359e-17
4673.375 6.9096e-17
4674.900 6.5245e-17
4676.425 6.5681e-17
4677.950 5.4726e-17
4679.475 6.6822e-17
4681.000 6.191e-17
4682.525 6.1903e-17
4684.050 7.3424e-17
4685.575 5.9377e-17
4687.100 6.1942e-17
4688.625 5.3449e-17
4690.150 5.9067e-17
4691.675 6.2762e-17
4693.200 6.3752e-17
4694.725 6.8832e-17
4696.250 6.2147e-17
4697.775 6.7696e-17
4699.300 6.2798e-17
4700.825 6.1275e-17
4702.350 7.9253e-17
4703.875 6.7796e-17
4705.400 6.8438e-17
4706.925 6.9386e-17
4708.450 7.0855e-17
4709.975 6.3805e-17
4711.500 7.6121e-17
4713.025 7.4048e-17
4714.550 6.8976e-17
4716.075 6.8147e-17
4717.600 7.0797e-17
4719.125 6.6372e-17
4720.650 7.0547e-17
4722.175 7.3638e-17
4723.700 6.7881e-17
4725.225 6.5862e-17
4726.750 7.3751e-17
4728.275 6.4161e-17
4729.800 6.2643e-17
4731.325 5.814e-17
4732.850 5.6411e-17
4734.375 6.6958e-17
4735.900 6.5753e-17
4737.425 6.1535e-17
4738.950 6.8844e-17
4740.475 7.2957e-17
4742.000 7.0484e-17
4743.525 6.7605e-17
4745.050 5.7883e-17
4746.575 6.4769e-17
4748.100 6.431e-17
4749.625 6.1233e-17
4751.150 5.8612e-17
4752.675 5.9591e-17
4754.200 5.8622e-17
4755.725 5.8388e-17
4757.250 6.8948e-17
4758.775 6.8373e-17
4760.300 6.7169e-17
4761.825 5.1454e-17
4763.350 6.0796e-17
4764.875 6.9255e-17
4766.400 5.5486e-17
4767.925 5.8667e-17
4769.450 5.7724e-17
4770.975 4.8191e-17
4772.500 5.665e-17
4774.025 5.7772e-17
4775.550 5.7177e-17
4777.075 6.4315e-17
4778.600 5.9101e-17
4780.125 6.5202e-17
4781.650 7.2087e-17
4783.175 6.9858e-17
4784.700 6.587e-17
4786.225 5.6609e-17
4787.750 6.0631e-17
4789.275 6.6457e-17
4790.800 7.0795e-17
4792.325 5.423e-17
4793.850 5.5369e-17
4795.375 5.7965e-17
4796.900 6.7529e-17
4798.425 6.2089e-17
4799.950 5.7615e-17
4801.475 5.9042e-17
4803.000 5.9458e-17
4804.525 5.9851e-17
4806.050 5.5823e-17
4807.575 5.8029e-17
4809.100 6.1378e-17
4810.625 6.2186e-17
4812.150 6.8118e-17
4813.675 5.6613e-17
4815.200 5.9615e-17
4816.725 7.2225e-17
4818.250 6.5485e-17
4819.775 5.9018e-17
4821.300 5.4857e-17
4822.825 5.7259e-17
4824.350 5.7843e-17
4825.875 5.7382e-17
4827.400 6.2592e-17
4828.925 5.512e-17
4830.450 5.2477e-17
4831.975 5.9133e-17
4833.500 6.286e-17
4835.025 6.0195e-17
4836.550 5.5e-17
4838.075 5.8903e-17
4839.600 5.4766e-17
4841.125 5.502e-17
4842.650 6.0884e-17
4844.175 5.8771e-17
4845.700 5.5037e-17
4847.225 4.376e-17
4848.750 5.0209e-17
4850.275 6.069e-17
4851.800 5.1957e-17
4853.325 5.2884e-17
4854.850 5.8669e-17
4856.375 6.4513e-17
4857.900 5.1723e-17
4859.425 5.3413e-17
4860.950 5.8096e-17
4862.475 5.6723e-17
4864.000 5.4333e-17
4865.525 5.3513e-17
4867.050 5.861e-17
4868.575 5.9506e-17
4870.100 5.8588e-17
4871.625 5.3459e-17
4873.150 4.1941e-17
4874.675 4.7191e-17
4876.200 4.8826e-17
4877.725 5.7509e-17
4879.250 5.6146e-17
4880.775 5.6265e-17
4882.300 5.2588e-17
4883.825 5.0679e-17
4885.350 5.0613e-17
4886.875 4.6959e-17
4888.400 5.9023e-17
4889.925 5.2486e-17
4891.450 3.9941e-17
4892.975 5.411e-17
4894.500 5.7134e-17
4896.025 5.8855e-17
4897.550 6.1444e-17
4899.075 5.7133e-17
4900.600 5.0896e-17
4902.125 5.0259e-17
4903.650 4.904e-17
4905.175 5.466e-17
4906.700 5.5217e-17
4908.225 5.2146e-17
4909.750 5.3922e-17
4911.275 5.6645e-17
4912.800 5.0044e-17
4914.325 4.9502e-17
4915.850 5.1647e-17
4917.375 5.3287e-17
4918.900 5.5127e-17
4920.425 5.0207e-17
4921.950 4.8914e-17
4923.475 6.0221e-17
4925.000 5.0735e-17
4926.525 3.8815e-17
4928.050 5.5172e-17
4929.575 5.1761e-17
4931.100 4.9975e-17
4932.625 5.0691e-17
4934.150 4.5744e-17
4935.675 4.7991e-17
4937.200 4.3116e-17
4938.725 4.9259e-17
4940.250 5.5218e-17
4941.775 5.2507e-17
4943.300 5.637e-17
4944.825 5.4456e-17
4946.350 5.1186e-17
4947.875 5.0991e-17
4949.400 4.6767e-17
4950.925 4.7746e-17
4952.450 5.2028e-17
4953.975 4.843e-17
4955.500 4.5592e-17
4957.025 3.7804e-17
4958.550 4.3625e-17
4960.075 4.3759e-17
4961.600 4.4679e-17
4963.125 4.5129e-17
4964.650 3.2704e-17
4966.175 4.2333e-17
4967.700 5.505e-17
4969.225 4.684e-17
4970.750 4.5981e-17
4972.275 4.3747e-17
4973.800 4.6187e-17
4975.325 5.0109e-17
4976.850 5.0841e-17
4978.375 5.2092e-17
4979.900 4.2877e-17
4981.425 4.3804e-17
4982.950 4.2723e-17
4984.475 4.9358e-17
4986.000 5.0097e-17
4987.525 4.3168e-17
4989.050 4.7433e-17
4990.575 5.0536e-17
4992.100 5.4228e-17
4993.625 5.032e-17
4995.150 5.0395e-17
4996.675 4.661e-17
4998.200 4.4211e-17
4999.725 4.9047e-17
5001.250 4.9828e-17
5002.775 5.1777e-17
5004.300 4.8977e-17
5005.825 4.4774e-17
5007.350 4.7081e-17
5008.875 4.4048e-17
5010.400 4.4574e-17
5011.925 4.8615e-17
5013.450 4.1827e-17
5014.975 5.0843e-17
5016.500 5.821e-17
5018.025 6.4012e-17
5019.550 5.9701e-17
5021.075 4.7316e-17
5022.600 5.0955e-17
5024.125 4.8649e-17
5025.650 3.953e-17
5027.175 4.9457e-17
5028.700 5.1482e-17
5030.225 5.2165e-17
5031.750 5.2049e-17
5033.275 5.3219e-17
5034.800 5.2733e-17
5036.325 4.7865e-17
5037.850 4.1517e-17
5039.375 4.8862e-17
5040.900 4.7091e-17
5042.425 4.9252e-17
5043.950 4.7243e-17
5045.475 4.6571e-17
5047.000 4.9833e-17
5048.525 5.4944e-17
5050.050 5.1512e-17
5051.575 4.9268e-17
5053.100 5.4562e-17
5054.625 5.8487e-17
5056.150 5.0215e-17
5057.675 4.632e-17
5059.200 5.4706e-17
5060.725 5.7717e-17
5062.250 4.327e-17
5063.775 5.2847e-17
5065.300 5.34e-17
5066.825 4.4926e-17
5068.350 4.116e-17
5069.875 4.8595e-17
5071.400 5.5132e-17
5072.925 4.4418e-17
5074.450 4.9128e-17
5075.975 5.5296e-17
5077.500 5.097e-17
5079.025 5.1253e-17
5080.550 4.6465e-17
5082.075 4.3626e-17
5083.600 4.4741e-17
5085.125 4.8762e-17
5086.650 6.3038e-17
5088.175 6.1624e-17
5089.700 5.8549e-17
5091.225 5.5701e-17
5092.750 5.5272e-17
5094.275 5.5172e-17
5095.800 5.5813e-17
5097.325 5.4223e-17
5098.850 5.3941e-17
5100.375 5.582e-17
5101.900 5.3256e-17
5103.425 5.6107e-17
5104.950 5.83e-17
5106.475 5.665e-17
5108.000 6.3696e-17
5109.525 6.7413e-17
5111.050 5.4631e-17
5112.575 6.2065e-17
5114.100 6.002e-17
5115.625 5.2621e-17
5117.150 6.0564e-17
5118.675 6.1449e-17
5120.200 5.8316e-17
5121.725 5.8998e-17
5123.250 6.2252e-17
5124.775 6.1294e-17
5126.300 5.619e-17
5127.825 4.2465e-17
5129.350 5.7325e-17
5130.875 6.8916e-17
5132.400 6.3132e-17
5133.925 6.6617e-17
5135.450 6.0137e-17
5136.975 6.3645e-17
5138.500 6.2956e-17
5140.025 7.1355e-17
5141.550 7.1302e-17
5143.075 6.1635e-17
5144.600 6.2977e-17
5146.125 6.6558e-17
5147.650 6.2751e-17
5149.175 6.2172e-17
5150.700 5.8636e-17
5152.225 5.7331e-17
5153.750 5.1642e-17
5155.275 5.7733e-17
5156.800 6.1791e-17
5158.325 6.0576e-17
5159.850 5.7559e-17
5161.375 6.3003e-17
5162.900 6.374e-17
5164.425 7.1297e-17
5165.950 7.4945e-17
5167.475 7.6827e-17
5169.000 8.8283e-17
5170.525 7.8228e-17
5172.050 6.8028e-17
5173.575 6.2523e-17
5175.100 7.0155e-17
5176.625 7.5553e-17
5178.150 6.2675e-17
5179.675 6.1018e-17
5181.200 6.1751e-17
5182.725 6.949e-17
5184.250 7.2327e-17
5185.775 7.6058e-17
5187.300 6.5219e-17
5188.825 6.1084e-17
5190.350 5.8489e-17
5191.875 6.2225e-17
5193.400 6.5189e-17
5194.925 6.3649e-17
5196.450 6.0969e-17
5197.975 6.0092e-17
5199.500 6.7893e-17
5201.025 7.1973e-17
5202.550 8.1844e-17
5204.075 7.2003e-17
5205.600 6.2995e-17
5207.125 5.9282e-17
5208.650 6.5253e-17
5210.175 6.4516e-17
5211.700 6.0169e-17
5213.225 7.4782e-17
5214.750 7.1259e-17
5216.275 6.7183e-17
5217.800 7.098e-17
5219.325 5.8769e-17
5220.850 6.3748e-17
5222.375 6.9069e-17
5223.900 7.6098e-17
5225.425 7.5602e-17
5226.950 7.5304e-17
5228.475 7.6672e-17
5230.000 7.2755e-17
5231.525 7.1103e-17
5233.050 6.8325e-17
5234.575 6.8644e-17
5236.100 6.1514e-17
5237.625 6.0434e-17
5239.150 7.2597e-17
5240.675 6.6627e-17
5242.200 6.0218e-17
5243.725 6.4664e-17
5245.250 6.5072e-17
5246.775 6.9103e-17
5248.300 7.9134e-17
5249.825 7.2443e-17
5251.350 6.5468e-17
5252.875 6.828e-17
5254.400 6.4951e-17
5255.925 6.8329e-17
5257.450 7.1086e-17
5258.975 7.6603e-17
5260.500 7.8137e-17
5262.025 7.5058e-17
5263.550 7.2144e-17
5265.075 7.1409e-17
5266.600 6.7137e-17
5268.125 6.7654e-17
5269.650 6.0932e-17
5271.175 6.1099e-17
5272.700 6.5826e-17
5274.225 6.8544e-17
5275.750 6.5903e-17
5277.275 6.6942e-17
5278.800 7.5394e-17
5280.325 6.4582e-17
5281.850 5.796e-17
5283.375 5.8961e-17
5284.900 6.2882e-17
5286.425 5.6815e-17
5287.950 6.6734e-17
5289.475 6.6223e-17
5291.000 5.9762e-17
5292.525 6.2649e-17
5294.050 6.431e-17
5295.575 7.1136e-17
5297.100 6.642e-17
5298.625 5.4964e-17
5300.150 6.171e-17
5301.675 6.2595e-17
5303.200 5.6675e-17
5304.725 5.7137e-17
5306.250 5.5124e-17
5307.775 5.6125e-17
5309.300 6.9971e-17
5310.825 6.7679e-17
5312.350 6.2667e-17
5313.875 6.3922e-17
5315.400 5.7199e-17
5316.925 5.0873e-17
5318.450 5.9475e-17
5319.975 6.5921e-17
5321.500 6.1722e-17
5323.025 5.4571e-17
5324.550 5.9442e-17
5326.075 6.8627e-17
5327.600 6.2591e-17
5329.125 6.0862e-17
5330.650 5.1755e-17
5332.175 5.4488e-17
5333.700 5.4765e-17
5335.225 5.724e-17
5336.750 6.0777e-17
5338.275 5.4844e-17
5339.800 6.4341e-17
5341.325 6.5441e-17
5342.850 7.0568e-17
5344.375 6.3037e-17
5345.900 5.8586e-17
5347.425 5.5717e-17
5348.950 5.976e-17
5350.475 7.0129e-17
5352.000 6.1843e-17
5353.525 6.4391e-17
5355.050 6.6902e-17
5356.575 6.1272e-17
5358.100 5.7368e-17
5359.625 6.2819e-17
5361.150 7.2324e-17
5362.675 5.7272e-17
5364.200 5.7598e-17
5365.725 5.3979e-17
5367.250 5.8124e-17
5368.775 6.3635e-17
5370.300 5.646e-17
5371.825 4.9162e-17
5373.350 4.4583e-17
5374.875 6.7337e-17
5376.400 6.7833e-17
5377.925 5.1151e-17
5379.450 5.3009e-17
5380.975 5.3498e-17
5382.500 6.5712e-17
5384.025 6.6505e-17
5385.550 7.9235e-17
5387.075 6.1842e-17
5388.600 3.7148e-17
5390.125 3.9719e-17
5391.650 6.61e-17
5393.175 4.2958e-17
5394.700 4.3826e-17
5396.225 4.58e-17
5397.750 5.4114e-17
5399.275 5.7413e-17
5400.800 4.3533e-17
5402.325 5.6808e-17
5403.850 6.6523e-17
5405.375 5.7229e-17
5406.900 6.5751e-17
5408.425 7.5382e-17
5409.950 7.1714e-17
5411.475 6.9714e-17
5413.000 6.5712e-17
5414.525 5.4434e-17
5416.050 6.8501e-17
5417.575 6.3704e-17
5419.100 5.7705e-17
5420.625 7.4119e-17
5422.150 5.9968e-17
5423.675 5.3515e-17
5425.200 5.7562e-17
5426.725 4.8503e-17
5428.250 6.2495e-17
5429.775 5.7083e-17
5431.300 4.3236e-17
5432.825 4.5291e-17
5434.350 5.8446e-17
5435.875 5.6292e-17
5437.400 6.3179e-17
5438.925 6.7291e-17
5440.450 6.5428e-17
5441.975 5.291e-17
5443.500 6.0826e-17
5445.025 6.34e-17
5446.550 6.5413e-17
5448.075 6.4984e-17
5449.600 6.1823e-17
5451.125 6.7185e-17
5452.650 6.5407e-17
5454.175 5.7355e-17
5455.700 5.1532e-17
5457.225 5.3774e-17
5458.750 5.7357e-17
5460.275 7.4438e-17
5461.800 9.6834e-17
5463.325 6.5669e-17
5464.850 4.7428e-17
5466.375 3.5064e-17
5467.900 5.1986e-17
5469.425 6.6781e-17
5470.950 6.473e-17
5472.475 6.7144e-17
5474.000 5.3213e-17
5475.525 4.6684e-17
5477.050 6.5743e-17
5478.575 6.0827e-17
5480.100 5.0555e-17
5481.625 5.1292e-17
5483.150 5.7677e-17
5484.675 4.9039e-17
5486.200 5.5715e-17
5487.725 6.2042e-17
5489.250 5.2525e-17
5490.775 3.8571e-17
5492.300 4.3031e-17
5493.825 5.5089e-17
5495.350 6.5816e-17
5496.875 5.1888e-17
5498.400 3.9796e-17
5499.925 4.8426e-17
5501.450 4.9196e-17
5502.975 5.5162e-17
5504.500 5.9969e-17
5506.025 5.4197e-17
5507.550 5.6035e-17
5509.075 5.8428e-17
5510.600 4.8025e-17
5512.125 4.9192e-17
5513.650 4.6241e-17
5515.175 5.2793e-17
5516.700 6.0005e-17
5518.225 5.6328e-17
5519.750 4.6892e-17
5521.275 4.3074e-17
5522.800 3.8681e-17
5524.325 4.681e-17
5525.850 5.8125e-17
5527.375 5.2371e-17
5528.900 5.1351e-17
5530.425 5.5972e-17
5531.950 6.2644e-17
5533.475 5.6613e-17
5535.000 5.3847e-17
5536.525 5.0051e-17
5538.050 5.3755e-17
5539.575 5.4831e-17
5541.100 5.1097e-17
5542.625 5.3999e-17
5544.150 5.4098e-17
5545.675 5.4756e-17
5547.200 5.5058e-17
5548.725 4.591e-17
5550.250 5.0825e-17
5551.775 5.1972e-17
5553.300 4.7055e-17
5554.825 5.5374e-17
5556.350 5.5389e-17
5557.875 4.9214e-17
5559.400 5.2507e-17
5560.925 5.1311e-17
5562.450 4.4132e-17
5563.975 4.6692e-17
5565.500 4.632e-17
5567.025 4.5923e-17
5568.550 5.5629e-17
5570.075 3.7862e-17
5571.600 4.4015e-17
5573.125 7.0522e-17
5574.650 5.7947e-17
5576.175 9.0995e-17
5577.700 8.0658e-17
5579.225 4.2133e-17
5580.750 4.111e-17
5582.275 4.6121e-17
5583.800 4.522e-17
5585.325 5.3806e-17
5586.850 4.7911e-17
5588.375 4.4854e-17
5589.900 5.0775e-17
5591.425 5.1797e-17
5592.950 5.9364e-17
5594.475 5.7646e-17
5596.000 5.213e-17
5597.525 5.7457e-17
5599.050 5.3267e-17
5600.575 4.2042e-17
5602.100 4.93e-17
5603.625 5.7145e-17
5605.150 5.2577e-17
5606.675 5.5702e-17
5608.200 5.2588e-17
5609.725 5.6124e-17
5611.250 5.5274e-17
5612.775 5.1001e-17
5614.300 5.537e-17
5615.825 5.044e-17
5617.350 5.0371e-17
5618.875 6.5236e-17
5620.400 5.6304e-17
5621.925 5.0837e-17
5623.450 4.7767e-17
5624.975 4.7994e-17
5626.500 5.755e-17
5628.025 5.687e-17
5629.550 4.9451e-17
5631.075 5.0765e-17
5632.600 5.0235e-17
5634.125 5.304e-17
5635.650 5.4496e-17
5637.175 5.4912e-17
5638.700 5.7558e-17
5640.225 5.5614e-17
5641.750 5.0682e-17
5643.275 5.36e-17
5644.800 5.496e-17
5646.325 5.2282e-17
5647.850 4.5996e-17
5649.375 5.4367e-17
5650.900 5.7108e-17
5652.425 5.7398e-17
5653.950 5.4947e-17
5655.475 5.3629e-17
5657.000 5.1956e-17
5658.525 5.4275e-17
5660.050 5.7569e-17
5661.575 5.6056e-17
5663.100 5.586e-17
5664.625 5.476e-17
5666.150 4.6918e-17
5667.675 5.4274e-17
5669.200 5.9568e-17
5670.725 5.2941e-17
5672.250 5.1338e-17
5673.775 5.7309e-17
5675.300 6.348e-17
5676.825 5.553e-17
5678.350 4.768e-17
5679.875 5.6264e-17
5681.400 5.8502e-17
5682.925 5.3225e-17
5684.450 5.6331e-17
5685.975 5.068e-17
5687.500 4.6733e-17
5689.025 5.219e-17
5690.550 4.9782e-17
5692.075 4.6694e-17
5693.600 4.9652e-17
5695.125 5.7377e-17
5696.650 5.7441e-17
5698.175 5.2184e-17
5699.700 5.499e-17
5701.225 5.5839e-17
5702.750 5.1036e-17
5704.275 4.946e-17
5705.800 5.1213e-17
5707.325 5.2956e-17
5708.850 5.2325e-17
5710.375 5.3754e-17
5711.900 5.6901e-17
5713.425 5.3341e-17
5714.950 5.0211e-17
5716.475 5.364e-17
5718.000 5.6505e-17
5719.525 5.825e-17
5721.050 5.4082e-17
5722.575 5.0805e-17
5724.100 5.7674e-17
5725.625 5.9485e-17
5727.150 5.1631e-17
5728.675 4.9332e-17
5730.200 5.404e-17
5731.725 5.5192e-17
5733.250 5.4085e-17
5734.775 5.1046e-17
5736.300 4.9754e-17
5737.825 5.3108e-17
5739.350 5.5495e-17
5740.875 5.7418e-17
5742.400 5.2941e-17
5743.925 4.9774e-17
5745.450 5.2873e-17
5746.975 5.9582e-17
5748.500 5.8901e-17
5750.025 5.5711e-17
5751.550 5.5006e-17
5753.075 5.3118e-17
5754.600 4.8089e-17
5756.125 4.9527e-17
5757.650 5.2183e-17
5759.175 5.3926e-17
5760.700 4.8826e-17
5762.225 4.108e-17
5763.750 4.5292e-17
5765.275 5.0516e-17
5766.800 4.8722e-17
5768.325 4.9596e-17
5769.850 5.3562e-17
5771.375 5.3275e-17
5772.900 5.0076e-17
5774.425 4.8986e-17
5775.950 5.31e-17
5777.475 5.2247e-17
5779.000 4.7684e-17
5780.525 4.3853e-17
5782.050 4.0218e-17
5783.575 4.6607e-17
5785.100 4.957e-17
5786.625 4.7849e-17
5788.150 5.575e-17
5789.675 5.6082e-17
5791.200 5.1463e-17
5792.725 4.9709e-17
5794.250 4.2855e-17
5795.775 4.0588e-17
5797.300 4.5249e-17
5798.825 4.6494e-17
5800.350 4.9272e-17
5801.875 5.1566e-17
5803.400 4.9124e-17
5804.925 5.3203e-17
5806.450 5.5436e-17
5807.975 5.0272e-17
5809.500 4.5529e-17
5811.025 4.387e-17
5812.550 4.8899e-17
5814.075 5.1728e-17
5815.600 5.399e-17
5817.125 5.0609e-17
5818.650 4.4743e-17
5820.175 4.7728e-17
5821.700 4.9454e-17
5823.225 5.0077e-17
5824.750 4.9586e-17
5826.275 4.5175e-17
5827.800 4.038e-17
5829.325 4.5332e-17
5830.850 5.0816e-17
5832.375 5.0037e-17
5833.900 4.6629e-17
5835.425 4.2879e-17
5836.950 4.2668e-17
5838.475 4.7334e-17
5840.000 4.7988e-17
5841.525 4.7851e-17
5843.050 4.7956e-17
5844.575 4.3457e-17
5846.100 4.2194e-17
5847.625 4.8717e-17
5849.150 5.3814e-17
5850.675 5.0221e-17
5852.200 4.8015e-17
5853.725 5.0175e-17
5855.250 5.0748e-17
5856.775 5.1509e-17
5858.300 5.2106e-17
5859.825 4.9684e-17
5861.350 4.5886e-17
5862.875 4.7009e-17
5864.400 4.2745e-17
5865.925 4.0289e-17
5867.450 4.6482e-17
5868.975 5.29e-17
5870.500 4.9079e-17
5872.025 4.5875e-17
5873.550 4.5016e-17
5875.075 4.2508e-17
5876.600 4.5056e-17
5878.125 4.893e-17
5879.650 4.9633e-17
5881.175 4.1366e-17
5882.700 3.279e-17
5884.225 3.6141e-17
5885.750 4.2703e-17
5887.275 4.7962e-17
5888.800 4.5716e-17
5890.325 4.3764e-17
5891.850 3.9787e-17
5893.375 3.7702e-17
5894.900 5.9309e-17
5896.425 6.2193e-17
5897.950 4.6309e-17
5899.475 4.3896e-17
5901.000 4.5313e-17
5902.525 4.6538e-17
5904.050 4.9854e-17
5905.575 4.182e-17
5907.100 4.2039e-17
5908.625 4.7012e-17
5910.150 4.8932e-17
5911.675 5.1834e-17
5913.200 5.1749e-17
5914.725 4.4644e-17
5916.250 4.4076e-17
5917.775 4.3858e-17
5919.300 4.297e-17
5920.825 4.6948e-17
5922.350 4.2776e-17
5923.875 3.5569e-17
5925.400 3.8612e-17
5926.925 3.976e-17
5928.450 3.8189e-17
5929.975 4.5102e-17
5931.500 4.9066e-17
5933.025 4.6257e-17
5934.550 4.6349e-17
5936.075 4.6627e-17
5937.600 5.0444e-17
5939.125 4.9406e-17
5940.650 4.618e-17
5942.175 4.5397e-17
5943.700 4.9214e-17
5945.225 4.9142e-17
5946.750 4.8296e-17
5948.275 5.0006e-17
5949.800 4.5257e-17
5951.325 4.1154e-17
5952.850 4.0839e-17
5954.375 4.4983e-17
5955.900 4.5804e-17
5957.425 4.3574e-17
5958.950 4.9222e-17
5960.475 5.3421e-17
5962.000 5.084e-17
5963.525 4.4383e-17
5965.050 4.0372e-17
5966.575 4.4635e-17
5968.100 4.426e-17
5969.625 4.3245e-17
5971.150 4.5169e-17
5972.675 4.5439e-17
5974.200 4.1283e-17
5975.725 4.291e-17
5977.250 4.8133e-17
5978.775 4.8358e-17
5980.300 4.9097e-17
5981.825 4.9893e-17
5983.350 4.703e-17
5984.875 4.6477e-17
5986.400 3.9932e-17
5987.925 3.8605e-17
5989.450 4.038e-17
5990.975 4.1243e-17
5992.500 4.3792e-17
5994.025 4.5758e-17
5995.550 4.1453e-17
5997.075 3.6909e-17
5998.600 3.9961e-17
6000.125 3.9332e-17
6001.650 4.0516e-17
6003.175 4.1696e-17
6004.700 4.2082e-17
6006.225 4.4619e-17
6007.750 4.4737e-17
6009.275 4.337e-17
6010.800 4.493e-17
6012.325 4.3244e-17
6013.850 4.1831e-17
6015.375 4.5262e-17
6016.900 4.3572e-17
6018.425 3.9902e-17
6019.950 3.8349e-17
6021.475 3.6095e-17
6023.000 4.0425e-17
6024.525 4.2152e-17
6026.050 4.3026e-17
6027.575 4.6175e-17
6029.100 4.5004e-17
6030.625 4.0487e-17
6032.150 4.1151e-17
6033.675 3.7654e-17
6035.200 3.6733e-17
6036.725 4.1726e-17
6038.250 4.4378e-17
6039.775 4.8109e-17
6041.300 3.8542e-17
6042.825 3.6833e-17
6044.350 3.9637e-17
6045.875 3.964e-17
6047.400 4.5027e-17
6048.925 4.4935e-17
6050.450 3.6142e-17
6051.975 3.0941e-17
6053.500 3.5368e-17
6055.025 3.5025e-17
6056.550 3.7865e-17
6058.075 4.0839e-17
6059.600 3.8436e-17
6061.125 3.5814e-17
6062.650 3.9559e-17
6064.175 4.0418e-17
6065.700 4.0378e-17
6067.225 3.9423e-17
6068.750 3.4584e-17
6070.275 3.7235e-17
6071.800 3.8405e-17
6073.325 3.7912e-17
6074.850 4.1466e-17
6076.375 3.5485e-17
6077.900 3.0448e-17
6079.425 3.1933e-17
6080.950 3.585e-17
6082.475 3.5935e-17
6084.000 3.7862e-17
6085.525 4.0062e-17
6087.050 3.4687e-17
6088.575 3.222e-17
6090.100 2.9289e-17
6091.625 3.1749e-17
6093.150 3.33e-17
6094.675 3.159e-17
6096.200 3.2883e-17
6097.725 3.4895e-17
6099.250 3.7984e-17
6100.775 3.7201e-17
6102.300 3.0752e-17
6103.825 3.253e-17
6105.350 3.4787e-17
6106.875 3.1429e-17
6108.400 2.8907e-17
6109.925 2.9581e-17
6111.450 3.1485e-17
6112.975 3.1047e-17
6114.500 2.4053e-17
6116.025 2.551e-17
6117.550 2.852e-17
6119.075 2.4534e-17
6120.600 2.3563e-17
6122.125 2.8618e-17
6123.650 2.6177e-17
6125.175 2.1063e-17
6126.700 2.7851e-17
6128.225 2.7241e-17
6129.750 2.2286e-17
6131.275 2.7633e-17
6132.800 2.8518e-17
6134.325 2.7654e-17
6135.850 2.6729e-17
6137.375 2.5015e-17
6138.900 2.2118e-17
6140.425 2.3025e-17
6141.950 2.5757e-17
6143.475 2.8629e-17
6145.000 2.7984e-17
6146.525 2.5304e-17
6148.050 2.3318e-17
6149.575 2.4725e-17
6151.100 3.0279e-17
6152.625 3.1736e-17
6154.150 2.7579e-17
6155.675 2.7352e-17
6157.200 2.4224e-17
6158.725 2.3357e-17
6160.250 2.6844e-17
6161.775 2.1152e-17
6163.300 2.375e-17
6164.825 2.6547e-17
6166.350 2.2166e-17
6167.875 2.4522e-17
6169.400 2.4707e-17
6170.925 2.078e-17
6172.450 2.4077e-17
6173.975 2.338e-17
6175.500 2.2135e-17
6177.025 2.4618e-17
6178.550 2.347e-17
6180.075 2.0837e-17
6181.600 2.1443e-17
6183.125 2.1433e-17
6184.650 2.5621e-17
6186.175 2.8649e-17
6187.700 2.5091e-17
6189.225 2.8064e-17
6190.750 2.7326e-17
6192.275 2.5815e-17
6193.800 2.4215e-17
6195.325 2.1423e-17
6196.850 2.0573e-17
6198.375 2.2652e-17
6199.900 2.3568e-17
6201.425 2.3008e-17
6202.950 2.3257e-17
6204.475 2.1695e-17
6206.000 2.581e-17
6207.525 3.0143e-17
6209.050 2.3741e-17
6210.575 2.1292e-17
6212.100 2.1877e-17
6213.625 1.9187e-17
6215.150 1.7858e-17
6216.675 2.5168e-17
6218.200 2.753e-17
6219.725 2.7777e-17
6221.250 2.4156e-17
6222.775 2.0402e-17
6224.300 2.1187e-17
6225.825 2.1434e-17
6227.350 2.1313e-17
6228.875 2.115e-17
6230.400 2.3122e-17
6231.925 2.377e-17
6233.450 2.5294e-17
6234.975 2.8213e-17
6236.500 2.8319e-17
6238.025 2.7851e-17
6239.550 2.7436e-17
6241.075 2.7794e-17
6242.600 2.4435e-17
6244.125 2.9696e-17
6245.650 3.0024e-17
6247.175 2.2098e-17
6248.700 2.2676e-17
6250.225 2.5673e-17
6251.750 2.6968e-17
6253.275 2.6191e-17
6254.800 3.033e-17
6256.325 3.0772e-17
6257.850 2.8592e-17
6259.375 2.9605e-17
6260.900 2.6517e-17
6262.425 2.7439e-17
6263.950 2.7546e-17
6265.475 2.4198e-17
6267.000 2.6172e-17
6268.525 3.0131e-17
6270.050 3.2729e-17
6271.575 2.8366e-17
6273.100 2.6052e-17
6274.625 3.3895e-17
6276.150 3.8914e-17
6277.675 3.7697e-17
6279.200 3.7714e-17
6280.725 3.4822e-17
6282.250 3.4318e-17
6283.775 3.3302e-17
6285.300 3.1191e-17
6286.825 2.9402e-17
6288.350 2.9519e-17
6289.875 3.3036e-17
6291.400 3.0071e-17
6292.925 2.4547e-17
6294.450 2.7474e-17
6295.975 3.8682e-17
6297.500 4.1722e-17
6299.025 3.5564e-17
6300.550 3.0492e-17
6302.075 3.2128e-17
6303.600 3.3861e-17
6305.125 3.2447e-17
6306.650 2.7465e-17
6308.175 3.4645e-17
6309.700 4.055e-17
6311.225 3.6726e-17
6312.750 3.3422e-17
6314.275 3.6518e-17
6315.800 3.6292e-17
6317.325 3.8025e-17
6318.850 3.925e-17
6320.375 4.0223e-17
6321.900 3.8558e-17
6323.425 3.6071e-17
6324.950 3.4259e-17
6326.475 3.7856e-17
6328.000 3.7585e-17
6329.525 3.6812e-17
6331.050 3.7998e-17
6332.575 4.0105e-17
6334.100 4.053e-17
6335.625 3.5237e-17
6337.150 3.2998e-17
6338.675 3.6188e-17
6340.200 3.5444e-17
6341.725 3.6418e-17
6343.250 3.87e-17
6344.775 4.2992e-17
6346.300 4.4046e-17
6347.825 3.972e-17
6349.350 3.6895e-17
6350.875 3.8707e-17
6352.400 4.3823e-17
6353.925 4.3033e-17
6355.450 3.8314e-17
6356.975 3.2717e-17
6358.500 3.199e-17
6360.025 3.7366e-17
6361.550 4.3253e-17
6363.075 5.0617e-17
6364.600 4.7899e-17
6366.125 4.0657e-17
6367.650 4.2137e-17
6369.175 4.2335e-17
6370.700 3.988e-17
6372.225 3.9211e-17
6373.750 4.0818e-17
6375.275 4.1616e-17
6376.800 4.4596e-17
6378.325 4.6883e-17
6379.850 4.0925e-17
6381.375 4.2958e-17
6382.900 4.5343e-17
6384.425 4.5202e-17
6385.950 4.7209e-17
6387.475 4.7002e-17
6389.000 4.6398e-17
6390.525 4.5493e-17
6392.050 4.37e-17
6393.575 4.4451e-17
6395.100 4.4456e-17
6396.625 4.2156e-17
6398.150 4.7118e-17
6399.675 4.9832e-17
6401.200 4.439e-17
6402.725 4.0369e-17
6404.250 4.0101e-17
6405.775 4.2288e-17
6407.300 4.645e-17
6408.825 4.3779e-17
6410.350 4.0649e-17
6411.875 4.412e-17
6413.400 4.7423e-17
6414.925 4.3344e-17
6416.450 4.3342e-17
6417.975 3.9894e-17
6419.500 3.7168e-17
6421.025 4.1006e-17
6422.550 4.3894e-17
6424.075 4.8327e-17
6425.600 4.9243e-17
6427.125 4.4876e-17
6428.650 4.4628e-17
6430.175 4.2997e-17
6431.700 4.2073e-17
6433.225 4.2784e-17
6434.750 4.0735e-17
6436.275 3.8817e-17
6437.800 3.9991e-17
6439.325 4.0728e-17
6440.850 4.4391e-17
6442.375 4.6046e-17
6443.900 4.3428e-17
6445.425 4.1154e-17
6446.950 3.8507e-17
6448.475 4.0533e-17
6450.000 4.3567e-17
6451.525 4.3883e-17
6453.050 4.2355e-17
6454.575 4.0644e-17
6456.100 4.0204e-17
6457.625 4.1856e-17
6459.150 4.4881e-17
6460.675 4.658e-17
6462.200 4.5914e-17
6463.725 4.3304e-17
6465.250 4.1293e-17
6466.775 4.5166e-17
6468.300 4.8934e-17
6469.825 4.3608e-17
6471.350 4.1362e-17
6472.875 4.364e-17
6474.400 4.3563e-17
6475.925 4.4504e-17
6477.450 4.7691e-17
6478.975 4.6545e-17
6480.500 4.4034e-17
6482.025 4.6718e-17
6483.550 4.8341e-17
6485.075 4.6089e-17
6486.600 4.1395e-17
6488.125 4.0252e-17
6489.650 4.7103e-17
6491.175 4.6473e-17
6492.700 4.4199e-17
6494.225 4.983e-17
6495.750 5.3426e-17
6497.275 5.3031e-17
6498.800 4.9864e-17
6500.325 4.725e-17
6501.850 4.9043e-17
6503.375 4.8306e-17
6504.900 4.2897e-17
6506.425 4.5923e-17
6507.950 5.1609e-17
6509.475 4.923e-17
6511.000 5.0095e-17
6512.525 5.0435e-17
6514.050 4.8634e-17
6515.575 4.7825e-17
6517.100 4.4949e-17
6518.625 4.4895e-17
6520.150 4.633e-17
6521.675 4.7465e-17
6523.200 4.7162e-17
6524.725 4.4406e-17
6526.250 4.3351e-17
6527.775 4.7093e-17
6529.300 4.8695e-17
6530.825 5.022e-17
6532.350 5.3335e-17
6533.875 5.0213e-17
6535.400 4.71e-17
6536.925 5.0717e-17
6538.450 5.5223e-17
6539.975 5.6212e-17
6541.500 5.3914e-17
6543.025 5.0208e-17
6544.550 4.9509e-17
6546.075 4.9103e-17
6547.600 4.8449e-17
6549.125 5.3102e-17
6550.650 5.5119e-17
6552.175 5.7075e-17
6553.700 5.6839e-17
6555.225 5.3436e-17
6556.750 5.2599e-17
6558.275 5.4853e-17
6559.800 6.2851e-17
6561.325 6.1901e-17
6562.850 6.0022e-17
6564.375 5.8528e-17
6565.900 5.4487e-17
6567.425 5.4395e-17
6568.950 5.3996e-17
6570.475 5.5598e-17
6572.000 5.7266e-17
6573.525 5.373e-17
6575.050 5.3046e-17
6576.575 4.985e-17
6578.100 4.9961e-17
6579.625 4.7791e-17
6581.150 4.5322e-17
6582.675 4.818e-17
6584.200 5.0031e-17
6585.725 4.9029e-17
6587.250 4.7923e-17
6588.775 4.9454e-17
6590.300 5.1749e-17
6591.825 5.045e-17
6593.350 4.98e-17
6594.875 4.8625e-17
6596.400 4.911e-17
6597.925 4.6598e-17
6599.450 4.4081e-17
6600.975 4.8363e-17
6602.500 4.9989e-17
6604.025 4.7132e-17
6605.550 4.8171e-17
6607.075 4.9192e-17
6608.600 4.7297e-17
6610.125 4.4142e-17
6611.650 4.4811e-17
6613.175 4.893e-17
6614.700 5.09e-17
6616.225 5.013e-17
6617.750 4.844e-17
6619.275 4.9017e-17
6620.800 4.6421e-17
6622.325 4.6524e-17
6623.850 4.7566e-17
6625.375 4.8115e-17
6626.900 4.7143e-17
6628.425 4.6743e-17
6629.950 4.6456e-17
6631.475 4.4843e-17
6633.000 4.223e-17
6634.525 4.248e-17
6636.050 4.5842e-17
6637.575 4.8071e-17
6639.100 5.244e-17
6640.625 5.0275e-17
6642.150 4.4131e-17
6643.675 4.7135e-17
6645.200 4.8764e-17
6646.725 4.9271e-17
6648.250 4.6474e-17
6649.775 4.1575e-17
6651.300 4.457e-17
6652.825 4.84e-17
6654.350 4.8058e-17
6655.875 4.8509e-17
6657.400 4.768e-17
6658.925 4.6222e-17
6660.450 4.8178e-17
6661.975 4.9784e-17
6663.500 4.9155e-17
6665.025 5.1161e-17
6666.550 4.7701e-17
6668.075 4.2848e-17
6669.600 4.7107e-17
6671.125 4.7349e-17
6672.650 4.5614e-17
6674.175 4.6247e-17
6675.700 4.599e-17
6677.225 4.5182e-17
6678.750 4.7188e-17
6680.275 4.9971e-17
6681.800 5.005e-17
6683.325 4.892e-17
6684.850 4.7756e-17
6686.375 4.4528e-17
6687.900 4.7347e-17
6689.425 4.6685e-17
6690.950 4.8393e-17
6692.475 4.8571e-17
6694.000 4.7989e-17
6695.525 4.7647e-17
6697.050 4.9547e-17
6698.575 5.0842e-17
6700.100 4.5927e-17
6701.625 4.3757e-17
6703.150 4.5987e-17
6704.675 4.6276e-17
6706.200 4.9214e-17
6707.725 5.0139e-17
6709.250 4.4194e-17
6710.775 4.6483e-17
6712.300 4.847e-17
6713.825 4.4253e-17
6715.350 4.4876e-17
6716.875 4.4493e-17
6718.400 4.0429e-17
6719.925 4.1285e-17
6721.450 4.8048e-17
6722.975 4.6562e-17
6724.500 4.5641e-17
6726.025 4.7417e-17
6727.550 4.6717e-17
6729.075 4.4423e-17
6730.600 4.4183e-17
6732.125 4.4454e-17
6733.650 4.5055e-17
6735.175 4.7896e-17
6736.700 4.7728e-17
6738.225 4.8895e-17
6739.750 4.818e-17
6741.275 4.619e-17
6742.800 4.6526e-17
6744.325 4.71e-17
6745.850 4.9117e-17
6747.375 4.9352e-17
6748.900 4.1018e-17
6750.425 4.1931e-17
6751.950 4.6625e-17
6753.475 4.5293e-17
6755.000 4.182e-17
6756.525 4.4975e-17
6758.050 4.5195e-17
6759.575 4.4166e-17
6761.100 4.3996e-17
6762.625 4.4791e-17
6764.150 4.381e-17
6765.675 4.2039e-17
6767.200 4.3427e-17
6768.725 4.9426e-17
6770.250 5.1345e-17
6771.775 5.0664e-17
6773.300 4.6142e-17
6774.825 4.7094e-17
6776.350 4.7593e-17
6777.875 4.2452e-17
6779.400 3.9234e-17
6780.925 4.2544e-17
6782.450 4.465e-17
6783.975 4.7734e-17
6785.500 4.5185e-17
6787.025 4.2965e-17
6788.550 4.2531e-17
6790.075 4.1048e-17
6791.600 3.8333e-17
6793.125 3.9638e-17
6794.650 4.176e-17
6796.175 4.0835e-17
6797.700 4.2965e-17
6799.225 4.3629e-17
6800.750 4.0562e-17
6802.275 4.406e-17
6803.800 4.5086e-17
6805.325 4.1637e-17
6806.850 4.2114e-17
6808.375 4.36e-17
6809.900 4.3645e-17
6811.425 4.3543e-17
6812.950 4.2675e-17
6814.475 4.3834e-17
6816.000 4.2588e-17
6817.525 4.1141e-17
6819.050 4.1894e-17
6820.575 4.2661e-17
6822.100 4.2926e-17
6823.625 4.3077e-17
6825.150 4.084e-17
6826.675 3.9546e-17
6828.200 4.2147e-17
6829.725 4.3189e-17
6831.250 4.4095e-17
6832.775 4.4407e-17
6834.300 4.583e-17
6835.825 4.5832e-17
6837.350 3.8021e-17
6838.875 3.7682e-17
6840.400 4.3301e-17
6841.925 4.4077e-17
6843.450 4.2909e-17
6844.975 4.3831e-17
6846.500 4.4537e-17
6848.025 4.4016e-17
6849.550 4.344e-17
6851.075 4.1064e-17
6852.600 3.9804e-17
6854.125 4.0512e-17
6855.650 4.0276e-17
6857.175 3.8262e-17
6858.700 3.7937e-17
6860.225 4.0035e-17
6861.750 4.4028e-17
6863.275 4.7618e-17
6864.800 4.2914e-17
6866.325 3.6253e-17
6867.850 3.4135e-17
6869.375 3.6173e-17
6870.900 4.3933e-17
6872.425 4.6856e-17
6873.950 4.0996e-17
6875.475 3.6877e-17
6877.000 3.929e-17
6878.525 4.0604e-17
6880.050 4.1754e-17
6881.575 4.2153e-17
6883.100 4.236e-17
6884.625 4.1006e-17
6886.150 3.7057e-17
6887.675 3.9186e-17
6889.200 3.9117e-17
6890.725 3.8665e-17
6892.250 3.826e-17
6893.775 3.6541e-17
6895.300 3.8432e-17
6896.825 4.0443e-17
6898.350 3.9237e-17
6899.875 3.6927e-17
6901.400 3.7653e-17
6902.925 3.9752e-17
6904.450 4.6257e-17
6905.975 4.8997e-17
6907.500 4.5636e-17
6909.025 3.917e-17
6910.550 3.8211e-17
6912.075 4.0104e-17
6913.600 3.9001e-17
6915.125 3.5639e-17
6916.650 3.4823e-17
6918.175 3.528e-17
6919.700 3.8488e-17
6921.225 3.9182e-17
6922.750 3.971e-17
6924.275 3.4402e-17
6925.800 3.2113e-17
6927.325 3.0643e-17
6928.850 3.2228e-17
6930.375 3.6129e-17
6931.900 3.864e-17
6933.425 3.717e-17
6934.950 3.8513e-17
6936.475 3.7368e-17
6938.000 3.5687e-17
6939.525 3.7933e-17
6941.050 3.5636e-17
6942.575 3.5543e-17
6944.100 3.8401e-17
6945.625 3.6557e-17
6947.150 3.6771e-17
6948.675 3.8533e-17
6950.200 3.5971e-17
6951.725 3.5905e-17
6953.250 3.7023e-17
6954.775 3.4693e-17
6956.300 3.4714e-17
6957.825 3.5372e-17
6959.350 3.7824e-17
6960.875 3.8183e-17
6962.400 3.4331e-17
6963.925 3.1256e-17
6965.450 3.5734e-17
6966.975 3.6985e-17
6968.500 3.3722e-17
6970.025 3.1624e-17
6971.550 3.3016e-17
6973.075 3.4627e-17
6974.600 3.2286e-17
6976.125 3.2154e-17
6977.650 3.4209e-17
6979.175 3.4516e-17
6980.700 3.1762e-17
6982.225 3.4116e-17
6983.750 3.4327e-17
6985.275 3.3467e-17
6986.800 3.5132e-17
6988.325 3.6739e-17
6989.850 3.6311e-17
6991.375 3.3034e-17
6992.900 3.1652e-17
6994.425 3.5121e-17
6995.950 3.9729e-17
6997.475 3.8156e-17
6999.000 3.4645e-17
7000.525 3.5923e-17
7002.050 3.3085e-17
7003.575 3.1934e-17
7005.100 3.2825e-17
7006.625 3.3336e-17
7008.150 3.3616e-17
7009.675 3.3417e-17
7011.200 3.3147e-17
7012.725 3.6994e-17
7014.250 3.5411e-17
7015.775 3.3613e-17
7017.300 3.345e-17
7018.825 3.4136e-17
7020.350 3.4095e-17
7021.875 3.4035e-17
7023.400 3.0592e-17
7024.925 2.9487e-17
7026.450 3.1654e-17
7027.975 3.3875e-17
7029.500 3.3084e-17
7031.025 3.1807e-17
7032.550 3.0941e-17
7034.075 3.0316e-17
7035.600 2.9737e-17
7037.125 3.3995e-17
7038.650 3.3798e-17
7040.175 3.1385e-17
7041.700 3.2401e-17
7043.225 3.0898e-17
7044.750 2.9484e-17
7046.275 3.063e-17
7047.800 3.4323e-17
7049.325 3.2388e-17
7050.850 2.8014e-17
7052.375 2.6914e-17
7053.900 2.9516e-17
7055.425 3.4868e-17
7056.950 3.6562e-17
7058.475 3.492e-17
7060.000 3.4514e-17
7061.525 3.2101e-17
7063.050 3.1396e-17
7064.575 3.5052e-17
7066.100 3.6153e-17
7067.625 3.4516e-17
7069.150 3.2339e-17
7070.675 3.3426e-17
7072.200 3.4935e-17
7073.725 3.1299e-17
7075.250 2.9243e-17
7076.775 2.939e-17
7078.300 2.8139e-17
7079.825 2.9144e-17
7081.350 3.0935e-17
7082.875 3.4204e-17
7084.400 3.4228e-17
7085.925 3.1542e-17
7087.450 3.1498e-17
7088.975 3.0378e-17
7090.500 2.8337e-17
7092.025 2.7448e-17
7093.550 2.9415e-17
7095.075 3.1441e-17
7096.600 3.0717e-17
7098.125 3.0142e-17
7099.650 3.0416e-17
7101.175 2.9237e-17
7102.700 3.15e-17
7104.225 3.3018e-17
7105.750 3.087e-17
7107.275 2.9365e-17
7108.800 2.8045e-17
7110.325 2.8708e-17
7111.850 2.7186e-17
7113.375 2.7016e-17
7114.900 2.6425e-17
7116.425 2.6495e-17
7117.950 3.0555e-17
7119.475 3.0003e-17
7121.000 2.963e-17
7122.525 3.3333e-17
7124.050 3.2174e-17
7125.575 2.8969e-17
7127.100 2.82e-17
7128.625 2.9642e-17
7130.150 2.9859e-17
7131.675 2.9392e-17
7133.200 2.6742e-17
7134.725 2.7657e-17
7136.250 2.9723e-17
7137.775 3.0561e-17
7139.300 3.2964e-17
7140.825 3.4543e-17
7142.350 3.3732e-17
7143.875 3.1659e-17
7145.400 3.1307e-17
7146.925 3.1893e-17
7148.450 3.0799e-17
7149.975 3.4703e-17
7151.500 3.4879e-17
7153.025 3.4754e-17
7154.550 3.5509e-17
7156.075 3.5799e-17
7157.600 3.3047e-17
7159.125 2.8612e-17
7160.650 2.7366e-17
7162.175 2.9029e-17
7163.700 3.0015e-17
7165.225 3.4076e-17
7166.750 3.4673e-17
7168.275 3.256e-17
7169.800 3.0069e-17
7171.325 2.9963e-17
7172.850 3.2693e-17
7174.375 3.3284e-17
7175.900 3.0737e-17
7177.425 3.3515e-17
7178.950 3.2181e-17
7180.475 3.1242e-17
7182.000 3.238e-17
7183.525 3.2127e-17
7185.050 3.2459e-17
7186.575 3.6712e-17
7188.100 3.3e-17
7189.625 2.9081e-17
7191.150 3.1342e-17
7192.675 3.0258e-17
7194.200 3.2784e-17
7195.725 3.4508e-17
7197.250 3.1904e-17
7198.775 3.4447e-17
7200.300 3.6724e-17
7201.825 3.4025e-17
7203.350 3.2205e-17
7204.875 3.5081e-17
7206.400 3.3752e-17
7207.925 3.2603e-17
7209.450 3.0632e-17
7210.975 3.2119e-17
7212.500 3.1877e-17
7214.025 3.0253e-17
7215.550 3.2077e-17
7217.075 3.3725e-17
7218.600 3.345e-17
7220.125 3.3073e-17
7221.650 3.109e-17
7223.175 3.1681e-17
7224.700 3.28e-17
7226.225 3.0217e-17
7227.750 2.8248e-17
7229.275 3.3097e-17
7230.800 3.3398e-17
7232.325 3.5873e-17
7233.850 3.6571e-17
7235.375 3.1421e-17
7236.900 3.7123e-17
7238.425 3.6987e-17
7239.950 3.2856e-17
7241.475 2.7395e-17
7243.000 2.7382e-17
7244.525 2.9658e-17
7246.050 3.1387e-17
7247.575 3.8645e-17
7249.100 3.7435e-17
7250.625 3.5305e-17
7252.150 3.4061e-17
7253.675 3.3612e-17
7255.200 3.3064e-17
7256.725 2.8565e-17
7258.250 2.8363e-17
7259.775 3.0965e-17
7261.300 3.3011e-17
7262.825 3.6534e-17
7264.350 3.731e-17
7265.875 3.3675e-17
7267.400 3.0367e-17
7268.925 2.8209e-17
7270.450 3.1989e-17
7271.975 3.7302e-17
7273.500 3.3404e-17
7275.025 2.7053e-17
7276.550 2.7028e-17
7278.075 3.0982e-17
7279.600 3.3731e-17
7281.125 3.2678e-17
7282.650 3.0746e-17
7284.175 3.2034e-17
7285.700 3.3038e-17
7287.225 2.8111e-17
7288.750 2.6388e-17
7290.275 3.0359e-17
7291.800 3.3153e-17
7293.325 3.2896e-17
7294.850 3.0626e-17
7296.375 3.2445e-17
7297.900 3.4805e-17
7299.425 3.2209e-17
7300.950 3.0795e-17
7302.475 3.1404e-17
7304.000 2.7908e-17
7305.525 2.4255e-17
7307.050 2.6263e-17
7308.575 2.9764e-17
7310.100 3.6574e-17
7311.625 3.6394e-17
7313.150 2.8251e-17
7314.675 3.0481e-17
7316.200 3.1222e-17
7317.725 2.6594e-17
7319.250 3.3472e-17
7320.775 3.7064e-17
7322.300 3.4033e-17
7323.825 3.1945e-17
7325.350 3.1604e-17
7326.875 3.1179e-17
7328.400 3.0588e-17
7329.925 3.3403e-17
7331.450 3.0907e-17
7332.975 3.0264e-17
7334.500 3.3193e-17
7336.025 3.3403e-17
7337.550 2.9969e-17
7339.075 3.1754e-17
7340.600 2.9645e-17
7342.125 2.3919e-17
7343.650 2.6004e-17
7345.175 2.8849e-17
7346.700 2.7907e-17
7348.225 2.9775e-17
7349.750 3.1041e-17
7351.275 3.1168e-17
7352.800 3.5437e-17
7354.325 3.78e-17
7355.850 3.1867e-17
7357.375 2.9398e-17
7358.900 3.0525e-17
7360.425 2.9072e-17
7361.950 2.8789e-17
7363.475 3.3787e-17
7365.000 3.5846e-17
7366.525 3.2326e-17
7368.050 2.7026e-17
7369.575 2.6673e-17
7371.100 3.0464e-17
7372.625 2.9605e-17
7374.150 3.0039e-17
7375.675 3.1474e-17
7377.200 3.1223e-17
7378.725 3.2992e-17
7380.250 3.562e-17
7381.775 3.1033e-17
7383.300 3.0133e-17
7384.825 3.0894e-17
7386.350 2.8706e-17
7387.875 2.8663e-17
7389.400 3.2472e-17
7390.925 3.1039e-17
7392.450 2.9788e-17
7393.975 2.9505e-17
7395.500 2.9524e-17
7397.025 3.363e-17
7398.550 3.2976e-17
7400.075 3.0771e-17
7401.600 3.314e-17
7403.125 3.0874e-17
7404.650 2.6325e-17
7406.175 2.6238e-17
7407.700 2.4881e-17
7409.225 2.8042e-17
7410.750 3.2645e-17
7412.275 3.0815e-17
7413.800 3.081e-17
7415.325 3.0645e-17
7416.850 3.0559e-17
7418.375 2.9952e-17
7419.900 2.9145e-17
7421.425 2.997e-17
7422.950 3.1087e-17
7424.475 3.2557e-17
7426.000 3.2638e-17
7427.525 3.1e-17
7429.050 2.9058e-17
7430.575 3.0182e-17
7432.100 3.12e-17
7433.625 3.1429e-17
7435.150 3.2598e-17
7436.675 3.1414e-17
7438.200 2.6558e-17
7439.725 2.6641e-17
7441.250 2.9962e-17
7442.775 2.9996e-17
7444.300 2.9989e-17
7445.825 2.9229e-17
7447.350 2.8972e-17
7448.875 3.04e-17
7450.400 2.8872e-17
7451.925 2.8382e-17
7453.450 3.0676e-17
7454.975 2.9324e-17
7456.500 2.9412e-17
7458.025 2.9586e-17
7459.550 2.6534e-17
7461.075 2.695e-17
7462.600 2.8424e-17
7464.125 2.6933e-17
7465.650 2.9277e-17
7467.175 3.1265e-17
7468.700 2.7737e-17
7470.225 3.2833e-17
7471.750 3.7208e-17
7473.275 3.1756e-17
7474.800 2.9733e-17
7476.325 2.9385e-17
7477.850 2.9031e-17
7479.375 2.9064e-17
7480.900 2.6483e-17
7482.425 2.6124e-17
7483.950 2.9229e-17
7485.475 2.9513e-17
7487.000 2.8566e-17
7488.525 2.8697e-17
7490.050 2.4365e-17
7491.575 2.4251e-17
7493.100 2.7542e-17
7494.625 2.9855e-17
7496.150 2.8837e-17
7497.675 2.5214e-17
7499.200 2.5895e-17
7500.725 2.9309e-17
7502.250 2.699e-17
7503.775 2.4752e-17
7505.300 3.03e-17
7506.825 3.1926e-17
7508.350 2.821e-17
7509.875 2.5765e-17
7511.400 2.5781e-17
7512.925 2.3829e-17
7514.450 2.2896e-17
7515.975 2.3628e-17
7517.500 2.4413e-17
7519.025 2.6395e-17
7520.550 3.2117e-17
7522.075 3.2414e-17
7523.600 2.8476e-17
7525.125 2.7815e-17
7526.650 2.5756e-17
7528.175 2.2408e-17
7529.700 2.1498e-17
7531.225 2.4533e-17
7532.750 2.312e-17
7534.275 2.6427e-17
7535.800 2.9361e-17
7537.325 2.9603e-17
7538.850 2.6795e-17
7540.375 2.2591e-17
7541.900 2.13e-17
7543.425 2.5122e-17
7544.950 2.6579e-17
7546.475 2.4087e-17
7548.000 2.691e-17
7549.525 2.764e-17
7551.050 2.4407e-17
7552.575 2.7425e-17
7554.100 2.6401e-17
7555.625 2.3429e-17
7557.150 2.3682e-17
7558.675 2.5913e-17
7560.200 2.9294e-17
7561.725 2.7139e-17
7563.250 2.3635e-17
7564.775 2.4536e-17
7566.300 2.743e-17
7567.825 2.7441e-17
7569.350 2.993e-17
7570.875 2.7353e-17
7572.400 2.2587e-17
7573.925 2.3537e-17
7575.450 2.3848e-17
7576.975 2.4139e-17
7578.500 2.4027e-17
7580.025 2.2623e-17
7581.550 2.1569e-17
7583.075 2.3193e-17
7584.600 2.3915e-17
7586.125 2.491e-17
7587.650 2.701e-17
7589.175 2.5395e-17
7590.700 2.8607e-17
7592.225 3.3681e-17
7593.750 2.6027e-17
7595.275 1.8571e-17
7596.800 2.5401e-17
7598.325 3.0693e-17
7599.850 4.1948e-17
7601.375 4.7499e-17
7602.900 2.9318e-17
7604.425 1.9442e-17
7605.950 1.545e-17
7607.475 1.9009e-17
7609.000 2.7546e-17
7610.525 2.7195e-17
7612.050 2.4925e-17
7613.575 2.648e-17
7615.100 2.6129e-17
7616.625 2.6899e-17
7618.150 2.6082e-17
7619.675 2.3393e-17
7621.200 2.0708e-17
7622.725 2.1082e-17
7624.250 2.4702e-17
7625.775 2.3388e-17
7627.300 2.556e-17
7628.825 2.7601e-17
7630.350 2.3192e-17
7631.875 1.7175e-17
7633.400 2.2286e-17
7634.925 2.6396e-17
7636.450 2.2543e-17
7637.975 2.0436e-17
7639.500 2.4429e-17
7641.025 2.683e-17
7642.550 2.6684e-17
7644.075 2.6289e-17
7645.600 2.3652e-17
7647.125 2.1201e-17
7648.650 2.4608e-17
7650.175 2.6116e-17
7651.700 2.5054e-17
7653.225 2.4747e-17
7654.750 2.1619e-17
7656.275 2.0884e-17
7657.800 2.1319e-17
7659.325 2.3136e-17
7660.850 2.6641e-17
7662.375 2.5814e-17
7663.900 2.2585e-17
7665.425 2.2162e-17
7666.950 2.5016e-17
7668.475 2.5676e-17
7670.000 2.4398e-17
7671.525 2.5794e-17
7673.050 2.4723e-17
7674.575 2.6318e-17
7676.100 2.4707e-17
7677.625 2.3393e-17
7679.150 2.4813e-17
7680.675 2.491e-17
7682.200 2.7377e-17
7683.725 2.7267e-17
7685.250 2.7053e-17
7686.775 2.67e-17
7688.300 2.5159e-17
7689.825 2.6249e-17
7691.350 2.5642e-17
7692.875 2.2888e-17
7694.400 2.1995e-17
7695.925 2.4526e-17
7697.450 2.6586e-17
7698.975 2.5284e-17
7700.500 2.2149e-17
7702.025 2.1801e-17
7703.550 2.3424e-17
7705.075 2.1923e-17
7706.600 2.3055e-17
7708.125 2.6211e-17
7709.650 2.6864e-17
7711.175 3.0677e-17
7712.700 2.7086e-17
7714.225 2.1542e-17
7715.750 2.779e-17
7717.275 2.7248e-17
7718.800 2.3962e-17
7720.325 2.4395e-17
7721.850 2.7627e-17
7723.375 2.8898e-17
7724.900 2.5532e-17
7726.425 2.5537e-17
7727.950 2.5743e-17
7729.475 2.3617e-17
7731.000 2.3954e-17
7732.525 2.4129e-17
7734.050 2.3467e-17
7735.575 2.3252e-17
7737.100 2.6893e-17
7738.625 2.8849e-17
7740.150 2.5521e-17
7741.675 2.3271e-17
7743.200 2.5673e-17
7744.725 2.9831e-17
7746.250 2.9293e-17
7747.775 2.4175e-17
7749.300 2.1943e-17
7750.825 2.3971e-17
7752.350 2.257e-17
7753.875 1.9553e-17
7755.400 2.4275e-17
7756.925 2.997e-17
7758.450 2.9309e-17
7759.975 2.8829e-17
7761.500 2.567e-17
7763.025 2.433e-17
7764.550 2.6657e-17
7766.075 2.7973e-17
7767.600 2.8944e-17
7769.125 2.9736e-17
7770.650 3.118e-17
7772.175 3.09e-17
7773.700 2.8997e-17
7775.225 2.62e-17
7776.750 2.6023e-17
7778.275 2.6012e-17
7779.800 2.6223e-17
7781.325 3.0697e-17
7782.850 2.7138e-17
7784.375 2.3681e-17
7785.900 2.4802e-17
7787.425 2.5887e-17
7788.950 2.9619e-17
7790.475 3.5138e-17
7792.000 3.2705e-17
7793.525 2.8671e-17
7795.050 2.0997e-17
7796.575 2.0529e-17
7798.100 2.5315e-17
7799.625 2.8386e-17
7801.150 2.3227e-17
7802.675 2.5612e-17
7804.200 3.2096e-17
7805.725 3.0225e-17
7807.250 2.5222e-17
7808.775 2.2483e-17
7810.300 2.0633e-17
7811.825 2.3007e-17
7813.350 2.2383e-17
7814.875 2.0111e-17
7816.400 2.4013e-17
7817.925 2.6518e-17
7819.450 2.8839e-17
7820.975 2.9305e-17
7822.500 2.4469e-17
7824.025 2.2868e-17
7825.550 2.1582e-17
7827.075 1.9804e-17
7828.600 2.2625e-17
7830.125 2.6045e-17
7831.650 2.6405e-17
7833.175 2.3371e-17
7834.700 2.4519e-17
7836.225 2.3912e-17
7837.750 2.6155e-17
7839.275 2.5773e-17
7840.800 2.203e-17
7842.325 2.6305e-17
7843.850 2.5286e-17
7845.375 2.2309e-17
7846.900 2.7449e-17
7848.425 2.9675e-17
7849.950 3.0625e-17
7851.475 2.2188e-17
7853.000 1.1365e-17
7854.525 1.5671e-17
7856.050 2.1994e-17
7857.575 2.2454e-17
7859.100 2.3896e-17
7860.625 2.0732e-17
7862.150 1.9447e-17
7863.675 2.4068e-17
7865.200 2.7001e-17
7866.725 2.5415e-17
7868.250 2.3337e-17
7869.775 2.0202e-17
7871.300 1.6389e-17
7872.825 1.5022e-17
7874.350 1.9642e-17
7875.875 2.5958e-17
7877.400 2.5672e-17
7878.925 2.1165e-17
7880.450 2.025e-17
7881.975 2.0831e-17
7883.500 2.2157e-17
7885.025 2.4794e-17
7886.550 2.6892e-17
7888.075 2.7273e-17
7889.600 2.3255e-17
7891.125 1.9308e-17
7892.650 1.8246e-17
7894.175 1.7895e-17
7895.700 1.6952e-17
7897.225 1.6741e-17
7898.750 1.8475e-17
7900.275 1.9317e-17
7901.800 1.7525e-17
7903.325 1.5491e-17
7904.850 1.6054e-17
7906.375 1.6465e-17
7907.900 1.0974e-17
7909.425 1.3025e-17
7910.950 1.897e-17
7912.475 1.5299e-17
7914.000 2.0596e-17
7915.525 1.6603e-17
7917.050 1.2297e-17
7918.575 1.16e-17
7920.100 1.119e-17
7921.625 1.0884e-17
7923.150 1.2948e-17
7924.675 1.4647e-17
7926.200 1.4638e-17
7927.725 1.7949e-17
7929.250 1.9158e-17
7930.775 1.7605e-17
7932.300 1.7194e-17
7933.825 1.3774e-17
7935.350 1.3995e-17
7936.875 1.9493e-17
7938.400 1.778e-17
7939.925 1.4887e-17
7941.450 1.5914e-17
7942.975 1.6644e-17
7944.500 1.5246e-17
7946.025 1.7197e-17
7947.550 1.8297e-17
7949.075 1.9037e-17
7950.600 2.1019e-17
7952.125 1.6906e-17
7953.650 1.4639e-17
7955.175 1.552e-17
7956.700 1.4031e-17
7958.225 1.2374e-17
7959.750 8.8937e-18
7961.275 7.0842e-18
7962.800 9.8548e-18
7964.325 1.4059e-17
7965.850 9.5438e-18
7967.375 1.3752e-17
7968.900 1.2771e-17
7970.425 8.9971e-18
7971.950 1.2788e-17
7973.475 9.0264e-18
7975.000 2.8663e-18
7976.525 9.9258e-18
7978.050 1.2729e-17
7979.575 1.2543e-17
7981.100 1.5009e-17
7982.625 1.2242e-17
7984.150 1.1421e-17
7985.675 1.3074e-17
7987.200 1.3759e-17
7988.725 1.2059e-17
7990.250 1.7798e-17
7991.775 2.1393e-17
7993.300 2.0192e-17
7994.825 1.1553e-17
7996.350 6.7874e-18
7997.875 9.8171e-18
7999.400 9.9974e-18
8000.925 1.0383e-17
8002.450 1.3106e-17
8003.975 9.4739e-18
8005.500 8.6659e-18
8007.025 1.2084e-17
8008.550 1.0566e-17
8010.075 1.0779e-17
8011.600 1.1369e-17
8013.125 1.3426e-17
8014.650 1.6631e-17
8016.175 1.0666e-17
8017.700 5.062e-18
8019.225 7.5569e-18
8020.750 7.8154e-18
8022.275 8.6918e-18
8023.800 1.4721e-17
8025.325 1.6714e-17
8026.850 1.4896e-17
8028.375 1.0342e-17
8029.900 6.6228e-18
8031.425 6.984e-18
8032.950 7.9005e-18
8034.475 7.0085e-18
8036.000 9.1293e-18
8037.525 1.3023e-17
8039.050 8.5816e-18
8040.575 6.1997e-18
8042.100 9.1155e-18
8043.625 8.4337e-18
8045.150 9.821e-18
8046.675 9.1568e-18
8048.200 6.5366e-18
8049.725 7.0239e-18
8051.250 8.6102e-18
8052.775 6.9563e-18
8054.300 8.3371e-18
8055.825 8.7747e-18
8057.350 7.9869e-18
8058.875 7.9458e-18
8060.400 7.2298e-18
8061.925 9.505e-18
8063.450 1.2229e-17
8064.975 1.0598e-17
8066.500 9.4415e-18
8068.025 1.1067e-17
8069.550 8.8725e-18
8071.075 9.8522e-18
8072.600 1.2589e-17
8074.125 1.1609e-17
8075.650 1.0357e-17
8077.175 8.1419e-18
8078.700 8.1667e-18
8080.225 9.6255e-18
8081.750 6.8218e-18
8083.275 5.9154e-18
8084.800 8.5194e-18
8086.325 1.022e-17
8087.850 1.125e-17
8089.375 1.1082e-17
8090.900 7.2865e-18
8092.425 6.3855e-18
8093.950 7.1542e-18
8095.475 7.5733e-18
8097.000 1.1343e-17
8098.525 1.4499e-17
8100.050 1.417e-17
8101.575 1.1496e-17
8103.100 8.0874e-18
8104.625 7.2336e-18
8106.150 9.4559e-18
8107.675 8.3319e-18
8109.200 6.6858e-18
8110.725 6.1033e-18
8112.250 6.6176e-18
8113.775 6.8553e-18
8115.300 9.1785e-18
8116.825 7.5542e-18
8118.350 5.5628e-18
8119.875 8.0057e-18
8121.400 9.9432e-18
8122.925 1.1622e-17
8124.450 9.2932e-18
8125.975 5.4769e-18
8127.500 8.2505e-18
8129.025 8.5251e-18
8130.550 7.3044e-18
8132.075 7.532e-18
8133.600 5.4507e-18
8135.125 7.1986e-18
8136.650 1.1322e-17
8138.175 9.9743e-18
8139.700 7.5649e-18
8141.225 7.9926e-18
8142.750 5.9468e-18
8144.275 4.7531e-18
8145.800 6.8958e-18
8147.325 7.3338e-18
8148.850 7.5619e-18
8150.375 8.2682e-18
8151.900 7.9092e-18
8153.425 6.9801e-18
8154.950 5.7886e-18
8156.475 6.3191e-18
8158.000 1.0194e-17
8159.525 9.1642e-18
8161.050 1.0688e-17
8162.575 1.4852e-17
8164.100 1.029e-17
8165.625 1.0342e-17
8167.150 1.2016e-17
8168.675 8.9192e-18
8170.200 7.9469e-18
8171.725 6.3572e-18
8173.250 3.5841e-18
8174.775 5.8607e-18
8176.300 9.3476e-18
8177.825 5.6279e-18
8179.350 1.0523e-17
8180.875 1.3941e-17
8182.400 1.3849e-17
8183.925 1.3961e-17
8185.450 8.2285e-18
8186.975 5.5198e-18
8188.500 7.3512e-18
8190.025 7.3125e-18
8191.550 9.25e-18
8193.075 6.6101e-18
8194.600 7.4335e-18
8196.125 9.8511e-18
8197.650 1.2381e-17
8199.175 7.6356e-18
8200.700 8.8915e-18
8202.225 1.2416e-17
8203.750 1.1375e-17
8205.275 1.0214e-17
8206.800 1.0555e-17
8208.325 1.4045e-17
8209.850 1.6096e-17
8211.375 1.7202e-17
8212.900 1.6522e-17
8214.425 1.4133e-17
8215.950 1.0222e-17
8217.475 8.7292e-18
8219.000 1.0221e-17
8220.525 9.4559e-18
8222.050 1.1362e-17
8223.575 1.7503e-17
8225.100 1.445e-17
8226.625 1.2662e-17
8228.150 1.6898e-17
8229.675 1.4803e-17
8231.200 1.3892e-17
8232.725 1.2839e-17
8234.250 1.1677e-17
8235.775 1.1699e-17
8237.300 9.9542e-18
8238.825 1.0461e-17
8240.350 1.2143e-17
8241.875 1.185e-17
8243.400 8.3116e-18
8244.925 1.0199e-17
8246.450 1.1633e-17
8247.975 1.0446e-17
8249.500 1.0872e-17
8251.025 1.0153e-17
8252.550 8.3429e-18
8254.075 8.2071e-18
8255.600 7.624e-18
8257.125 7.2201e-18
8258.650 1.1069e-17
8260.175 1.154e-17
8261.700 1.0096e-17
8263.225 1.0378e-17
8264.750 8.7107e-18
8266.275 1.0369e-17
8267.800 1.3096e-17
8269.325 1.2965e-17
8270.850 1.1682e-17
8272.375 4.2995e-18
8273.900 5.847e-18
8275.425 1.5152e-17
8276.950 1.3515e-17
8278.475 1.2082e-17
8280.000 1.2292e-17
8281.525 1.0231e-17
8283.050 1.289e-17
8284.575 1.8041e-17
8286.100 1.3162e-17
8287.625 9.5918e-18
8289.150 1.0142e-17
8290.675 7.6408e-18
8292.200 8.8055e-18
8293.725 1.2075e-17
8295.250 1.819e-17
8296.775 2.4057e-17
8298.300 1.4823e-17
8299.825 8.4133e-18
8301.350 1.3035e-17
8302.875 1.4251e-17
8304.400 1.0662e-17
8305.925 1.3566e-17
8307.450 1.598e-17
8308.975 2.0378e-17
8310.500 1.3275e-17
8312.025 1.2007e-17
8313.550 1.2747e-17
8315.075 1.2615e-17
8316.600 1.3653e-17
8318.125 1.5576e-17
8319.650 1.5579e-17
8321.175 1.3192e-17
8322.700 1.3319e-17
8324.225 1.4718e-17
8325.750 1.3172e-17
8327.275 1.1233e-17
8328.800 1.0181e-17
8330.325 1.154e-17
8331.850 1.4057e-17
8333.375 1.6058e-17
8334.900 1.5374e-17
8336.425 8.3111e-18
8337.950 9.5051e-18
8339.475 1.5287e-17
8341.000 1.8726e-17
8342.525 2.1623e-17
8344.050 2.6926e-17
8345.575 1.6257e-17
8347.100 5.2475e-18
8348.625 9.4959e-18
8350.150 1.4963e-17
8351.675 1.6511e-17
8353.200 1.4148e-17
8354.725 1.2792e-17
8356.250 1.2013e-17
8357.775 1.2059e-17
8359.300 1.5208e-17
8360.825 1.7876e-17
8362.350 1.6394e-17
8363.875 1.4494e-17
8365.400 1.5531e-17
8366.925 1.5323e-17
8368.450 1.1918e-17
8369.975 1e-17
8371.500 1.023e-17
8373.025 1.1728e-17
8374.550 1.3852e-17
8376.075 1.4528e-17
8377.600 1.5557e-17
8379.125 1.8471e-17
8380.650 1.9551e-17
8382.175 1.7381e-17
8383.700 1.3424e-17
8385.225 1.1681e-17
8386.750 1.2195e-17
8388.275 1.1184e-17
8389.800 1.1049e-17
8391.325 1.249e-17
8392.850 1.8055e-17
8394.375 1.9242e-17
8395.900 8.4541e-18
8397.425 9.2067e-18
8398.950 1.8526e-17
8400.475 1.6454e-17
8402.000 1.1247e-17
8403.525 9.8051e-18
8405.050 1.6626e-17
8406.575 1.9376e-17
8408.100 1.6544e-17
8409.625 1.856e-17
8411.150 1.9616e-17
8412.675 1.8647e-17
8414.200 2.1204e-17
8415.725 1.6975e-17
8417.250 1.2149e-17
8418.775 9.9813e-18
8420.300 1.349e-17
8421.825 1.4509e-17
8423.350 1.1885e-17
8424.875 1.3152e-17
8426.400 1.7035e-17
8427.925 1.9796e-17
8429.450 2.6617e-17
8430.975 2.3035e-17
8432.500 1.9777e-17
8434.025 1.6383e-17
8435.550 1.5921e-17
8437.075 1.7822e-17
8438.600 1.8816e-17
8440.125 1.5943e-17
8441.650 1.4467e-17
8443.175 1.6087e-17
8444.700 2.0256e-17
8446.225 2.1808e-17
8447.750 2.3586e-17
8449.275 2.061e-17
8450.800 2.0826e-17
8452.325 1.9045e-17
8453.850 1.6672e-17
8455.375 1.5131e-17
8456.900 1.6961e-17
8458.425 1.5857e-17
8459.950 1.8049e-17
8461.475 2.4756e-17
8463.000 2.0936e-17
8464.525 1.6788e-17
8466.050 2.466e-17
8467.575 2.4936e-17
8469.100 1.7949e-17
8470.625 1.5742e-17
8472.150 1.6067e-17
8473.675 1.6593e-17
8475.200 1.8852e-17
8476.725 1.9865e-17
8478.250 1.9466e-17
8479.775 1.9718e-17
8481.300 1.9693e-17
8482.825 2.0075e-17
8484.350 2.1289e-17
8485.875 1.9701e-17
8487.400 1.9447e-17
8488.925 2.0603e-17
8490.450 2.0365e-17
8491.975 2.2182e-17
8493.500 2.3184e-17
8495.025 2.2669e-17
8496.550 2.2518e-17
8498.075 2.0897e-17
8499.600 2.378e-17
8501.125 2.355e-17
8502.650 1.7087e-17
8504.175 2.0363e-17
8505.700 2.3064e-17
8507.225 2.0793e-17
8508.750 2.2977e-17
8510.275 2.3926e-17
8511.800 2.2658e-17
8513.325 2.3422e-17
8514.850 2.3019e-17
8516.375 2.2133e-17
8517.900 2.2713e-17
8519.425 2.3082e-17
8520.950 2.4827e-17
8522.475 2.2755e-17
8524.000 2.184e-17
8525.525 2.3665e-17
8527.050 2.5408e-17
8528.575 2.651e-17
8530.100 2.6792e-17
8531.625 2.5218e-17
8533.150 2.4979e-17
8534.675 2.4911e-17
8536.200 2.5139e-17
8537.725 2.3763e-17
8539.250 2.3262e-17
8540.775 2.3322e-17
8542.300 2.3034e-17
8543.825 2.668e-17
8545.350 2.8179e-17
8546.875 3.1543e-17
8548.400 3.0303e-17
8549.925 2.6007e-17
8551.450 2.3858e-17
8552.975 2.3464e-17
8554.500 2.3242e-17
8556.025 2.3195e-17
8557.550 2.5498e-17
8559.075 2.5923e-17
8560.600 2.5918e-17
8562.125 2.5598e-17
8563.650 2.5662e-17
8565.175 2.6781e-17
8566.700 2.488e-17
8568.225 2.2841e-17
8569.750 2.3398e-17
8571.275 2.2681e-17
8572.800 2.2129e-17
8574.325 2.5251e-17
8575.850 2.419e-17
8577.375 2.5562e-17
8578.900 2.6123e-17
8580.425 2.5001e-17
8581.950 2.4357e-17
8583.475 2.644e-17
8585.000 2.9745e-17
8586.525 2.8772e-17
8588.050 2.7873e-17
8589.575 2.8048e-17
8591.100 2.7324e-17
8592.625 2.8755e-17
8594.150 2.9249e-17
8595.675 2.9205e-17
8597.200 2.8611e-17
8598.725 2.7185e-17
8600.250 2.7241e-17
8601.775 2.4531e-17
8603.300 2.3371e-17
8604.825 2.3366e-17
8606.350 2.563e-17
8607.875 2.7248e-17
8609.400 2.6624e-17
8610.925 2.4312e-17
8612.450 2.2719e-17
8613.975 2.7292e-17
8615.500 2.9735e-17
8617.025 2.4339e-17
8618.550 2.3748e-17
8620.075 2.7412e-17
8621.600 2.6746e-17
8623.125 2.6384e-17
8624.650 2.4592e-17
8626.175 2.1373e-17
8627.700 2.1157e-17
8629.225 2.5853e-17
8630.750 2.6383e-17
8632.275 2.4186e-17
8633.800 2.2592e-17
8635.325 2.4007e-17
8636.850 2.7563e-17
8638.375 3.0444e-17
8639.900 3.0222e-17
8641.425 2.3331e-17
8642.950 2.4043e-17
8644.475 2.5528e-17
8646.000 2.6171e-17
8647.525 2.9153e-17
8649.050 2.4938e-17
8650.575 2.6594e-17
8652.100 3.1184e-17
8653.625 3.3139e-17
8655.150 3.1009e-17
8656.675 2.6433e-17
8658.200 2.1092e-17
8659.725 2.606e-17
8661.250 2.9071e-17
8662.775 2.2662e-17
8664.300 2.3429e-17
8665.825 2.796e-17
8667.350 2.9416e-17
8668.875 3.3055e-17
8670.400 2.8496e-17
8671.925 1.9824e-17
8673.450 1.9615e-17
8674.975 2.4461e-17
8676.500 2.7488e-17
8678.025 3.0109e-17
8679.550 3.1909e-17
8681.075 3.2843e-17
8682.600 3.0864e-17
8684.125 2.9871e-17
8685.650 2.9209e-17
8687.175 2.9541e-17
8688.700 3.1501e-17
8690.225 3.0441e-17
8691.750 3.0069e-17
8693.275 3.1367e-17
8694.800 3.1009e-17
8696.325 2.7055e-17
8697.850 2.5709e-17
8699.375 3.0238e-17
8700.900 2.8587e-17
8702.425 2.6414e-17
8703.950 2.931e-17
8705.475 2.867e-17
8707.000 2.5438e-17
8708.525 3.0873e-17
8710.050 3.1936e-17
8711.575 3.12e-17
8713.100 3.365e-17
8714.625 3.1056e-17
8716.150 2.9212e-17
8717.675 3.055e-17
8719.200 3.0784e-17
8720.725 3.0568e-17
8722.250 2.7577e-17
8723.775 2.6565e-17
8725.300 2.9753e-17
8726.825 2.9774e-17
8728.350 2.8852e-17
8729.875 3.0681e-17
8731.400 3.0814e-17
8732.925 2.8601e-17
8734.450 2.6357e-17
8735.975 2.5909e-17
8737.500 2.8245e-17
8739.025 2.8734e-17
8740.550 2.669e-17
8742.075 2.928e-17
8743.600 3.245e-17
8745.125 3.2188e-17
8746.650 3.278e-17
8748.175 3.2675e-17
8749.700 2.9276e-17
8751.225 2.8308e-17
8752.750 2.7392e-17
8754.275 2.4202e-17
8755.800 3.0788e-17
8757.325 3.4172e-17
8758.850 3.0023e-17
8760.375 3.8782e-17
8761.900 3.3274e-17
8763.425 2.9313e-17
8764.950 2.9715e-17
8766.475 3.0869e-17
8768.000 2.6769e-17
8769.525 1.8883e-17
8771.050 1.9994e-17
8772.575 3.1371e-17
8774.100 4.0873e-17
8775.625 4.2254e-17
8777.150 3.935e-17
8778.675 3.138e-17
8780.200 2.271e-17
8781.725 2.4569e-17
8783.250 2.5982e-17
8784.775 2.5501e-17
8786.300 2.9255e-17
8787.825 3.2847e-17
8789.350 3.5086e-17
8790.875 3.7274e-17
8792.400 2.6533e-17
8793.925 2.3843e-17
8795.450 2.9882e-17
8796.975 2.8283e-17
8798.500 2.7055e-17
8800.025 2.7393e-17
8801.550 2.7794e-17
8803.075 2.9954e-17
8804.600 3.0976e-17
8806.125 3.3231e-17
8807.650 3.4964e-17
8809.175 3.1873e-17
8810.700 3.2173e-17
8812.225 3.0447e-17
8813.750 2.5568e-17
8815.275 2.8354e-17
8816.800 3.2193e-17
8818.325 3.0133e-17
8819.850 2.7182e-17
8821.375 3.5178e-17
8822.900 5.242e-17
8824.425 5.5468e-17
8825.950 5.6746e-17
8827.475 4.7849e-17
8829.000 2.4416e-17
8830.525 1.9697e-17
8832.050 2.5768e-17
8833.575 3.2325e-17
8835.100 3.2729e-17
8836.625 2.6115e-17
8838.150 2.603e-17
8839.675 2.6117e-17
8841.200 2.6789e-17
8842.725 3.1425e-17
8844.250 3.7768e-17
8845.775 4.1253e-17
8847.300 3.6904e-17
8848.825 3.4552e-17
8850.350 3.1936e-17
8851.875 2.7832e-17
8853.400 2.8775e-17
8854.925 3.2425e-17
8856.450 3.4502e-17
8857.975 3.3428e-17
8859.500 3.1888e-17
8861.025 2.9424e-17
8862.550 3.2634e-17
8864.075 3.5881e-17
8865.600 3.4558e-17
8867.125 3.6995e-17
8868.650 3.4546e-17
8870.175 2.9646e-17
8871.700 3.3454e-17
8873.225 3.2731e-17
8874.750 3.0614e-17
8876.275 3.0106e-17
8877.800 2.5363e-17
8879.325 2.4185e-17
8880.850 3.3497e-17
8882.375 4.2945e-17
8883.900 3.5667e-17
8885.425 2.9344e-17
8886.950 2.8364e-17
8888.475 1.9995e-17
8890.000 2.1301e-17
8891.525 2.9009e-17
8893.050 3.22e-17
8894.575 2.8658e-17
8896.100 2.5374e-17
8897.625 2.7907e-17
8899.150 3.3898e-17
8900.675 3.7361e-17
8902.200 3.5565e-17
8903.725 3.3683e-17
8905.250 2.7639e-17
8906.775 2.6024e-17
8908.300 2.8542e-17
8909.825 2.8562e-17
8911.350 2.684e-17
8912.875 2.6916e-17
8914.400 3.3313e-17
8915.925 2.8318e-17
8917.450 2.8097e-17
8918.975 3.2441e-17
8920.500 3.468e-17
8922.025 2.8513e-17
8923.550 2.4877e-17
8925.075 3.0506e-17
8926.600 3.138e-17
8928.125 2.7546e-17
8929.650 2.5455e-17
8931.175 2.8994e-17
8932.700 3.11e-17
8934.225 2.8981e-17
8935.750 2.5159e-17
8937.275 2.6961e-17
8938.800 3.3264e-17
8940.325 3.2896e-17
8941.850 3.4236e-17
8943.375 3.6921e-17
8944.900 3.0303e-17
8946.425 2.3739e-17
8947.950 2.4605e-17
8949.475 2.6106e-17
8951.000 2.5384e-17
8952.525 3.4533e-17
8954.050 4.4761e-17
8955.575 4.2226e-17
8957.100 3.6068e-17
8958.625 3.1389e-17
8960.150 2.8208e-17
8961.675 2.4331e-17
8963.200 2.2985e-17
8964.725 2.5433e-17
8966.250 2.5507e-17
8967.775 2.4475e-17
8969.300 2.622e-17
8970.825 2.4563e-17
8972.350 2.7181e-17
8973.875 2.868e-17
8975.400 2.8281e-17
8976.925 2.8381e-17
8978.450 2.5816e-17
8979.975 2.5402e-17
8981.500 2.3341e-17
8983.025 2.4419e-17
8984.550 2.4707e-17
8986.075 2.1001e-17
8987.600 3.2799e-17
8989.125 3.331e-17
8990.650 2.5702e-17
8992.175 2.3651e-17
8993.700 2.3044e-17
8995.225 2.4431e-17
8996.750 2.3742e-17
8998.275 2.3454e-17
8999.800 3.4044e-17
9001.325 3.5001e-17
9002.850 2.8827e-17
9004.375 2.5179e-17
9005.900 2.4905e-17
9007.425 2.565e-17
9008.950 2.3943e-17
9010.475 2.2285e-17
9012.000 2.3823e-17
9013.525 2.5187e-17
9015.050 2.3172e-17
9016.575 2.6465e-17
9018.100 2.9075e-17
9019.625 2.5562e-17
9021.150 2.7653e-17
9022.675 2.7043e-17
9024.200 2.3809e-17
9025.725 2.078e-17
9027.250 2.3631e-17
9028.775 2.8437e-17
9030.300 2.3296e-17
9031.825 1.8547e-17
9033.350 2.0991e-17
9034.875 2.3851e-17
9036.400 2.4419e-17
9037.925 2.4914e-17
9039.450 2.1998e-17
9040.975 1.9663e-17
9042.500 2.1351e-17
9044.025 2.4694e-17
9045.550 2.5642e-17
9047.075 2.4398e-17
9048.600 2.2504e-17
9050.125 1.746e-17
9051.650 1.7468e-17
9053.175 1.9805e-17
9054.700 2.0076e-17
9056.225 2.106e-17
9057.750 2.0621e-17
9059.275 2.1274e-17
9060.800 2.5178e-17
9062.325 2.4629e-17
9063.850 2.2932e-17
9065.375 2.283e-17
9066.900 2.0563e-17
9068.425 1.7269e-17
9069.950 1.6601e-17
9071.475 1.8658e-17
9073.000 2.0461e-17
9074.525 2.1348e-17
9076.050 2.1417e-17
9077.575 2.0074e-17
9079.100 2.0104e-17
9080.625 2.3851e-17
9082.150 2.5201e-17
9083.675 2.2803e-17
9085.200 2.1119e-17
9086.725 1.854e-17
9088.250 1.5499e-17
9089.775 1.7805e-17
9091.300 2.3826e-17
9092.825 2.2851e-17
9094.350 2.2142e-17
9095.875 2.0598e-17
9097.400 1.9253e-17
9098.925 2.5047e-17
9100.450 2.5708e-17
9101.975 2.5439e-17
9103.500 2.9878e-17
9105.025 2.7553e-17
9106.550 2.4577e-17
9108.075 2.3268e-17
9109.600 2.3586e-17
9111.125 2.203e-17
9112.650 2.265e-17
9114.175 1.8529e-17
9115.700 1.6768e-17
9117.225 1.9358e-17
9118.750 2.2284e-17
9120.275 2.2071e-17
9121.800 2.0156e-17
9123.325 2.1943e-17
9124.850 2.1883e-17
9126.375 1.5604e-17
9127.900 1.627e-17
9129.425 2.2456e-17
9130.950 1.9956e-17
9132.475 1.8801e-17
9134.000 1.7723e-17
9135.525 1.7458e-17
9137.050 2.3361e-17
9138.575 2.404e-17
9140.100 2.1498e-17
9141.625 2.4188e-17
9143.150 2.5519e-17
9144.675 2.6715e-17
9146.200 3.0439e-17
9147.725 2.7819e-17
9149.250 2.5757e-17
9150.775 2.901e-17
9152.300 2.8438e-17
9153.825 2.7723e-17
9155.350 2.8008e-17
9156.875 2.551e-17
9158.400 2.5218e-17
9159.925 2.5879e-17
9161.450 1.981e-17
9162.975 1.7016e-17
9164.500 2.128e-17
9166.025 2.1634e-17
9167.550 2.1422e-17
9169.075 2.2507e-17
9170.600 1.9223e-17
9172.125 1.9193e-17
9173.650 2.3286e-17
9175.175 2.5073e-17
9176.700 2.7117e-17
9178.225 2.2313e-17
9179.750 1.8635e-17
9181.275 2.0099e-17
9182.800 2.1279e-17
9184.325 2.6239e-17
9185.850 2.91e-17
9187.375 2.2089e-17
9188.900 1.9397e-17
9190.425 2.2909e-17
9191.950 2.2115e-17
9193.475 2.3311e-17
9195.000 2.3068e-17
9196.525 1.9062e-17
9198.050 2.0127e-17
9199.575 2.1512e-17
9201.100 2.1151e-17
9202.625 1.7831e-17
9204.150 1.5726e-17
9205.675 2.0876e-17
9207.200 2.3904e-17
9208.725 2.2457e-17
9210.250 2.4831e-17
9211.775 2.4619e-17
9213.300 2.0312e-17
9214.825 2.0592e-17
9216.350 1.9936e-17
9217.875 2.0286e-17
9219.400 2.5675e-17
9220.925 2.4634e-17
9222.450 2.316e-17
9223.975 2.7014e-17
9225.500 2.4753e-17
9227.025 2.2628e-17
9228.550 2.1017e-17
9230.075 1.9712e-17
9231.600 2.2777e-17
9233.125 2.4654e-17
9234.650 2.1423e-17
9236.175 1.7159e-17
9237.700 1.8549e-17
9239.225 2.575e-17
9240.750 2.6277e-17
9242.275 2.604e-17
9243.800 2.4143e-17
9245.325 2.3689e-17
9246.850 2.0388e-17
9248.375 1.9202e-17
9249.900 2.3606e-17
9251.425 2.793e-17
9252.950 2.6042e-17
9254.475 2.259e-17
9256.000 2.2771e-17
9257.525 2.3459e-17
9259.050 2.4603e-17
9260.575 2.8388e-17
9262.100 2.452e-17
9263.625 2.4035e-17
9265.150 2.3906e-17
9266.675 2.3413e-17
9268.200 2.1882e-17
9269.725 1.9506e-17
9271.250 2.253e-17
9272.775 2.8981e-17
9274.300 2.9912e-17
9275.825 2.8566e-17
9277.350 2.0739e-17
9278.875 1.3626e-17
9280.400 2.1755e-17
9281.925 2.9279e-17
9283.450 2.7197e-17
9284.975 2.1757e-17
9286.500 1.9895e-17
9288.025 2.6869e-17
9289.550 3.2151e-17
9291.075 2.7908e-17
9292.600 2.4091e-17
9294.125 2.3187e-17
9295.650 1.7246e-17
9297.175 1.3638e-17
9298.700 1.4001e-17
9300.225 2.3132e-17
9301.750 3.9961e-17
9303.275 3.6906e-17
9304.800 2.3985e-17
9306.325 2.3367e-17
9307.850 2.5675e-17
9309.375 3.822e-17
9310.900 2.4348e-17
9312.425 4.9977e-17
9313.950 3.2186e-17
9315.475 -6.5392e-18
9317.000 -7.7165e-18
9318.525 1.997e-17
9320.050 6.396e-17
9321.575 7.0958e-17
9323.100 4.6456e-17
9324.625 2.726e-17
9326.150 2.0208e-17
9327.675 3.2174e-17
9329.200 2.7032e-17
9330.725 1.7173e-17
9332.250 1.1835e-17
9333.775 5.7167e-17
9335.300 7.1104e-17
9336.825 4.3724e-17
9338.350 2.7799e-17
9339.875 3.7999e-17
9341.400 5.5433e-17
9342.925 3.0229e-17
9344.450 2.7055e-17
9345.975 3.358e-17
9347.500 2.796e-17
9349.025 1.9237e-17
9350.550 2.1758e-17
9352.075 1.876e-17
9353.600 3.709e-17
9355.125 3.4982e-17
9356.650 1.2025e-17
9358.175 2.4454e-17
9359.700 3.1551e-17
9361.225 2.9128e-17
9362.750 3.2408e-17
9364.275 3.0578e-17
9365.800 2.6139e-17
9367.325 4.7956e-17
9368.850 2.7707e-17
9370.375 4.5373e-17
9371.900 6.7085e-17
9373.425 4.7604e-17
9374.950 7.0531e-17
9376.475 4.2084e-17
9378.000 -6.8614e-17
9379.525 -3.2554e-17
9381.050 3.4088e-17
9382.575 2.5922e-17
9384.100 1.5906e-17
9385.625 2.0643e-17
9387.150 2.1998e-17
9388.675 2.2188e-17
9390.200 2.2296e-17
9391.725 1.7351e-17
9393.250 1.7492e-17
9394.775 1.9231e-17
9396.300 2.1079e-17
9397.825 2.5351e-17
9399.350 2.5847e-17
9400.875 3.253e-17
9402.400 3.2178e-17
9403.925 2.3787e-17
9405.450 2.216e-17
9406.975 2.2524e-17
9408.500 2.2301e-17
9410.025 2.2999e-17
9411.550 1.684e-17
9413.075 1.2295e-17
9414.600 2.6929e-17
9416.125 3.5016e-17
9417.650 3.012e-17
9419.175 3.889e-17
9420.700 3.0219e-17
9422.225 1.5531e-17
9423.750 1.0705e-17
9425.275 6.9234e-19
9426.800 -1.8862e-18
9428.325 1.5764e-17
9429.850 2.279e-17
9431.375 1.9409e-17
9432.900 1.39e-17
9434.425 2.006e-17
9435.950 3.4863e-17
9437.475 6.0915e-17
9439.000 7.7042e-17
9440.525 2.4245e-17
9442.050 -8.2873e-18
9443.575 8.5088e-18
9445.100 2.1799e-17
9446.625 1.7724e-17
9448.150 1.0757e-17
9449.675 1.2072e-17
9451.200 1.4095e-17
9452.725 1.7192e-17
9454.250 3.9604e-17
9455.775 3.4557e-17
9457.300 3.1073e-17
9458.825 3.2786e-17
9460.350 1.4769e-17
9461.875 1.2474e-17
9463.400 1.4422e-17
9464.925 1.7294e-17
9466.450 1.8923e-17
9467.975 2.4967e-17
9469.500 1.8705e-17
9471.025 1.2278e-17
9472.550 1.0632e-17
9474.075 6.2605e-18
9475.600 1.4966e-17
9477.125 1.8941e-17
9478.650 -3.2314e-18
9480.175 -2.7631e-18
9481.700 1.6255e-17
9483.225 1.9243e-17
9484.750 1.8659e-17
9486.275 1.558e-17
9487.800 1.4594e-17
9489.325 1.6804e-17
9490.850 1.647e-17
9492.375 1.6552e-17
9493.900 3.0764e-17
9495.425 3.306e-17
9496.950 3.7883e-17
9498.475 5.4025e-17
9500.000 3.3181e-17
9501.525 1.7263e-17
9503.050 1.7042e-17
9504.575 1.3551e-17
9506.100 1.2038e-17
9507.625 1.3286e-17
9509.150 1.1862e-17
9510.675 1.2103e-17
9512.200 1.6665e-17
9513.725 2.2961e-17
9515.250 2.473e-17
9516.775 2.0312e-17
9518.300 1.9135e-17
9519.825 1.7416e-17
9521.350 1.3575e-17
9522.875 1.6224e-17
9524.400 1.1814e-17
9525.925 2.1044e-18
9527.450 6.8538e-18
9528.975 1.7956e-17
9530.500 1.5926e-17
9532.025 1.4188e-17
9533.550 1.5333e-17
9535.075 1.3491e-17
9536.600 1.4004e-17
9538.125 1.8994e-17
9539.650 1.7487e-17
9541.175 1.3887e-17
9542.700 1.4248e-17
9544.225 1.4298e-17
9545.750 1.5423e-17
9547.275 1.28e-17
9548.800 1.0705e-17
9550.325 1.8479e-17
9551.850 2.9686e-17
9553.375 2.9595e-17
9554.900 2.5173e-17
9556.425 9.3264e-18
9557.950 1.0785e-17
9559.475 1.3447e-17
9561.000 5.7527e-18
9562.525 2.3693e-17
9564.050 3.6362e-17
9565.575 1.1552e-17
9567.100 1.5973e-17
9568.625 1.9251e-17
9570.150 1.4234e-17
9571.675 1.9044e-17
9573.200 1.9764e-17
9574.725 2.08e-17
9576.250 1.9715e-17
9577.775 1.5766e-17
9579.300 1.7114e-17
9580.825 2.3819e-17
9582.350 1.2579e-17
9583.875 1.3542e-17
9585.400 2.0001e-17
9586.925 9.798e-18
9588.450 8.4808e-18
9589.975 1.6571e-17
9591.500 1.7603e-17
9593.025 2.2302e-17
9594.550 2.296e-17
9596.075 1.6309e-17
9597.600 1.4716e-17
9599.125 1.3935e-17
9600.650 1.5652e-17
9602.175 1.9869e-17
9603.700 2.0261e-17
9605.225 2.0117e-17
9606.750 1.9357e-17
9608.275 1.6195e-17
9609.800 1.5687e-17
9611.325 1.725e-17
9612.850 1.7179e-17
9614.375 1.8002e-17
9615.900 1.6314e-17
9617.425 9.333e-18
9618.950 1.6002e-17
9620.475 2.9225e-17
9622.000 2.6734e-17
9623.525 1.6079e-17
9625.050 1.5561e-17
9626.575 2.114e-17
9628.100 2.3169e-17
9629.625 2.3357e-17
9631.150 2.1205e-17
9632.675 2.5804e-17
9634.200 2.668e-17
9635.725 1.9988e-17
9637.250 1.5268e-17
9638.775 1.4988e-17
9640.300 2.355e-17
9641.825 2.3034e-17
9643.350 1.7274e-17
9644.875 1.762e-17
9646.400 2.2105e-17
9647.925 2.0999e-17
9649.450 1.7906e-17
9650.975 1.8159e-17
9652.500 2.125e-17
9654.025 2.5098e-17
9655.550 2.0438e-17
9657.075 1.9855e-17
9658.600 2.2998e-17
9660.125 2.066e-17
9661.650 8.234e-18
9663.175 1.9466e-17
9664.700 2.8544e-17
9666.225 2.7231e-17
9667.750 1.9245e-17
9669.275 1.0701e-17
9670.800 1.488e-17
9672.325 1.7178e-17
9673.850 1.9331e-17
9675.375 2.3536e-17
9676.900 1.9982e-17
9678.425 1.4291e-17
9679.950 2.3563e-17
9681.475 2.9057e-17
9683.000 1.3914e-17
9684.525 1.1578e-17
9686.050 1.9099e-17
9687.575 2.1063e-17
9689.100 1.9099e-17
9690.625 2.442e-17
9692.150 4.2748e-17
9693.675 6.9237e-17
9695.200 5.4123e-17
9696.725 2.1115e-17
9698.250 1.7658e-17
9699.775 1.9118e-17
9701.300 2.0034e-17
9702.825 1.7834e-17
9704.350 1.2783e-17
9705.875 1.8713e-17
9707.400 2.1382e-17
9708.925 2.5088e-17
9710.450 2.2274e-17
9711.975 9.2213e-18
9713.500 3.894e-18
9715.025 1.7728e-17
9716.550 2.4751e-17
9718.075 2.8703e-17
9719.600 3.2577e-17
9721.125 2.6936e-17
9722.650 1.9016e-17
9724.175 1.5576e-17
9725.700 1.3776e-17
9727.225 1.7574e-17
9728.750 1.6622e-17
9730.275 1.3827e-17
9731.800 2.2408e-17
9733.325 3.1477e-17
9734.850 2.6724e-17
9736.375 2.3838e-17
9737.900 2.6378e-17
9739.425 1.8172e-17
9740.950 1.2846e-17
9742.475 1.6387e-17
9744.000 1.767e-17
9745.525 1.1693e-17
9747.050 8.1356e-18
9748.575 1.2825e-17
9750.100 1.6031e-17
9751.625 1.7966e-17
9753.150 2.2962e-17
9754.675 2.6598e-17
9756.200 2.3702e-17
9757.725 2.2736e-17
9759.250 2.3767e-17
9760.775 2.692e-17
9762.300 1.8791e-17
9763.825 1.7149e-17
9765.350 2.1732e-17
9766.875 2.479e-17
9768.400 2.4894e-17
9769.925 1.8575e-17
9771.450 1.7549e-17
9772.975 1.7881e-17
9774.500 2.1367e-17
9776.025 2.8858e-17
9777.550 2.5344e-17
9779.075 2.3531e-17
9780.600 2.3458e-17
9782.125 2.0471e-17
9783.650 2.4913e-17
9785.175 2.1482e-17
9786.700 2.1208e-17
9788.225 1.9368e-17
9789.750 1.63e-17
9791.275 2.0274e-17
9792.800 2.8804e-17
9794.325 2.7601e-17
9795.850 2.3201e-17
9797.375 1.6722e-17
9798.900 2.0733e-17
9800.425 2.3581e-17
9801.950 2.6286e-17
9803.475 2.7915e-17
9805.000 2.9453e-17
9806.525 2.5273e-17
9808.050 2.6393e-17
9809.575 2.452e-17
9811.100 2.3311e-17
9812.625 2.1975e-17
9814.150 2.2361e-17
9815.675 1.3637e-17
9817.200 1.3428e-17
9818.725 1.8645e-17
9820.250 1.1128e-17
9821.775 1.1631e-17
9823.300 1.8383e-17
9824.825 1.8958e-17
9826.350 2.0285e-17
9827.875 1.9891e-17
9829.400 2.1393e-17
9830.925 1.9756e-17
9832.450 9.1497e-18
9833.975 7.0501e-18
9835.500 9.3812e-18
9837.025 1.423e-17
9838.550 2.0469e-17
9840.075 2.2605e-17
9841.600 2.1098e-17
9843.125 2.3573e-17
9844.650 2.4483e-17
9846.175 1.4594e-17
9847.700 1.5653e-17
9849.225 2.3695e-17
9850.750 1.8543e-17
9852.275 1.3246e-17
9853.800 1.4854e-17
9855.325 1.6724e-17
9856.850 2.2575e-17
9858.375 2.5677e-17
9859.900 2.0515e-17
9861.425 1.6742e-17
9862.950 1.4469e-17
9864.475 1.1339e-17
9866.000 1.8942e-17
9867.525 3.8803e-17
9869.050 4.1314e-17
9870.575 3.6471e-17
9872.100 3.0496e-17
9873.625 1.0684e-17
9875.150 1.1281e-17
9876.675 1.8019e-17
9878.200 2.2714e-17
9879.725 2.1025e-17
9881.250 1.4038e-17
9882.775 1.4444e-17
9884.300 1.6694e-17
9885.825 1.3291e-17
9887.350 1.4182e-17
9888.875 1.1041e-17
9890.400 1.6191e-17
9891.925 2.4141e-17
9893.450 2.962e-17
9894.975 2.012e-17
9896.500 2.1946e-18
9898.025 -3.6239e-18
9899.550 9.7921e-18
9901.075 2.0295e-17
9902.600 1.5824e-17
9904.125 1.6694e-17
9905.650 1.6565e-17
9907.175 6.7256e-18
9908.700 1.3973e-17
9910.225 4.0363e-17
9911.750 3.8708e-17
9913.275 1.2091e-17
9914.800 9.7592e-18
9916.325 4.7818e-18
9917.850 8.8053e-18
9919.375 1.1281e-17
9920.900 9.9728e-18
9922.425 1.7128e-17
9923.950 1.8259e-17
9925.475 1.0867e-17
9927.000 1.429e-17
9928.525 1.4026e-17
9930.050 1.4639e-17
9931.575 1.9467e-17
9933.100 1.8581e-17
9934.625 1.0068e-17
9936.150 1.5851e-17
9937.675 3.4803e-17
9939.200 3.6636e-17
9940.725 4.0209e-17
9942.250 4.443e-17
9943.775 3.4888e-17
9945.300 2.591e-17
9946.825 2.4202e-17
9948.350 1.0273e-17
9949.875 -1.6908e-18
9951.400 1.4486e-17
9952.925 3.9388e-17
9954.450 2.8595e-17
9955.975 4.4526e-18
9957.500 -7.6509e-19
9959.025 4.1938e-18
9960.550 1.2299e-17
9962.075 1.7915e-17
9963.600 5.0362e-18
9965.125 7.1849e-18
9966.650 2.6935e-17
9968.175 3.1936e-17
9969.700 3.1432e-17
9971.225 2.9957e-17
9972.750 2.1218e-17
9974.275 1.6159e-17
9975.800 2.3708e-17
9977.325 2.7101e-17
9978.850 2.1203e-17
9980.375 1.2564e-17
9981.900 1.2692e-17
9983.425 2.1728e-17
9984.950 1.9641e-17
9986.475 1.6194e-17
9988.000 1.5663e-17
9989.525 9.4601e-18
9991.050 5.3687e-18
9992.575 1.2268e-17
9994.100 1.9731e-17
9995.625 3.0283e-17
9997.150 2.6223e-17
9998.675 1.3971e-17
10000.200 1.3761e-17
10001.725 7.6721e-18
10003.250 1.0065e-17
10004.775 7.6819e-18
10006.300 -3.6408e-18
10007.825 1.3722e-19
10009.350 2.6733e-17
10010.875 3.1006e-17
10012.400 3.3216e-17
10013.925 5.9591e-18
10015.450 -2.0158e-17
10016.975 -1.3149e-17
10018.500 -6.7586e-18
10020.025 5.67e-18
10021.550 4.4089e-17
10023.075 4.3276e-17
10024.600 3.677e-17
10026.125 3.6702e-17
10027.650 1.5757e-17
10029.175 1.1156e-17
10030.700 2.0217e-17
10032.225 1.8232e-17
10033.750 1.4451e-17
10035.275 1.7433e-17
10036.800 1.8554e-17
10038.325 1.6404e-17
10039.850 2.1106e-17
10041.375 2.0394e-17
10042.900 3.524e-17
10044.425 3.1923e-17
10045.950 1.0041e-17
10047.475 1.3186e-17
10049.000 1.6155e-17
10050.525 8.3698e-18
10052.050 1.4114e-17
10053.575 1.7346e-17
10055.100 1.5436e-17
10056.625 2.8875e-17
10058.150 3.4648e-17
10059.675 2.6366e-17
10061.200 2.3816e-17
10062.725 1.8941e-17
10064.250 1.7674e-17
10065.775 1.7508e-17
10067.300 1.5338e-17
10068.825 2.0853e-17
10070.350 2.1371e-17
10071.875 1.4484e-17
10073.400 1.1239e-17
10074.925 4.3672e-18
10076.450 -3.0009e-18
10077.975 1.832e-17
10079.500 3.4936e-17
10081.025 3.1362e-17
10082.550 2.9774e-17
10084.075 1.3954e-17
10085.600 1.6286e-18
10087.125 1.198e-17
10088.650 1.3551e-17
10090.175 1.0772e-17
10091.700 1.9194e-17
10093.225 2.0559e-17
10094.750 1.8314e-17
10096.275 1.3016e-17
10097.800 8.886e-18
10099.325 2.2885e-17
10100.850 2.9246e-17
10102.375 1.4481e-17
10103.900 1.0162e-17
10105.425 1.3295e-17
10106.950 8.2309e-18
10108.475 8.7328e-18
10110.000 1.122e-17
10111.525 1.7914e-17
10113.050 2.0586e-17
10114.575 1.2936e-17
10116.100 1.3364e-17
10117.625 7.5878e-18
10119.150 6.1836e-18
10120.675 5.6004e-17
10122.200 6.8805e-17
10123.725 4.677e-17
10125.250 3.1671e-17
10126.775 -1.2794e-17
10128.300 -6.8223e-18
10129.825 1.6203e-17
10131.350 2.7636e-17
10132.875 1.7402e-17
10134.400 1.8067e-17
10135.925 2.4654e-17
10137.450 1.8241e-17
10138.975 1.3993e-17
10140.500 1.8026e-17
10142.025 1.8598e-17
10143.550 1.2696e-17
10145.075 1.3475e-17
10146.600 1.869e-17
10148.125 2.4712e-17
10149.650 1.6142e-17
10151.175 1.5408e-17
10152.700 2.2961e-17
10154.225 1.3239e-17
10155.750 3.4086e-18
10157.275 2.7337e-18
10158.800 5.3364e-18
10160.325 1.7422e-17
10161.850 1.2198e-17
10163.375 2.3124e-18
10164.900 6.6422e-18
10166.425 1.5333e-17
10167.950 5.9865e-17
10169.475 8.3365e-17
10171.000 5.4435e-17
10172.525 2.6592e-17
10174.050 1.6199e-17
10175.575 6.7403e-18
10177.100 8.2761e-18
10178.625 1.7523e-17
10180.150 1.0135e-17
10181.675 8.5883e-18
10183.200 2.2931e-17
10184.725 2.544e-18
10186.250 3.4707e-18
10187.775 1.3001e-17
10189.300 -6.6052e-18
10190.825 -3.3549e-18
10192.350 5.5225e-18
10193.875 -8.6949e-18
10195.400 2.1136e-18
10196.925 1.076e-17
10198.450 1.1786e-17
10199.975 2.4448e-17
10201.500 2.0755e-17
10203.025 2.2253e-17
10204.550 4.8474e-18
10206.075 3.7305e-18
10207.600 5.568e-17
10209.125 3.9292e-17
10210.650 -1.5787e-17
10212.175 -2.1232e-17
10213.700 2.7141e-18
10215.225 1.7178e-17
10216.750 2.0825e-17
10218.275 2.0541e-17
10219.800 1.5236e-17
10221.325 3.2225e-17
10222.850 2.9925e-17
10224.375 6.7781e-18
10225.900 1.3039e-17
10227.425 4.2334e-18
10228.950 -7.0997e-18
10230.475 1.2852e-17
10232.000 7.4143e-18
10233.525 1.6978e-18
10235.050 1.8235e-17
10236.575 1.294e-18
10238.100 1.3379e-17
10239.625 3.5591e-17
10241.150 2.7618e-17
10242.675 2.1852e-17
10244.200 1.7093e-17
10245.725 1.9225e-17
10247.250 1.8628e-17
10248.775 8.6909e-18
10250.300 -1.9466e-19
10251.825 1.6743e-17
10253.350 1.8708e-17
10254.875 3.246e-17
10256.400 4.2048e-17
10257.925 1.7467e-17
10259.450 2.3472e-17
10260.975 3.6529e-17
10262.500 2.6024e-17
10264.025 3.7015e-17
10265.550 2.6716e-17
10267.075 5.9406e-19
10268.600 1.0151e-17
10270.125 1.6074e-17
10271.650 1.3323e-17
10273.175 1.7671e-17
10274.700 9.1187e-18
10276.225 -7.0906e-19
10277.750 2.0637e-17
10279.275 2.6001e-17
10280.800 8.4147e-18
10282.325 1.6411e-17
10283.850 3.7029e-17
10285.375 2.2448e-17
10286.900 -3.1916e-17
10288.425 -7.4101e-17
10289.950 -7.348e-17
10291.475 -2.032e-17
10293.000 -8.5721e-18
10294.525 3.5362e-17
10296.050 4.621e-17
10297.575 3.9485e-17
10299.100 6.5194e-17
10300.625 2.4248e-17
10302.150 2.0977e-17
10303.675 2.7772e-17
10305.200 -8.5965e-18
10306.725 6.8719e-18
10308.250 1.6123e-17
10309.775 9.4684e-18
10311.300 2.3044e-17
10312.825 1.3402e-17
10314.350 1.3668e-17
10315.875 2.685e-17
10317.400 1.1512e-17
10318.925 -1.7745e-18
10320.450 -1.9946e-18
10321.975 -6.1838e-18
10323.500 -9.0211e-18
10325.025 -5.9941e-18
10326.550 -3.6796e-18
10328.075 3.9263e-18
10329.600 1.8922e-17
10331.125 -3.6089e-18
10332.650 -1.8129e-17
10334.175 -1.3503e-17
10335.700 -1.3131e-17
10337.225 1.0687e-17
10338.750 1.4401e-19
10340.275 -4.2753e-18
10341.800 1.8261e-17
10343.325 2.7834e-17
10344.850 2.9749e-17
10346.375 3.3038e-17
10347.900 4.6844e-17
10349.425 1.0129e-16
10350.950 1.1839e-16
10352.475 4.7716e-17
10354.000 1.064e-19
10355.525 2.2409e-17
10357.050 5.8475e-17
10358.575 5.8404e-17
10360.100 2.8178e-17
10361.625 -1.4796e-17
10363.150 -1.7956e-17
10364.675 7.5751e-18
10366.200 1.506e-17
10367.725 2.4907e-17
10369.250 2.4736e-17
10370.775 1.3568e-17
10372.300 1.7367e-17
10373.825 1.9887e-17
10375.350 4.6417e-18
10376.875 3.8084e-17
10378.400 2.9366e-17
10379.925 -1.3357e-17
10381.450 -8.3666e-18
10382.975 1.0093e-17
10384.500 1.8429e-17
10386.025 2.7124e-17
10387.550 3.0043e-17
10389.075 3.9411e-17
10390.600 4.8608e-17
10392.125 6.009e-18
10393.650 1.3239e-17
10395.175 7.7451e-17
10396.700 -1.4815e-18
10398.225 -3.9363e-17
10399.750 -2.0655e-17
10401.275 -3.2311e-17
10402.800 -1.0373e-17
10404.325 9.5198e-18
10405.850 2.2443e-18
10407.375 -3.5596e-18
10408.900 -2.3021e-17
10410.425 1.9669e-17
10411.950 3.0027e-17
10413.475 -5.7568e-18
10415.000 -2.5129e-17
10416.525 -9.5899e-18
10418.050 1.3493e-18
10419.575 7.4394e-18
10421.100 7.5077e-18
10422.625 -3.9142e-18
10424.150 6.9427e-18
10425.675 1.0751e-17
10427.200 1.0327e-17
10428.725 1.9444e-17
10430.250 1.15e-17
10431.775 1.5843e-17
10433.300 1.803e-17
10434.825 9.5324e-19
10436.350 1.6506e-17
10437.875 8.4234e-18
10439.400 5.3487e-18
10440.925 1.0851e-17
10442.450 9.5908e-18
10443.975 -1.5394e-17
10445.500 -1.7448e-17
10447.025 -1.7292e-17
10448.550 -2.4143e-17
10450.075 -1.4605e-17
10451.600 2.037e-18
10453.125 1.1757e-17
10454.650 5.7081e-18
10456.175 -8.3327e-18
10457.700 -6.1676e-18
10459.225 4.0873e-18
10460.750 4.7389e-18
10462.275 4.5098e-18
10463.800 1.937e-18
10465.325 -3.6369e-19
10466.850 -1.8927e-19
10468.375 1.7447e-19
10469.900 0
10471.425 0
10472.950 0
10474.475 0
10476.000 0
10477.525 0
10479.050 0
10480.575 0
10482.100 0
10483.625 0
10485.150 0
10486.675 0
10488.200 0
10489.725 0
10491.250 0
10492.775 0
10494.300 0
10495.825 0
10497.350 0
10498.875 0
10500.400 0
