# TELESCOPE = UH88
# INSTRUMENT = SNIFS
# OBJECT = 2024aemp
# CHANNEL = B+R
# EXPNUM = 24_360_044_002
# MJD-OBS = 60669.606128
# DATE-OBS = 2024-12-25T14:32:51
# EXPTIME = 1800.0s
# AIRMASS = 1.32
# FLUXCAL_RMS_B = 0.105 mag
# FLUXCAL_RMS_R = 0.074 mag
# RA = 09:45:05.79
# DEC = -19:35:27.03
# wl fl err
# [A] [erg/s/cm2/A]
3400.480000 8.804910e-17 3.978242e-17
3403.480000 1.036826e-16 4.364989e-17
3406.480000 5.617914e-17 3.800776e-17
3409.480000 4.312333e-17 3.329342e-17
3412.480000 3.316572e-17 3.648381e-17
3415.480000 1.250691e-17 3.719945e-17
3418.480000 2.211063e-17 3.304856e-17
3421.480000 4.160638e-17 3.239117e-17
3424.480000 3.039597e-17 3.625888e-17
3427.480000 6.428089e-17 3.676837e-17
3430.480000 7.038200e-17 3.225208e-17
3433.480000 5.537695e-17 3.183921e-17
3436.480000 2.257342e-17 3.475009e-17
3439.480000 5.885781e-18 3.371790e-17
3442.480000 6.343290e-17 2.980558e-17
3445.480000 3.749722e-17 2.998651e-17
3448.480000 -2.974052e-17 3.231284e-17
3451.480000 1.690461e-17 3.136023e-17
3454.480000 3.768129e-17 2.833960e-17
3457.480000 4.578691e-17 3.002332e-17
3460.480000 7.909723e-17 3.228162e-17
3463.480000 6.127105e-17 3.010976e-17
3466.480000 6.892757e-17 2.789003e-17
3469.480000 8.136832e-17 3.038409e-17
3472.480000 1.687397e-17 3.131171e-17
3475.480000 2.790610e-17 2.865286e-17
3478.480000 6.071796e-17 2.701281e-17
3481.480000 2.011084e-17 2.945266e-17
3484.480000 5.012386e-17 3.033887e-17
3487.480000 3.163133e-17 2.719712e-17
3490.480000 4.769953e-17 2.656661e-17
3493.480000 6.247427e-17 2.996375e-17
3496.480000 4.847956e-17 2.975527e-17
3499.480000 4.564154e-17 2.636071e-17
3502.480000 4.051177e-17 2.624239e-17
3505.480000 1.372569e-17 2.913397e-17
3508.480000 -3.262999e-18 2.901701e-17
3511.480000 1.819960e-17 2.581746e-17
3514.480000 2.305563e-17 2.603730e-17
3517.480000 2.198183e-17 2.908257e-17
3520.480000 2.759897e-17 2.782950e-17
3523.480000 5.502528e-17 2.564689e-17
3526.480000 5.043763e-17 2.643464e-17
3529.480000 7.693296e-17 2.795758e-17
3532.480000 6.173646e-17 2.584414e-17
3535.480000 7.058703e-17 2.381467e-17
3538.480000 4.185312e-17 2.542976e-17
3541.480000 7.760634e-17 2.712994e-17
3544.480000 1.698350e-17 2.456999e-17
3547.480000 2.547780e-17 2.296493e-17
3550.480000 2.247380e-17 2.535852e-17
3553.480000 5.901025e-18 2.624032e-17
3556.480000 1.521822e-17 2.381684e-17
3559.480000 5.490757e-17 2.324480e-17
3562.480000 5.253156e-17 2.588816e-17
3565.480000 3.266712e-17 2.613882e-17
3568.480000 5.461111e-17 2.353458e-17
3571.480000 2.638839e-17 2.315050e-17
3574.480000 3.862003e-17 2.618114e-17
3577.480000 5.408137e-17 2.653095e-17
3580.480000 2.455621e-17 2.282053e-17
3583.480000 9.081388e-18 2.306065e-17
3586.480000 -4.635482e-18 2.521400e-17
3589.480000 3.137697e-18 2.452423e-17
3592.480000 5.123182e-17 2.234781e-17
3595.480000 5.671113e-17 2.311979e-17
3598.480000 5.504645e-17 2.489418e-17
3601.480000 2.229353e-17 2.346760e-17
3604.480000 3.590711e-17 2.158602e-17
3607.480000 6.587016e-17 2.317579e-17
3610.480000 5.254542e-17 2.381991e-17
3613.480000 1.934665e-17 2.200671e-17
3616.480000 4.651378e-18 2.061249e-17
3619.480000 -7.439565e-18 2.226209e-17
3622.480000 -5.810711e-18 2.304802e-17
3625.480000 -1.103017e-17 2.122265e-17
3628.480000 1.113193e-17 2.077475e-17
3631.480000 4.376244e-17 2.319044e-17
3634.480000 3.358242e-17 2.335187e-17
3637.480000 3.348787e-17 2.079307e-17
3640.480000 4.515594e-17 2.057928e-17
3643.480000 2.275573e-17 2.329966e-17
3646.480000 1.010794e-17 2.322401e-17
3649.480000 -8.314369e-18 2.027485e-17
3652.480000 3.028515e-17 2.077608e-17
3655.480000 -3.926712e-18 2.293826e-17
3658.480000 -1.007190e-17 2.233251e-17
3661.480000 -2.866449e-17 1.976951e-17
3664.480000 7.413503e-18 2.189537e-17
3667.480000 -3.524295e-19 2.411711e-17
3670.480000 -8.390387e-18 2.199618e-17
3673.480000 2.594892e-17 1.935472e-17
3676.480000 5.021058e-17 2.067417e-17
3679.480000 8.182142e-17 2.192477e-17
3682.480000 2.701817e-17 2.013604e-17
3685.480000 1.892343e-17 1.856837e-17
3688.480000 6.682646e-17 2.068483e-17
3691.480000 5.635790e-17 2.122751e-17
3694.480000 5.969090e-17 1.940058e-17
3697.480000 8.070344e-17 1.881150e-17
3700.480000 5.758683e-17 2.072268e-17
3703.480000 4.291772e-17 2.098371e-17
3706.480000 9.675776e-17 1.904202e-17
3709.480000 1.272635e-16 1.883216e-17
3712.480000 9.023338e-17 2.114124e-17
3715.480000 6.203896e-17 2.110875e-17
3718.480000 6.017080e-17 1.843717e-17
3721.480000 3.927725e-17 1.827177e-17
3724.480000 4.229124e-17 2.050175e-17
3727.480000 8.000892e-17 2.053283e-17
3730.480000 6.346803e-17 1.842203e-17
3733.480000 7.805325e-17 1.923440e-17
3736.480000 8.406544e-17 2.086501e-17
3739.480000 3.078793e-17 1.975638e-17
3742.480000 6.540670e-17 1.822069e-17
3745.480000 6.898274e-17 1.942465e-17
3748.480000 4.861612e-17 2.052533e-17
3751.480000 2.565105e-17 1.922047e-17
3754.480000 1.998827e-17 1.765554e-17
3757.480000 4.641755e-17 1.923035e-17
3760.480000 2.703628e-17 2.003420e-17
3763.480000 4.397253e-17 1.842933e-17
3766.480000 6.728134e-17 1.774035e-17
3769.480000 5.148736e-17 1.971259e-17
3772.480000 6.531891e-17 2.020642e-17
3775.480000 7.282302e-17 1.816746e-17
3778.480000 4.620439e-17 1.744669e-17
3781.480000 5.129384e-17 1.990730e-17
3784.480000 2.532889e-17 1.968363e-17
3787.480000 2.899406e-17 1.728392e-17
3790.480000 6.270157e-17 1.761703e-17
3793.480000 7.352030e-17 1.976528e-17
3796.480000 4.424696e-17 1.915069e-17
3799.480000 2.263595e-17 1.679373e-17
3802.480000 4.459882e-17 1.734253e-17
3805.480000 6.111167e-17 1.922048e-17
3808.480000 2.696218e-17 1.859274e-17
3811.480000 3.618033e-17 1.655338e-17
3814.480000 3.633175e-17 1.726392e-17
3817.480000 5.498577e-17 1.863072e-17
3820.480000 3.857955e-17 1.739605e-17
3823.480000 5.295077e-17 1.594838e-17
3826.480000 4.665329e-17 1.701946e-17
3829.480000 1.899392e-17 1.767186e-17
3832.480000 4.693283e-17 1.648133e-17
3835.480000 1.000828e-16 1.599565e-17
3838.480000 8.964450e-17 1.739318e-17
3841.480000 6.618329e-17 1.767230e-17
3844.480000 6.458807e-17 1.597629e-17
3847.480000 5.690939e-17 1.552336e-17
3850.480000 7.058871e-17 1.756971e-17
3853.480000 5.701564e-17 1.757720e-17
3856.480000 6.800501e-17 1.553800e-17
3859.480000 8.307841e-17 1.545449e-17
3862.480000 9.732176e-17 1.743330e-17
3865.480000 7.764718e-17 1.720439e-17
3868.480000 7.138100e-17 1.521487e-17
3871.480000 6.829684e-17 1.557701e-17
3874.480000 7.630045e-17 1.725041e-17
3877.480000 5.036893e-17 1.656986e-17
3880.480000 7.952035e-17 1.519911e-17
3883.480000 8.282450e-17 1.606481e-17
3886.480000 5.577781e-17 1.727168e-17
3889.480000 4.642585e-17 1.633431e-17
3892.480000 4.484500e-17 1.504231e-17
3895.480000 5.972648e-17 1.647376e-17
3898.480000 1.020591e-16 1.755984e-17
3901.480000 1.085190e-16 1.623297e-17
3904.480000 1.114393e-16 1.531147e-17
3907.480000 9.095688e-17 1.686464e-17
3910.480000 1.114989e-16 1.759255e-17
3913.480000 8.506901e-17 1.577591e-17
3916.480000 6.439875e-17 1.503818e-17
3919.480000 8.285072e-17 1.696508e-17
3922.480000 8.009863e-17 1.681731e-17
3925.480000 7.062253e-17 1.477306e-17
3928.480000 9.800173e-17 1.469704e-17
3931.480000 1.096995e-16 1.659033e-17
3934.480000 1.163548e-16 1.639589e-17
3937.480000 9.535857e-17 1.421418e-17
3940.480000 7.914177e-17 1.443950e-17
3943.480000 1.073165e-16 1.650833e-17
3946.480000 7.334359e-17 1.588315e-17
3949.480000 7.182972e-17 1.428717e-17
3952.480000 8.162136e-17 1.510279e-17
3955.480000 8.976074e-17 1.642406e-17
3958.480000 9.235409e-17 1.576092e-17
3961.480000 1.031344e-16 1.444397e-17
3964.480000 1.318805e-16 1.552861e-17
3967.480000 1.396551e-16 1.632244e-17
3970.480000 1.239119e-16 1.513951e-17
3973.480000 9.487600e-17 1.393857e-17
3976.480000 8.997878e-17 1.535078e-17
3979.480000 1.160435e-16 1.605566e-17
3982.480000 9.073533e-17 1.461558e-17
3985.480000 6.715356e-17 1.408105e-17
3988.480000 9.126700e-17 1.601284e-17
3991.480000 9.669912e-17 1.630605e-17
3994.480000 8.826361e-17 1.459563e-17
3997.480000 1.045191e-16 1.459748e-17
4000.480000 9.637858e-17 1.667428e-17
4003.480000 7.447765e-17 1.676141e-17
4006.480000 5.714160e-17 1.468459e-17
4009.480000 9.397772e-17 1.540055e-17
4012.480000 1.132557e-16 1.742163e-17
4015.480000 9.991182e-17 1.714577e-17
4018.480000 1.018240e-16 1.531836e-17
4021.480000 9.349455e-17 1.571065e-17
4024.480000 1.041078e-16 1.719224e-17
4027.480000 1.001932e-16 1.625461e-17
4030.480000 1.040735e-16 1.443477e-17
4033.480000 1.175730e-16 1.524600e-17
4036.480000 1.046959e-16 1.588532e-17
4039.480000 8.095176e-17 1.451716e-17
4042.480000 8.150307e-17 1.355261e-17
4045.480000 9.945165e-17 1.474548e-17
4048.480000 1.029252e-16 1.521510e-17
4051.480000 1.042607e-16 1.385057e-17
4054.480000 1.126726e-16 1.324823e-17
4057.480000 1.100698e-16 1.476740e-17
4060.480000 1.115163e-16 1.504341e-17
4063.480000 1.242443e-16 1.358768e-17
4066.480000 1.026289e-16 1.320568e-17
4069.480000 7.836930e-17 1.490180e-17
4072.480000 9.130723e-17 1.491309e-17
4075.480000 1.103605e-16 1.321223e-17
4078.480000 1.099085e-16 1.332536e-17
4081.480000 8.521203e-17 1.469503e-17
4084.480000 8.557643e-17 1.455797e-17
4087.480000 7.815181e-17 1.284361e-17
4090.480000 6.961996e-17 1.318063e-17
4093.480000 5.337270e-17 1.439811e-17
4096.480000 7.623987e-17 1.411218e-17
4099.480000 7.795291e-17 1.276347e-17
4102.480000 6.443663e-17 1.356937e-17
4105.480000 4.128750e-17 1.451220e-17
4108.480000 2.889077e-17 1.373664e-17
4111.480000 4.444659e-17 1.311238e-17
4114.480000 3.071530e-17 1.433430e-17
4117.480000 5.811720e-17 1.519432e-17
4120.480000 5.810655e-17 1.396460e-17
4123.480000 7.347062e-17 1.331464e-17
4126.480000 4.309861e-17 1.442028e-17
4129.480000 3.827203e-17 1.463801e-17
4132.480000 5.486188e-17 1.326039e-17
4135.480000 4.198947e-17 1.274835e-17
4138.480000 3.081672e-17 1.433196e-17
4141.480000 2.758482e-17 1.429551e-17
4144.480000 1.890731e-17 1.227985e-17
4147.480000 3.095411e-17 1.230956e-17
4150.480000 4.856195e-17 1.383163e-17
4153.480000 2.584561e-17 1.441240e-17
4156.480000 2.552420e-17 1.238947e-17
4159.480000 4.377198e-17 1.245955e-17
4162.480000 3.028357e-17 1.345105e-17
4165.480000 2.672646e-17 1.294294e-17
4168.480000 1.723409e-17 1.173022e-17
4171.480000 3.973729e-17 1.245131e-17
4174.480000 4.608090e-17 1.340039e-17
4177.480000 1.165062e-17 1.243735e-17
4180.480000 1.505293e-17 1.143014e-17
4183.480000 1.356389e-17 1.237158e-17
4186.480000 2.974689e-17 1.302010e-17
4189.480000 2.222408e-17 1.202699e-17
4192.480000 1.933380e-17 1.136422e-17
4195.480000 3.200999e-17 1.257289e-17
4198.480000 3.725918e-17 1.297898e-17
4201.480000 3.590222e-17 1.167122e-17
4204.480000 2.825595e-17 1.132429e-17
4207.480000 2.060885e-17 1.269972e-17
4210.480000 4.274600e-17 1.315542e-17
4213.480000 1.577649e-17 1.147627e-17
4216.480000 2.595239e-17 1.148074e-17
4219.480000 3.703746e-17 1.312316e-17
4222.480000 3.056837e-17 1.307013e-17
4225.480000 3.169260e-17 1.135654e-17
4228.480000 4.477829e-17 1.161557e-17
4231.480000 4.631407e-17 1.268036e-17
4234.480000 4.248655e-17 1.237186e-17
4237.480000 5.809978e-17 1.122567e-17
4240.480000 7.923205e-17 1.195828e-17
4243.480000 7.238636e-17 1.288778e-17
4246.480000 6.685842e-17 1.226560e-17
4249.480000 4.073089e-17 1.110391e-17
4252.480000 2.717655e-17 1.194390e-17
4255.480000 4.984559e-17 1.277283e-17
4258.480000 7.248161e-17 1.202048e-17
4261.480000 7.766211e-17 1.134438e-17
4264.480000 8.740403e-17 1.249150e-17
4267.480000 9.512936e-17 1.306673e-17
4270.480000 9.290038e-17 1.181638e-17
4273.480000 9.742484e-17 1.137197e-17
4276.480000 1.054585e-16 1.305675e-17
4279.480000 1.118473e-16 1.325873e-17
4282.480000 1.118250e-16 1.163672e-17
4285.480000 1.075273e-16 1.153652e-17
4288.480000 1.018682e-16 1.316410e-17
4291.480000 9.132982e-17 1.293494e-17
4294.480000 9.462483e-17 1.140012e-17
4297.480000 1.108784e-16 1.171491e-17
4300.480000 1.171287e-16 1.287488e-17
4303.480000 1.136129e-16 1.254756e-17
4306.480000 1.285966e-16 1.133915e-17
4309.480000 1.485469e-16 1.194693e-17
4312.480000 1.397604e-16 1.296655e-17
4315.480000 1.106843e-16 1.221944e-17
4318.480000 1.026660e-16 1.128142e-17
4321.480000 1.247322e-16 1.229270e-17
4324.480000 1.321138e-16 1.307601e-17
4327.480000 1.228137e-16 1.214102e-17
4330.480000 1.308128e-16 1.139130e-17
4333.480000 1.197257e-16 1.253395e-17
4336.480000 1.147358e-16 1.293475e-17
4339.480000 1.365671e-16 1.183728e-17
4342.480000 1.436958e-16 1.141825e-17
4345.480000 1.423767e-16 1.277750e-17
4348.480000 1.321901e-16 1.295265e-17
4351.480000 1.597398e-16 1.175033e-17
4354.480000 1.673081e-16 1.165794e-17
4357.480000 1.317919e-16 1.306245e-17
4360.480000 1.260135e-16 1.304933e-17
4363.480000 1.355665e-16 1.148188e-17
4366.480000 1.331666e-16 1.166256e-17
4369.480000 1.328437e-16 1.298726e-17
4372.480000 1.327535e-16 1.268028e-17
4375.480000 1.526849e-16 1.142474e-17
4378.480000 1.402359e-16 1.183993e-17
4381.480000 1.312308e-16 1.284255e-17
4384.480000 1.204868e-16 1.218955e-17
4387.480000 1.334474e-16 1.112601e-17
4390.480000 1.300496e-16 1.190245e-17
4393.480000 1.237163e-16 1.269818e-17
4396.480000 1.431223e-16 1.198616e-17
4399.480000 1.404084e-16 1.124568e-17
4402.480000 1.336171e-16 1.219223e-17
4405.480000 1.253308e-16 1.263998e-17
4408.480000 1.174178e-16 1.151321e-17
4411.480000 1.045952e-16 1.106475e-17
4414.480000 1.055080e-16 1.239955e-17
4417.480000 1.061215e-16 1.265457e-17
4420.480000 9.587215e-17 1.118078e-17
4423.480000 9.842653e-17 1.103671e-17
4426.480000 1.077124e-16 1.268556e-17
4429.480000 8.965866e-17 1.259148e-17
4432.480000 9.211987e-17 1.109685e-17
4435.480000 1.025867e-16 1.126102e-17
4438.480000 1.034250e-16 1.260812e-17
4441.480000 8.235845e-17 1.225925e-17
4444.480000 8.390775e-17 1.080734e-17
4447.480000 9.788021e-17 1.128337e-17
4450.480000 1.142093e-16 1.253468e-17
4453.480000 1.307121e-16 1.213744e-17
4456.480000 1.233468e-16 1.100151e-17
4459.480000 1.192420e-16 1.165435e-17
4462.480000 1.045483e-16 1.234880e-17
4465.480000 1.110299e-16 1.166125e-17
4468.480000 1.090906e-16 1.086673e-17
4471.480000 1.020659e-16 1.177688e-17
4474.480000 1.205119e-16 1.245644e-17
4477.480000 1.164314e-16 1.145582e-17
4480.480000 1.240639e-16 1.090678e-17
4483.480000 1.160828e-16 1.211308e-17
4486.480000 1.089916e-16 1.239096e-17
4489.480000 1.300341e-16 1.123114e-17
4492.480000 1.458903e-16 1.107606e-17
4495.480000 1.454836e-16 1.257705e-17
4498.480000 1.200106e-16 1.259478e-17
4501.480000 1.161663e-16 1.114464e-17
4504.480000 1.320688e-16 1.123168e-17
4507.480000 1.254861e-16 1.255639e-17
4510.480000 1.088522e-16 1.237111e-17
4513.480000 1.357507e-16 1.104612e-17
4516.480000 1.363509e-16 1.136966e-17
4519.480000 1.044550e-16 1.231201e-17
4522.480000 1.070728e-16 1.197020e-17
4525.480000 1.216601e-16 1.091479e-17
4528.480000 1.229491e-16 1.149210e-17
4531.480000 1.193751e-16 1.226213e-17
4534.480000 1.129924e-16 1.155988e-17
4537.480000 1.116628e-16 1.073949e-17
4540.480000 1.233393e-16 1.178290e-17
4543.480000 1.392831e-16 1.238767e-17
4546.480000 1.325885e-16 1.142716e-17
4549.480000 1.382261e-16 1.091275e-17
4552.480000 1.278877e-16 1.194694e-17
4555.480000 1.297165e-16 1.229902e-17
4558.480000 1.392928e-16 1.121075e-17
4561.480000 1.228095e-16 1.086550e-17
4564.480000 1.139785e-16 1.234478e-17
4567.480000 9.133370e-17 1.224199e-17
4570.480000 1.198310e-16 1.096489e-17
4573.480000 1.271208e-16 1.100882e-17
4576.480000 1.103889e-16 1.228594e-17
4579.480000 8.728147e-17 1.195791e-17
4582.480000 1.120108e-16 1.075643e-17
4585.480000 1.164206e-16 1.101127e-17
4588.480000 1.007898e-16 1.219300e-17
4591.480000 1.060767e-16 1.183921e-17
4594.480000 1.114638e-16 1.074331e-17
4597.480000 1.102138e-16 1.137382e-17
4600.480000 1.057315e-16 1.202779e-17
4603.480000 8.834652e-17 1.136017e-17
4606.480000 9.997780e-17 1.047962e-17
4609.480000 1.059397e-16 1.143152e-17
4612.480000 1.169060e-16 1.213196e-17
4615.480000 1.182589e-16 1.128126e-17
4618.480000 1.164938e-16 1.061602e-17
4621.480000 9.841524e-17 1.157785e-17
4624.480000 9.023538e-17 1.193940e-17
4627.480000 8.695205e-17 1.079433e-17
4630.480000 9.432706e-17 1.046464e-17
4633.480000 1.037624e-16 1.193745e-17
4636.480000 1.069138e-16 1.216954e-17
4639.480000 1.040940e-16 1.079706e-17
4642.480000 1.059420e-16 1.067067e-17
4645.480000 1.231564e-16 1.223769e-17
4648.480000 1.074549e-16 1.207005e-17
4651.480000 9.806844e-17 1.047705e-17
4654.480000 1.022892e-16 1.071566e-17
4657.480000 1.029009e-16 1.193914e-17
4660.480000 1.105834e-16 1.171489e-17
4663.480000 1.011061e-16 1.040360e-17
4666.480000 7.102194e-17 1.074062e-17
4669.480000 6.248601e-17 1.159095e-17
4672.480000 8.765782e-17 1.109048e-17
4675.480000 9.664718e-17 1.030404e-17
4678.480000 1.095005e-16 1.114811e-17
4681.480000 1.203308e-16 1.183980e-17
4684.480000 1.129076e-16 1.098518e-17
4687.480000 1.008704e-16 1.023769e-17
4690.480000 8.676661e-17 1.128944e-17
4693.480000 7.862106e-17 1.166280e-17
4696.480000 8.381243e-17 1.065928e-17
4699.480000 9.150950e-17 1.034474e-17
4702.480000 8.132704e-17 1.148759e-17
4705.480000 8.203507e-17 1.166125e-17
4708.480000 8.402779e-17 1.045474e-17
4711.480000 9.600820e-17 1.038135e-17
4714.480000 9.323050e-17 1.180436e-17
4717.480000 8.201429e-17 1.179507e-17
4720.480000 7.675975e-17 1.019946e-17
4723.480000 7.110908e-17 1.044786e-17
4726.480000 8.736506e-17 1.172757e-17
4729.480000 8.367847e-17 1.146943e-17
4732.480000 9.019000e-17 1.024226e-17
4735.480000 8.328490e-17 1.059965e-17
4738.480000 8.030614e-17 1.153715e-17
4741.480000 8.642403e-17 1.107117e-17
4744.480000 8.345495e-17 1.012706e-17
4747.480000 8.200967e-17 1.076978e-17
4750.480000 7.985047e-17 1.149001e-17
4753.480000 8.193947e-17 1.086613e-17
4756.480000 4.795433e-17 9.969214e-18
4759.480000 5.799804e-17 1.081782e-17
4762.480000 6.666775e-17 1.141278e-17
4765.480000 5.901458e-17 1.037035e-17
4768.480000 5.687925e-17 9.988203e-18
4771.480000 7.045050e-17 1.131398e-17
4774.480000 7.795519e-17 1.152942e-17
4777.480000 7.455702e-17 1.029571e-17
4780.480000 7.211657e-17 1.021474e-17
4783.480000 6.774045e-17 1.162901e-17
4786.480000 6.384580e-17 1.155986e-17
4789.480000 6.735663e-17 1.011300e-17
4792.480000 7.579687e-17 1.027476e-17
4795.480000 6.310136e-17 1.144308e-17
4798.480000 5.861115e-17 1.119908e-17
4801.480000 7.617890e-17 1.005969e-17
4804.480000 7.311657e-17 1.048852e-17
4807.480000 6.669025e-17 1.142449e-17
4810.480000 6.903425e-17 1.107361e-17
4813.480000 8.603588e-17 1.016572e-17
4816.480000 8.051372e-17 1.080722e-17
4819.480000 6.742200e-17 1.151582e-17
4822.480000 6.916654e-17 1.086594e-17
4825.480000 7.007762e-17 1.009663e-17
4828.480000 8.289647e-17 1.108219e-17
4831.480000 9.357986e-17 1.168829e-17
4834.480000 7.495403e-17 1.066738e-17
4837.480000 7.726475e-17 1.014750e-17
4840.480000 7.580644e-17 1.131155e-17
4843.480000 8.717037e-17 1.166012e-17
4846.480000 6.893028e-17 1.045435e-17
4849.480000 7.266066e-17 1.031402e-17
4852.480000 7.720702e-17 1.165567e-17
4855.480000 7.782638e-17 1.173867e-17
4858.480000 9.189472e-17 1.039975e-17
4861.480000 8.902003e-17 1.039781e-17
4864.480000 7.568577e-17 1.161676e-17
4867.480000 6.981809e-17 1.148921e-17
4870.480000 7.662376e-17 1.023227e-17
4873.480000 7.937163e-17 1.057810e-17
4876.480000 8.313415e-17 1.164645e-17
4879.480000 8.040981e-17 1.128175e-17
4882.480000 5.024871e-17 9.998540e-18
4885.480000 5.659868e-17 1.067212e-17
4888.480000 7.919045e-17 1.161795e-17
4891.480000 8.848446e-17 1.106359e-17
4894.480000 7.915971e-17 1.020941e-17
4897.480000 7.723679e-17 1.108075e-17
4900.480000 8.143755e-17 1.165857e-17
4903.480000 8.371290e-17 1.086083e-17
4906.480000 7.723952e-17 1.031371e-17
4909.480000 6.318972e-17 1.139108e-17
4912.480000 6.274738e-17 1.172190e-17
4915.480000 6.150800e-17 1.058798e-17
4918.480000 5.625513e-17 1.033570e-17
4921.480000 7.385510e-17 1.195328e-17
4924.480000 8.286909e-17 1.216357e-17
4927.480000 7.731227e-17 1.074084e-17
4930.480000 7.813413e-17 1.087739e-17
4933.480000 9.323896e-17 1.242053e-17
4936.480000 9.484266e-17 1.224442e-17
4939.480000 8.672422e-17 1.082510e-17
4942.480000 7.176202e-17 1.105800e-17
4945.480000 5.982124e-17 1.225636e-17
4948.480000 5.635421e-17 1.203564e-17
4951.480000 5.778601e-17 1.094543e-17
4954.480000 7.202741e-17 1.172340e-17
4957.480000 8.366117e-17 1.271917e-17
4960.480000 1.063469e-16 1.232600e-17
4963.480000 1.051945e-16 1.137491e-17
4966.480000 1.007837e-16 1.236422e-17
4969.480000 8.580482e-17 1.302081e-17
4972.480000 1.006615e-16 1.230366e-17
4975.480000 1.054434e-16 1.184598e-17
4978.480000 8.300056e-17 1.310894e-17
4981.480000 7.785663e-17 1.368275e-17
4984.480000 8.693861e-17 1.262177e-17
4987.480000 8.205044e-17 1.231956e-17
4990.480000 8.722649e-17 1.405064e-17
4993.480000 1.041021e-16 1.459901e-17
4996.480000 1.015684e-16 1.307845e-17
4999.480000 9.301863e-17 1.313244e-17
5002.480000 7.839505e-17 1.498512e-17
5005.480000 8.931727e-17 1.512847e-17
5008.480000 1.102792e-16 1.366105e-17
5011.480000 1.133738e-16 1.421030e-17
5014.480000 1.253947e-16 1.611002e-17
5017.480000 1.008848e-16 1.571941e-17
5020.480000 7.527943e-17 1.410066e-17
5023.480000 6.105261e-17 1.507436e-17
5026.480000 7.972900e-17 1.693156e-17
5029.480000 4.413476e-17 1.613967e-17
5032.480000 6.859892e-17 1.498176e-17
5035.480000 1.116727e-16 1.670248e-17
5038.480000 1.132566e-16 1.801170e-17
5041.480000 1.070912e-16 1.696705e-17
5044.480000 9.059040e-17 1.605084e-17
5047.480000 7.976550e-17 1.778338e-17
5050.480000 1.115867e-16 1.893501e-17
5053.480000 9.241546e-17 1.743958e-17
5056.480000 7.992925e-17 1.689070e-17
5059.480000 7.947019e-17 1.908858e-17
5062.480000 6.836576e-17 1.943736e-17
5065.480000 6.369973e-17 1.743187e-17
5068.480000 7.370397e-17 1.723816e-17
5071.480000 8.918333e-17 nan
5074.480000 1.157492e-16 nan
5077.480000 1.148516e-16 nan
5080.480000 9.259588e-17 nan
5083.480000 9.577102e-17 nan
5086.480000 8.922576e-17 nan
5089.480000 8.258724e-17 nan
5092.480000 8.477736e-17 nan
5095.480000 8.437924e-17 nan
5098.480000 8.876982e-17 nan
5101.480000 8.340825e-17 nan
5104.480000 9.058506e-17 nan
5107.480000 5.472483e-17 nan
5110.480000 4.985998e-17 nan
5113.480000 7.022362e-17 nan
5116.480000 8.737893e-17 nan
5119.480000 8.305758e-17 nan
5122.480000 3.991550e-17 nan
5125.480000 1.992947e-18 nan
5128.480000 -1.462610e-17 nan
5131.480000 1.912110e-17 nan
5134.480000 5.242693e-17 nan
5137.480000 9.277532e-17 nan
5140.480000 8.453612e-17 nan
5143.480000 6.704321e-17 nan
5146.480000 1.306230e-16 nan
5149.480000 1.371336e-16 nan
5152.480000 1.205237e-16 nan
5155.480000 1.365001e-16 nan
5158.480000 1.003219e-16 nan
5161.480000 6.362413e-17 nan
5164.480000 8.513664e-17 nan
5167.480000 8.114785e-17 nan
5170.480000 6.074144e-17 2.436183e-17
5173.480000 6.984205e-17 2.386340e-17
5176.480000 5.841866e-17 2.323637e-17
5179.480000 7.829247e-17 2.261093e-17
5182.480000 9.770351e-17 2.214059e-17
5185.480000 9.151566e-17 2.168262e-17
5188.480000 6.566779e-17 2.159173e-17
5191.480000 4.503763e-17 2.156398e-17
5194.480000 5.374116e-17 2.101376e-17
5197.480000 6.681476e-17 2.072527e-17
5200.480000 8.910602e-17 2.082537e-17
5203.480000 9.326659e-17 2.090220e-17
5206.480000 6.745662e-17 2.076443e-17
5209.480000 1.057430e-16 2.102001e-17
5212.480000 9.824100e-17 2.067112e-17
5215.480000 1.160565e-16 2.048071e-17
5218.480000 1.287571e-16 2.002578e-17
5221.480000 1.055943e-16 1.922602e-17
5224.480000 8.871429e-17 1.855983e-17
5227.480000 9.353838e-17 1.830025e-17
5230.480000 7.478288e-17 1.794800e-17
5233.480000 6.216561e-17 1.739892e-17
5236.480000 1.169849e-16 1.731064e-17
5239.480000 9.671741e-17 1.686667e-17
5242.480000 3.998699e-17 1.589730e-17
5245.480000 7.277673e-17 1.575337e-17
5248.480000 5.426623e-17 1.529812e-17
5251.480000 3.212025e-17 1.480564e-17
5254.480000 4.978542e-17 1.460459e-17
5257.480000 6.901021e-17 1.451954e-17
5260.480000 7.565226e-17 1.443444e-17
5263.480000 6.397698e-17 1.409801e-17
5266.480000 5.181172e-17 1.361015e-17
5269.480000 2.798674e-17 1.325852e-17
5272.480000 3.145966e-17 1.304667e-17
5275.480000 5.323919e-17 1.324035e-17
5278.480000 6.848167e-17 1.344205e-17
5281.480000 9.005180e-17 1.345733e-17
5284.480000 1.078909e-16 1.343654e-17
5287.480000 8.534773e-17 1.325918e-17
5290.480000 6.175218e-17 1.302300e-17
5293.480000 5.068561e-17 1.291270e-17
5296.480000 6.560789e-17 1.318893e-17
5299.480000 7.100313e-17 1.328051e-17
5302.480000 8.073777e-17 1.333110e-17
5305.480000 7.905258e-17 1.327627e-17
5308.480000 7.258792e-17 1.337144e-17
5311.480000 5.897980e-17 1.344147e-17
5314.480000 4.154432e-17 1.344409e-17
5317.480000 4.581314e-17 1.355798e-17
5320.480000 4.023536e-17 1.346478e-17
5323.480000 4.224296e-17 1.371804e-17
5326.480000 3.018405e-17 1.377123e-17
5329.480000 1.966138e-17 1.394815e-17
5332.480000 4.097008e-17 1.426403e-17
5335.480000 5.758194e-17 1.462927e-17
5338.480000 6.103743e-17 1.432781e-17
5341.480000 6.604021e-17 1.416497e-17
5344.480000 7.467381e-17 1.382949e-17
5347.480000 6.055942e-17 1.326646e-17
5350.480000 8.062959e-17 1.304977e-17
5353.480000 6.620674e-17 1.264913e-17
5356.480000 4.929248e-17 1.226266e-17
5359.480000 5.148495e-17 1.187030e-17
5362.480000 4.025624e-17 1.149573e-17
5365.480000 3.299453e-17 1.111935e-17
5368.480000 3.352949e-17 1.062926e-17
5371.480000 4.809827e-17 1.043792e-17
5374.480000 4.927724e-17 1.013040e-17
5377.480000 4.595200e-17 9.938635e-18
5380.480000 5.293082e-17 9.765236e-18
5383.480000 5.194588e-17 9.513046e-18
5386.480000 7.355052e-17 9.377643e-18
5389.480000 8.550143e-17 9.320333e-18
5392.480000 7.183723e-17 9.163129e-18
5395.480000 6.513228e-17 9.008788e-18
5398.480000 5.957666e-17 8.944625e-18
5401.480000 5.486805e-17 8.855560e-18
5404.480000 5.194214e-17 8.720571e-18
5407.480000 3.772368e-17 8.596335e-18
5410.480000 3.405585e-17 8.694399e-18
5413.480000 5.281066e-17 8.826969e-18
5416.480000 6.611017e-17 8.900316e-18
5419.480000 7.221619e-17 8.969159e-18
5422.480000 6.768713e-17 9.065808e-18
5425.480000 5.928075e-17 9.174421e-18
5428.480000 6.652758e-17 9.430365e-18
5431.480000 6.726886e-17 9.530112e-18
5434.480000 6.027425e-17 9.457355e-18
5437.480000 6.478669e-17 9.573691e-18
5440.480000 7.101853e-17 9.757826e-18
5443.480000 6.881523e-17 9.838351e-18
5446.480000 4.830244e-17 9.829340e-18
5449.480000 5.675960e-17 1.013645e-17
5452.480000 6.231665e-17 1.031459e-17
5455.480000 6.744709e-17 1.050351e-17
5458.480000 6.767713e-17 1.065815e-17
5461.480000 5.862214e-17 1.078491e-17
5464.480000 6.578369e-17 1.094429e-17
5467.480000 7.007000e-17 1.078882e-17
5470.480000 4.533720e-17 1.026577e-17
5473.480000 6.897002e-17 1.015207e-17
5476.480000 6.767678e-17 9.925356e-18
5479.480000 5.796579e-17 9.480755e-18
5482.480000 7.521565e-17 9.319229e-18
5485.480000 6.919918e-17 9.029680e-18
5488.480000 7.566818e-17 8.880407e-18
5491.480000 8.856371e-17 8.739204e-18
5494.480000 7.661913e-17 8.507534e-18
5497.480000 6.033904e-17 8.259565e-18
5500.480000 6.040401e-17 8.096533e-18
5503.480000 6.137364e-17 8.022421e-18
5506.480000 6.321861e-17 7.865270e-18
5509.480000 7.070033e-17 7.748193e-18
5512.480000 5.968593e-17 7.476695e-18
5515.480000 6.440048e-17 7.406429e-18
5518.480000 7.522385e-17 7.447381e-18
5521.480000 7.025738e-17 7.384594e-18
5524.480000 5.875459e-17 7.281163e-18
5527.480000 5.516277e-17 7.184637e-18
5530.480000 5.531022e-17 7.182143e-18
5533.480000 5.958376e-17 7.300135e-18
5536.480000 5.848833e-17 7.292127e-18
5539.480000 5.812684e-17 7.325052e-18
5542.480000 6.337189e-17 7.425587e-18
5545.480000 6.543959e-17 7.509923e-18
5548.480000 6.979661e-17 7.594629e-18
5551.480000 7.237194e-17 7.683422e-18
5554.480000 5.673112e-17 7.673872e-18
5557.480000 6.217147e-17 7.844708e-18
5560.480000 7.003673e-17 8.079443e-18
5563.480000 6.842665e-17 8.199610e-18
5566.480000 6.673337e-17 8.412324e-18
5569.480000 5.666140e-17 9.000496e-18
5572.480000 5.999918e-17 1.028787e-17
5575.480000 9.672943e-17 1.224562e-17
5578.480000 1.020354e-16 1.317979e-17
5581.480000 5.247031e-17 1.228182e-17
5584.480000 5.649864e-17 1.082737e-17
5587.480000 6.827736e-17 1.002463e-17
5590.480000 7.489501e-17 9.623343e-18
5593.480000 7.998722e-17 9.319214e-18
5596.480000 7.120755e-17 8.910961e-18
5599.480000 6.447448e-17 8.638113e-18
5602.480000 6.792724e-17 8.434881e-18
5605.480000 7.072177e-17 8.320897e-18
5608.480000 7.794963e-17 8.185871e-18
5611.480000 6.437177e-17 7.816735e-18
5614.480000 8.060640e-17 7.696897e-18
5617.480000 6.867485e-17 7.458805e-18
5620.480000 6.282345e-17 7.270938e-18
5623.480000 7.134839e-17 7.168696e-18
5626.480000 6.993962e-17 7.023355e-18
5629.480000 6.950261e-17 6.957828e-18
5632.480000 7.157144e-17 6.844582e-18
5635.480000 6.898366e-17 6.662596e-18
5638.480000 7.375903e-17 6.599305e-18
5641.480000 7.627645e-17 6.535966e-18
5644.480000 6.717270e-17 6.489684e-18
5647.480000 6.756822e-17 6.468700e-18
5650.480000 7.764014e-17 6.485208e-18
5653.480000 8.009054e-17 6.826858e-18
5656.480000 7.046510e-17 6.783409e-18
5659.480000 7.073819e-17 6.488580e-18
5662.480000 7.159594e-17 6.445053e-18
5665.480000 7.818763e-17 6.524414e-18
5668.480000 8.141097e-17 6.530593e-18
5671.480000 7.883721e-17 6.564608e-18
5674.480000 7.923358e-17 6.681432e-18
5677.480000 6.823593e-17 6.686982e-18
5680.480000 6.454702e-17 6.763677e-18
5683.480000 6.289918e-17 6.867270e-18
5686.480000 7.284272e-17 7.001823e-18
5689.480000 8.440762e-17 7.216583e-18
5692.480000 8.222951e-17 7.476705e-18
5695.480000 7.929448e-17 7.582922e-18
5698.480000 7.119705e-17 7.706625e-18
5701.480000 8.053099e-17 7.876020e-18
5704.480000 7.005008e-17 7.800785e-18
5707.480000 5.687883e-17 7.851998e-18
5710.480000 6.639856e-17 8.070412e-18
5713.480000 7.071600e-17 8.174321e-18
5716.480000 7.341979e-17 8.146665e-18
5719.480000 7.840968e-17 7.943943e-18
5722.480000 8.117666e-17 7.789781e-18
5725.480000 5.758616e-17 7.393023e-18
5728.480000 5.973748e-17 7.279873e-18
5731.480000 7.682764e-17 7.196785e-18
5734.480000 7.298282e-17 7.044559e-18
5737.480000 7.542120e-17 6.959831e-18
5740.480000 8.029350e-17 6.752856e-18
5743.480000 8.528267e-17 6.652230e-18
5746.480000 8.990165e-17 6.542811e-18
5749.480000 9.133002e-17 6.366812e-18
5752.480000 8.785081e-17 6.258465e-18
5755.480000 8.133412e-17 6.094422e-18
5758.480000 8.385275e-17 5.976400e-18
5761.480000 8.216963e-17 5.889698e-18
5764.480000 7.396487e-17 5.798727e-18
5767.480000 7.577559e-17 5.735384e-18
5770.480000 7.854012e-17 5.659198e-18
5773.480000 6.430133e-17 5.552656e-18
5776.480000 6.123540e-17 5.500463e-18
5779.480000 6.669447e-17 5.509707e-18
5782.480000 7.094995e-17 5.514771e-18
5785.480000 6.339349e-17 5.444431e-18
5788.480000 5.824972e-17 5.473545e-18
5791.480000 5.851524e-17 5.574578e-18
5794.480000 5.633535e-17 5.603300e-18
5797.480000 5.766707e-17 5.611553e-18
5800.480000 5.737362e-17 5.722866e-18
5803.480000 6.572913e-17 5.843228e-18
5806.480000 5.007658e-17 5.819893e-18
5809.480000 4.688895e-17 5.883020e-18
5812.480000 4.910900e-17 5.934095e-18
5815.480000 4.986127e-17 6.121644e-18
5818.480000 4.249022e-17 6.148486e-18
5821.480000 4.988510e-17 6.368829e-18
5824.480000 4.144219e-17 6.388141e-18
5827.480000 3.906467e-17 6.549844e-18
5830.480000 5.205859e-17 6.789877e-18
5833.480000 5.660060e-17 6.879358e-18
5836.480000 4.812830e-17 7.064074e-18
5839.480000 4.934304e-17 7.202012e-18
5842.480000 3.704927e-17 7.083460e-18
5845.480000 3.763024e-17 6.819685e-18
5848.480000 4.325104e-17 6.681116e-18
5851.480000 4.537582e-17 6.514699e-18
5854.480000 4.652067e-17 6.365177e-18
5857.480000 5.305774e-17 6.332990e-18
5860.480000 4.554279e-17 6.296388e-18
5863.480000 4.604053e-17 6.581471e-18
5866.480000 4.485247e-17 6.393653e-18
5869.480000 4.011618e-17 6.110199e-18
5872.480000 3.717150e-17 5.938590e-18
5875.480000 3.865716e-17 5.696586e-18
5878.480000 4.909868e-17 5.848228e-18
5881.480000 5.135009e-17 5.790598e-18
5884.480000 5.045083e-17 5.850719e-18
5887.480000 5.140126e-17 6.107888e-18
5890.480000 5.198576e-17 6.316542e-18
5893.480000 4.941696e-17 6.237718e-18
5896.480000 4.537817e-17 5.927166e-18
5899.480000 4.553356e-17 5.578651e-18
5902.480000 4.344062e-17 5.286385e-18
5905.480000 4.266901e-17 5.370928e-18
5908.480000 4.344258e-17 5.393717e-18
5911.480000 4.484570e-17 5.396019e-18
5914.480000 4.977531e-17 5.519277e-18
5917.480000 5.101734e-17 5.486806e-18
5920.480000 5.373450e-17 5.358118e-18
5923.480000 5.165891e-17 5.341884e-18
5926.480000 4.767175e-17 5.427903e-18
5929.480000 5.290137e-17 5.656278e-18
5932.480000 4.971969e-17 5.934808e-18
5935.480000 6.633963e-17 6.231128e-18
5938.480000 6.474689e-17 5.993713e-18
5941.480000 6.679388e-17 5.993884e-18
5944.480000 6.463943e-17 6.025995e-18
5947.480000 5.883751e-17 6.125581e-18
5950.480000 5.511550e-17 6.273071e-18
5953.480000 5.244926e-17 6.428423e-18
5956.480000 4.965711e-17 6.605979e-18
5959.480000 6.170364e-17 6.710922e-18
5962.480000 6.284939e-17 6.717804e-18
5965.480000 5.635884e-17 6.724813e-18
5968.480000 4.530439e-17 6.589956e-18
5971.480000 5.115429e-17 6.510737e-18
5974.480000 6.111353e-17 6.365433e-18
5977.480000 5.872827e-17 6.220101e-18
5980.480000 6.535870e-17 6.100632e-18
5983.480000 5.149930e-17 5.823367e-18
5986.480000 5.187379e-17 5.645744e-18
5989.480000 5.457124e-17 5.476644e-18
5992.480000 5.225833e-17 5.406860e-18
5995.480000 5.054257e-17 5.285413e-18
5998.480000 4.638895e-17 5.144624e-18
6001.480000 4.241458e-17 5.033167e-18
6004.480000 4.263115e-17 4.938976e-18
6007.480000 3.610016e-17 4.828681e-18
6010.480000 2.923923e-17 4.674205e-18
6013.480000 3.958933e-17 4.635208e-18
6016.480000 4.159825e-17 4.599067e-18
6019.480000 4.087454e-17 4.532889e-18
6022.480000 4.554763e-17 4.519536e-18
6025.480000 4.052035e-17 4.490452e-18
6028.480000 3.893300e-17 4.475449e-18
6031.480000 3.819866e-17 4.457262e-18
6034.480000 3.205224e-17 4.443569e-18
6037.480000 3.273380e-17 4.446649e-18
6040.480000 3.169119e-17 4.424547e-18
6043.480000 2.817513e-17 4.440377e-18
6046.480000 3.652152e-17 4.511441e-18
6049.480000 3.632665e-17 4.536254e-18
6052.480000 3.781139e-17 4.667689e-18
6055.480000 3.540159e-17 4.705762e-18
6058.480000 3.650051e-17 4.779208e-18
6061.480000 3.037073e-17 4.817666e-18
6064.480000 3.501485e-17 4.948454e-18
6067.480000 4.161819e-17 5.093424e-18
6070.480000 4.158901e-17 5.156859e-18
6073.480000 3.974147e-17 5.201484e-18
6076.480000 5.008132e-17 5.362484e-18
6079.480000 4.836509e-17 5.472279e-18
6082.480000 4.983911e-17 5.603371e-18
6085.480000 4.925974e-17 5.707928e-18
6088.480000 4.589460e-17 5.819561e-18
6091.480000 4.316857e-17 5.801854e-18
6094.480000 5.805095e-17 5.869382e-18
6097.480000 4.966194e-17 5.725569e-18
6100.480000 5.505972e-17 5.679987e-18
6103.480000 5.202167e-17 5.485641e-18
6106.480000 5.582090e-17 5.339739e-18
6109.480000 5.870062e-17 5.256327e-18
6112.480000 5.608376e-17 5.143425e-18
6115.480000 6.346270e-17 5.058833e-18
6118.480000 5.819156e-17 4.901537e-18
6121.480000 6.373512e-17 4.836360e-18
6124.480000 6.268704e-17 4.716886e-18
6127.480000 6.269363e-17 4.594918e-18
6130.480000 6.343506e-17 4.537225e-18
6133.480000 6.827453e-17 4.489066e-18
6136.480000 6.589386e-17 4.431913e-18
6139.480000 6.300870e-17 4.418783e-18
6142.480000 6.505490e-17 4.406909e-18
6145.480000 6.533943e-17 4.338005e-18
6148.480000 6.845616e-17 4.313804e-18
6151.480000 6.652899e-17 4.302884e-18
6154.480000 6.081406e-17 4.214596e-18
6157.480000 6.221221e-17 4.199415e-18
6160.480000 6.440062e-17 4.217930e-18
6163.480000 5.924362e-17 4.228039e-18
6166.480000 5.923753e-17 4.268833e-18
6169.480000 5.605115e-17 4.318978e-18
6172.480000 5.999204e-17 4.608677e-18
6175.480000 6.641554e-17 4.825814e-18
6178.480000 6.386594e-17 4.593601e-18
6181.480000 5.951801e-17 4.570085e-18
6184.480000 5.767589e-17 4.604770e-18
6187.480000 5.633615e-17 4.623718e-18
6190.480000 5.896710e-17 4.702418e-18
6193.480000 6.315229e-17 4.860393e-18
6196.480000 6.045720e-17 4.971817e-18
6199.480000 5.137923e-17 5.094904e-18
6202.480000 5.341757e-17 5.219052e-18
6205.480000 5.750535e-17 5.310126e-18
6208.480000 5.621557e-17 5.394056e-18
6211.480000 5.865005e-17 5.505882e-18
6214.480000 5.932718e-17 5.655224e-18
6217.480000 6.579152e-17 5.728036e-18
6220.480000 7.049791e-17 5.755399e-18
6223.480000 6.494161e-17 5.574842e-18
6226.480000 5.823055e-17 5.355340e-18
6229.480000 5.944031e-17 5.236000e-18
6232.480000 6.691307e-17 5.247535e-18
6235.480000 6.644696e-17 5.307700e-18
6238.480000 5.999217e-17 5.255681e-18
6241.480000 5.271838e-17 5.011188e-18
6244.480000 5.698166e-17 4.775231e-18
6247.480000 6.127929e-17 4.597838e-18
6250.480000 6.124491e-17 4.438972e-18
6253.480000 6.325259e-17 4.438009e-18
6256.480000 5.940362e-17 4.511043e-18
6259.480000 5.516415e-17 4.485593e-18
6262.480000 6.103068e-17 4.456244e-18
6265.480000 5.517520e-17 4.309577e-18
6268.480000 4.623413e-17 4.103120e-18
6271.480000 4.715294e-17 4.017234e-18
6274.480000 4.968948e-17 3.971658e-18
6277.480000 5.214912e-17 3.956574e-18
6280.480000 5.696669e-17 3.994642e-18
6283.480000 6.042068e-17 4.091178e-18
6286.480000 5.948318e-17 4.192888e-18
6289.480000 5.312471e-17 4.210741e-18
6292.480000 4.966025e-17 4.325586e-18
6295.480000 6.400924e-17 4.799517e-18
6298.480000 7.447480e-17 5.459426e-18
6301.480000 6.915984e-17 5.594857e-18
6304.480000 5.374116e-17 5.401190e-18
6307.480000 4.919951e-17 4.953097e-18
6310.480000 5.811799e-17 4.618559e-18
6313.480000 4.855277e-17 4.410851e-18
6316.480000 4.894202e-17 4.414278e-18
6319.480000 5.498213e-17 4.562546e-18
6322.480000 5.785899e-17 4.722596e-18
6325.480000 5.937461e-17 4.892121e-18
6328.480000 6.265597e-17 5.126438e-18
6331.480000 6.506732e-17 5.231602e-18
6334.480000 6.020477e-17 5.172417e-18
6337.480000 5.321702e-17 5.134025e-18
6340.480000 5.630153e-17 5.514793e-18
6343.480000 4.938675e-17 5.830149e-18
6346.480000 5.696189e-17 5.253786e-18
6349.480000 5.482162e-17 5.018640e-18
6352.480000 4.322925e-17 4.893013e-18
6355.480000 3.804556e-17 4.850061e-18
6358.480000 4.239987e-17 4.863881e-18
6361.480000 5.520415e-17 4.956990e-18
6364.480000 6.035649e-17 4.962518e-18
6367.480000 5.330610e-17 4.662126e-18
6370.480000 5.114336e-17 4.341987e-18
6373.480000 4.574378e-17 4.101351e-18
6376.480000 4.372840e-17 3.966039e-18
6379.480000 4.012673e-17 3.878148e-18
6382.480000 4.211849e-17 3.847721e-18
6385.480000 4.451929e-17 3.840950e-18
6388.480000 4.582153e-17 3.796325e-18
6391.480000 4.324850e-17 3.723336e-18
6394.480000 4.798227e-17 3.646225e-18
6397.480000 5.207217e-17 3.612772e-18
6400.480000 4.741418e-17 3.564354e-18
6403.480000 4.235646e-17 3.519780e-18
6406.480000 4.163565e-17 3.513891e-18
6409.480000 4.164020e-17 3.526380e-18
6412.480000 4.136810e-17 3.539052e-18
6415.480000 4.278383e-17 3.579581e-18
6418.480000 4.753722e-17 3.640982e-18
6421.480000 5.000974e-17 3.689058e-18
6424.480000 4.763552e-17 3.744008e-18
6427.480000 4.616702e-17 4.101505e-18
6430.480000 4.063093e-17 3.920445e-18
6433.480000 3.681596e-17 3.949018e-18
6436.480000 4.220582e-17 3.974802e-18
6439.480000 5.080347e-17 3.978773e-18
6442.480000 5.283738e-17 4.078382e-18
6445.480000 4.888444e-17 4.174995e-18
6448.480000 5.470644e-17 4.248081e-18
6451.480000 5.226737e-17 4.351224e-18
6454.480000 5.832763e-17 4.469217e-18
6457.480000 5.714686e-17 4.598191e-18
6460.480000 5.960524e-17 4.817831e-18
6463.480000 5.861054e-17 5.104732e-18
6466.480000 5.313411e-17 5.366969e-18
6469.480000 5.211711e-17 5.451532e-18
6472.480000 4.618495e-17 5.207293e-18
6475.480000 4.808203e-17 4.772780e-18
6478.480000 4.441104e-17 4.526150e-18
6481.480000 4.517634e-17 4.380173e-18
6484.480000 4.772871e-17 4.279004e-18
6487.480000 4.796048e-17 4.152919e-18
6490.480000 4.876948e-17 4.157818e-18
6493.480000 4.763532e-17 4.112052e-18
6496.480000 5.017680e-17 4.221279e-18
6499.480000 4.391352e-17 4.203511e-18
6502.480000 4.987355e-17 4.148612e-18
6505.480000 5.226857e-17 3.998713e-18
6508.480000 5.838719e-17 3.870739e-18
6511.480000 6.094211e-17 3.728340e-18
6514.480000 6.029804e-17 3.647257e-18
6517.480000 5.886515e-17 3.627242e-18
6520.480000 5.695619e-17 3.594732e-18
6523.480000 5.781948e-17 3.605261e-18
6526.480000 6.139777e-17 3.620303e-18
6529.480000 5.606806e-17 3.649863e-18
6532.480000 5.515898e-17 3.726652e-18
6535.480000 5.211894e-17 3.728785e-18
6538.480000 4.953971e-17 3.653792e-18
6541.480000 5.058366e-17 3.612689e-18
6544.480000 5.268011e-17 3.684772e-18
6547.480000 5.290635e-17 3.793458e-18
6550.480000 5.027052e-17 4.049362e-18
6553.480000 4.698723e-17 4.363600e-18
6556.480000 5.033160e-17 4.172461e-18
6559.480000 5.238201e-17 4.203208e-18
6562.480000 5.303238e-17 4.341345e-18
6565.480000 5.352117e-17 4.337578e-18
6568.480000 5.150502e-17 4.205532e-18
6571.480000 5.413136e-17 4.204370e-18
6574.480000 5.704721e-17 4.306712e-18
6577.480000 5.010716e-17 4.473959e-18
6580.480000 5.458626e-17 4.586769e-18
6583.480000 5.280117e-17 4.689372e-18
6586.480000 5.482535e-17 4.911597e-18
6589.480000 5.580413e-17 4.991221e-18
6592.480000 5.650518e-17 4.752035e-18
6595.480000 5.269008e-17 4.602860e-18
6598.480000 5.043861e-17 4.501551e-18
6601.480000 4.926960e-17 4.463603e-18
6604.480000 5.365494e-17 4.413835e-18
6607.480000 5.410688e-17 4.246363e-18
6610.480000 5.124093e-17 4.064034e-18
6613.480000 5.886252e-17 3.967580e-18
6616.480000 6.012462e-17 3.854305e-18
6619.480000 5.444211e-17 3.779709e-18
6622.480000 5.139054e-17 3.681113e-18
6625.480000 4.574059e-17 3.602987e-18
6628.480000 4.739349e-17 3.545326e-18
6631.480000 5.597597e-17 3.539342e-18
6634.480000 5.447256e-17 3.473572e-18
6637.480000 5.075306e-17 3.397003e-18
6640.480000 4.376776e-17 3.289324e-18
6643.480000 4.152655e-17 3.206422e-18
6646.480000 4.495215e-17 3.173450e-18
6649.480000 5.083418e-17 3.185664e-18
6652.480000 5.107758e-17 3.201645e-18
6655.480000 5.106356e-17 3.183902e-18
6658.480000 5.096403e-17 3.174129e-18
6661.480000 4.956480e-17 3.196794e-18
6664.480000 4.797389e-17 3.220264e-18
6667.480000 4.443449e-17 3.224323e-18
6670.480000 4.198620e-17 3.225941e-18
6673.480000 4.566534e-17 3.247060e-18
6676.480000 4.778401e-17 3.270293e-18
6679.480000 4.521578e-17 3.300020e-18
6682.480000 4.594306e-17 3.361587e-18
6685.480000 4.292717e-17 3.384287e-18
6688.480000 3.679521e-17 3.410437e-18
6691.480000 3.249682e-17 3.442114e-18
6694.480000 3.030423e-17 3.485466e-18
6697.480000 4.141801e-17 3.636441e-18
6700.480000 4.191208e-17 3.709393e-18
6703.480000 3.383798e-17 3.757481e-18
6706.480000 2.809939e-17 3.809368e-18
6709.480000 3.063756e-17 3.871843e-18
6712.480000 3.489923e-17 3.998120e-18
6715.480000 2.779172e-17 4.045181e-18
6718.480000 2.556222e-17 4.055160e-18
6721.480000 1.969862e-17 3.959476e-18
6724.480000 2.144148e-17 4.683432e-18
6727.480000 2.249083e-17 3.764633e-18
6730.480000 2.186506e-17 3.685231e-18
6733.480000 1.502976e-17 3.595962e-18
6736.480000 1.563569e-17 3.485702e-18
6739.480000 1.684140e-17 3.382853e-18
6742.480000 1.875646e-17 3.324920e-18
6745.480000 1.585686e-17 3.236898e-18
6748.480000 1.708608e-17 3.207092e-18
6751.480000 1.684051e-17 3.221902e-18
6754.480000 1.605670e-17 3.411782e-18
6757.480000 1.179273e-17 3.380962e-18
6760.480000 1.499748e-17 3.688326e-18
6763.480000 1.769083e-17 3.415345e-18
6766.480000 1.668374e-17 2.925317e-18
6769.480000 1.555552e-17 2.846601e-18
6772.480000 1.407510e-17 3.062262e-18
6775.480000 1.525806e-17 3.240334e-18
6778.480000 1.696381e-17 2.946777e-18
6781.480000 1.424224e-17 2.922961e-18
6784.480000 1.139437e-17 2.941883e-18
6787.480000 1.217252e-17 2.879094e-18
6790.480000 2.081286e-17 2.825533e-18
6793.480000 2.393193e-17 2.824809e-18
6796.480000 2.112018e-17 2.851101e-18
6799.480000 1.690604e-17 2.850857e-18
6802.480000 1.284605e-17 2.862241e-18
6805.480000 1.296646e-17 2.905552e-18
6808.480000 1.521264e-17 2.950684e-18
6811.480000 1.531057e-17 3.040108e-18
6814.480000 1.436487e-17 3.146854e-18
6817.480000 1.480666e-17 3.151796e-18
6820.480000 1.693154e-17 3.259066e-18
6823.480000 1.694646e-17 3.524991e-18
6826.480000 1.525250e-17 3.950870e-18
6829.480000 2.318364e-17 4.375287e-18
6832.480000 2.398500e-17 4.569480e-18
6835.480000 1.521479e-17 4.532522e-18
6838.480000 2.220207e-17 4.370669e-18
6841.480000 2.057826e-17 4.216777e-18
6844.480000 1.616101e-17 4.052939e-18
6847.480000 2.121919e-17 3.910922e-18
6850.480000 2.383600e-17 3.806278e-18
6853.480000 2.450136e-17 3.712919e-18
6856.480000 2.415429e-17 3.737473e-18
6859.480000 2.395572e-17 4.008101e-18
6862.480000 2.569606e-17 4.444092e-18
6865.480000 2.875710e-17 4.779028e-18
6868.480000 1.705634e-17 4.619247e-18
6871.480000 2.221215e-17 4.239582e-18
6874.480000 2.611382e-17 3.882407e-18
6877.480000 2.460639e-17 3.582921e-18
6880.480000 2.948128e-17 3.454682e-18
6883.480000 3.457917e-17 3.392078e-18
6886.480000 3.678476e-17 3.411384e-18
6889.480000 3.551240e-17 3.401574e-18
6892.480000 3.567149e-17 3.363199e-18
6895.480000 3.384376e-17 3.293441e-18
6898.480000 3.482687e-17 3.276145e-18
6901.480000 3.740171e-17 3.281489e-18
6904.480000 3.590578e-17 3.205265e-18
6907.480000 3.742260e-17 3.142785e-18
6910.480000 4.175561e-17 3.212984e-18
6913.480000 4.088587e-17 3.291715e-18
6916.480000 3.959141e-17 3.295158e-18
6919.480000 3.956675e-17 3.360431e-18
6922.480000 4.112041e-17 3.495338e-18
6925.480000 3.830802e-17 3.490172e-18
6928.480000 3.646122e-17 3.327098e-18
6931.480000 3.760727e-17 3.209762e-18
6934.480000 4.298903e-17 3.265754e-18
6937.480000 4.219648e-17 3.409130e-18
6940.480000 3.856109e-17 3.549702e-18
6943.480000 3.784980e-17 3.687062e-18
6946.480000 4.040486e-17 3.896238e-18
6949.480000 4.268910e-17 4.113413e-18
6952.480000 4.434225e-17 4.067388e-18
6955.480000 4.411864e-17 3.865656e-18
6958.480000 4.451916e-17 3.792432e-18
6961.480000 4.411841e-17 3.843155e-18
6964.480000 4.258868e-17 4.243585e-18
6967.480000 3.979077e-17 4.571557e-18
6970.480000 3.737067e-17 4.274258e-18
6973.480000 4.101932e-17 4.179241e-18
6976.480000 4.287318e-17 4.194400e-18
6979.480000 4.790538e-17 4.170153e-18
6982.480000 4.867567e-17 3.991843e-18
6985.480000 5.054432e-17 3.729679e-18
6988.480000 4.669769e-17 3.542790e-18
6991.480000 4.345237e-17 3.421513e-18
6994.480000 4.290638e-17 3.330842e-18
6997.480000 4.640990e-17 3.308963e-18
7000.480000 4.826249e-17 3.245879e-18
7003.480000 4.083761e-17 3.195690e-18
7006.480000 4.007787e-17 3.153916e-18
7009.480000 4.270756e-17 3.140351e-18
7012.480000 4.810707e-17 3.138355e-18
7015.480000 4.701854e-17 3.051967e-18
7018.480000 4.465355e-17 2.950489e-18
7021.480000 4.374104e-17 2.875768e-18
7024.480000 4.011125e-17 2.817874e-18
7027.480000 3.825289e-17 2.803285e-18
7030.480000 4.161466e-17 2.804711e-18
7033.480000 4.343905e-17 2.809827e-18
7036.480000 4.158664e-17 2.813682e-18
7039.480000 3.772246e-17 2.816770e-18
7042.480000 3.698228e-17 2.862592e-18
7045.480000 3.709741e-17 2.921331e-18
7048.480000 3.543507e-17 2.978029e-18
7051.480000 3.494317e-17 3.011812e-18
7054.480000 3.908224e-17 3.039673e-18
7057.480000 4.071252e-17 3.232960e-18
7060.480000 3.871668e-17 3.456753e-18
7063.480000 3.492247e-17 3.318652e-18
7066.480000 4.169404e-17 3.284502e-18
7069.480000 4.198664e-17 3.275999e-18
7072.480000 4.107944e-17 3.321891e-18
7075.480000 4.292549e-17 3.403143e-18
7078.480000 4.397296e-17 3.471454e-18
7081.480000 3.811772e-17 3.521490e-18
7084.480000 3.322134e-17 3.562957e-18
7087.480000 3.296085e-17 3.659354e-18
7090.480000 3.399106e-17 3.754140e-18
7093.480000 3.517274e-17 3.826820e-18
7096.480000 4.091284e-17 3.851839e-18
7099.480000 4.123226e-17 3.782369e-18
7102.480000 3.934299e-17 3.684192e-18
7105.480000 3.701766e-17 3.555415e-18
7108.480000 3.861927e-17 3.486251e-18
7111.480000 4.017468e-17 3.420140e-18
7114.480000 3.637387e-17 3.340911e-18
7117.480000 3.604327e-17 3.270165e-18
7120.480000 3.927003e-17 3.202766e-18
7123.480000 4.056520e-17 3.141979e-18
7126.480000 3.690761e-17 3.096249e-18
7129.480000 3.245898e-17 3.028762e-18
7132.480000 3.167067e-17 2.976824e-18
7135.480000 3.389051e-17 2.933986e-18
7138.480000 3.255758e-17 2.880924e-18
7141.480000 3.489179e-17 2.865577e-18
7144.480000 3.765990e-17 2.868220e-18
7147.480000 3.607960e-17 2.856603e-18
7150.480000 3.826449e-17 2.827683e-18
7153.480000 3.822608e-17 2.795083e-18
7156.480000 4.001580e-17 2.796842e-18
7159.480000 3.968547e-17 2.780748e-18
7162.480000 3.494454e-17 2.748812e-18
7165.480000 3.166714e-17 2.747038e-18
7168.480000 3.105151e-17 2.754801e-18
7171.480000 3.221621e-17 2.786670e-18
7174.480000 3.452047e-17 2.824911e-18
7177.480000 3.159604e-17 2.830164e-18
7180.480000 2.816928e-17 2.856478e-18
7183.480000 3.158833e-17 2.897597e-18
7186.480000 3.043554e-17 2.905623e-18
7189.480000 2.725893e-17 2.915569e-18
7192.480000 3.130990e-17 2.990271e-18
7195.480000 3.356061e-17 3.075924e-18
7198.480000 3.280083e-17 3.140326e-18
7201.480000 3.223052e-17 3.210860e-18
7204.480000 2.937866e-17 3.265772e-18
7207.480000 3.256917e-17 3.357910e-18
7210.480000 3.681147e-17 3.465091e-18
7213.480000 3.753903e-17 3.593683e-18
7216.480000 3.529533e-17 3.723336e-18
7219.480000 3.427978e-17 3.756669e-18
7222.480000 3.356435e-17 3.820335e-18
7225.480000 3.443200e-17 3.750889e-18
7228.480000 3.256420e-17 3.681768e-18
7231.480000 3.320150e-17 3.699725e-18
7234.480000 3.170145e-17 3.848373e-18
7237.480000 3.166082e-17 4.369790e-18
7240.480000 3.764299e-17 5.025144e-18
7243.480000 3.490721e-17 5.532995e-18
7246.480000 2.840781e-17 4.825119e-18
7249.480000 2.811600e-17 4.231907e-18
7252.480000 2.583645e-17 3.673419e-18
7255.480000 2.926795e-17 3.354297e-18
7258.480000 3.459662e-17 3.161653e-18
7261.480000 3.055083e-17 2.978549e-18
7264.480000 2.453934e-17 2.871567e-18
7267.480000 2.563701e-17 2.936355e-18
7270.480000 2.878276e-17 3.252241e-18
7273.480000 3.407135e-17 3.832967e-18
7276.480000 3.851654e-17 4.288638e-18
7279.480000 3.177641e-17 4.281851e-18
7282.480000 2.456553e-17 3.911074e-18
7285.480000 2.331092e-17 3.526584e-18
7288.480000 2.360733e-17 3.308627e-18
7291.480000 2.756094e-17 3.195460e-18
7294.480000 3.020018e-17 3.053120e-18
7297.480000 2.707130e-17 3.088819e-18
7300.480000 2.482287e-17 3.169564e-18
7303.480000 2.761051e-17 3.256241e-18
7306.480000 2.363514e-17 3.269627e-18
7309.480000 2.104689e-17 3.358473e-18
7312.480000 2.580570e-17 3.800637e-18
7315.480000 3.543965e-17 4.320378e-18
7318.480000 2.957731e-17 4.324912e-18
7321.480000 2.384474e-17 3.885312e-18
7324.480000 2.638605e-17 3.665505e-18
7327.480000 3.172619e-17 3.868038e-18
7330.480000 3.213550e-17 4.057926e-18
7333.480000 2.549774e-17 4.095737e-18
7336.480000 2.959080e-17 4.461730e-18
7339.480000 2.745266e-17 5.203916e-18
7342.480000 2.948437e-17 5.534459e-18
7345.480000 2.547964e-17 5.072896e-18
7348.480000 2.608535e-17 4.281889e-18
7351.480000 2.733127e-17 3.891392e-18
7354.480000 3.011905e-17 3.865494e-18
7357.480000 3.945808e-17 4.045423e-18
7360.480000 3.357262e-17 4.082399e-18
7363.480000 2.262307e-17 3.942219e-18
7366.480000 2.451593e-17 4.109369e-18
7369.480000 3.395764e-17 4.440178e-18
7372.480000 2.944372e-17 4.283592e-18
7375.480000 2.175397e-17 3.733386e-18
7378.480000 2.510260e-17 3.302163e-18
7381.480000 2.518534e-17 3.207995e-18
7384.480000 2.604021e-17 3.106443e-18
7387.480000 2.591120e-17 3.222315e-18
7390.480000 2.493383e-17 3.154486e-18
7393.480000 2.566768e-17 3.149332e-18
7396.480000 2.390963e-17 3.130237e-18
7399.480000 2.845019e-17 3.236012e-18
7402.480000 2.727043e-17 3.340384e-18
7405.480000 2.293252e-17 3.187663e-18
7408.480000 2.333412e-17 2.902220e-18
7411.480000 2.724788e-17 2.734409e-18
7414.480000 2.728138e-17 2.678272e-18
7417.480000 2.228877e-17 2.651449e-18
7420.480000 1.854367e-17 2.657932e-18
7423.480000 2.114889e-17 2.716135e-18
7426.480000 2.493900e-17 2.831554e-18
7429.480000 2.226193e-17 2.937708e-18
7432.480000 2.169602e-17 3.010227e-18
7435.480000 2.648426e-17 3.162069e-18
7438.480000 3.038995e-17 3.297093e-18
7441.480000 2.742715e-17 3.337319e-18
7444.480000 2.521622e-17 3.285454e-18
7447.480000 2.446393e-17 3.152167e-18
7450.480000 2.234076e-17 3.082270e-18
7453.480000 2.395052e-17 3.160118e-18
7456.480000 2.012021e-17 3.262509e-18
7459.480000 1.968748e-17 3.405128e-18
7462.480000 1.973519e-17 3.619086e-18
7465.480000 2.141131e-17 3.890695e-18
7468.480000 2.618192e-17 4.136254e-18
7471.480000 2.160880e-17 4.317127e-18
7474.480000 1.955367e-17 4.347487e-18
7477.480000 1.867544e-17 4.298051e-18
7480.480000 2.968722e-17 4.260114e-18
7483.480000 2.182381e-17 4.111914e-18
7486.480000 2.257711e-17 3.851137e-18
7489.480000 2.389997e-17 3.521066e-18
7492.480000 2.283344e-17 3.349173e-18
7495.480000 2.288535e-17 3.233009e-18
7498.480000 1.672264e-17 3.057672e-18
7501.480000 1.786480e-17 2.933053e-18
7504.480000 1.679256e-17 2.849042e-18
7507.480000 1.598693e-17 2.766131e-18
7510.480000 1.662293e-17 2.745396e-18
7513.480000 1.672412e-17 2.751180e-18
7516.480000 2.127045e-17 2.926635e-18
7519.480000 2.806576e-17 3.327400e-18
7522.480000 3.007122e-17 3.635267e-18
7525.480000 2.934847e-17 3.795545e-18
7528.480000 2.638928e-17 3.600135e-18
7531.480000 2.529361e-17 3.238385e-18
7534.480000 2.295980e-17 2.958055e-18
7537.480000 1.932217e-17 2.786227e-18
7540.480000 2.035417e-17 2.856313e-18
7543.480000 1.803107e-17 2.844987e-18
7546.480000 1.532492e-17 2.717506e-18
7549.480000 1.211794e-17 2.681933e-18
7552.480000 1.287800e-17 2.777857e-18
7555.480000 1.477930e-17 2.909295e-18
7558.480000 1.854372e-17 2.991395e-18
7561.480000 2.018265e-17 3.000286e-18
7564.480000 1.885399e-17 3.078249e-18
7567.480000 1.714239e-17 3.358611e-18
7570.480000 2.167091e-17 3.810017e-18
7573.480000 2.209181e-17 3.966145e-18
7576.480000 1.384500e-17 3.649291e-18
7579.480000 1.483534e-17 3.351088e-18
7582.480000 1.499956e-17 3.407456e-18
7585.480000 1.764353e-17 3.647256e-18
7588.480000 1.225803e-17 3.897482e-18
7591.480000 1.018498e-17 4.120211e-18
7594.480000 2.419368e-18 4.940226e-18
7597.480000 8.771166e-18 6.296712e-18
7600.480000 1.982424e-17 7.785041e-18
7603.480000 3.516863e-18 7.524059e-18
7606.480000 3.743599e-18 6.996076e-18
7609.480000 1.013008e-17 5.990437e-18
7612.480000 9.776399e-18 5.145801e-18
7615.480000 1.913254e-17 4.598499e-18
7618.480000 1.692554e-17 4.492115e-18
7621.480000 9.376979e-18 4.286636e-18
7624.480000 1.111383e-17 4.445193e-18
7627.480000 1.934037e-17 4.730760e-18
7630.480000 2.251585e-17 4.874125e-18
7633.480000 1.149658e-17 4.503345e-18
7636.480000 1.342879e-17 3.998831e-18
7639.480000 1.622048e-17 3.676085e-18
7642.480000 1.387553e-17 3.455925e-18
7645.480000 1.182932e-17 3.276665e-18
7648.480000 1.550058e-17 3.171435e-18
7651.480000 1.615036e-17 3.125650e-18
7654.480000 1.554215e-17 3.064254e-18
7657.480000 1.513474e-17 3.015769e-18
7660.480000 1.754467e-17 3.058321e-18
7663.480000 2.058187e-17 3.065985e-18
7666.480000 1.754724e-17 2.985273e-18
7669.480000 1.218834e-17 2.814723e-18
7672.480000 1.596216e-17 2.716653e-18
7675.480000 1.774355e-17 2.709994e-18
7678.480000 1.613216e-17 2.737369e-18
7681.480000 1.298489e-17 2.740875e-18
7684.480000 1.193528e-17 2.783952e-18
7687.480000 1.446148e-17 2.873258e-18
7690.480000 1.323091e-17 2.935544e-18
7693.480000 1.458813e-17 3.013989e-18
7696.480000 1.137204e-17 3.079081e-18
7699.480000 1.265410e-17 3.184790e-18
7702.480000 1.639815e-17 3.286036e-18
7705.480000 1.244107e-17 3.463782e-18
7708.480000 7.560982e-18 4.111582e-18
7711.480000 2.261564e-17 5.225916e-18
7714.480000 3.273216e-17 6.065237e-18
7717.480000 3.147707e-17 6.149385e-18
7720.480000 1.292394e-17 5.439915e-18
7723.480000 1.510394e-17 4.775741e-18
7726.480000 1.735850e-17 4.402269e-18
7729.480000 1.731039e-17 4.142806e-18
7732.480000 1.510135e-17 3.966286e-18
7735.480000 1.409166e-17 3.492935e-18
7738.480000 1.211245e-17 3.393303e-18
7741.480000 8.847910e-18 3.384733e-18
7744.480000 9.201436e-18 3.663844e-18
7747.480000 2.317978e-17 4.409664e-18
7750.480000 3.201014e-17 5.187696e-18
7753.480000 1.929840e-17 5.091632e-18
7756.480000 3.011636e-18 4.332944e-18
7759.480000 1.678260e-17 3.912766e-18
7762.480000 2.035758e-17 3.681159e-18
7765.480000 1.094318e-17 3.248612e-18
7768.480000 1.232772e-17 3.040592e-18
7771.480000 1.293240e-17 3.173833e-18
7774.480000 1.066060e-17 3.115941e-18
7777.480000 8.634789e-18 3.118165e-18
7780.480000 1.282887e-17 3.151630e-18
7783.480000 1.431318e-17 3.122139e-18
7786.480000 1.263049e-17 3.085940e-18
7789.480000 1.999616e-17 3.400216e-18
7792.480000 3.112340e-17 3.964913e-18
7795.480000 2.590352e-17 4.115837e-18
7798.480000 1.380405e-17 3.653084e-18
7801.480000 1.052115e-17 3.154133e-18
7804.480000 1.745719e-17 3.166529e-18
7807.480000 2.271650e-17 3.450225e-18
7810.480000 2.160895e-17 3.552617e-18
7813.480000 6.411080e-18 3.426467e-18
7816.480000 3.879132e-18 3.763568e-18
7819.480000 2.906692e-17 4.673945e-18
7822.480000 4.510038e-17 5.109950e-18
7825.480000 1.784349e-17 4.556754e-18
7828.480000 3.754807e-18 3.748242e-18
7831.480000 4.944098e-18 3.654090e-18
7834.480000 8.031347e-18 3.566490e-18
7837.480000 1.523015e-17 3.833107e-18
7840.480000 1.374553e-17 4.279164e-18
7843.480000 1.236620e-17 4.418053e-18
7846.480000 9.553352e-18 4.629604e-18
7849.480000 1.973955e-17 5.425935e-18
7852.480000 2.857837e-17 6.227139e-18
7855.480000 3.598900e-17 6.380719e-18
7858.480000 1.299781e-17 5.696968e-18
7861.480000 1.506179e-17 5.301242e-18
7864.480000 1.731701e-17 5.016799e-18
7867.480000 2.063657e-17 4.815278e-18
7870.480000 3.247674e-17 4.839118e-18
7873.480000 2.104124e-17 4.559796e-18
7876.480000 6.608310e-18 4.038317e-18
7879.480000 1.183713e-17 3.906300e-18
7882.480000 1.800883e-17 3.898114e-18
7885.480000 1.047792e-17 3.766128e-18
7888.480000 1.187816e-17 3.795676e-18
7891.480000 1.608820e-17 3.838705e-18
7894.480000 8.999807e-18 3.491434e-18
7897.480000 5.854360e-18 3.004088e-18
7900.480000 7.186920e-18 2.791120e-18
7903.480000 8.274774e-18 2.831461e-18
7906.480000 1.176207e-18 3.131084e-18
7909.480000 2.891988e-18 3.957957e-18
7912.480000 3.166870e-17 4.980736e-18
7915.480000 3.752705e-17 5.315287e-18
7918.480000 1.264473e-17 4.861010e-18
7921.480000 9.174227e-18 4.343385e-18
7924.480000 1.082764e-17 3.888446e-18
7927.480000 9.620641e-18 3.582395e-18
7930.480000 2.050098e-17 3.646600e-18
7933.480000 1.319085e-17 3.531269e-18
7936.480000 2.254153e-18 3.237945e-18
7939.480000 3.335102e-18 3.048090e-18
7942.480000 4.507688e-18 3.133023e-18
7945.480000 1.276294e-17 3.500506e-18
7948.480000 1.922272e-17 3.897345e-18
7951.480000 2.064815e-17 3.941582e-18
7954.480000 1.068878e-17 3.680461e-18
7957.480000 5.018284e-19 3.707397e-18
7960.480000 7.784520e-18 4.596547e-18
7963.480000 2.745452e-17 5.828608e-18
7966.480000 3.229952e-17 6.185177e-18
7969.480000 1.134634e-17 5.358765e-18
7972.480000 -2.627899e-18 4.484341e-18
7975.480000 1.418311e-17 4.571040e-18
7978.480000 2.426237e-17 4.987683e-18
7981.480000 1.629581e-17 4.927922e-18
7984.480000 2.295591e-18 4.361260e-18
7987.480000 -1.342179e-18 4.192623e-18
7990.480000 1.652870e-17 5.084709e-18
7993.480000 2.494169e-17 5.923015e-18
7996.480000 3.043100e-18 5.595499e-18
7999.480000 -4.920934e-18 4.362823e-18
8002.480000 1.276172e-17 3.448546e-18
8005.480000 9.453840e-18 3.135057e-18
8008.480000 1.431613e-17 3.157298e-18
8011.480000 1.941879e-17 3.397884e-18
8014.480000 2.326917e-17 3.675559e-18
8017.480000 1.917806e-17 3.620521e-18
8020.480000 1.352972e-17 3.583971e-18
8023.480000 2.876174e-17 4.005866e-18
8026.480000 4.177979e-17 4.426426e-18
8029.480000 1.702421e-17 4.103331e-18
8032.480000 3.258851e-18 3.379619e-18
8035.480000 1.002973e-17 2.924756e-18
8038.480000 1.046477e-17 2.756618e-18
8041.480000 7.164736e-18 2.694732e-18
8044.480000 4.392752e-18 2.715368e-18
8047.480000 8.820452e-18 2.885173e-18
8050.480000 1.560157e-17 3.147837e-18
8053.480000 9.594491e-18 3.240542e-18
8056.480000 3.383609e-18 3.266540e-18
8059.480000 1.070148e-17 3.588647e-18
8062.480000 2.015327e-17 3.869884e-18
8065.480000 1.072693e-17 3.637973e-18
8068.480000 1.152141e-18 3.225559e-18
8071.480000 6.177208e-18 3.140863e-18
8074.480000 1.225258e-17 3.199280e-18
8077.480000 1.541900e-17 3.268457e-18
8080.480000 1.322738e-17 3.357734e-18
8083.480000 1.408666e-17 3.495808e-18
8086.480000 1.004447e-17 3.737622e-18
8089.480000 9.676297e-18 3.738598e-18
8092.480000 1.131156e-17 3.772922e-18
8095.480000 1.177773e-17 3.949886e-18
8098.480000 1.922517e-17 4.143927e-18
8101.480000 2.208833e-17 4.319604e-18
8104.480000 2.211261e-17 4.261030e-18
8107.480000 6.559389e-18 3.927892e-18
8110.480000 6.745537e-18 3.604985e-18
8113.480000 1.413892e-17 3.469147e-18
8116.480000 8.838065e-18 3.312368e-18
8119.480000 9.817293e-18 3.278705e-18
8122.480000 1.421335e-17 3.203275e-18
8125.480000 9.489416e-18 3.077365e-18
8128.480000 9.848128e-18 3.039158e-18
8131.480000 1.466481e-17 3.045358e-18
8134.480000 1.419696e-17 3.019484e-18
8137.480000 1.207592e-17 2.987536e-18
8140.480000 1.483869e-17 3.011997e-18
8143.480000 1.306415e-17 2.958616e-18
8146.480000 1.203626e-17 2.932915e-18
8149.480000 8.198784e-18 2.848884e-18
8152.480000 8.096989e-18 2.725226e-18
8155.480000 9.050090e-18 2.666767e-18
8158.480000 7.437860e-18 2.632822e-18
8161.480000 7.482174e-18 2.611028e-18
8164.480000 1.191972e-17 2.650936e-18
8167.480000 1.224561e-17 2.673700e-18
8170.480000 1.432103e-17 2.706929e-18
8173.480000 1.134306e-17 2.701881e-18
8176.480000 6.085747e-18 2.697651e-18
8179.480000 9.299554e-18 2.732571e-18
8182.480000 9.591737e-18 2.896005e-18
8185.480000 1.099578e-17 3.401743e-18
8188.480000 1.075041e-17 3.610725e-18
8191.480000 8.387698e-18 3.265071e-18
8194.480000 1.154519e-17 3.234723e-18
8197.480000 1.727201e-17 3.195662e-18
8200.480000 1.462456e-17 3.183545e-18
8203.480000 1.068285e-17 3.226322e-18
8206.480000 1.442035e-17 3.283442e-18
8209.480000 5.786366e-18 3.328006e-18
8212.480000 3.298656e-18 3.376105e-18
8215.480000 2.490889e-18 3.473319e-18
8218.480000 1.627535e-18 3.489011e-18
8221.480000 1.052486e-17 3.639100e-18
8224.480000 9.931169e-18 3.701547e-18
8227.480000 8.078737e-18 3.643825e-18
8230.480000 2.556934e-18 3.481975e-18
8233.480000 4.068057e-18 3.429497e-18
8236.480000 1.240766e-17 3.477619e-18
8239.480000 9.588089e-18 3.443881e-18
8242.480000 3.817599e-18 3.387564e-18
8245.480000 3.875834e-18 3.342354e-18
8248.480000 3.465476e-18 3.255131e-18
8251.480000 7.498304e-18 3.236559e-18
8254.480000 1.024430e-17 3.131114e-18
8257.480000 9.611490e-18 3.010516e-18
8260.480000 4.837985e-18 2.924407e-18
8263.480000 3.334021e-18 2.852425e-18
8266.480000 7.545467e-18 2.869511e-18
8269.480000 6.713368e-18 2.878791e-18
8272.480000 5.119622e-18 2.989330e-18
8275.480000 1.963385e-18 3.309751e-18
8278.480000 5.016113e-18 3.880887e-18
8281.480000 4.920711e-18 4.394008e-18
8284.480000 6.948358e-18 4.665714e-18
8287.480000 1.971741e-17 4.858342e-18
8290.480000 1.039737e-17 4.763935e-18
8293.480000 -5.862519e-18 4.572211e-18
8296.480000 5.232852e-18 4.883611e-18
8299.480000 1.228528e-17 5.084865e-18
8302.480000 5.479877e-19 4.549448e-18
8305.480000 -5.552594e-18 3.822460e-18
8308.480000 5.570616e-18 3.717631e-18
8311.480000 7.284033e-18 3.765687e-18
8314.480000 -1.674828e-18 3.516928e-18
8317.480000 1.743709e-18 3.286045e-18
8320.480000 5.302422e-18 3.174379e-18
8323.480000 5.469468e-18 3.135077e-18
8326.480000 3.775919e-18 3.135511e-18
8329.480000 -2.659217e-18 3.221927e-18
8332.480000 -1.156538e-18 3.388590e-18
8335.480000 3.070363e-18 3.844604e-18
8338.480000 1.676864e-18 5.070144e-18
8341.480000 4.338814e-17 7.441162e-18
8344.480000 6.351884e-17 9.289173e-18
8347.480000 -3.765384e-18 8.998137e-18
8350.480000 -2.096215e-17 7.613264e-18
8353.480000 1.236991e-17 6.766551e-18
8356.480000 1.091262e-19 5.764486e-18
8359.480000 -2.880614e-18 4.694136e-18
8362.480000 1.004875e-17 4.446583e-18
8365.480000 8.247082e-18 4.454318e-18
8368.480000 -6.413356e-18 4.110964e-18
8371.480000 -7.904461e-18 3.647053e-18
8374.480000 -7.166910e-18 3.450168e-18
8377.480000 1.929111e-18 3.727130e-18
8380.480000 1.215045e-17 4.252961e-18
8383.480000 1.463611e-17 4.529153e-18
8386.480000 4.109226e-18 4.097086e-18
8389.480000 -9.870060e-18 3.533274e-18
8392.480000 -7.399809e-18 3.618928e-18
8395.480000 4.255959e-18 4.592188e-18
8398.480000 3.227281e-17 5.804605e-18
8401.480000 2.261846e-17 5.918080e-18
8404.480000 -1.666641e-17 4.730971e-18
8407.480000 -1.919562e-17 3.522341e-18
8410.480000 -5.897340e-19 3.419981e-18
8413.480000 1.750230e-17 3.962646e-18
8416.480000 1.566229e-17 4.181973e-18
8419.480000 -1.071693e-17 3.802018e-18
8422.480000 -1.580785e-17 3.647391e-18
8425.480000 7.469520e-18 4.557171e-18
8428.480000 4.087494e-17 5.944496e-18
8431.480000 3.634308e-17 6.300848e-18
8434.480000 1.004493e-18 5.254417e-18
8437.480000 -8.816497e-18 3.903089e-18
8440.480000 1.095313e-18 3.316429e-18
8443.480000 3.810666e-18 3.251211e-18
8446.480000 -1.722014e-18 3.504662e-18
8449.480000 1.065495e-17 4.206797e-18
8452.480000 2.318720e-17 4.743786e-18
8455.480000 6.856461e-18 4.589334e-18
8458.480000 -6.479978e-18 4.682104e-18
8461.480000 1.321188e-17 5.733540e-18
8464.480000 3.520020e-17 7.067242e-18
8467.480000 1.994500e-17 6.891023e-18
8470.480000 -1.430772e-17 5.574020e-18
8473.480000 -2.777592e-18 4.448142e-18
8476.480000 6.232082e-18 4.113510e-18
8479.480000 8.145087e-18 3.951056e-18
8482.480000 6.471856e-18 3.785618e-18
8485.480000 1.060198e-17 3.765345e-18
8488.480000 1.701030e-17 3.869767e-18
8491.480000 2.493792e-17 4.265215e-18
8494.480000 2.825943e-17 4.527164e-18
8497.480000 7.254931e-18 4.261796e-18
8500.480000 6.453120e-18 4.189301e-18
8503.480000 2.150618e-17 4.714894e-18
8506.480000 1.722931e-17 4.889015e-18
8509.480000 1.704555e-18 4.219753e-18
8512.480000 -1.181238e-18 3.406629e-18
8515.480000 7.493295e-18 3.133888e-18
8518.480000 8.125035e-18 2.970067e-18
8521.480000 5.443472e-18 2.943648e-18
8524.480000 4.622769e-18 2.883045e-18
8527.480000 8.103884e-18 2.825805e-18
8530.480000 6.071377e-18 2.775829e-18
8533.480000 1.055992e-17 2.854972e-18
8536.480000 1.170471e-17 3.019136e-18
8539.480000 6.595980e-18 3.151226e-18
8542.480000 6.797824e-18 3.197529e-18
8545.480000 9.634969e-18 3.341115e-18
8548.480000 1.519625e-17 3.546794e-18
8551.480000 1.523639e-17 3.455702e-18
8554.480000 7.954530e-18 3.130468e-18
8557.480000 5.310936e-18 2.918640e-18
8560.480000 6.494458e-18 2.888796e-18
8563.480000 8.051033e-18 2.962813e-18
8566.480000 1.573081e-17 3.052311e-18
8569.480000 1.987106e-17 3.131499e-18
8572.480000 1.740666e-17 3.201972e-18
8575.480000 1.410020e-17 3.234886e-18
8578.480000 6.834986e-18 3.236978e-18
8581.480000 1.073405e-17 3.337916e-18
8584.480000 9.881992e-18 3.484502e-18
8587.480000 1.040600e-17 3.688285e-18
8590.480000 9.717486e-18 3.831637e-18
8593.480000 4.054689e-18 3.903792e-18
8596.480000 8.200541e-18 4.108028e-18
8599.480000 7.320847e-18 4.169352e-18
8602.480000 9.997718e-18 4.048744e-18
8605.480000 9.441834e-18 3.900612e-18
8608.480000 9.956992e-18 3.837271e-18
8611.480000 1.446569e-17 3.859745e-18
8614.480000 1.810031e-17 3.856976e-18
8617.480000 1.498880e-17 3.893168e-18
8620.480000 2.201947e-17 4.035883e-18
8623.480000 1.730782e-17 4.269319e-18
8626.480000 8.521618e-18 4.168082e-18
8629.480000 1.187914e-17 4.207505e-18
8632.480000 1.463430e-17 4.133766e-18
8635.480000 1.495796e-17 3.975269e-18
8638.480000 1.646083e-17 3.783313e-18
8641.480000 9.635219e-18 3.556550e-18
8644.480000 8.370053e-18 3.419131e-18
8647.480000 1.139603e-17 3.475809e-18
8650.480000 1.181668e-17 3.621754e-18
8653.480000 1.589045e-17 3.744257e-18
8656.480000 1.750315e-17 3.767077e-18
8659.480000 1.734942e-17 3.726967e-18
8662.480000 1.522734e-17 3.645430e-18
8665.480000 1.314957e-17 3.566617e-18
8668.480000 1.125601e-17 3.508246e-18
8671.480000 1.570666e-17 3.487526e-18
8674.480000 1.757616e-17 3.416648e-18
8677.480000 1.443563e-17 3.299978e-18
8680.480000 1.390910e-17 3.218671e-18
8683.480000 5.445124e-18 3.137448e-18
8686.480000 -1.378144e-18 3.084660e-18
8689.480000 2.204241e-18 3.112716e-18
8692.480000 4.776545e-18 3.191882e-18
8695.480000 4.940378e-18 3.257687e-18
8698.480000 3.886143e-18 3.340857e-18
8701.480000 7.300430e-18 3.431416e-18
8704.480000 8.706211e-18 3.487196e-18
8707.480000 5.974566e-18 3.547919e-18
8710.480000 4.015262e-18 3.580074e-18
8713.480000 3.944045e-18 3.594964e-18
8716.480000 4.484125e-18 3.623728e-18
8719.480000 7.690296e-18 3.705806e-18
8722.480000 1.430996e-17 3.853651e-18
8725.480000 1.413032e-17 4.061393e-18
8728.480000 7.509913e-18 4.141574e-18
8731.480000 5.461706e-18 4.147338e-18
8734.480000 6.021640e-18 4.174678e-18
8737.480000 5.843453e-18 4.691735e-18
8740.480000 7.677019e-18 3.985415e-18
8743.480000 4.941941e-18 3.784290e-18
8746.480000 3.917497e-18 3.629481e-18
8749.480000 3.621086e-18 3.607431e-18
8752.480000 2.805174e-18 3.688771e-18
8755.480000 4.242904e-18 4.205731e-18
8758.480000 6.528927e-18 5.262922e-18
8761.480000 1.815702e-17 6.220839e-18
8764.480000 1.963089e-17 6.618877e-18
8767.480000 1.819249e-17 6.704226e-18
8770.480000 8.997607e-18 6.330433e-18
8773.480000 8.256468e-18 5.828192e-18
8776.480000 3.217753e-17 6.173247e-18
8779.480000 1.952565e-17 6.318674e-18
8782.480000 -1.613632e-18 5.404083e-18
8785.480000 -2.052456e-18 4.266606e-18
8788.480000 1.029984e-17 4.017675e-18
8791.480000 2.068820e-17 4.195878e-18
8794.480000 1.082143e-17 3.950171e-18
8797.480000 4.597979e-18 3.466479e-18
8800.480000 5.386500e-18 3.203009e-18
8803.480000 7.621676e-18 3.168343e-18
8806.480000 1.019719e-17 3.234623e-18
8809.480000 6.184760e-18 3.298717e-18
8812.480000 -5.018271e-19 3.322106e-18
8815.480000 -7.531694e-18 3.421182e-18
8818.480000 -1.370837e-17 4.005028e-18
8821.480000 -3.381613e-18 5.766384e-18
8824.480000 4.379682e-17 8.505561e-18
8827.480000 4.713807e-17 1.002790e-17
8830.480000 -1.249445e-17 9.130409e-18
8833.480000 -1.036835e-18 7.708781e-18
8836.480000 3.125852e-18 7.348355e-18
8839.480000 -1.054570e-17 6.587663e-18
8842.480000 -6.328632e-18 5.316644e-18
8845.480000 2.431298e-18 4.984554e-18
8848.480000 1.117300e-17 5.467563e-18
8851.480000 3.870601e-18 5.618476e-18
8854.480000 5.215844e-19 5.123441e-18
8857.480000 4.325729e-18 4.553336e-18
8860.480000 -3.043571e-19 4.514394e-18
8863.480000 6.694861e-18 5.092677e-18
8866.480000 1.488725e-17 5.965651e-18
8869.480000 7.135354e-18 6.112134e-18
8872.480000 -2.080801e-18 5.225979e-18
8875.480000 -4.532966e-18 4.298741e-18
8878.480000 -1.986610e-19 4.334917e-18
8881.480000 2.588975e-17 5.654084e-18
8884.480000 3.769740e-17 7.577718e-18
8887.480000 2.601695e-17 8.292134e-18
8890.480000 -1.494607e-17 6.983902e-18
8893.480000 -1.313591e-18 5.007078e-18
8896.480000 -1.647303e-19 4.172308e-18
8899.480000 1.029507e-17 4.577212e-18
8902.480000 1.113724e-17 5.263868e-18
8905.480000 -6.989042e-18 5.322944e-18
8908.480000 -1.484441e-17 4.616284e-18
8911.480000 -6.083289e-18 4.190407e-18
8914.480000 8.378117e-18 5.159931e-18
8917.480000 3.337543e-17 6.971074e-18
8920.480000 3.318528e-17 7.877978e-18
8923.480000 6.184708e-18 6.929720e-18
8926.480000 -6.481127e-18 5.071480e-18
8929.480000 1.556478e-18 3.926709e-18
8932.480000 1.258743e-17 3.676206e-18
8935.480000 1.199884e-17 3.746450e-18
8938.480000 1.289337e-17 4.276210e-18
8941.480000 2.263244e-17 5.182699e-18
8944.480000 9.661679e-18 5.547525e-18
8947.480000 -2.369361e-18 5.048190e-18
8950.480000 8.884396e-19 4.780197e-18
8953.480000 2.887668e-17 6.059513e-18
8956.480000 4.065613e-17 7.991575e-18
8959.480000 2.192010e-17 8.551805e-18
8962.480000 -1.057649e-18 7.080213e-18
8965.480000 5.566714e-18 5.257212e-18
8968.480000 3.457035e-18 4.591886e-18
8971.480000 1.342158e-18 4.583923e-18
8974.480000 7.481935e-19 4.626333e-18
8977.480000 6.220773e-18 4.771316e-18
8980.480000 2.488241e-18 4.885912e-18
8983.480000 1.120145e-17 5.169283e-18
8986.480000 1.099924e-17 5.751545e-18
8989.480000 1.855837e-17 6.109134e-18
8992.480000 7.914775e-18 5.713284e-18
8995.480000 -1.388274e-18 5.293352e-18
8998.480000 1.462684e-17 5.973737e-18
9001.480000 1.325610e-17 6.886630e-18
9004.480000 -2.886975e-18 6.500002e-18
9007.480000 -9.665668e-18 5.099416e-18
9010.480000 1.748649e-18 4.097669e-18
9013.480000 2.496727e-18 3.742092e-18
9016.480000 7.855247e-19 3.642388e-18
9019.480000 4.746712e-18 3.681344e-18
9022.480000 1.067547e-17 3.731091e-18
9025.480000 1.097093e-17 3.705282e-18
9028.480000 6.634133e-18 3.666829e-18
9031.480000 7.792953e-18 3.761406e-18
9034.480000 1.102417e-17 4.054292e-18
9037.480000 1.119438e-17 4.343586e-18
9040.480000 -3.451450e-19 4.360120e-18
9043.480000 -7.423175e-18 4.287951e-18
9046.480000 3.542959e-18 4.757230e-18
9049.480000 1.178906e-17 5.163939e-18
9052.480000 3.132266e-18 4.840981e-18
9055.480000 -1.838049e-18 4.243129e-18
9058.480000 -2.417249e-18 3.839699e-18
9061.480000 -1.574727e-18 3.792094e-18
9064.480000 4.062841e-18 3.884440e-18
9067.480000 5.204974e-18 3.958387e-18
9070.480000 -3.082086e-18 3.914598e-18
9073.480000 -3.157923e-18 3.936306e-18
9076.480000 1.812366e-18 3.987608e-18
9079.480000 -2.416716e-18 4.009067e-18
9082.480000 -1.023665e-18 4.103775e-18
9085.480000 2.198662e-18 4.308641e-18
9088.480000 3.036369e-18 4.592610e-18
9091.480000 9.534018e-18 4.950359e-18
9094.480000 9.773832e-18 5.155177e-18
9097.480000 4.849619e-18 5.209297e-18
