3450.000  -1.646e-14
3451.270  3.285e-14
3452.540  3.746e-14
3453.820  7.113e-14
3455.090  6.198e-14
3456.360  4.343e-14
3457.630  7.622e-14
3458.900  4.711e-14
3460.170  4.862e-14
3461.450  5.845e-14
3462.720  6.540e-14
3463.990  7.358e-14
3465.260  1.082e-13
3466.530  9.474e-14
3467.810  1.423e-15
3469.080  3.306e-14
3470.350  8.015e-14
3471.620  9.105e-14
3472.890  5.418e-14
3474.160  6.007e-14
3475.440  9.044e-14
3476.710  5.252e-14
3477.980  4.933e-14
3479.250  1.039e-13
3480.520  1.088e-13
3481.800  7.839e-14
3483.070  4.399e-14
3484.340  2.716e-14
3485.610  1.995e-14
3486.880  3.268e-15
3488.150  4.785e-14
3489.430  4.275e-14
3490.700  7.291e-15
3491.970  8.935e-16
3493.240  2.520e-14
3494.510  3.972e-14
3495.790  1.871e-14
3497.060  -9.830e-15
3498.330  3.533e-15
3499.600  6.243e-14
3500.870  9.599e-14
3502.140  7.657e-14
3503.420  2.610e-14
3504.690  -1.924e-14
3505.960  -1.083e-14
3507.230  2.218e-14
3508.500  3.685e-14
3509.780  3.299e-14
3511.050  5.639e-14
3512.320  6.738e-14
3513.590  3.492e-14
3514.860  3.524e-14
3516.130  1.503e-14
3517.410  2.676e-14
3518.680  4.676e-14
3519.950  4.930e-14
3521.220  3.946e-14
3522.490  2.706e-14
3523.770  2.496e-14
3525.040  4.068e-14
3526.310  5.095e-14
3527.580  5.577e-14
3528.850  5.202e-14
3530.120  4.387e-14
3531.400  4.285e-14
3532.670  4.816e-14
3533.940  5.330e-14
3535.210  6.296e-14
3536.480  6.002e-14
3537.760  5.013e-14
3539.030  5.043e-14
3540.300  4.564e-14
3541.570  2.040e-14
3542.840  1.004e-14
3544.110  2.861e-14
3545.390  3.048e-14
3546.660  2.880e-14
3547.930  5.005e-14
3549.200  5.631e-14
3550.470  3.175e-14
3551.740  3.159e-14
3553.020  3.750e-14
3554.290  2.393e-14
3555.560  1.339e-14
3556.830  2.812e-14
3558.100  4.637e-14
3559.380  4.078e-14
3560.650  2.163e-14
3561.920  1.599e-14
3563.190  3.936e-14
3564.460  4.159e-14
3565.730  4.285e-14
3567.010  5.287e-14
3568.280  4.498e-14
3569.550  3.208e-14
3570.820  4.540e-14
3572.090  4.168e-14
3573.370  3.574e-14
3574.640  3.321e-14
3575.910  4.084e-14
3577.180  3.959e-14
3578.450  2.733e-14
3579.720  4.217e-14
3581.000  4.540e-14
3582.270  3.706e-14
3583.540  4.110e-14
3584.810  4.528e-14
3586.080  3.980e-14
3587.360  3.418e-14
3588.630  3.028e-14
3589.900  2.891e-14
3591.170  3.203e-14
3592.440  3.644e-14
3593.710  3.574e-14
3594.990  3.059e-14
3596.260  3.213e-14
3597.530  4.041e-14
3598.800  3.734e-14
3600.070  3.152e-14
3601.350  2.662e-14
3602.620  2.363e-14
3603.890  2.531e-14
3605.160  3.182e-14
3606.430  3.735e-14
3607.700  3.599e-14
3608.980  3.033e-14
3610.250  2.838e-14
3611.520  2.766e-14
3612.790  3.330e-14
3614.060  3.650e-14
3615.340  3.412e-14
3616.610  3.869e-14
3617.880  2.963e-14
3619.150  1.958e-14
3620.420  1.947e-14
3621.690  2.619e-14
3622.970  2.899e-14
3624.240  2.790e-14
3625.510  3.025e-14
3626.780  3.160e-14
3628.050  3.318e-14
3629.330  2.596e-14
3630.600  1.637e-14
3631.870  1.374e-14
3633.140  1.277e-14
3634.410  1.088e-14
3635.680  1.920e-14
3636.960  2.674e-14
3638.230  2.176e-14
3639.500  2.132e-14
3640.770  2.951e-14
3642.040  3.216e-14
3643.320  2.579e-14
3644.590  2.310e-14
3645.860  2.795e-14
3647.130  2.819e-14
3648.400  2.904e-14
3649.670  2.001e-14
3650.950  1.034e-14
3652.220  1.423e-14
3653.490  1.693e-14
3654.760  1.488e-14
3656.030  1.733e-14
3657.310  1.868e-14
3658.580  2.436e-14
3659.850  2.684e-14
3661.120  1.927e-14
3662.390  1.208e-14
3663.660  1.108e-14
3664.940  1.886e-14
3666.210  1.737e-14
3667.480  1.549e-14
3668.750  1.815e-14
3670.020  1.833e-14
3671.300  1.592e-14
3672.570  1.531e-14
3673.840  1.434e-14
3675.110  1.893e-14
3676.380  2.279e-14
3677.650  2.289e-14
3678.930  1.947e-14
3680.200  1.761e-14
3681.470  2.031e-14
3682.740  1.488e-14
3684.010  1.181e-14
3685.290  1.328e-14
3686.560  1.739e-14
3687.830  1.948e-14
3689.100  1.887e-14
3690.370  1.894e-14
3691.640  1.794e-14
3692.920  1.761e-14
3694.190  1.309e-14
3695.460  1.321e-14
3696.730  1.972e-14
3698.000  2.401e-14
3699.280  2.225e-14
3700.550  1.745e-14
3701.820  1.255e-14
3703.090  1.068e-14
3704.360  1.726e-14
3705.630  2.035e-14
3706.910  1.781e-14
3708.180  1.927e-14
3709.450  2.117e-14
3710.720  1.994e-14
3711.990  1.528e-14
3713.270  1.369e-14
3714.540  1.614e-14
3715.810  2.159e-14
3717.080  2.245e-14
3718.350  1.542e-14
3719.620  1.764e-14
3720.900  2.222e-14
3722.170  2.683e-14
3723.440  2.560e-14
3724.710  2.302e-14
3725.980  2.175e-14
3727.260  1.896e-14
3728.530  2.153e-14
3729.800  2.492e-14
3731.070  2.352e-14
3732.340  2.191e-14
3733.610  2.394e-14
3734.890  2.289e-14
3736.160  1.994e-14
3737.430  2.539e-14
3738.700  2.482e-14
3739.970  2.219e-14
3741.240  2.479e-14
3742.520  2.499e-14
3743.790  2.211e-14
3745.060  2.219e-14
3746.330  2.290e-14
3747.600  2.430e-14
3748.880  2.732e-14
3750.150  2.922e-14
3751.420  3.037e-14
3752.690  2.867e-14
3753.960  2.483e-14
3755.230  2.554e-14
3756.510  3.099e-14
3757.780  3.441e-14
3759.050  3.384e-14
3760.320  3.311e-14
3761.590  3.240e-14
3762.870  3.035e-14
3764.140  3.015e-14
3765.410  3.367e-14
3766.680  3.457e-14
3767.950  3.528e-14
3769.220  3.317e-14
3770.500  3.307e-14
3771.770  3.491e-14
3773.040  3.403e-14
3774.310  3.441e-14
3775.580  3.766e-14
3776.860  3.866e-14
3778.130  3.483e-14
3779.400  3.183e-14
3780.670  3.454e-14
3781.940  4.011e-14
3783.210  4.221e-14
3784.490  3.996e-14
3785.760  3.937e-14
3787.030  3.822e-14
3788.300  3.946e-14
3789.570  4.042e-14
3790.850  3.876e-14
3792.120  3.830e-14
3793.390  3.878e-14
3794.660  3.822e-14
3795.930  3.729e-14
3797.200  4.062e-14
3798.480  4.096e-14
3799.750  3.978e-14
3801.020  4.355e-14
3802.290  4.529e-14
3803.560  4.562e-14
3804.840  4.172e-14
3806.110  4.028e-14
3807.380  4.269e-14
3808.650  4.587e-14
3809.920  4.930e-14
3811.190  5.156e-14
3812.470  4.860e-14
3813.740  4.646e-14
3815.010  4.951e-14
3816.280  5.052e-14
3817.550  4.902e-14
3818.830  4.933e-14
3820.100  5.084e-14
3821.370  5.280e-14
3822.640  5.321e-14
3823.910  5.398e-14
3825.180  5.714e-14
3826.460  5.791e-14
3827.730  5.661e-14
3829.000  5.622e-14
3830.270  5.439e-14
3831.540  5.708e-14
3832.820  5.842e-14
3834.090  5.669e-14
3835.360  5.900e-14
3836.630  6.293e-14
3837.900  6.194e-14
3839.170  6.069e-14
3840.450  6.291e-14
3841.720  6.546e-14
3842.990  6.342e-14
3844.260  6.118e-14
3845.530  6.124e-14
3846.810  6.365e-14
3848.080  6.877e-14
3849.350  7.171e-14
3850.620  7.148e-14
3851.890  7.059e-14
3853.160  6.989e-14
3854.440  6.919e-14
3855.710  6.924e-14
3856.980  6.964e-14
3858.250  6.912e-14
3859.520  7.056e-14
3860.800  7.085e-14
3862.070  7.332e-14
3863.340  7.541e-14
3864.610  7.533e-14
3865.880  7.539e-14
3867.150  7.471e-14
3868.430  7.345e-14
3869.700  7.314e-14
3870.970  7.409e-14
3872.240  7.392e-14
3873.510  7.327e-14
3874.790  7.421e-14
3876.060  7.646e-14
3877.330  7.947e-14
3878.600  8.035e-14
3879.870  8.034e-14
3881.140  8.155e-14
3882.420  8.290e-14
3883.690  8.058e-14
3884.960  7.706e-14
3886.230  7.930e-14
3887.500  7.952e-14
3888.780  8.122e-14
3890.050  8.028e-14
3891.320  7.862e-14
3892.590  8.054e-14
3893.860  8.363e-14
3895.130  8.455e-14
3896.410  8.396e-14
3897.680  8.357e-14
3898.950  8.280e-14
3900.220  8.231e-14
3901.490  8.183e-14
3902.770  8.314e-14
3904.040  8.787e-14
3905.310  8.895e-14
3906.580  8.688e-14
3907.850  8.791e-14
3909.120  8.826e-14
3910.400  8.657e-14
3911.670  8.684e-14
3912.940  8.885e-14
3914.210  8.958e-14
3915.480  9.045e-14
3916.760  9.131e-14
3918.030  9.180e-14
3919.300  9.058e-14
3920.570  8.893e-14
3921.840  8.957e-14
3923.110  9.109e-14
3924.390  9.104e-14
3925.660  8.986e-14
3926.930  8.957e-14
3928.200  8.843e-14
3929.470  8.695e-14
3930.740  8.781e-14
3932.020  8.874e-14
3933.290  8.589e-14
3934.560  8.188e-14
3935.830  7.868e-14
3937.100  7.635e-14
3938.380  7.473e-14
3939.650  7.284e-14
3940.920  6.898e-14
3942.190  6.462e-14
3943.460  6.500e-14
3944.730  6.733e-14
3946.010  7.098e-14
3947.280  7.536e-14
3948.550  7.821e-14
3949.820  7.905e-14
3951.090  7.978e-14
3952.370  8.104e-14
3953.640  8.157e-14
3954.910  8.168e-14
3956.180  8.146e-14
3957.450  8.088e-14
3958.720  7.914e-14
3960.000  7.653e-14
3961.270  7.738e-14
3962.540  7.779e-14
3963.810  7.850e-14
3965.080  7.864e-14
3966.360  7.776e-14
3967.630  7.547e-14
3968.900  7.205e-14
3970.170  7.222e-14
3971.440  7.218e-14
3972.710  6.940e-14
3973.990  6.492e-14
3975.260  6.240e-14
3976.530  6.284e-14
3977.800  6.415e-14
3979.070  6.613e-14
3980.350  6.854e-14
3981.620  7.132e-14
3982.890  7.311e-14
3984.160  7.438e-14
3985.430  7.448e-14
3986.700  7.247e-14
3987.980  7.188e-14
3989.250  7.523e-14
3990.520  7.730e-14
3991.790  7.650e-14
3993.060  7.412e-14
3994.340  7.198e-14
3995.610  7.180e-14
3996.880  7.374e-14
3998.150  7.565e-14
3999.420  7.700e-14
4000.690  7.850e-14
4001.970  7.955e-14
4003.240  7.880e-14
4004.510  7.710e-14
4005.780  7.746e-14
4007.050  8.036e-14
4008.330  8.182e-14
4009.600  8.100e-14
4010.870  8.015e-14
4012.140  8.036e-14
4013.410  7.988e-14
4014.680  7.832e-14
4015.960  7.833e-14
4017.230  7.987e-14
4018.500  8.300e-14
4019.770  8.318e-14
4021.040  8.299e-14
4022.320  8.506e-14
4023.590  8.728e-14
4024.860  8.781e-14
4026.130  8.546e-14
4027.400  8.660e-14
4028.670  8.912e-14
4029.950  9.087e-14
4031.220  9.158e-14
4032.490  9.056e-14
4033.760  8.900e-14
4035.030  8.952e-14
4036.310  8.859e-14
4037.580  9.025e-14
4038.850  9.146e-14
4040.120  9.097e-14
4041.390  9.052e-14
4042.660  8.915e-14
4043.940  8.745e-14
4045.210  8.924e-14
4046.480  9.088e-14
4047.750  9.072e-14
4049.020  9.181e-14
4050.300  9.391e-14
4051.570  9.437e-14
4052.840  9.386e-14
4054.110  9.271e-14
4055.380  9.319e-14
4056.650  9.178e-14
4057.930  9.275e-14
4059.200  9.516e-14
4060.470  9.432e-14
4061.740  9.323e-14
4063.010  9.354e-14
4064.290  9.593e-14
4065.560  9.754e-14
4066.830  9.671e-14
4068.100  9.413e-14
4069.370  9.302e-14
4070.640  9.547e-14
4071.920  9.710e-14
4073.190  9.331e-14
4074.460  9.206e-14
4075.730  9.318e-14
4077.000  9.449e-14
4078.280  9.436e-14
4079.550  9.344e-14
4080.820  9.557e-14
4082.090  9.662e-14
4083.360  9.448e-14
4084.630  9.451e-14
4085.910  9.440e-14
4087.180  9.178e-14
4088.450  8.971e-14
4089.720  8.923e-14
4090.990  8.928e-14
4092.270  8.997e-14
4093.540  8.947e-14
4094.810  8.846e-14
4096.080  8.816e-14
4097.350  8.778e-14
4098.620  8.703e-14
4099.900  8.785e-14
4101.170  8.905e-14
4102.440  8.820e-14
4103.710  8.639e-14
4104.980  8.553e-14
4106.260  8.592e-14
4107.530  8.589e-14
4108.800  8.449e-14
4110.070  8.542e-14
4111.340  8.721e-14
4112.610  8.668e-14
4113.890  8.558e-14
4115.160  8.545e-14
4116.430  8.491e-14
4117.700  8.423e-14
4118.970  8.478e-14
4120.250  8.564e-14
4121.520  8.573e-14
4122.790  8.392e-14
4124.060  8.336e-14
4125.330  8.449e-14
4126.600  8.355e-14
4127.880  8.328e-14
4129.150  8.301e-14
4130.420  8.462e-14
4131.690  8.588e-14
4132.960  8.549e-14
4134.230  8.462e-14
4135.510  8.313e-14
4136.780  8.070e-14
4138.050  8.053e-14
4139.320  8.255e-14
4140.590  8.344e-14
4141.870  8.313e-14
4143.140  8.241e-14
4144.410  8.127e-14
4145.680  8.091e-14
4146.950  8.130e-14
4148.220  8.195e-14
4149.500  8.209e-14
4150.770  8.198e-14
4152.040  8.265e-14
4153.310  8.282e-14
4154.580  8.091e-14
4155.860  8.032e-14
4157.130  8.175e-14
4158.400  8.195e-14
4159.670  8.013e-14
4160.940  7.887e-14
4162.210  7.899e-14
4163.490  7.894e-14
4164.760  7.898e-14
4166.030  7.871e-14
4167.300  7.803e-14
4168.570  7.747e-14
4169.850  7.674e-14
4171.120  7.543e-14
4172.390  7.472e-14
4173.660  7.512e-14
4174.930  7.353e-14
4176.200  7.229e-14
4177.480  7.306e-14
4178.750  7.357e-14
4180.020  7.374e-14
4181.290  7.448e-14
4182.560  7.367e-14
4183.840  7.147e-14
4185.110  6.882e-14
4186.380  6.767e-14
4187.650  6.855e-14
4188.920  6.915e-14
4190.190  6.882e-14
4191.470  6.908e-14
4192.740  6.860e-14
4194.010  6.769e-14
4195.280  6.692e-14
4196.550  6.651e-14
4197.830  6.743e-14
4199.100  6.797e-14
4200.370  6.658e-14
4201.640  6.635e-14
4202.910  6.593e-14
4204.180  6.534e-14
4205.460  6.488e-14
4206.730  6.487e-14
4208.000  6.518e-14
4209.270  6.527e-14
4210.540  6.480e-14
4211.820  6.383e-14
4213.090  6.374e-14
4214.360  6.367e-14
4215.630  6.230e-14
4216.900  6.190e-14
4218.170  6.280e-14
4219.450  6.171e-14
4220.720  6.080e-14
4221.990  6.182e-14
4223.260  6.235e-14
4224.530  6.079e-14
4225.810  5.890e-14
4227.080  5.806e-14
4228.350  5.755e-14
4229.620  5.744e-14
4230.890  5.742e-14
4232.160  5.650e-14
4233.440  5.553e-14
4234.710  5.509e-14
4235.980  5.476e-14
4237.250  5.432e-14
4238.520  5.429e-14
4239.800  5.525e-14
4241.070  5.562e-14
4242.340  5.508e-14
4243.610  5.484e-14
4244.880  5.480e-14
4246.150  5.447e-14
4247.430  5.430e-14
4248.700  5.356e-14
4249.970  5.278e-14
4251.240  5.192e-14
4252.510  5.146e-14
4253.790  5.173e-14
4255.060  5.148e-14
4256.330  5.053e-14
4257.600  5.114e-14
4258.870  5.105e-14
4260.140  5.081e-14
4261.420  5.083e-14
4262.690  5.028e-14
4263.960  4.960e-14
4265.230  5.018e-14
4266.500  5.170e-14
4267.780  5.266e-14
4269.050  5.149e-14
4270.320  5.075e-14
4271.590  5.140e-14
4272.860  5.219e-14
4274.130  5.220e-14
4275.410  5.155e-14
4276.680  5.175e-14
4277.950  5.321e-14
4279.220  5.324e-14
4280.490  5.288e-14
4281.770  5.342e-14
4283.040  5.382e-14
4284.310  5.409e-14
4285.580  5.534e-14
4286.850  5.635e-14
4288.120  5.708e-14
4289.400  5.660e-14
4290.670  5.613e-14
4291.940  5.678e-14
4293.210  5.747e-14
4294.480  5.816e-14
4295.760  5.871e-14
4297.030  5.823e-14
4298.300  5.785e-14
4299.570  5.903e-14
4300.840  6.013e-14
4302.110  5.940e-14
4303.390  5.891e-14
4304.660  5.987e-14
4305.930  6.071e-14
4307.200  6.085e-14
4308.470  6.109e-14
4309.750  6.149e-14
4311.020  6.169e-14
4312.290  6.187e-14
4313.560  6.200e-14
4314.830  6.249e-14
4316.100  6.312e-14
4317.380  6.318e-14
4318.650  6.268e-14
4319.920  6.271e-14
4321.190  6.392e-14
4322.460  6.528e-14
4323.730  6.568e-14
4325.010  6.596e-14
4326.280  6.693e-14
4327.550  6.714e-14
4328.820  6.692e-14
4330.090  6.738e-14
4331.370  6.647e-14
4332.640  6.498e-14
4333.910  6.560e-14
4335.180  6.668e-14
4336.450  6.721e-14
4337.720  6.749e-14
4339.000  6.827e-14
4340.270  6.991e-14
4341.540  7.013e-14
4342.810  6.943e-14
4344.080  6.990e-14
4345.360  7.044e-14
4346.630  7.026e-14
4347.900  7.086e-14
4349.170  7.249e-14
4350.440  7.315e-14
4351.710  7.279e-14
4352.990  7.258e-14
4354.260  7.226e-14
4355.530  7.160e-14
4356.800  7.109e-14
4358.070  7.092e-14
4359.350  7.065e-14
4360.620  7.046e-14
4361.890  7.106e-14
4363.160  7.104e-14
4364.430  6.950e-14
4365.700  6.884e-14
4366.980  6.996e-14
4368.250  6.981e-14
4369.520  6.914e-14
4370.790  6.911e-14
4372.060  6.926e-14
4373.340  6.914e-14
4374.610  6.863e-14
4375.880  6.753e-14
4377.150  6.647e-14
4378.420  6.710e-14
4379.690  6.850e-14
4380.970  6.844e-14
4382.240  6.773e-14
4383.510  6.773e-14
4384.780  6.720e-14
4386.050  6.572e-14
4387.330  6.598e-14
4388.600  6.608e-14
4389.870  6.564e-14
4391.140  6.468e-14
4392.410  6.473e-14
4393.680  6.591e-14
4394.960  6.611e-14
4396.230  6.515e-14
4397.500  6.528e-14
4398.770  6.677e-14
4400.040  6.849e-14
4401.320  6.874e-14
4402.590  6.778e-14
4403.860  6.731e-14
4405.130  6.745e-14
4406.400  6.702e-14
4407.670  6.688e-14
4408.950  6.711e-14
4410.220  6.715e-14
4411.490  6.824e-14
4412.760  6.995e-14
4414.030  7.001e-14
4415.310  6.976e-14
4416.580  6.983e-14
4417.850  7.044e-14
4419.120  7.148e-14
4420.390  7.256e-14
4421.660  7.275e-14
4422.940  7.187e-14
4424.210  7.152e-14
4425.480  7.219e-14
4426.750  7.234e-14
4428.020  7.194e-14
4429.300  7.235e-14
4430.570  7.331e-14
4431.840  7.396e-14
4433.110  7.501e-14
4434.380  7.614e-14
4435.650  7.634e-14
4436.930  7.725e-14
4438.200  7.900e-14
4439.470  7.998e-14
4440.740  7.988e-14
4442.010  8.004e-14
4443.290  8.108e-14
4444.560  8.270e-14
4445.830  8.367e-14
4447.100  8.490e-14
4448.370  8.572e-14
4449.640  8.549e-14
4450.920  8.553e-14
4452.190  8.589e-14
4453.460  8.616e-14
4454.730  8.684e-14
4456.000  8.823e-14
4457.280  8.902e-14
4458.550  8.931e-14
4459.820  9.005e-14
4461.090  9.048e-14
4462.360  9.095e-14
4463.630  9.169e-14
4464.910  9.192e-14
4466.180  9.128e-14
4467.450  9.138e-14
4468.720  9.302e-14
4469.990  9.465e-14
4471.270  9.573e-14
4472.540  9.589e-14
4473.810  9.610e-14
4475.080  9.532e-14
4476.350  9.409e-14
4477.620  9.409e-14
4478.900  9.480e-14
4480.170  9.511e-14
4481.440  9.539e-14
4482.710  9.560e-14
4483.980  9.623e-14
4485.260  9.747e-14
4486.530  9.761e-14
4487.800  9.653e-14
4489.070  9.701e-14
4490.340  9.737e-14
4491.610  9.642e-14
4492.890  9.630e-14
4494.160  9.717e-14
4495.430  9.737e-14
4496.700  9.676e-14
4497.970  9.659e-14
4499.250  9.707e-14
4500.520  9.745e-14
4501.790  9.660e-14
4503.060  9.500e-14
4504.330  9.385e-14
4505.600  9.389e-14
4506.880  9.503e-14
4508.150  9.630e-14
4509.420  9.684e-14
4510.690  9.671e-14
4511.960  9.605e-14
4513.230  9.559e-14
4514.510  9.595e-14
4515.780  9.661e-14
4517.050  9.646e-14
4518.320  9.528e-14
4519.590  9.520e-14
4520.870  9.589e-14
4522.140  9.651e-14
4523.410  9.641e-14
4524.680  9.574e-14
4525.950  9.545e-14
4527.220  9.474e-14
4528.500  9.458e-14
4529.770  9.404e-14
4531.040  9.455e-14
4532.310  9.661e-14
4533.580  9.833e-14
4534.860  9.858e-14
4536.130  9.820e-14
4537.400  9.939e-14
4538.670  9.963e-14
4539.940  9.911e-14
4541.210  9.871e-14
4542.490  9.836e-14
4543.760  9.845e-14
4545.030  9.882e-14
4546.300  9.838e-14
4547.570  9.858e-14
4548.850  9.826e-14
4550.120  9.797e-14
4551.390  9.822e-14
4552.660  9.842e-14
4553.930  9.887e-14
4555.200  9.803e-14
4556.480  9.729e-14
4557.750  9.731e-14
4559.020  9.741e-14
4560.290  9.690e-14
4561.560  9.627e-14
4562.840  9.651e-14
4564.110  9.714e-14
4565.380  9.752e-14
4566.650  9.777e-14
4567.920  9.805e-14
4569.190  9.749e-14
4570.470  9.665e-14
4571.740  9.691e-14
4573.010  9.665e-14
4574.280  9.582e-14
4575.550  9.627e-14
4576.830  9.706e-14
4578.100  9.655e-14
4579.370  9.567e-14
4580.640  9.580e-14
4581.910  9.541e-14
4583.180  9.359e-14
4584.460  9.235e-14
4585.730  9.254e-14
4587.000  9.217e-14
4588.270  9.031e-14
4589.540  8.899e-14
4590.820  8.931e-14
4592.090  8.903e-14
4593.360  8.845e-14
4594.630  8.817e-14
4595.900  8.901e-14
4597.170  8.953e-14
4598.450  8.866e-14
4599.720  8.774e-14
4600.990  8.695e-14
4602.260  8.736e-14
4603.530  8.796e-14
4604.810  8.752e-14
4606.080  8.682e-14
4607.350  8.660e-14
4608.620  8.630e-14
4609.890  8.560e-14
4611.160  8.454e-14
4612.440  8.394e-14
4613.710  8.352e-14
4614.980  8.298e-14
4616.250  8.297e-14
4617.520  8.345e-14
4618.800  8.339e-14
4620.070  8.314e-14
4621.340  8.197e-14
4622.610  8.085e-14
4623.880  8.078e-14
4625.150  8.100e-14
4626.430  8.055e-14
4627.700  7.987e-14
4628.970  7.973e-14
4630.240  8.069e-14
4631.510  8.173e-14
4632.790  8.192e-14
4634.060  8.108e-14
4635.330  8.024e-14
4636.600  8.045e-14
4637.870  8.070e-14
4639.140  7.995e-14
4640.420  7.996e-14
4641.690  8.010e-14
4642.960  7.926e-14
4644.230  7.812e-14
4645.500  7.850e-14
4646.780  8.030e-14
4648.050  8.022e-14
4649.320  8.061e-14
4650.590  8.090e-14
4651.860  8.061e-14
4653.130  7.984e-14
4654.410  7.851e-14
4655.680  7.789e-14
4656.950  7.938e-14
4658.220  7.990e-14
4659.490  7.909e-14
4660.770  7.880e-14
4662.040  7.979e-14
4663.310  8.062e-14
4664.580  8.015e-14
4665.850  7.964e-14
4667.120  7.985e-14
4668.400  8.055e-14
4669.670  7.939e-14
4670.940  7.912e-14
4672.210  8.043e-14
4673.480  8.002e-14
4674.760  7.966e-14
4676.030  7.984e-14
4677.300  7.905e-14
4678.570  7.826e-14
4679.840  7.783e-14
4681.110  7.789e-14
4682.390  7.817e-14
4683.660  7.755e-14
4684.930  7.738e-14
4686.200  7.798e-14
4687.470  7.825e-14
4688.750  7.869e-14
4690.020  7.885e-14
4691.290  7.782e-14
4692.560  7.685e-14
4693.830  7.698e-14
4695.100  7.735e-14
4696.380  7.758e-14
4697.650  7.691e-14
4698.920  7.566e-14
4700.190  7.565e-14
4701.460  7.682e-14
4702.730  7.656e-14
4704.010  7.575e-14
4705.280  7.537e-14
4706.550  7.464e-14
4707.820  7.438e-14
4709.090  7.493e-14
4710.370  7.533e-14
4711.640  7.567e-14
4712.910  7.560e-14
4714.180  7.484e-14
4715.450  7.435e-14
4716.720  7.492e-14
4718.000  7.526e-14
4719.270  7.553e-14
4720.540  7.716e-14
4721.810  7.731e-14
4723.080  7.710e-14
4724.360  7.696e-14
4725.630  7.636e-14
4726.900  7.597e-14
4728.170  7.681e-14
4729.440  7.812e-14
4730.710  7.854e-14
4731.990  7.849e-14
4733.260  7.842e-14
4734.530  7.909e-14
4735.800  8.069e-14
4737.070  8.178e-14
4738.350  8.174e-14
4739.620  8.201e-14
4740.890  8.163e-14
4742.160  8.173e-14
4743.430  8.228e-14
4744.700  8.278e-14
4745.980  8.336e-14
4747.250  8.440e-14
4748.520  8.562e-14
4749.790  8.584e-14
4751.060  8.509e-14
4752.340  8.466e-14
4753.610  8.493e-14
4754.880  8.465e-14
4756.150  8.399e-14
4757.420  8.418e-14
4758.690  8.379e-14
4759.970  8.321e-14
4761.240  8.280e-14
4762.510  8.270e-14
4763.780  8.271e-14
4765.050  8.322e-14
4766.330  8.411e-14
4767.600  8.374e-14
4768.870  8.270e-14
4770.140  8.214e-14
4771.410  8.124e-14
4772.680  8.026e-14
4773.960  8.078e-14
4775.230  8.200e-14
4776.500  8.142e-14
4777.770  8.051e-14
4779.040  7.989e-14
4780.320  7.998e-14
4781.590  7.933e-14
4782.860  7.726e-14
4784.130  7.588e-14
4785.400  7.627e-14
4786.670  7.593e-14
4787.950  7.566e-14
4789.220  7.541e-14
4790.490  7.475e-14
4791.760  7.381e-14
4793.030  7.399e-14
4794.310  7.524e-14
4795.580  7.466e-14
4796.850  7.348e-14
4798.120  7.192e-14
4799.390  7.118e-14
4800.660  7.089e-14
4801.940  7.007e-14
4803.210  6.955e-14
4804.480  7.003e-14
4805.750  6.982e-14
4807.020  6.914e-14
4808.300  6.791e-14
4809.570  6.591e-14
4810.840  6.514e-14
4812.110  6.591e-14
4813.380  6.589e-14
4814.650  6.656e-14
4815.930  6.609e-14
4817.200  6.450e-14
4818.470  6.344e-14
4819.740  6.389e-14
4821.010  6.466e-14
4822.290  6.469e-14
4823.560  6.510e-14
4824.830  6.465e-14
4826.100  6.353e-14
4827.370  6.419e-14
4828.640  6.511e-14
4829.920  6.465e-14
4831.190  6.429e-14
4832.460  6.447e-14
4833.730  6.545e-14
4835.000  6.650e-14
4836.280  6.684e-14
4837.550  6.631e-14
4838.820  6.580e-14
4840.090  6.617e-14
4841.360  6.703e-14
4842.630  6.780e-14
4843.910  6.807e-14
4845.180  6.815e-14
4846.450  6.854e-14
4847.720  6.852e-14
4848.990  6.772e-14
4850.270  6.747e-14
4851.540  6.840e-14
4852.810  6.913e-14
4854.080  6.976e-14
4855.350  7.018e-14
4856.620  7.026e-14
4857.900  7.057e-14
4859.170  7.088e-14
4860.440  7.034e-14
4861.710  7.120e-14
4862.980  7.215e-14
4864.260  7.205e-14
4865.530  7.182e-14
4866.800  7.233e-14
4868.070  7.302e-14
4869.340  7.334e-14
4870.610  7.346e-14
4871.890  7.375e-14
4873.160  7.372e-14
4874.430  7.343e-14
4875.700  7.345e-14
4876.970  7.384e-14
4878.250  7.419e-14
4879.520  7.433e-14
4880.790  7.408e-14
4882.060  7.480e-14
4883.330  7.586e-14
4884.600  7.563e-14
4885.880  7.493e-14
4887.150  7.591e-14
4888.420  7.742e-14
4889.690  7.689e-14
4890.960  7.665e-14
4892.230  7.766e-14
4893.510  7.822e-14
4894.780  7.803e-14
4896.050  7.813e-14
4897.320  7.804e-14
4898.590  7.793e-14
4899.870  7.816e-14
4901.140  7.840e-14
4902.410  7.832e-14
4903.680  7.921e-14
4904.950  8.100e-14
4906.220  8.067e-14
4907.500  7.854e-14
4908.770  7.864e-14
4910.040  8.044e-14
4911.310  8.159e-14
4912.580  8.218e-14
4913.860  8.262e-14
4915.130  8.190e-14
4916.400  8.093e-14
4917.670  8.165e-14
4918.940  8.185e-14
4920.210  8.181e-14
4921.490  8.203e-14
4922.760  8.220e-14
4924.030  8.234e-14
4925.300  8.202e-14
4926.570  8.113e-14
4927.850  8.120e-14
4929.120  8.220e-14
4930.390  8.323e-14
4931.660  8.372e-14
4932.930  8.389e-14
4934.200  8.409e-14
4935.480  8.398e-14
4936.750  8.380e-14
4938.020  8.420e-14
4939.290  8.482e-14
4940.560  8.513e-14
4941.840  8.569e-14
4943.110  8.658e-14
4944.380  8.620e-14
4945.650  8.579e-14
4946.920  8.581e-14
4948.190  8.634e-14
4949.470  8.739e-14
4950.740  8.848e-14
4952.010  8.882e-14
4953.280  8.847e-14
4954.550  8.870e-14
4955.830  8.954e-14
4957.100  9.007e-14
4958.370  9.054e-14
4959.640  9.049e-14
4960.910  8.990e-14
4962.180  9.081e-14
4963.460  9.187e-14
4964.730  9.154e-14
4966.000  9.136e-14
4967.270  9.206e-14
4968.540  9.230e-14
4969.820  9.258e-14
4971.090  9.450e-14
4972.360  9.533e-14
4973.630  9.447e-14
4974.900  9.538e-14
4976.170  9.591e-14
4977.450  9.490e-14
4978.720  9.491e-14
4979.990  9.668e-14
4981.260  9.808e-14
4982.530  9.768e-14
4983.810  9.695e-14
4985.080  9.730e-14
4986.350  9.849e-14
4987.620  9.949e-14
4988.890  9.985e-14
4990.160  1.000e-13
4991.440  1.008e-13
4992.710  1.030e-13
4993.980  1.036e-13
4995.250  1.034e-13
4996.520  1.042e-13
4997.800  1.049e-13
4999.070  1.045e-13
5000.340  1.054e-13
5001.610  1.073e-13
5002.880  1.090e-13
5004.150  1.088e-13
5005.430  1.080e-13
5006.700  1.091e-13
5007.970  1.114e-13
5009.240  1.119e-13
5010.510  1.112e-13
5011.790  1.113e-13
5013.060  1.125e-13
5014.330  1.139e-13
5015.600  1.148e-13
5016.870  1.148e-13
5018.140  1.142e-13
5019.420  1.139e-13
5020.690  1.148e-13
5021.960  1.167e-13
5023.230  1.173e-13
5024.500  1.162e-13
5025.780  1.162e-13
5027.050  1.180e-13
5028.320  1.192e-13
5029.590  1.197e-13
5030.860  1.199e-13
5032.130  1.201e-13
5033.410  1.203e-13
5034.680  1.203e-13
5035.950  1.203e-13
5037.220  1.203e-13
5038.490  1.212e-13
5039.770  1.222e-13
5041.040  1.226e-13
5042.310  1.234e-13
5043.580  1.243e-13
5044.850  1.244e-13
5046.120  1.248e-13
5047.400  1.258e-13
5048.670  1.260e-13
5049.940  1.258e-13
5051.210  1.263e-13
5052.480  1.271e-13
5053.760  1.276e-13
5055.030  1.288e-13
5056.300  1.297e-13
5057.570  1.305e-13
5058.840  1.302e-13
5060.110  1.297e-13
5061.390  1.305e-13
5062.660  1.325e-13
5063.930  1.345e-13
5065.200  1.354e-13
5066.470  1.351e-13
5067.750  1.348e-13
5069.020  1.345e-13
5070.290  1.342e-13
5071.560  1.345e-13
5072.830  1.358e-13
5074.100  1.367e-13
5075.380  1.368e-13
5076.650  1.364e-13
5077.920  1.354e-13
5079.190  1.347e-13
5080.460  1.351e-13
5081.730  1.361e-13
5083.010  1.368e-13
5084.280  1.368e-13
5085.550  1.375e-13
5086.820  1.375e-13
5088.090  1.372e-13
5089.370  1.368e-13
5090.640  1.363e-13
5091.910  1.369e-13
5093.180  1.375e-13
5094.450  1.366e-13
5095.720  1.369e-13
5097.000  1.375e-13
5098.270  1.378e-13
5099.540  1.373e-13
5100.810  1.349e-13
5102.080  1.340e-13
5103.360  1.349e-13
5104.630  1.347e-13
5105.900  1.345e-13
5107.170  1.358e-13
5108.440  1.372e-13
5109.710  1.372e-13
5110.990  1.361e-13
5112.260  1.366e-13
5113.530  1.382e-13
5114.800  1.396e-13
5116.070  1.402e-13
5117.350  1.399e-13
5118.620  1.399e-13
5119.890  1.406e-13
5121.160  1.396e-13
5122.430  1.394e-13
5123.700  1.415e-13
5124.980  1.432e-13
5126.250  1.436e-13
5127.520  1.435e-13
5128.790  1.429e-13
5130.060  1.444e-13
5131.340  1.464e-13
5132.610  1.462e-13
5133.880  1.466e-13
5135.150  1.478e-13
5136.420  1.474e-13
5137.690  1.466e-13
5138.970  1.471e-13
5140.240  1.477e-13
5141.510  1.501e-13
5142.780  1.515e-13
5144.050  1.508e-13
5145.330  1.501e-13
5146.600  1.502e-13
5147.870  1.510e-13
5149.140  1.511e-13
5150.410  1.510e-13
5151.680  1.515e-13
5152.960  1.516e-13
5154.230  1.507e-13
5155.500  1.504e-13
5156.770  1.512e-13
5158.040  1.512e-13
5159.320  1.512e-13
5160.590  1.507e-13
5161.860  1.501e-13
5163.130  1.499e-13
5164.400  1.496e-13
5165.670  1.490e-13
5166.950  1.484e-13
5168.220  1.476e-13
5169.490  1.478e-13
5170.760  1.491e-13
5172.030  1.487e-13
5173.310  1.466e-13
5174.580  1.458e-13
5175.850  1.464e-13
5177.120  1.456e-13
5178.390  1.439e-13
5179.660  1.421e-13
5180.940  1.416e-13
5182.210  1.410e-13
5183.480  1.393e-13
5184.750  1.382e-13
5186.020  1.376e-13
5187.300  1.370e-13
5188.570  1.365e-13
5189.840  1.356e-13
5191.110  1.346e-13
5192.380  1.340e-13
5193.650  1.327e-13
5194.930  1.305e-13
5196.200  1.285e-13
5197.470  1.276e-13
5198.740  1.274e-13
5200.010  1.262e-13
5201.290  1.245e-13
5202.560  1.243e-13
5203.830  1.247e-13
5205.100  1.247e-13
5206.370  1.240e-13
5207.640  1.229e-13
5208.920  1.214e-13
5210.190  1.206e-13
5211.460  1.204e-13
5212.730  1.194e-13
5214.000  1.175e-13
5215.280  1.161e-13
5216.550  1.156e-13
5217.820  1.158e-13
5219.090  1.166e-13
5220.360  1.170e-13
5221.630  1.162e-13
5222.910  1.154e-13
5224.180  1.156e-13
5225.450  1.151e-13
5226.720  1.143e-13
5227.990  1.150e-13
5229.270  1.158e-13
5230.540  1.147e-13
5231.810  1.138e-13
5233.080  1.136e-13
5234.350  1.134e-13
5235.620  1.134e-13
5236.900  1.143e-13
5238.170  1.151e-13
5239.440  1.148e-13
5240.710  1.145e-13
5241.980  1.143e-13
5243.260  1.142e-13
5244.530  1.149e-13
5245.800  1.153e-13
5247.070  1.154e-13
5248.340  1.157e-13
5249.610  1.155e-13
5250.890  1.154e-13
5252.160  1.161e-13
5253.430  1.160e-13
5254.700  1.154e-13
5255.970  1.160e-13
5257.250  1.172e-13
5258.520  1.175e-13
5259.790  1.172e-13
5261.060  1.167e-13
5262.330  1.178e-13
5263.600  1.192e-13
5264.880  1.195e-13
5266.150  1.188e-13
5267.420  1.186e-13
5268.690  1.202e-13
5269.960  1.209e-13
5271.240  1.202e-13
5272.510  1.207e-13
5273.780  1.217e-13
5275.050  1.220e-13
5276.320  1.226e-13
5277.590  1.238e-13
5278.870  1.240e-13
5280.140  1.236e-13
5281.410  1.239e-13
5282.680  1.245e-13
5283.950  1.249e-13
5285.220  1.256e-13
5286.500  1.265e-13
5287.770  1.269e-13
5289.040  1.282e-13
5290.310  1.291e-13
5291.580  1.294e-13
5292.860  1.297e-13
5294.130  1.300e-13
5295.400  1.302e-13
5296.670  1.316e-13
5297.940  1.329e-13
5299.210  1.333e-13
5300.490  1.331e-13
5301.760  1.334e-13
5303.030  1.341e-13
5304.300  1.347e-13
5305.570  1.349e-13
5306.850  1.348e-13
5308.120  1.342e-13
5309.390  1.334e-13
5310.660  1.342e-13
5311.930  1.359e-13
5313.200  1.363e-13
5314.480  1.369e-13
5315.750  1.375e-13
5317.020  1.380e-13
5318.290  1.381e-13
5319.560  1.385e-13
5320.840  1.388e-13
5322.110  1.384e-13
5323.380  1.378e-13
5324.650  1.382e-13
5325.920  1.393e-13
5327.190  1.399e-13
5328.470  1.399e-13
5329.740  1.399e-13
5331.010  1.404e-13
5332.280  1.408e-13
5333.550  1.401e-13
5334.830  1.394e-13
5336.100  1.388e-13
5337.370  1.392e-13
5338.640  1.405e-13
5339.910  1.409e-13
5341.180  1.403e-13
5342.460  1.399e-13
5343.730  1.396e-13
5345.000  1.388e-13
5346.270  1.381e-13
5347.540  1.379e-13
5348.820  1.383e-13
5350.090  1.391e-13
5351.360  1.397e-13
5352.630  1.404e-13
5353.900  1.412e-13
5355.170  1.409e-13
5356.450  1.402e-13
5357.720  1.397e-13
5358.990  1.393e-13
5360.260  1.388e-13
5361.530  1.381e-13
5362.810  1.365e-13
5364.080  1.347e-13
5365.350  1.342e-13
5366.620  1.352e-13
5367.890  1.362e-13
5369.160  1.355e-13
5370.440  1.341e-13
5371.710  1.328e-13
5372.980  1.334e-13
5374.250  1.336e-13
5375.520  1.320e-13
5376.800  1.305e-13
5378.070  1.305e-13
5379.340  1.304e-13
5380.610  1.296e-13
5381.880  1.291e-13
5383.150  1.295e-13
5384.430  1.287e-13
5385.700  1.274e-13
5386.970  1.275e-13
5388.240  1.278e-13
5389.510  1.264e-13
5390.790  1.263e-13
5392.060  1.262e-13
5393.330  1.253e-13
5394.600  1.247e-13
5395.870  1.241e-13
5397.140  1.229e-13
5398.420  1.235e-13
5399.690  1.251e-13
5400.960  1.252e-13
5402.230  1.245e-13
5403.500  1.236e-13
5404.780  1.226e-13
5406.050  1.220e-13
5407.320  1.230e-13
5408.590  1.238e-13
5409.860  1.237e-13
5411.130  1.228e-13
5412.410  1.217e-13
5413.680  1.217e-13
5414.950  1.231e-13
5416.220  1.237e-13
5417.490  1.235e-13
5418.770  1.244e-13
5420.040  1.259e-13
5421.310  1.267e-13
5422.580  1.265e-13
5423.850  1.263e-13
5425.120  1.270e-13
5426.400  1.280e-13
5427.670  1.287e-13
5428.940  1.296e-13
5430.210  1.303e-13
5431.480  1.306e-13
5432.760  1.314e-13
5434.030  1.327e-13
5435.300  1.335e-13
5436.570  1.336e-13
5437.840  1.343e-13
5439.110  1.360e-13
5440.390  1.372e-13
5441.660  1.380e-13
5442.930  1.394e-13
5444.200  1.404e-13
5445.470  1.404e-13
5446.750  1.397e-13
5448.020  1.406e-13
5449.290  1.422e-13
5450.560  1.428e-13
5451.830  1.431e-13
5453.100  1.445e-13
5454.380  1.471e-13
5455.650  1.487e-13
5456.920  1.493e-13
5458.190  1.500e-13
5459.460  1.518e-13
5460.740  1.534e-13
5462.010  1.540e-13
5463.280  1.548e-13
5464.550  1.567e-13
5465.820  1.582e-13
5467.090  1.591e-13
5468.370  1.600e-13
5469.640  1.605e-13
5470.910  1.606e-13
5472.180  1.618e-13
5473.450  1.643e-13
5474.720  1.656e-13
5476.000  1.661e-13
5477.270  1.672e-13
5478.540  1.681e-13
5479.810  1.682e-13
5481.080  1.683e-13
5482.360  1.691e-13
5483.630  1.700e-13
5484.900  1.714e-13
5486.170  1.722e-13
5487.440  1.720e-13
5488.710  1.722e-13
5489.990  1.731e-13
5491.260  1.728e-13
5492.530  1.727e-13
5493.800  1.736e-13
5495.070  1.748e-13
5496.350  1.760e-13
5497.620  1.774e-13
5498.890  1.781e-13
5500.160  1.775e-13
5501.430  1.775e-13
5502.700  1.767e-13
5503.980  1.740e-13
5505.250  1.724e-13
5506.520  1.729e-13
5507.790  1.729e-13
5509.060  1.716e-13
5510.340  1.711e-13
5511.610  1.718e-13
5512.880  1.718e-13
5514.150  1.708e-13
5515.420  1.707e-13
5516.690  1.716e-13
5517.970  1.714e-13
5519.240  1.697e-13
5520.510  1.690e-13
5521.780  1.694e-13
5523.050  1.696e-13
5524.330  1.691e-13
5525.600  1.681e-13
5526.870  1.670e-13
5528.140  1.665e-13
5529.410  1.656e-13
5530.680  1.655e-13
5531.960  1.653e-13
5533.230  1.660e-13
5534.500  1.671e-13
5535.770  1.672e-13
5537.040  1.671e-13
5538.320  1.675e-13
5539.590  1.676e-13
5540.860  1.669e-13
5542.130  1.665e-13
5543.400  1.666e-13
5544.670  1.669e-13
5545.950  1.679e-13
5547.220  1.692e-13
5548.490  1.706e-13
5549.760  1.708e-13
5551.030  1.707e-13
5552.310  1.717e-13
5553.580  1.732e-13
5554.850  1.736e-13
5556.120  1.740e-13
5557.390  1.746e-13
5558.660  1.748e-13
5559.940  1.748e-13
5561.210  1.754e-13
5562.480  1.772e-13
5563.750  1.796e-13
5565.020  1.802e-13
5566.300  1.794e-13
5567.570  1.799e-13
5568.840  1.808e-13
5570.110  1.815e-13
5571.380  1.819e-13
5572.650  1.822e-13
5573.930  1.824e-13
5575.200  1.815e-13
5576.470  1.828e-13
5577.740  1.847e-13
5579.010  1.852e-13
5580.290  1.847e-13
5581.560  1.851e-13
5582.830  1.861e-13
5584.100  1.859e-13
5585.370  1.844e-13
5586.640  1.840e-13
5587.920  1.852e-13
5589.190  1.867e-13
5590.460  1.879e-13
5591.730  1.888e-13
5593.000  1.889e-13
5594.280  1.883e-13
5595.550  1.884e-13
5596.820  1.887e-13
5598.090  1.886e-13
5599.360  1.889e-13
5600.630  1.900e-13
5601.910  1.898e-13
5603.180  1.887e-13
5604.450  1.889e-13
5605.720  1.896e-13
5606.990  1.905e-13
5608.270  1.905e-13
5609.540  1.895e-13
5610.810  1.896e-13
5612.080  1.903e-13
5613.350  1.897e-13
5614.620  1.896e-13
5615.900  1.911e-13
5617.170  1.923e-13
5618.440  1.915e-13
5619.710  1.904e-13
5620.980  1.907e-13
5622.260  1.906e-13
5623.530  1.893e-13
5624.800  1.903e-13
5626.070  1.921e-13
5627.340  1.921e-13
5628.610  1.916e-13
5629.890  1.915e-13
5631.160  1.915e-13
5632.430  1.919e-13
5633.700  1.915e-13
5634.970  1.905e-13
5636.250  1.908e-13
5637.520  1.923e-13
5638.790  1.928e-13
5640.060  1.927e-13
5641.330  1.929e-13
5642.600  1.925e-13
5643.880  1.922e-13
5645.150  1.923e-13
5646.420  1.920e-13
5647.690  1.917e-13
5648.960  1.920e-13
5650.240  1.927e-13
5651.510  1.931e-13
5652.780  1.927e-13
5654.050  1.910e-13
5655.320  1.887e-13
5656.590  1.884e-13
5657.870  1.904e-13
5659.140  1.901e-13
5660.410  1.886e-13
5661.680  1.872e-13
5662.950  1.858e-13
5664.220  1.848e-13
5665.500  1.846e-13
5666.770  1.845e-13
5668.040  1.834e-13
5669.310  1.822e-13
5670.580  1.813e-13
5671.860  1.807e-13
5673.130  1.805e-13
5674.400  1.799e-13
5675.670  1.784e-13
5676.940  1.771e-13
5678.210  1.768e-13
5679.490  1.767e-13
5680.760  1.764e-13
5682.030  1.757e-13
5683.300  1.749e-13
5684.570  1.748e-13
5685.850  1.751e-13
5687.120  1.742e-13
5688.390  1.732e-13
5689.660  1.726e-13
5690.930  1.724e-13
5692.200  1.721e-13
5693.480  1.711e-13
5694.750  1.697e-13
5696.020  1.683e-13
5697.290  1.689e-13
5698.560  1.693e-13
5699.840  1.690e-13
5701.110  1.684e-13
5702.380  1.673e-13
5703.650  1.660e-13
5704.920  1.650e-13
5706.190  1.648e-13
5707.470  1.659e-13
5708.740  1.666e-13
5710.010  1.661e-13
5711.280  1.652e-13
5712.550  1.652e-13
5713.830  1.660e-13
5715.100  1.664e-13
5716.370  1.666e-13
5717.640  1.671e-13
5718.910  1.669e-13
5720.180  1.661e-13
5721.460  1.657e-13
5722.730  1.653e-13
5724.000  1.643e-13
5725.270  1.646e-13
5726.540  1.664e-13
5727.820  1.672e-13
5729.090  1.669e-13
5730.360  1.662e-13
5731.630  1.653e-13
5732.900  1.656e-13
5734.170  1.652e-13
5735.450  1.641e-13
5736.720  1.649e-13
5737.990  1.659e-13
5739.260  1.655e-13
5740.530  1.658e-13
5741.810  1.666e-13
5743.080  1.668e-13
5744.350  1.672e-13
5745.620  1.676e-13
5746.890  1.677e-13
5748.160  1.679e-13
5749.440  1.679e-13
5750.710  1.678e-13
5751.980  1.684e-13
5753.250  1.685e-13
5754.520  1.685e-13
5755.800  1.693e-13
5757.070  1.704e-13
5758.340  1.708e-13
5759.610  1.707e-13
5760.880  1.706e-13
5762.150  1.718e-13
5763.430  1.734e-13
5764.700  1.731e-13
5765.970  1.720e-13
5767.240  1.722e-13
5768.510  1.726e-13
5769.790  1.724e-13
5771.060  1.721e-13
5772.330  1.719e-13
5773.600  1.719e-13
5774.870  1.718e-13
5776.140  1.713e-13
5777.420  1.701e-13
5778.690  1.689e-13
5779.960  1.679e-13
5781.230  1.665e-13
5782.500  1.656e-13
5783.780  1.658e-13
5785.050  1.665e-13
5786.320  1.674e-13
5787.590  1.694e-13
5788.860  1.720e-13
5790.130  1.734e-13
5791.410  1.727e-13
5792.680  1.727e-13
5793.950  1.735e-13
5795.220  1.730e-13
5796.490  1.722e-13
5797.770  1.718e-13
5799.040  1.716e-13
5800.310  1.711e-13
5801.580  1.710e-13
5802.850  1.718e-13
5804.120  1.735e-13
5805.400  1.755e-13
5806.670  1.769e-13
5807.940  1.768e-13
5809.210  1.765e-13
5810.480  1.767e-13
5811.760  1.771e-13
5813.030  1.776e-13
5814.300  1.784e-13
5815.570  1.791e-13
5816.840  1.795e-13
5818.110  1.789e-13
5819.390  1.781e-13
5820.660  1.786e-13
5821.930  1.794e-13
5823.200  1.797e-13
5824.470  1.803e-13
5825.750  1.808e-13
5827.020  1.802e-13
5828.290  1.809e-13
5829.560  1.825e-13
5830.830  1.832e-13
5832.100  1.829e-13
5833.380  1.824e-13
5834.650  1.817e-13
5835.920  1.813e-13
5837.190  1.822e-13
5838.460  1.839e-13
5839.740  1.854e-13
5841.010  1.860e-13
5842.280  1.848e-13
5843.550  1.826e-13
5844.820  1.819e-13
5846.090  1.833e-13
5847.370  1.840e-13
5848.640  1.831e-13
5849.910  1.825e-13
5851.180  1.832e-13
5852.450  1.841e-13
5853.720  1.841e-13
5855.000  1.839e-13
5856.270  1.848e-13
5857.540  1.860e-13
5858.810  1.862e-13
5860.080  1.857e-13
5861.360  1.857e-13
5862.630  1.860e-13
5863.900  1.858e-13
5865.170  1.857e-13
5866.440  1.858e-13
5867.710  1.855e-13
5868.990  1.850e-13
5870.260  1.846e-13
5871.530  1.846e-13
5872.800  1.847e-13
5874.070  1.843e-13
5875.350  1.845e-13
5876.620  1.849e-13
5877.890  1.846e-13
5879.160  1.844e-13
5880.430  1.848e-13
5881.700  1.839e-13
5882.980  1.824e-13
5884.250  1.801e-13
5885.520  1.754e-13
5886.790  1.666e-13
5888.060  1.548e-13
5889.340  1.430e-13
5890.610  1.320e-13
5891.880  1.196e-13
5893.150  1.055e-13
5894.420  9.358e-14
5895.690  9.049e-14
5896.970  9.809e-14
5898.240  1.099e-13
5899.510  1.185e-13
5900.780  1.245e-13
5902.050  1.343e-13
5903.330  1.500e-13
5904.600  1.656e-13
5905.870  1.746e-13
5907.140  1.772e-13
5908.410  1.777e-13
5909.680  1.769e-13
5910.960  1.752e-13
5912.230  1.740e-13
5913.500  1.737e-13
5914.770  1.740e-13
5916.040  1.738e-13
5917.320  1.726e-13
5918.590  1.713e-13
5919.860  1.700e-13
5921.130  1.695e-13
5922.400  1.698e-13
5923.670  1.696e-13
5924.950  1.691e-13
5926.220  1.692e-13
5927.490  1.684e-13
5928.760  1.664e-13
5930.030  1.655e-13
5931.310  1.654e-13
5932.580  1.646e-13
5933.850  1.637e-13
5935.120  1.637e-13
5936.390  1.637e-13
5937.660  1.625e-13
5938.940  1.610e-13
5940.210  1.607e-13
5941.480  1.602e-13
5942.750  1.592e-13
5944.020  1.586e-13
5945.300  1.575e-13
5946.570  1.564e-13
5947.840  1.559e-13
5949.110  1.557e-13
5950.380  1.552e-13
5951.650  1.543e-13
5952.930  1.534e-13
5954.200  1.521e-13
5955.470  1.505e-13
5956.740  1.501e-13
5958.010  1.504e-13
5959.290  1.501e-13
5960.560  1.491e-13
5961.830  1.480e-13
5963.100  1.466e-13
5964.370  1.454e-13
5965.640  1.447e-13
5966.920  1.446e-13
5968.190  1.441e-13
5969.460  1.427e-13
5970.730  1.421e-13
5972.000  1.424e-13
5973.280  1.408e-13
5974.550  1.398e-13
5975.820  1.396e-13
5977.090  1.389e-13
5978.360  1.377e-13
5979.630  1.362e-13
5980.910  1.349e-13
5982.180  1.344e-13
5983.450  1.343e-13
5984.720  1.341e-13
5985.990  1.332e-13
5987.270  1.314e-13
5988.540  1.300e-13
5989.810  1.296e-13
5991.080  1.293e-13
5992.350  1.281e-13
5993.620  1.269e-13
5994.900  1.270e-13
5996.170  1.265e-13
5997.440  1.253e-13
5998.710  1.249e-13
5999.980  1.235e-13
6001.260  1.228e-13
6002.530  1.213e-13
6003.800  1.203e-13
6005.070  1.200e-13
6006.340  1.195e-13
6007.610  1.182e-13
6008.890  1.165e-13
6010.160  1.154e-13
6011.430  1.144e-13
6012.700  1.133e-13
6013.970  1.129e-13
6015.250  1.119e-13
6016.520  1.103e-13
6017.790  1.093e-13
6019.060  1.091e-13
6020.330  1.080e-13
6021.600  1.067e-13
6022.880  1.055e-13
6024.150  1.047e-13
6025.420  1.039e-13
6026.690  1.026e-13
6027.960  1.015e-13
6029.240  1.007e-13
6030.510  9.972e-14
6031.780  9.923e-14
6033.050  9.842e-14
6034.320  9.697e-14
6035.590  9.590e-14
6036.870  9.513e-14
6038.140  9.457e-14
6039.410  9.367e-14
6040.680  9.229e-14
6041.950  9.145e-14
6043.220  9.073e-14
6044.500  9.021e-14
6045.770  9.017e-14
6047.040  8.949e-14
6048.310  8.850e-14
6049.580  8.801e-14
6050.860  8.758e-14
6052.130  8.667e-14
6053.400  8.559e-14
6054.670  8.480e-14
6055.940  8.424e-14
6057.210  8.361e-14
6058.490  8.353e-14
6059.760  8.400e-14
6061.030  8.321e-14
6062.300  8.209e-14
6063.570  8.154e-14
6064.850  8.126e-14
6066.120  8.101e-14
6067.390  8.031e-14
6068.660  7.992e-14
6069.930  7.995e-14
6071.200  7.990e-14
6072.480  7.985e-14
6073.750  7.939e-14
6075.020  7.884e-14
6076.290  7.885e-14
6077.560  7.862e-14
6078.840  7.765e-14
6080.110  7.725e-14
6081.380  7.802e-14
6082.650  7.848e-14
6083.920  7.868e-14
6085.190  7.909e-14
6086.470  7.929e-14
6087.740  7.924e-14
6089.010  7.945e-14
6090.280  7.953e-14
6091.550  7.902e-14
6092.830  7.885e-14
6094.100  7.971e-14
6095.370  8.049e-14
6096.640  8.071e-14
6097.910  8.088e-14
6099.180  8.126e-14
6100.460  8.150e-14
6101.730  8.118e-14
6103.000  8.087e-14
6104.270  8.103e-14
6105.540  8.164e-14
6106.820  8.202e-14
6108.090  8.245e-14
6109.360  8.321e-14
6110.630  8.374e-14
6111.900  8.433e-14
6113.170  8.493e-14
6114.450  8.591e-14
6115.720  8.676e-14
6116.990  8.774e-14
6118.260  8.818e-14
6119.530  8.822e-14
6120.810  8.899e-14
6122.080  9.031e-14
6123.350  9.204e-14
6124.620  9.349e-14
6125.890  9.417e-14
6127.160  9.418e-14
6128.440  9.549e-14
6129.710  9.676e-14
6130.980  9.712e-14
6132.250  9.885e-14
6133.520  1.005e-13
6134.800  1.013e-13
6136.070  1.026e-13
6137.340  1.038e-13
6138.610  1.043e-13
6139.880  1.054e-13
6141.150  1.065e-13
6142.430  1.077e-13
6143.700  1.086e-13
6144.970  1.097e-13
6146.240  1.112e-13
6147.510  1.120e-13
6148.790  1.132e-13
6150.060  1.154e-13
6151.330  1.169e-13
6152.600  1.179e-13
6153.870  1.188e-13
6155.140  1.196e-13
6156.420  1.206e-13
6157.690  1.216e-13
6158.960  1.226e-13
6160.230  1.232e-13
6161.500  1.247e-13
6162.780  1.260e-13
6164.050  1.259e-13
6165.320  1.255e-13
6166.590  1.255e-13
6167.860  1.269e-13
6169.130  1.282e-13
6170.410  1.283e-13
6171.680  1.292e-13
6172.950  1.307e-13
6174.220  1.314e-13
6175.490  1.319e-13
6176.770  1.323e-13
6178.040  1.329e-13
6179.310  1.340e-13
6180.580  1.348e-13
6181.850  1.349e-13
6183.120  1.353e-13
6184.400  1.366e-13
6185.670  1.376e-13
6186.940  1.380e-13
6188.210  1.387e-13
6189.480  1.409e-13
6190.760  1.423e-13
6192.030  1.421e-13
6193.300  1.419e-13
6194.570  1.422e-13
6195.840  1.427e-13
6197.110  1.437e-13
6198.390  1.445e-13
6199.660  1.453e-13
6200.930  1.456e-13
6202.200  1.453e-13
6203.470  1.461e-13
6204.750  1.473e-13
6206.020  1.473e-13
6207.290  1.474e-13
6208.560  1.490e-13
6209.830  1.509e-13
6211.100  1.523e-13
6212.380  1.534e-13
6213.650  1.545e-13
6214.920  1.550e-13
6216.190  1.557e-13
6217.460  1.570e-13
6218.740  1.582e-13
6220.010  1.585e-13
6221.280  1.582e-13
6222.550  1.586e-13
6223.820  1.598e-13
6225.090  1.604e-13
6226.370  1.609e-13
6227.640  1.615e-13
6228.910  1.612e-13
6230.180  1.614e-13
6231.450  1.633e-13
6232.720  1.640e-13
6234.000  1.632e-13
6235.270  1.642e-13
6236.540  1.656e-13
6237.810  1.667e-13
6239.080  1.675e-13
6240.360  1.671e-13
6241.630  1.670e-13
6242.900  1.683e-13
6244.170  1.686e-13
6245.440  1.688e-13
6246.710  1.692e-13
6247.990  1.694e-13
6249.260  1.703e-13
6250.530  1.706e-13
6251.800  1.715e-13
6253.070  1.736e-13
6254.350  1.731e-13
6255.620  1.717e-13
6256.890  1.727e-13
6258.160  1.747e-13
6259.430  1.758e-13
6260.700  1.754e-13
6261.980  1.750e-13
6263.250  1.753e-13
6264.520  1.755e-13
6265.790  1.758e-13
6267.060  1.761e-13
6268.340  1.759e-13
6269.610  1.752e-13
6270.880  1.744e-13
6272.150  1.734e-13
6273.420  1.722e-13
6274.690  1.717e-13
6275.970  1.716e-13
6277.240  1.703e-13
6278.510  1.679e-13
6279.780  1.659e-13
6281.050  1.658e-13
6282.330  1.654e-13
6283.600  1.639e-13
6284.870  1.629e-13
6286.140  1.626e-13
6287.410  1.623e-13
6288.680  1.629e-13
6289.960  1.651e-13
6291.230  1.689e-13
6292.500  1.728e-13
6293.770  1.755e-13
6295.040  1.770e-13
6296.320  1.781e-13
6297.590  1.788e-13
6298.860  1.789e-13
6300.130  1.803e-13
6301.400  1.812e-13
6302.670  1.803e-13
6303.950  1.801e-13
6305.220  1.808e-13
6306.490  1.808e-13
6307.760  1.802e-13
6309.030  1.793e-13
6310.310  1.788e-13
6311.580  1.793e-13
6312.850  1.795e-13
6314.120  1.799e-13
6315.390  1.804e-13
6316.660  1.810e-13
6317.940  1.808e-13
6319.210  1.802e-13
6320.480  1.799e-13
6321.750  1.801e-13
6323.020  1.804e-13
6324.300  1.808e-13
6325.570  1.817e-13
6326.840  1.832e-13
6328.110  1.846e-13
6329.380  1.846e-13
6330.650  1.844e-13
6331.930  1.843e-13
6333.200  1.841e-13
6334.470  1.830e-13
6335.740  1.826e-13
6337.010  1.837e-13
6338.290  1.845e-13
6339.560  1.841e-13
6340.830  1.836e-13
6342.100  1.830e-13
6343.370  1.820e-13
6344.640  1.813e-13
6345.920  1.807e-13
6347.190  1.801e-13
6348.460  1.803e-13
6349.730  1.806e-13
6351.000  1.799e-13
6352.280  1.791e-13
6353.550  1.792e-13
6354.820  1.798e-13
6356.090  1.802e-13
6357.360  1.793e-13
6358.630  1.785e-13
6359.910  1.786e-13
6361.180  1.790e-13
6362.450  1.778e-13
6363.720  1.762e-13
6364.990  1.768e-13
6366.270  1.764e-13
6367.540  1.750e-13
6368.810  1.749e-13
6370.080  1.749e-13
6371.350  1.751e-13
6372.620  1.744e-13
6373.900  1.739e-13
6375.170  1.736e-13
6376.440  1.729e-13
6377.710  1.721e-13
6378.980  1.719e-13
6380.260  1.721e-13
6381.530  1.720e-13
6382.800  1.720e-13
6384.070  1.724e-13
6385.340  1.733e-13
6386.610  1.735e-13
6387.890  1.733e-13
6389.160  1.729e-13
6390.430  1.721e-13
6391.700  1.713e-13
6392.970  1.715e-13
6394.250  1.714e-13
6395.520  1.710e-13
6396.790  1.707e-13
6398.060  1.709e-13
6399.330  1.713e-13
6400.600  1.709e-13
6401.880  1.701e-13
6403.150  1.698e-13
6404.420  1.699e-13
6405.690  1.703e-13
6406.960  1.704e-13
6408.240  1.705e-13
6409.510  1.704e-13
6410.780  1.695e-13
6412.050  1.685e-13
6413.320  1.681e-13
6414.590  1.680e-13
6415.870  1.677e-13
6417.140  1.668e-13
6418.410  1.672e-13
6419.680  1.684e-13
6420.950  1.687e-13
6422.230  1.676e-13
6423.500  1.665e-13
6424.770  1.665e-13
6426.040  1.659e-13
6427.310  1.651e-13
6428.580  1.653e-13
6429.860  1.659e-13
6431.130  1.654e-13
6432.400  1.656e-13
6433.670  1.662e-13
6434.940  1.654e-13
6436.210  1.640e-13
6437.490  1.631e-13
6438.760  1.634e-13
6440.030  1.631e-13
6441.300  1.619e-13
6442.570  1.610e-13
6443.850  1.608e-13
6445.120  1.603e-13
6446.390  1.596e-13
6447.660  1.602e-13
6448.930  1.606e-13
6450.200  1.598e-13
6451.480  1.601e-13
6452.750  1.600e-13
6454.020  1.600e-13
6455.290  1.599e-13
6456.560  1.590e-13
6457.840  1.583e-13
6459.110  1.582e-13
6460.380  1.581e-13
6461.650  1.575e-13
6462.920  1.575e-13
6464.190  1.579e-13
6465.470  1.583e-13
6466.740  1.582e-13
6468.010  1.583e-13
6469.280  1.588e-13
6470.550  1.589e-13
6471.830  1.587e-13
6473.100  1.586e-13
6474.370  1.592e-13
6475.640  1.592e-13
6476.910  1.590e-13
6478.180  1.591e-13
6479.460  1.583e-13
6480.730  1.573e-13
6482.000  1.569e-13
6483.270  1.575e-13
6484.540  1.583e-13
6485.820  1.579e-13
6487.090  1.567e-13
6488.360  1.569e-13
6489.630  1.578e-13
6490.900  1.564e-13
6492.170  1.545e-13
6493.450  1.536e-13
6494.720  1.536e-13
6495.990  1.536e-13
6497.260  1.538e-13
6498.530  1.546e-13
6499.810  1.552e-13
6501.080  1.559e-13
6502.350  1.567e-13
6503.620  1.571e-13
6504.890  1.570e-13
6506.160  1.576e-13
6507.440  1.582e-13
6508.710  1.579e-13
6509.980  1.573e-13
6511.250  1.564e-13
6512.520  1.570e-13
6513.800  1.573e-13
6515.070  1.559e-13
6516.340  1.551e-13
6517.610  1.550e-13
6518.880  1.549e-13
6520.150  1.549e-13
6521.430  1.544e-13
6522.700  1.542e-13
6523.970  1.536e-13
6525.240  1.533e-13
6526.510  1.531e-13
6527.790  1.529e-13
6529.060  1.534e-13
6530.330  1.535e-13
6531.600  1.529e-13
6532.870  1.525e-13
6534.140  1.527e-13
6535.420  1.518e-13
6536.690  1.517e-13
6537.960  1.528e-13
6539.230  1.531e-13
6540.500  1.523e-13
6541.780  1.517e-13
6543.050  1.523e-13
6544.320  1.529e-13
6545.590  1.532e-13
6546.860  1.533e-13
6548.130  1.533e-13
6549.410  1.531e-13
6550.680  1.527e-13
6551.950  1.526e-13
6553.220  1.529e-13
6554.490  1.532e-13
6555.770  1.531e-13
6557.040  1.523e-13
6558.310  1.519e-13
6559.580  1.532e-13
6560.850  1.538e-13
6562.120  1.534e-13
6563.400  1.534e-13
6564.670  1.531e-13
6565.940  1.525e-13
6567.210  1.524e-13
6568.480  1.520e-13
6569.760  1.515e-13
6571.030  1.531e-13
6572.300  1.544e-13
6573.570  1.536e-13
6574.840  1.526e-13
6576.110  1.529e-13
6577.390  1.531e-13
6578.660  1.525e-13
6579.930  1.526e-13
6581.200  1.530e-13
6582.470  1.530e-13
6583.750  1.521e-13
6585.020  1.510e-13
6586.290  1.511e-13
6587.560  1.513e-13
6588.830  1.504e-13
6590.100  1.499e-13
6591.380  1.499e-13
6592.650  1.500e-13
6593.920  1.498e-13
6595.190  1.494e-13
6596.460  1.485e-13
6597.740  1.479e-13
6599.010  1.484e-13
6600.280  1.481e-13
6601.550  1.482e-13
6602.820  1.494e-13
6604.090  1.504e-13
6605.370  1.509e-13
6606.640  1.502e-13
6607.910  1.496e-13
6609.180  1.489e-13
6610.450  1.486e-13
6611.730  1.485e-13
6613.000  1.472e-13
6614.270  1.460e-13
6615.540  1.453e-13
6616.810  1.454e-13
6618.080  1.450e-13
6619.360  1.451e-13
6620.630  1.467e-13
6621.900  1.482e-13
6623.170  1.486e-13
6624.440  1.480e-13
6625.710  1.480e-13
6626.990  1.479e-13
6628.260  1.480e-13
6629.530  1.478e-13
6630.800  1.473e-13
6632.070  1.469e-13
6633.350  1.468e-13
6634.620  1.471e-13
6635.890  1.474e-13
6637.160  1.473e-13
6638.430  1.470e-13
6639.700  1.471e-13
6640.980  1.475e-13
6642.250  1.475e-13
6643.520  1.476e-13
6644.790  1.472e-13
6646.060  1.460e-13
6647.340  1.450e-13
6648.610  1.448e-13
6649.880  1.445e-13
6651.150  1.442e-13
6652.420  1.451e-13
6653.690  1.454e-13
6654.970  1.453e-13
6656.240  1.454e-13
6657.510  1.446e-13
6658.780  1.446e-13
6660.050  1.451e-13
6661.330  1.451e-13
6662.600  1.446e-13
6663.870  1.436e-13
6665.140  1.433e-13
6666.410  1.436e-13
6667.680  1.439e-13
6668.960  1.443e-13
6670.230  1.447e-13
6671.500  1.441e-13
6672.770  1.434e-13
6674.040  1.436e-13
6675.320  1.443e-13
6676.590  1.446e-13
6677.860  1.446e-13
6679.130  1.449e-13
6680.400  1.453e-13
6681.670  1.451e-13
6682.950  1.438e-13
6684.220  1.432e-13
6685.490  1.436e-13
6686.760  1.442e-13
6688.030  1.443e-13
6689.310  1.442e-13
6690.580  1.450e-13
6691.850  1.447e-13
6693.120  1.437e-13
6694.390  1.437e-13
6695.660  1.432e-13
6696.940  1.422e-13
6698.210  1.417e-13
6699.480  1.419e-13
6700.750  1.423e-13
6702.020  1.424e-13
6703.300  1.422e-13
6704.570  1.419e-13
6705.840  1.423e-13
6707.110  1.435e-13
6708.380  1.432e-13
6709.650  1.423e-13
6710.930  1.417e-13
6712.200  1.422e-13
6713.470  1.432e-13
6714.740  1.434e-13
6716.010  1.437e-13
6717.290  1.431e-13
6718.560  1.430e-13
6719.830  1.434e-13
6721.100  1.430e-13
6722.370  1.426e-13
6723.640  1.425e-13
6724.920  1.434e-13
6726.190  1.437e-13
6727.460  1.429e-13
6728.730  1.427e-13
6730.000  1.429e-13
6731.280  1.426e-13
6732.550  1.427e-13
6733.820  1.426e-13
6735.090  1.429e-13
6736.360  1.434e-13
6737.630  1.431e-13
6738.910  1.426e-13
6740.180  1.427e-13
6741.450  1.433e-13
6742.720  1.432e-13
6743.990  1.430e-13
6745.270  1.430e-13
6746.540  1.432e-13
6747.810  1.436e-13
6749.080  1.436e-13
6750.350  1.431e-13
6751.620  1.435e-13
6752.900  1.440e-13
6754.170  1.436e-13
6755.440  1.434e-13
6756.710  1.440e-13
6757.980  1.446e-13
6759.260  1.441e-13
6760.530  1.443e-13
6761.800  1.448e-13
6763.070  1.449e-13
6764.340  1.452e-13
6765.610  1.446e-13
6766.890  1.445e-13
6768.160  1.449e-13
6769.430  1.447e-13
6770.700  1.440e-13
6771.970  1.437e-13
6773.250  1.440e-13
6774.520  1.437e-13
6775.790  1.429e-13
6777.060  1.432e-13
6778.330  1.437e-13
6779.600  1.435e-13
6780.880  1.433e-13
6782.150  1.433e-13
6783.420  1.437e-13
6784.690  1.431e-13
6785.960  1.427e-13
6787.240  1.431e-13
6788.510  1.433e-13
6789.780  1.438e-13
6791.050  1.439e-13
6792.320  1.439e-13
6793.590  1.446e-13
6794.870  1.446e-13
6796.140  1.439e-13
6797.410  1.444e-13
6798.680  1.443e-13
6799.950  1.434e-13
6801.230  1.433e-13
6802.500  1.436e-13
6803.770  1.437e-13
6805.040  1.433e-13
6806.310  1.428e-13
6807.580  1.423e-13
6808.860  1.424e-13
6810.130  1.430e-13
6811.400  1.436e-13
6812.670  1.434e-13
6813.940  1.429e-13
6815.210  1.426e-13
6816.490  1.426e-13
6817.760  1.419e-13
6819.030  1.413e-13
6820.300  1.415e-13
6821.570  1.415e-13
6822.850  1.418e-13
6824.120  1.416e-13
6825.390  1.414e-13
6826.660  1.421e-13
6827.930  1.420e-13
6829.200  1.412e-13
6830.480  1.405e-13
6831.750  1.402e-13
6833.020  1.411e-13
6834.290  1.417e-13
6835.560  1.410e-13
6836.840  1.399e-13
6838.110  1.393e-13
6839.380  1.387e-13
6840.650  1.381e-13
6841.920  1.387e-13
6843.190  1.394e-13
6844.470  1.388e-13
6845.740  1.385e-13
6847.010  1.381e-13
6848.280  1.375e-13
6849.550  1.373e-13
6850.830  1.375e-13
6852.100  1.371e-13
6853.370  1.372e-13
6854.640  1.377e-13
6855.910  1.375e-13
6857.180  1.371e-13
6858.460  1.370e-13
6859.730  1.379e-13
6861.000  1.379e-13
6862.270  1.362e-13
6863.540  1.340e-13
6864.820  1.305e-13
6866.090  1.250e-13
6867.360  1.186e-13
6868.630  1.114e-13
6869.900  1.044e-13
6871.170  1.018e-13
6872.450  1.039e-13
6873.720  1.073e-13
6874.990  1.101e-13
6876.260  1.131e-13
6877.530  1.175e-13
6878.810  1.218e-13
6880.080  1.253e-13
6881.350  1.276e-13
6882.620  1.293e-13
6883.890  1.295e-13
6885.160  1.278e-13
6886.440  1.254e-13
6887.710  1.237e-13
6888.980  1.224e-13
6890.250  1.227e-13
6891.520  1.234e-13
6892.800  1.239e-13
6894.070  1.256e-13
6895.340  1.264e-13
6896.610  1.270e-13
6897.880  1.276e-13
6899.150  1.283e-13
6900.430  1.291e-13
6901.700  1.295e-13
6902.970  1.295e-13
6904.240  1.303e-13
6905.510  1.308e-13
6906.790  1.312e-13
6908.060  1.321e-13
6909.330  1.330e-13
6910.600  1.338e-13
6911.870  1.343e-13
6913.140  1.351e-13
6914.420  1.359e-13
6915.690  1.357e-13
6916.960  1.359e-13
6918.230  1.368e-13
6919.500  1.364e-13
6920.780  1.358e-13
6922.050  1.370e-13
6923.320  1.378e-13
6924.590  1.371e-13
6925.860  1.370e-13
6927.130  1.383e-13
6928.410  1.399e-13
6929.680  1.397e-13
6930.950  1.385e-13
6932.220  1.384e-13
6933.490  1.389e-13
6934.770  1.396e-13
6936.040  1.399e-13
6937.310  1.402e-13
6938.580  1.405e-13
6939.850  1.405e-13
6941.120  1.404e-13
6942.400  1.398e-13
6943.670  1.399e-13
6944.940  1.409e-13
6946.210  1.404e-13
6947.480  1.391e-13
6948.760  1.391e-13
6950.030  1.391e-13
6951.300  1.390e-13
6952.570  1.392e-13
6953.840  1.394e-13
6955.110  1.393e-13
6956.390  1.397e-13
6957.660  1.397e-13
6958.930  1.397e-13
6960.200  1.404e-13
6961.470  1.407e-13
6962.750  1.410e-13
6964.020  1.412e-13
6965.290  1.414e-13
6966.560  1.413e-13
6967.830  1.412e-13
6969.100  1.407e-13
6970.380  1.404e-13
6971.650  1.407e-13
6972.920  1.409e-13
6974.190  1.408e-13
6975.460  1.408e-13
6976.740  1.408e-13
6978.010  1.410e-13
6979.280  1.415e-13
6980.550  1.412e-13
6981.820  1.407e-13
6983.090  1.407e-13
6984.370  1.417e-13
6985.640  1.422e-13
6986.910  1.422e-13
6988.180  1.429e-13
6989.450  1.425e-13
6990.730  1.423e-13
6992.000  1.429e-13
6993.270  1.428e-13
6994.540  1.419e-13
6995.810  1.409e-13
6997.080  1.416e-13
6998.360  1.423e-13
6999.630  1.426e-13
7000.900  1.431e-13
7002.170  1.435e-13
7003.440  1.433e-13
7004.710  1.430e-13
7005.990  1.435e-13
7007.260  1.434e-13
7008.530  1.429e-13
7009.800  1.431e-13
7011.070  1.440e-13
7012.350  1.438e-13
7013.620  1.429e-13
7014.890  1.432e-13
7016.160  1.434e-13
7017.430  1.429e-13
7018.700  1.431e-13
7019.980  1.432e-13
7021.250  1.431e-13
7022.520  1.430e-13
7023.790  1.427e-13
7025.060  1.422e-13
7026.340  1.428e-13
7027.610  1.431e-13
7028.880  1.423e-13
7030.150  1.428e-13
7031.420  1.433e-13
7032.690  1.426e-13
7033.970  1.428e-13
7035.240  1.433e-13
7036.510  1.434e-13
7037.780  1.439e-13
7039.050  1.442e-13
7040.330  1.442e-13
7041.600  1.442e-13
7042.870  1.444e-13
7044.140  1.447e-13
7045.410  1.449e-13
7046.680  1.448e-13
7047.960  1.446e-13
7049.230  1.450e-13
7050.500  1.452e-13
7051.770  1.446e-13
7053.040  1.436e-13
7054.320  1.434e-13
7055.590  1.439e-13
7056.860  1.445e-13
7058.130  1.443e-13
7059.400  1.443e-13
7060.670  1.437e-13
7061.950  1.424e-13
7063.220  1.427e-13
7064.490  1.432e-13
7065.760  1.431e-13
7067.030  1.439e-13
7068.310  1.449e-13
7069.580  1.447e-13
7070.850  1.438e-13
7072.120  1.436e-13
7073.390  1.448e-13
7074.660  1.452e-13
7075.940  1.449e-13
7077.210  1.454e-13
7078.480  1.457e-13
7079.750  1.455e-13
7081.020  1.454e-13
7082.300  1.458e-13
7083.570  1.461e-13
7084.840  1.456e-13
7086.110  1.456e-13
7087.380  1.459e-13
7088.650  1.457e-13
7089.930  1.454e-13
7091.200  1.457e-13
7092.470  1.457e-13
7093.740  1.458e-13
7095.010  1.463e-13
7096.290  1.461e-13
7097.560  1.464e-13
7098.830  1.474e-13
7100.100  1.480e-13
7101.370  1.480e-13
7102.640  1.475e-13
7103.920  1.472e-13
7105.190  1.473e-13
7106.460  1.479e-13
7107.730  1.478e-13
7109.000  1.476e-13
7110.280  1.479e-13
7111.550  1.475e-13
7112.820  1.474e-13
7114.090  1.479e-13
7115.360  1.476e-13
7116.630  1.471e-13
7117.910  1.466e-13
7119.180  1.462e-13
7120.450  1.463e-13
7121.720  1.464e-13
7122.990  1.464e-13
7124.270  1.461e-13
7125.540  1.461e-13
7126.810  1.461e-13
7128.080  1.462e-13
7129.350  1.467e-13
7130.620  1.463e-13
7131.900  1.450e-13
7133.170  1.452e-13
7134.440  1.461e-13
7135.710  1.470e-13
7136.980  1.471e-13
7138.260  1.462e-13
7139.530  1.461e-13
7140.800  1.465e-13
7142.070  1.460e-13
7143.340  1.455e-13
7144.610  1.456e-13
7145.890  1.458e-13
7147.160  1.461e-13
7148.430  1.469e-13
7149.700  1.474e-13
7150.970  1.470e-13
7152.250  1.471e-13
7153.520  1.473e-13
7154.790  1.468e-13
7156.060  1.469e-13
7157.330  1.467e-13
7158.600  1.459e-13
7159.880  1.454e-13
7161.150  1.452e-13
7162.420  1.448e-13
7163.690  1.441e-13
7164.960  1.436e-13
7166.240  1.437e-13
7167.510  1.435e-13
7168.780  1.423e-13
7170.050  1.415e-13
7171.320  1.418e-13
7172.590  1.407e-13
7173.870  1.393e-13
7175.140  1.394e-13
7176.410  1.396e-13
7177.680  1.387e-13
7178.950  1.383e-13
7180.230  1.386e-13
7181.500  1.384e-13
7182.770  1.371e-13
7184.040  1.353e-13
7185.310  1.346e-13
7186.580  1.346e-13
7187.860  1.342e-13
7189.130  1.341e-13
7190.400  1.355e-13
7191.670  1.368e-13
7192.940  1.362e-13
7194.210  1.353e-13
7195.490  1.349e-13
7196.760  1.350e-13
7198.030  1.355e-13
7199.300  1.348e-13
7200.570  1.332e-13
7201.850  1.324e-13
7203.120  1.326e-13
7204.390  1.330e-13
7205.660  1.335e-13
7206.930  1.341e-13
7208.200  1.348e-13
7209.480  1.358e-13
7210.750  1.373e-13
7212.020  1.383e-13
7213.290  1.385e-13
7214.560  1.389e-13
7215.840  1.392e-13
7217.110  1.395e-13
7218.380  1.396e-13
7219.650  1.393e-13
7220.920  1.391e-13
7222.190  1.383e-13
7223.470  1.363e-13
7224.740  1.350e-13
7226.010  1.347e-13
7227.280  1.336e-13
7228.550  1.325e-13
7229.830  1.323e-13
7231.100  1.324e-13
7232.370  1.321e-13
7233.640  1.313e-13
7234.910  1.306e-13
7236.180  1.312e-13
7237.460  1.326e-13
7238.730  1.332e-13
7240.000  1.327e-13
7241.270  1.330e-13
7242.540  1.331e-13
7243.820  1.326e-13
7245.090  1.334e-13
7246.360  1.341e-13
7247.630  1.340e-13
7248.900  1.342e-13
7250.170  1.344e-13
7251.450  1.338e-13
7252.720  1.326e-13
7253.990  1.320e-13
7255.260  1.322e-13
7256.530  1.327e-13
7257.810  1.328e-13
7259.080  1.334e-13
7260.350  1.339e-13
7261.620  1.337e-13
7262.890  1.334e-13
7264.160  1.327e-13
7265.440  1.322e-13
7266.710  1.322e-13
7267.980  1.329e-13
7269.250  1.330e-13
7270.520  1.327e-13
7271.800  1.323e-13
7273.070  1.316e-13
7274.340  1.303e-13
7275.610  1.297e-13
7276.880  1.299e-13
7278.150  1.302e-13
7279.430  1.306e-13
7280.700  1.320e-13
7281.970  1.338e-13
7283.240  1.339e-13
7284.510  1.331e-13
7285.790  1.335e-13
7287.060  1.337e-13
7288.330  1.331e-13
7289.600  1.323e-13
7290.870  1.321e-13
7292.140  1.326e-13
7293.420  1.333e-13
7294.690  1.339e-13
7295.960  1.347e-13
7297.230  1.350e-13
7298.500  1.347e-13
7299.780  1.342e-13
7301.050  1.334e-13
7302.320  1.323e-13
7303.590  1.315e-13
7304.860  1.311e-13
7306.130  1.310e-13
7307.410  1.315e-13
7308.680  1.318e-13
7309.950  1.312e-13
7311.220  1.308e-13
7312.490  1.322e-13
7313.770  1.339e-13
7315.040  1.331e-13
7316.310  1.322e-13
7317.580  1.324e-13
7318.850  1.323e-13
7320.120  1.320e-13
7321.400  1.315e-13
7322.670  1.313e-13
7323.940  1.317e-13
7325.210  1.324e-13
7326.480  1.328e-13
7327.760  1.328e-13
7329.030  1.326e-13
7330.300  1.325e-13
7331.570  1.320e-13
7332.840  1.317e-13
7334.110  1.322e-13
7335.390  1.322e-13
7336.660  1.313e-13
7337.930  1.314e-13
7339.200  1.316e-13
7340.470  1.310e-13
7341.750  1.309e-13
7343.020  1.311e-13
7344.290  1.312e-13
7345.560  1.312e-13
7346.830  1.310e-13
7348.100  1.304e-13
7349.380  1.296e-13
7350.650  1.292e-13
7351.920  1.286e-13
7353.190  1.284e-13
7354.460  1.286e-13
7355.740  1.276e-13
7357.010  1.266e-13
7358.280  1.268e-13
7359.550  1.265e-13
7360.820  1.264e-13
7362.090  1.269e-13
7363.370  1.267e-13
7364.640  1.269e-13
7365.910  1.275e-13
7367.180  1.277e-13
7368.450  1.275e-13
7369.730  1.265e-13
7371.000  1.249e-13
7372.270  1.255e-13
7373.540  1.264e-13
7374.810  1.252e-13
7376.080  1.239e-13
7377.360  1.226e-13
7378.630  1.216e-13
7379.900  1.210e-13
7381.170  1.209e-13
7382.440  1.202e-13
7383.710  1.192e-13
7384.990  1.190e-13
7386.260  1.189e-13
7387.530  1.186e-13
7388.800  1.183e-13
7390.070  1.184e-13
7391.350  1.183e-13
7392.620  1.179e-13
7393.890  1.181e-13
7395.160  1.183e-13
7396.430  1.183e-13
7397.700  1.182e-13
7398.980  1.182e-13
7400.250  1.184e-13
7401.520  1.186e-13
7402.790  1.178e-13
7404.060  1.168e-13
7405.340  1.168e-13
7406.610  1.167e-13
7407.880  1.164e-13
7409.150  1.168e-13
7410.420  1.175e-13
7411.690  1.180e-13
7412.970  1.183e-13
7414.240  1.179e-13
7415.510  1.175e-13
7416.780  1.173e-13
7418.050  1.180e-13
7419.330  1.189e-13
7420.600  1.193e-13
7421.870  1.187e-13
7423.140  1.184e-13
7424.410  1.182e-13
7425.680  1.181e-13
7426.960  1.185e-13
7428.230  1.186e-13
7429.500  1.184e-13
7430.770  1.186e-13
7432.040  1.189e-13
7433.320  1.188e-13
7434.590  1.185e-13
7435.860  1.188e-13
7437.130  1.189e-13
7438.400  1.182e-13
7439.670  1.183e-13
7440.950  1.188e-13
7442.220  1.195e-13
7443.490  1.200e-13
7444.760  1.197e-13
7446.030  1.192e-13
7447.310  1.198e-13
7448.580  1.209e-13
7449.850  1.209e-13
7451.120  1.205e-13
7452.390  1.211e-13
7453.660  1.213e-13
7454.940  1.208e-13
7456.210  1.210e-13
7457.480  1.213e-13
7458.750  1.214e-13
7460.020  1.217e-13
7461.300  1.215e-13
7462.570  1.213e-13
7463.840  1.215e-13
7465.110  1.220e-13
7466.380  1.223e-13
7467.650  1.226e-13
7468.930  1.237e-13
7470.200  1.242e-13
7471.470  1.234e-13
7472.740  1.225e-13
7474.010  1.228e-13
7475.290  1.236e-13
7476.560  1.236e-13
7477.830  1.233e-13
7479.100  1.235e-13
7480.370  1.239e-13
7481.640  1.238e-13
7482.920  1.240e-13
7484.190  1.242e-13
7485.460  1.238e-13
7486.730  1.234e-13
7488.000  1.232e-13
7489.280  1.229e-13
7490.550  1.223e-13
7491.820  1.218e-13
7493.090  1.220e-13
7494.360  1.224e-13
7495.630  1.221e-13
7496.910  1.218e-13
7498.180  1.218e-13
7499.450  1.219e-13
7500.720  1.222e-13
7501.990  1.230e-13
7503.270  1.233e-13
7504.540  1.239e-13
7505.810  1.245e-13
7507.080  1.242e-13
7508.350  1.246e-13
7509.620  1.249e-13
7510.900  1.245e-13
7512.170  1.243e-13
7513.440  1.249e-13
7514.710  1.256e-13
7515.980  1.256e-13
7517.260  1.248e-13
7518.530  1.250e-13
7519.800  1.259e-13
7521.070  1.266e-13
7522.340  1.276e-13
7523.610  1.281e-13
7524.890  1.274e-13
7526.160  1.275e-13
7527.430  1.283e-13
7528.700  1.279e-13
7529.970  1.279e-13
7531.250  1.289e-13
7532.520  1.290e-13
7533.790  1.281e-13
7535.060  1.280e-13
7536.330  1.290e-13
7537.600  1.290e-13
7538.880  1.288e-13
7540.150  1.288e-13
7541.420  1.286e-13
7542.690  1.285e-13
7543.960  1.280e-13
7545.240  1.278e-13
7546.510  1.282e-13
7547.780  1.279e-13
7549.050  1.272e-13
7550.320  1.275e-13
7551.590  1.273e-13
7552.870  1.271e-13
7554.140  1.274e-13
7555.410  1.276e-13
7556.680  1.283e-13
7557.950  1.293e-13
7559.230  1.298e-13
7560.500  1.298e-13
7561.770  1.297e-13
7563.040  1.299e-13
7564.310  1.301e-13
7565.580  1.303e-13
7566.860  1.303e-13
7568.130  1.305e-13
7569.400  1.315e-13
7570.670  1.320e-13
7571.940  1.317e-13
7573.220  1.324e-13
7574.490  1.330e-13
7575.760  1.332e-13
7577.030  1.331e-13
7578.300  1.329e-13
7579.570  1.330e-13
7580.850  1.329e-13
7582.120  1.327e-13
7583.390  1.326e-13
7584.660  1.319e-13
7585.930  1.314e-13
7587.200  1.315e-13
7588.480  1.301e-13
7589.750  1.272e-13
7591.020  1.234e-13
7592.290  1.165e-13
7593.560  1.061e-13
7594.840  9.390e-14
7596.110  8.040e-14
7597.380  6.776e-14
7598.650  5.898e-14
7599.920  5.283e-14
7601.190  4.738e-14
7602.470  4.297e-14
7603.740  4.021e-14
7605.010  3.924e-14
7606.280  3.981e-14
7607.550  4.141e-14
7608.830  4.434e-14
7610.100  4.883e-14
7611.370  5.447e-14
7612.640  6.181e-14
7613.910  7.104e-14
7615.180  8.109e-14
7616.460  9.035e-14
7617.730  9.733e-14
7619.000  1.020e-13
7620.270  1.019e-13
7621.540  9.548e-14
7622.820  8.541e-14
7624.090  7.742e-14
7625.360  7.351e-14
7626.630  7.155e-14
7627.900  7.136e-14
7629.170  7.114e-14
7630.450  7.134e-14
7631.720  7.325e-14
7632.990  7.346e-14
7634.260  7.372e-14
7635.530  7.673e-14
7636.810  7.784e-14
7638.080  7.786e-14
7639.350  8.142e-14
7640.620  8.432e-14
7641.890  8.455e-14
7643.160  8.768e-14
7644.440  9.269e-14
7645.710  9.354e-14
7646.980  9.345e-14
7648.250  9.810e-14
7649.520  1.024e-13
7650.800  1.016e-13
7652.070  1.020e-13
7653.340  1.073e-13
7654.610  1.106e-13
7655.880  1.092e-13
7657.150  1.099e-13
7658.430  1.150e-13
7659.700  1.183e-13
7660.970  1.167e-13
7662.240  1.151e-13
7663.510  1.157e-13
7664.790  1.156e-13
7666.060  1.126e-13
7667.330  1.093e-13
7668.600  1.093e-13
7669.870  1.127e-13
7671.140  1.177e-13
7672.420  1.216e-13
7673.690  1.230e-13
7674.960  1.246e-13
7676.230  1.260e-13
7677.500  1.254e-13
7678.780  1.252e-13
7680.050  1.263e-13
7681.320  1.276e-13
7682.590  1.280e-13
7683.860  1.280e-13
7685.130  1.279e-13
7686.410  1.281e-13
7687.680  1.296e-13
7688.950  1.302e-13
7690.220  1.298e-13
7691.490  1.300e-13
7692.770  1.306e-13
7694.040  1.307e-13
7695.310  1.306e-13
7696.580  1.301e-13
7697.850  1.283e-13
7699.120  1.263e-13
7700.400  1.244e-13
7701.670  1.230e-13
7702.940  1.229e-13
7704.210  1.239e-13
7705.480  1.261e-13
7706.760  1.281e-13
7708.030  1.287e-13
7709.300  1.290e-13
7710.570  1.292e-13
7711.840  1.288e-13
7713.110  1.285e-13
7714.390  1.283e-13
7715.660  1.279e-13
7716.930  1.272e-13
7718.200  1.268e-13
7719.470  1.272e-13
7720.750  1.273e-13
7722.020  1.268e-13
7723.290  1.258e-13
7724.560  1.253e-13
7725.830  1.257e-13
7727.100  1.267e-13
7728.380  1.272e-13
7729.650  1.270e-13
7730.920  1.274e-13
7732.190  1.274e-13
7733.460  1.272e-13
7734.740  1.270e-13
7736.010  1.269e-13
7737.280  1.270e-13
7738.550  1.263e-13
7739.820  1.261e-13
7741.090  1.267e-13
7742.370  1.268e-13
7743.640  1.266e-13
7744.910  1.262e-13
7746.180  1.255e-13
7747.450  1.254e-13
7748.730  1.254e-13
7750.000  1.247e-13
7751.270  1.243e-13
7752.540  1.245e-13
7753.810  1.246e-13
7755.080  1.240e-13
7756.360  1.234e-13
7757.630  1.233e-13
7758.900  1.229e-13
7760.170  1.230e-13
7761.440  1.229e-13
7762.720  1.220e-13
7763.990  1.222e-13
7765.260  1.230e-13
7766.530  1.224e-13
7767.800  1.219e-13
7769.070  1.217e-13
7770.350  1.208e-13
7771.620  1.205e-13
7772.890  1.211e-13
7774.160  1.216e-13
7775.430  1.216e-13
7776.700  1.209e-13
7777.980  1.203e-13
7779.250  1.204e-13
7780.520  1.202e-13
7781.790  1.191e-13
7783.060  1.188e-13
7784.340  1.195e-13
7785.610  1.189e-13
7786.880  1.175e-13
7788.150  1.164e-13
7789.420  1.159e-13
7790.690  1.160e-13
7791.970  1.152e-13
7793.240  1.134e-13
7794.510  1.122e-13
7795.780  1.113e-13
7797.050  1.100e-13
7798.330  1.087e-13
7799.600  1.081e-13
7800.870  1.077e-13
7802.140  1.076e-13
7803.410  1.074e-13
7804.680  1.067e-13
7805.960  1.058e-13
7807.230  1.043e-13
7808.500  1.041e-13
7809.770  1.047e-13
7811.040  1.047e-13
7812.320  1.045e-13
7813.590  1.037e-13
7814.860  1.026e-13
7816.130  1.023e-13
7817.400  1.018e-13
7818.670  1.012e-13
7819.950  1.005e-13
7821.220  9.932e-14
7822.490  9.784e-14
7823.760  9.638e-14
7825.030  9.516e-14
7826.310  9.430e-14
7827.580  9.343e-14
7828.850  9.186e-14
7830.120  9.047e-14
7831.390  8.995e-14
7832.660  8.935e-14
7833.940  8.843e-14
7835.210  8.776e-14
7836.480  8.750e-14
7837.750  8.801e-14
7839.020  8.836e-14
7840.300  8.790e-14
7841.570  8.762e-14
7842.840  8.692e-14
7844.110  8.557e-14
7845.380  8.497e-14
7846.650  8.467e-14
7847.930  8.364e-14
7849.200  8.262e-14
7850.470  8.237e-14
7851.740  8.270e-14
7853.010  8.219e-14
7854.290  8.090e-14
7855.560  8.053e-14
7856.830  8.034e-14
7858.100  7.960e-14
7859.370  7.904e-14
7860.640  7.835e-14
7861.920  7.731e-14
7863.190  7.673e-14
7864.460  7.652e-14
7865.730  7.595e-14
7867.000  7.562e-14
7868.280  7.566e-14
7869.550  7.550e-14
7870.820  7.592e-14
7872.090  7.588e-14
7873.360  7.586e-14
7874.630  7.615e-14
7875.910  7.538e-14
7877.180  7.509e-14
7878.450  7.595e-14
7879.720  7.602e-14
7880.990  7.554e-14
7882.270  7.554e-14
7883.540  7.502e-14
7884.810  7.409e-14
7886.080  7.442e-14
7887.350  7.526e-14
7888.620  7.531e-14
7889.900  7.543e-14
7891.170  7.465e-14
7892.440  7.402e-14
7893.710  7.379e-14
7894.980  7.354e-14
7896.260  7.345e-14
7897.530  7.351e-14
7898.800  7.371e-14
7900.070  7.377e-14
7901.340  7.348e-14
7902.610  7.326e-14
7903.890  7.308e-14
7905.160  7.274e-14
7906.430  7.257e-14
7907.700  7.192e-14
7908.970  7.157e-14
7910.250  7.218e-14
7911.520  7.229e-14
7912.790  7.227e-14
7914.060  7.243e-14
7915.330  7.242e-14
7916.600  7.266e-14
7917.880  7.316e-14
7919.150  7.347e-14
7920.420  7.405e-14
7921.690  7.460e-14
7922.960  7.459e-14
7924.240  7.456e-14
7925.510  7.455e-14
7926.780  7.443e-14
7928.050  7.425e-14
7929.320  7.370e-14
7930.590  7.308e-14
7931.870  7.317e-14
7933.140  7.314e-14
7934.410  7.304e-14
7935.680  7.305e-14
7936.950  7.216e-14
7938.230  7.183e-14
7939.500  7.273e-14
7940.770  7.255e-14
7942.040  7.165e-14
7943.310  7.096e-14
7944.580  7.025e-14
7945.860  7.015e-14
7947.130  6.999e-14
7948.400  6.954e-14
7949.670  6.942e-14
7950.940  6.963e-14
7952.220  6.915e-14
7953.490  6.901e-14
7954.760  6.883e-14
7956.030  6.864e-14
7957.300  6.888e-14
7958.570  6.903e-14
7959.850  6.908e-14
7961.120  6.926e-14
7962.390  6.960e-14
7963.660  6.957e-14
7964.930  6.951e-14
7966.200  7.000e-14
7967.480  7.041e-14
7968.750  7.025e-14
7970.020  7.031e-14
7971.290  7.030e-14
7972.560  7.055e-14
7973.840  7.106e-14
7975.110  7.151e-14
7976.380  7.169e-14
7977.650  7.174e-14
7978.920  7.205e-14
7980.190  7.217e-14
7981.470  7.226e-14
7982.740  7.263e-14
7984.010  7.306e-14
7985.280  7.344e-14
7986.550  7.320e-14
7987.830  7.293e-14
7989.100  7.357e-14
7990.370  7.365e-14
7991.640  7.341e-14
7992.910  7.369e-14
7994.180  7.391e-14
7995.460  7.406e-14
7996.730  7.428e-14
7998.000  7.425e-14
7999.270  7.463e-14
8000.540  7.524e-14
8001.820  7.525e-14
8003.090  7.571e-14
8004.360  7.667e-14
8005.630  7.764e-14
8006.900  7.840e-14
8008.170  7.854e-14
8009.450  7.875e-14
8010.720  7.922e-14
8011.990  7.959e-14
8013.260  8.006e-14
8014.530  8.061e-14
8015.810  8.140e-14
8017.080  8.213e-14
8018.350  8.244e-14
8019.620  8.273e-14
8020.890  8.295e-14
8022.160  8.295e-14
8023.440  8.280e-14
8024.710  8.330e-14
8025.980  8.327e-14
8027.250  8.321e-14
8028.520  8.358e-14
8029.800  8.429e-14
8031.070  8.571e-14
8032.340  8.635e-14
8033.610  8.601e-14
8034.880  8.575e-14
8036.150  8.608e-14
8037.430  8.707e-14
8038.700  8.744e-14
8039.970  8.701e-14
8041.240  8.752e-14
8042.510  8.876e-14
8043.790  8.919e-14
8045.060  8.954e-14
8046.330  9.056e-14
8047.600  9.077e-14
8048.870  9.111e-14
8050.140  9.262e-14
8051.420  9.369e-14
8052.690  9.406e-14
8053.960  9.401e-14
8055.230  9.373e-14
8056.500  9.437e-14
8057.780  9.517e-14
8059.050  9.552e-14
8060.320  9.569e-14
8061.590  9.550e-14
8062.860  9.547e-14
8064.130  9.566e-14
8065.410  9.656e-14
8066.680  9.713e-14
8067.950  9.668e-14
8069.220  9.704e-14
8070.490  9.824e-14
8071.770  9.889e-14
8073.040  9.901e-14
8074.310  9.925e-14
8075.580  9.980e-14
8076.850  1.008e-13
8078.120  1.010e-13
8079.400  1.001e-13
8080.670  1.005e-13
8081.940  1.011e-13
8083.210  1.007e-13
8084.480  1.005e-13
8085.760  1.006e-13
8087.030  1.003e-13
8088.300  9.973e-14
8089.570  9.930e-14
8090.840  9.931e-14
8092.110  9.974e-14
8093.390  9.981e-14
8094.660  1.001e-13
8095.930  1.010e-13
8097.200  1.012e-13
8098.470  1.015e-13
8099.750  1.024e-13
8101.020  1.030e-13
8102.290  1.028e-13
8103.560  1.026e-13
8104.830  1.029e-13
8106.100  1.030e-13
8107.380  1.035e-13
8108.650  1.035e-13
8109.920  1.026e-13
8111.190  1.024e-13
8112.460  1.027e-13
8113.740  1.030e-13
8115.010  1.026e-13
8116.280  1.022e-13
8117.550  1.024e-13
8118.820  1.021e-13
8120.090  1.020e-13
8121.370  1.025e-13
8122.640  1.022e-13
8123.910  1.011e-13
8125.180  1.002e-13
8126.450  9.983e-14
8127.730  9.981e-14
8129.000  9.964e-14
8130.270  9.924e-14
8131.540  9.868e-14
8132.810  9.808e-14
8134.080  9.779e-14
8135.360  9.785e-14
8136.630  9.833e-14
8137.900  9.902e-14
8139.170  9.895e-14
8140.440  9.849e-14
8141.720  9.810e-14
8142.990  9.799e-14
8144.260  9.857e-14
8145.530  9.852e-14
8146.800  9.740e-14
8148.070  9.686e-14
8149.350  9.668e-14
8150.620  9.643e-14
8151.890  9.703e-14
8153.160  9.756e-14
8154.430  9.737e-14
8155.700  9.666e-14
8156.980  9.639e-14
8158.250  9.680e-14
8159.520  9.668e-14
8160.790  9.544e-14
8162.060  9.399e-14
8163.340  9.382e-14
8164.610  9.476e-14
8165.880  9.561e-14
8167.150  9.605e-14
8168.420  9.621e-14
8169.690  9.604e-14
8170.970  9.538e-14
8172.240  9.556e-14
8173.510  9.643e-14
8174.780  9.627e-14
8176.050  9.526e-14
8177.330  9.380e-14
8178.600  9.280e-14
8179.870  9.357e-14
8181.140  9.476e-14
8182.410  9.498e-14
8183.680  9.563e-14
8184.960  9.661e-14
8186.230  9.682e-14
8187.500  9.628e-14
8188.770  9.621e-14
8190.040  9.633e-14
8191.320  9.646e-14
8192.590  9.730e-14
8193.860  9.796e-14
8195.130  9.824e-14
8196.400  9.856e-14
8197.670  9.868e-14
8198.950  9.898e-14
8200.220  9.937e-14
8201.490  1.008e-13
8202.760  1.027e-13
8204.030  1.039e-13
8205.310  1.045e-13
8206.580  1.045e-13
8207.850  1.038e-13
8209.120  1.031e-13
8210.390  1.030e-13
8211.660  1.031e-13
8212.940  1.029e-13
8214.210  1.032e-13
8215.480  1.036e-13
8216.750  1.040e-13
8218.020  1.039e-13
8219.300  1.029e-13
8220.570  1.024e-13
8221.840  1.024e-13
8223.110  1.016e-13
8224.380  1.004e-13
8225.650  9.954e-14
8226.930  9.785e-14
8228.200  9.568e-14
8229.470  9.540e-14
8230.740  9.689e-14
8232.010  9.890e-14
8233.290  1.008e-13
8234.560  1.031e-13
8235.830  1.051e-13
8237.100  1.053e-13
8238.370  1.052e-13
8239.640  1.056e-13
8240.920  1.057e-13
8242.190  1.052e-13
8243.460  1.048e-13
8244.730  1.044e-13
8246.000  1.050e-13
8247.280  1.056e-13
8248.550  1.058e-13
8249.820  1.060e-13
8251.090  1.056e-13
8252.360  1.052e-13
8253.630  1.053e-13
8254.910  1.049e-13
8256.180  1.038e-13
8257.450  1.028e-13
8258.720  1.023e-13
8259.990  1.029e-13
8261.270  1.041e-13
8262.540  1.044e-13
8263.810  1.047e-13
8265.080  1.056e-13
8266.350  1.064e-13
8267.620  1.066e-13
8268.900  1.065e-13
8270.170  1.064e-13
8271.440  1.056e-13
8272.710  1.047e-13
8273.980  1.047e-13
8275.260  1.049e-13
8276.530  1.051e-13
8277.800  1.060e-13
8279.070  1.067e-13
8280.340  1.064e-13
8281.610  1.064e-13
8282.890  1.067e-13
8284.160  1.067e-13
8285.430  1.066e-13
8286.700  1.068e-13
8287.970  1.073e-13
8289.250  1.076e-13
8290.520  1.074e-13
8291.790  1.074e-13
8293.060  1.079e-13
8294.330  1.081e-13
8295.600  1.078e-13
8296.880  1.081e-13
8298.150  1.091e-13
8299.420  1.091e-13
8300.690  1.088e-13
8301.960  1.087e-13
8303.240  1.089e-13
8304.510  1.098e-13
8305.780  1.108e-13
8307.050  1.111e-13
8308.320  1.111e-13
8309.590  1.122e-13
8310.870  1.135e-13
8312.140  1.135e-13
8313.410  1.129e-13
8314.680  1.131e-13
8315.950  1.136e-13
8317.230  1.137e-13
8318.500  1.133e-13
8319.770  1.131e-13
8321.040  1.141e-13
8322.310  1.152e-13
8323.580  1.153e-13
8324.860  1.160e-13
8326.130  1.176e-13
8327.400  1.179e-13
8328.670  1.172e-13
8329.940  1.175e-13
8331.220  1.189e-13
8332.490  1.197e-13
8333.760  1.198e-13
8335.030  1.202e-13
8336.300  1.211e-13
8337.570  1.215e-13
8338.850  1.216e-13
8340.120  1.222e-13
8341.390  1.227e-13
8342.660  1.233e-13
8343.930  1.240e-13
8345.200  1.244e-13
8346.480  1.243e-13
8347.750  1.239e-13
8349.020  1.247e-13
8350.290  1.249e-13
8351.560  1.241e-13
8352.840  1.243e-13
8354.110  1.242e-13
8355.380  1.236e-13
8356.650  1.234e-13
8357.920  1.234e-13
8359.190  1.231e-13
8360.470  1.228e-13
8361.740  1.235e-13
8363.010  1.246e-13
8364.280  1.251e-13
8365.550  1.254e-13
8366.830  1.263e-13
8368.100  1.269e-13
8369.370  1.272e-13
8370.640  1.278e-13
8371.910  1.284e-13
8373.180  1.286e-13
8374.460  1.289e-13
8375.730  1.293e-13
8377.000  1.294e-13
8378.270  1.300e-13
8379.540  1.314e-13
8380.820  1.326e-13
8382.090  1.325e-13
8383.360  1.318e-13
8384.630  1.316e-13
8385.900  1.316e-13
8387.170  1.315e-13
8388.450  1.310e-13
8389.720  1.305e-13
8390.990  1.309e-13
8392.260  1.311e-13
8393.530  1.314e-13
8394.810  1.314e-13
8396.080  1.315e-13
8397.350  1.324e-13
8398.620  1.327e-13
8399.890  1.328e-13
8401.160  1.328e-13
8402.440  1.328e-13
8403.710  1.325e-13
8404.980  1.322e-13
8406.250  1.323e-13
8407.520  1.324e-13
8408.800  1.325e-13
8410.070  1.324e-13
8411.340  1.324e-13
8412.610  1.327e-13
8413.880  1.336e-13
8415.150  1.340e-13
8416.430  1.338e-13
8417.700  1.334e-13
8418.970  1.329e-13
8420.240  1.330e-13
8421.510  1.337e-13
8422.790  1.345e-13
8424.060  1.347e-13
8425.330  1.339e-13
8426.600  1.335e-13
8427.870  1.343e-13
8429.140  1.346e-13
8430.420  1.352e-13
8431.690  1.355e-13
8432.960  1.345e-13
8434.230  1.345e-13
8435.500  1.349e-13
8436.780  1.344e-13
8438.050  1.339e-13
8439.320  1.337e-13
8440.590  1.335e-13
8441.860  1.332e-13
8443.130  1.337e-13
8444.410  1.348e-13
8445.680  1.357e-13
8446.950  1.360e-13
8448.220  1.357e-13
8449.490  1.355e-13
8450.770  1.353e-13
8452.040  1.356e-13
8453.310  1.359e-13
8454.580  1.355e-13
8455.850  1.354e-13
8457.120  1.364e-13
8458.400  1.377e-13
8459.670  1.382e-13
8460.940  1.376e-13
8462.210  1.366e-13
8463.480  1.369e-13
8464.760  1.380e-13
8466.030  1.381e-13
8467.300  1.372e-13
8468.570  1.362e-13
8469.840  1.359e-13
8471.110  1.363e-13
8472.390  1.359e-13
8473.660  1.358e-13
8474.930  1.353e-13
8476.200  1.344e-13
8477.470  1.346e-13
8478.750  1.347e-13
8480.020  1.340e-13
8481.290  1.329e-13
8482.560  1.323e-13
8483.830  1.331e-13
8485.100  1.341e-13
8486.380  1.340e-13
8487.650  1.333e-13
8488.920  1.328e-13
8490.190  1.325e-13
8491.460  1.329e-13
8492.740  1.342e-13
8494.010  1.348e-13
8495.280  1.340e-13
8496.550  1.337e-13
8497.820  1.343e-13
8499.090  1.338e-13
8500.370  1.334e-13
8501.640  1.335e-13
8502.910  1.338e-13
8504.180  1.346e-13
8505.450  1.347e-13
8506.730  1.345e-13
8508.000  1.351e-13
8509.270  1.344e-13
8510.540  1.335e-13
8511.810  1.345e-13
8513.080  1.354e-13
8514.360  1.344e-13
8515.630  1.334e-13
8516.900  1.334e-13
8518.170  1.337e-13
8519.440  1.339e-13
8520.720  1.328e-13
8521.990  1.319e-13
8523.260  1.319e-13
8524.530  1.316e-13
8525.800  1.302e-13
8527.070  1.281e-13
8528.350  1.278e-13
8529.620  1.282e-13
8530.890  1.280e-13
8532.160  1.283e-13
8533.430  1.285e-13
8534.700  1.280e-13
8535.980  1.276e-13
8537.250  1.277e-13
8538.520  1.280e-13
8539.790  1.288e-13
8541.060  1.290e-13
8542.340  1.287e-13
8543.610  1.290e-13
8544.880  1.295e-13
8546.150  1.295e-13
8547.420  1.293e-13
8548.690  1.294e-13
8549.970  1.294e-13
8551.240  1.285e-13
8552.510  1.283e-13
8553.780  1.292e-13
8555.050  1.294e-13
8556.330  1.287e-13
8557.600  1.281e-13
8558.870  1.277e-13
8560.140  1.271e-13
8561.410  1.267e-13
8562.680  1.276e-13
8563.960  1.279e-13
8565.230  1.264e-13
8566.500  1.250e-13
8567.770  1.247e-13
8569.040  1.249e-13
8570.320  1.250e-13
8571.590  1.248e-13
8572.860  1.248e-13
8574.130  1.245e-13
8575.400  1.239e-13
8576.670  1.241e-13
8577.950  1.244e-13
8579.220  1.242e-13
8580.490  1.232e-13
8581.760  1.227e-13
8583.030  1.232e-13
8584.310  1.226e-13
8585.580  1.227e-13
8586.850  1.236e-13
8588.120  1.235e-13
8589.390  1.238e-13
8590.660  1.246e-13
8591.940  1.246e-13
8593.210  1.239e-13
8594.480  1.239e-13
8595.750  1.241e-13
8597.020  1.243e-13
8598.300  1.246e-13
8599.570  1.241e-13
8600.840  1.235e-13
8602.110  1.240e-13
8603.380  1.244e-13
8604.650  1.249e-13
8605.930  1.251e-13
8607.200  1.247e-13
8608.470  1.244e-13
8609.740  1.245e-13
8611.010  1.246e-13
8612.290  1.245e-13
8613.560  1.246e-13
8614.830  1.242e-13
8616.100  1.231e-13
8617.370  1.219e-13
8618.640  1.218e-13
8619.920  1.212e-13
8621.190  1.198e-13
8622.460  1.197e-13
8623.730  1.196e-13
8625.000  1.192e-13
8626.280  1.200e-13
8627.550  1.202e-13
8628.820  1.203e-13
8630.090  1.207e-13
8631.360  1.198e-13
8632.630  1.192e-13
8633.910  1.192e-13
8635.180  1.187e-13
8636.450  1.183e-13
8637.720  1.181e-13
8638.990  1.174e-13
8640.270  1.175e-13
8641.540  1.181e-13
8642.810  1.182e-13
8644.080  1.184e-13
8645.350  1.183e-13
8646.620  1.175e-13
8647.900  1.175e-13
8649.170  1.180e-13
8650.440  1.185e-13
8651.710  1.193e-13
8652.980  1.198e-13
8654.260  1.193e-13
8655.530  1.186e-13
8656.800  1.191e-13
8658.070  1.207e-13
8659.340  1.211e-13
8660.610  1.202e-13
8661.890  1.199e-13
8663.160  1.200e-13
8664.430  1.201e-13
8665.700  1.197e-13
8666.970  1.181e-13
8668.250  1.174e-13
8669.520  1.180e-13
8670.790  1.179e-13
8672.060  1.170e-13
8673.330  1.160e-13
8674.600  1.151e-13
8675.880  1.150e-13
8677.150  1.155e-13
8678.420  1.156e-13
8679.690  1.151e-13
8680.960  1.146e-13
8682.240  1.139e-13
8683.510  1.137e-13
8684.780  1.146e-13
8686.050  1.154e-13
8687.320  1.160e-13
8688.590  1.165e-13
8689.870  1.169e-13
8691.140  1.167e-13
8692.410  1.160e-13
8693.680  1.160e-13
8694.950  1.163e-13
8696.230  1.165e-13
8697.500  1.172e-13
8698.770  1.170e-13
8700.040  1.166e-13
8701.310  1.169e-13
8702.580  1.162e-13
8703.860  1.156e-13
8705.130  1.165e-13
8706.400  1.172e-13
8707.670  1.168e-13
8708.940  1.166e-13
8710.220  1.169e-13
8711.490  1.176e-13
8712.760  1.174e-13
8714.030  1.165e-13
8715.300  1.164e-13
8716.570  1.164e-13
8717.850  1.164e-13
8719.120  1.165e-13
8720.390  1.161e-13
8721.660  1.155e-13
8722.930  1.158e-13
8724.210  1.163e-13
8725.480  1.151e-13
8726.750  1.148e-13
8728.020  1.151e-13
8729.290  1.141e-13
8730.560  1.131e-13
8731.840  1.125e-13
8733.110  1.128e-13
8734.380  1.133e-13
8735.650  1.135e-13
8736.920  1.131e-13
8738.190  1.120e-13
8739.470  1.107e-13
8740.740  1.099e-13
8742.010  1.094e-13
8743.280  1.094e-13
8744.550  1.084e-13
8745.830  1.070e-13
8747.100  1.072e-13
8748.370  1.076e-13
8749.640  1.069e-13
8750.910  1.063e-13
8752.180  1.062e-13
8753.460  1.064e-13
8754.730  1.062e-13
8756.000  1.050e-13
8757.270  1.044e-13
8758.540  1.045e-13
8759.820  1.042e-13
8761.090  1.040e-13
8762.360  1.043e-13
8763.630  1.045e-13
8764.900  1.043e-13
8766.170  1.035e-13
8767.450  1.035e-13
8768.720  1.044e-13
8769.990  1.048e-13
8771.260  1.045e-13
8772.530  1.040e-13
8773.810  1.043e-13
8775.080  1.051e-13
8776.350  1.045e-13
8777.620  1.037e-13
8778.890  1.042e-13
8780.160  1.049e-13
8781.440  1.049e-13
8782.710  1.044e-13
8783.980  1.040e-13
8785.250  1.044e-13
8786.520  1.044e-13
8787.800  1.037e-13
8789.070  1.034e-13
8790.340  1.035e-13
8791.610  1.037e-13
8792.880  1.042e-13
8794.150  1.039e-13
8795.430  1.032e-13
8796.700  1.034e-13
8797.970  1.036e-13
8799.240  1.030e-13
8800.510  1.025e-13
8801.790  1.025e-13
8803.060  1.017e-13
8804.330  1.008e-13
8805.600  1.007e-13
8806.870  9.997e-14
8808.140  9.866e-14
8809.420  9.838e-14
8810.690  9.857e-14
8811.960  9.819e-14
8813.230  9.779e-14
8814.500  9.727e-14
8815.780  9.675e-14
8817.050  9.711e-14
8818.320  9.778e-14
8819.590  9.762e-14
8820.860  9.768e-14
8822.130  9.829e-14
8823.410  9.891e-14
8824.680  9.944e-14
8825.950  1.001e-13
8827.220  1.007e-13
8828.490  1.004e-13
8829.770  1.004e-13
8831.040  1.008e-13
8832.310  1.008e-13
8833.580  1.015e-13
8834.850  1.023e-13
8836.120  1.017e-13
8837.400  1.016e-13
8838.670  1.021e-13
8839.940  1.017e-13
8841.210  1.018e-13
8842.480  1.024e-13
8843.760  1.018e-13
8845.030  1.009e-13
8846.300  1.022e-13
8847.570  1.030e-13
8848.840  1.019e-13
8850.110  1.015e-13
8851.390  1.017e-13
8852.660  1.015e-13
8853.930  1.010e-13
8855.200  1.009e-13
8856.470  1.008e-13
8857.750  9.976e-14
8859.020  9.892e-14
8860.290  9.908e-14
8861.560  9.892e-14
8862.830  9.843e-14
8864.100  9.795e-14
8865.380  9.808e-14
8866.650  9.882e-14
8867.920  9.843e-14
8869.190  9.741e-14
8870.460  9.702e-14
8871.740  9.670e-14
8873.010  9.717e-14
8874.280  9.806e-14
8875.550  9.840e-14
8876.820  9.808e-14
8878.090  9.792e-14
8879.370  9.863e-14
8880.640  9.903e-14
8881.910  9.923e-14
8883.180  1.003e-13
8884.450  1.006e-13
8885.730  9.995e-14
8887.000  1.004e-13
8888.270  1.019e-13
8889.540  1.030e-13
8890.810  1.025e-13
8892.080  1.017e-13
8893.360  1.016e-13
8894.630  1.017e-13
8895.900  1.012e-13
8897.170  1.002e-13
8898.440  1.003e-13
8899.720  1.011e-13
8900.990  1.007e-13
8902.260  1.002e-13
8903.530  1.006e-13
8904.800  1.010e-13
8906.070  1.007e-13
8907.350  9.965e-14
8908.620  9.921e-14
8909.890  9.946e-14
8911.160  9.926e-14
8912.430  9.890e-14
8913.710  9.839e-14
8914.980  9.731e-14
8916.250  9.699e-14
8917.520  9.708e-14
8918.790  9.566e-14
8920.060  9.468e-14
8921.340  9.553e-14
8922.610  9.653e-14
8923.880  9.712e-14
8925.150  9.676e-14
8926.420  9.592e-14
8927.690  9.567e-14
8928.970  9.540e-14
8930.240  9.483e-14
8931.510  9.426e-14
8932.780  9.363e-14
8934.050  9.360e-14
8935.330  9.364e-14
8936.600  9.343e-14
8937.870  9.333e-14
8939.140  9.302e-14
8940.410  9.252e-14
8941.680  9.185e-14
8942.960  9.201e-14
8944.230  9.200e-14
8945.500  9.156e-14
8946.770  9.167e-14
8948.040  9.198e-14
8949.320  9.260e-14
8950.590  9.253e-14
8951.860  9.131e-14
8953.130  8.990e-14
8954.400  8.944e-14
8955.670  8.984e-14
8956.950  8.998e-14
8958.220  8.994e-14
8959.490  8.946e-14
8960.760  8.808e-14
8962.030  8.661e-14
8963.310  8.574e-14
8964.580  8.572e-14
8965.850  8.639e-14
8967.120  8.674e-14
8968.390  8.663e-14
8969.660  8.643e-14
8970.940  8.665e-14
8972.210  8.722e-14
8973.480  8.699e-14
8974.750  8.628e-14
8976.020  8.668e-14
8977.300  8.741e-14
8978.570  8.756e-14
8979.840  8.746e-14
8981.110  8.675e-14
8982.380  8.565e-14
8983.650  8.534e-14
8984.930  8.505e-14
8986.200  8.365e-14
8987.470  8.142e-14
8988.740  7.920e-14
8990.010  7.783e-14
8991.290  7.733e-14
8992.560  7.736e-14
8993.830  7.776e-14
8995.100  7.941e-14
8996.370  8.125e-14
8997.640  8.122e-14
8998.920  8.056e-14
9000.190  8.000e-14
9001.460  7.915e-14
9002.730  7.803e-14
9004.000  7.730e-14
9005.280  7.742e-14
9006.550  7.750e-14
9007.820  7.732e-14
9009.090  7.740e-14
9010.360  7.792e-14
9011.630  7.800e-14
9012.910  7.741e-14
9014.180  7.692e-14
9015.450  7.629e-14
9016.720  7.586e-14
9017.990  7.569e-14
9019.270  7.501e-14
9020.540  7.468e-14
9021.810  7.559e-14
9023.080  7.630e-14
9024.350  7.553e-14
9025.620  7.500e-14
9026.900  7.561e-14
9028.170  7.601e-14
9029.440  7.598e-14
9030.710  7.647e-14
9031.980  7.757e-14
9033.260  7.862e-14
9034.530  7.925e-14
9035.800  7.960e-14
9037.070  7.999e-14
9038.340  8.019e-14
9039.610  7.975e-14
9040.890  7.960e-14
9042.160  8.006e-14
9043.430  8.049e-14
9044.700  8.078e-14
9045.970  8.088e-14
9047.250  8.086e-14
9048.520  8.076e-14
9049.790  8.079e-14
9051.060  8.076e-14
9052.330  8.069e-14
9053.600  8.104e-14
9054.880  8.100e-14
9056.150  8.021e-14
9057.420  8.110e-14
9058.690  8.221e-14
9059.960  8.156e-14
9061.240  8.108e-14
9062.510  8.106e-14
9063.780  8.113e-14
9065.050  8.090e-14
9066.320  8.063e-14
9067.590  8.032e-14
9068.870  7.929e-14
9070.140  7.810e-14
9071.410  7.712e-14
9072.680  7.733e-14
9073.950  7.832e-14
9075.230  7.841e-14
9076.500  7.808e-14
9077.770  7.809e-14
9079.040  7.721e-14
9080.310  7.577e-14
9081.580  7.475e-14
9082.860  7.397e-14
9084.130  7.369e-14
9085.400  7.418e-14
9086.670  7.454e-14
9087.940  7.311e-14
9089.220  7.121e-14
9090.490  7.082e-14
9091.760  7.158e-14
9093.030  7.252e-14
9094.300  7.273e-14
9095.570  7.239e-14
9096.850  7.203e-14
9098.120  7.095e-14
9099.390  6.999e-14
9100.660  7.054e-14
9101.930  7.052e-14
9103.210  6.993e-14
9104.480  6.998e-14
9105.750  7.023e-14
9107.020  7.068e-14
9108.290  7.130e-14
9109.560  7.192e-14
9110.840  7.266e-14
9112.110  7.382e-14
9113.380  7.436e-14
9114.650  7.342e-14
9115.920  7.221e-14
9117.190  7.197e-14
9118.470  7.240e-14
9119.740  7.238e-14
9121.010  7.268e-14
9122.280  7.375e-14
9123.550  7.413e-14
9124.830  7.432e-14
9126.100  7.459e-14
9127.370  7.395e-14
9128.640  7.295e-14
9129.910  7.218e-14
9131.180  7.120e-14
9132.460  7.063e-14
9133.730  7.099e-14
