# TELESCOPE = UH88
# INSTRUMENT = SNIFS
# OBJECT = 2022qdx
# CHANNEL = B+R
# EXPNUM = 22_213_028_003
# MJD-OBS = 59792.478837
# DATE-OBS = 2022-08-01T11:29:33
# EXPTIME = 2400.0s
# AIRMASS = 1.31
# FLUXCAL_RMS_B = 0.100 mag
# FLUXCAL_RMS_R = 0.089 mag
# RA = 19:50:31.60
# DEC = 53:18:53.39
# wl fl err
# [A] [erg/s/cm2/A]
3402.860000 1.825861e-16 3.481355e-17
3405.860000 2.738308e-16 3.700948e-17
3408.860000 2.005850e-16 3.305899e-17
3411.860000 1.691185e-16 3.076575e-17
3414.860000 1.499865e-16 3.361184e-17
3417.860000 2.488214e-16 3.535712e-17
3420.860000 2.519367e-16 3.164773e-17
3423.860000 1.892657e-16 3.020487e-17
3426.860000 1.753269e-16 3.404306e-17
3429.860000 2.025639e-16 3.414594e-17
3432.860000 2.085363e-16 3.022446e-17
3435.860000 1.751240e-16 2.986572e-17
3438.860000 1.780061e-16 3.358601e-17
3441.860000 1.714748e-16 3.284713e-17
3444.860000 1.866042e-16 2.853590e-17
3447.860000 1.852488e-16 2.894084e-17
3450.860000 1.842982e-16 3.174537e-17
3453.860000 1.994296e-16 3.060952e-17
3456.860000 1.873638e-16 2.758048e-17
3459.860000 2.142025e-16 2.918780e-17
3462.860000 1.932245e-16 3.088524e-17
3465.860000 1.667484e-16 2.875139e-17
3468.860000 1.914867e-16 2.641353e-17
3471.860000 2.058662e-16 2.839829e-17
3474.860000 1.691561e-16 2.923619e-17
3477.860000 1.558884e-16 2.684123e-17
3480.860000 1.649796e-16 2.559071e-17
3483.860000 1.644110e-16 2.875146e-17
3486.860000 1.941478e-16 3.005178e-17
3489.860000 2.161775e-16 2.743907e-17
3492.860000 2.192886e-16 2.641331e-17
3495.860000 2.609806e-16 2.976333e-17
3498.860000 2.277468e-16 2.935972e-17
3501.860000 1.922646e-16 2.548917e-17
3504.860000 1.791229e-16 2.501655e-17
3507.860000 1.917829e-16 2.795095e-17
3510.860000 1.551448e-16 2.706539e-17
3513.860000 1.868645e-16 2.397673e-17
3516.860000 1.965567e-16 2.446033e-17
3519.860000 1.925217e-16 2.675478e-17
3522.860000 2.303709e-16 2.591645e-17
3525.860000 2.344049e-16 2.333678e-17
3528.860000 2.354511e-16 2.452030e-17
3531.860000 2.107773e-16 2.608073e-17
3534.860000 2.245654e-16 2.475020e-17
3537.860000 1.920720e-16 2.226845e-17
3540.860000 2.002851e-16 2.421631e-17
3543.860000 2.177327e-16 2.613612e-17
3546.860000 2.098960e-16 2.462667e-17
3549.860000 1.912140e-16 2.336398e-17
3552.860000 1.968217e-16 2.595616e-17
3555.860000 1.941582e-16 2.669268e-17
3558.860000 2.188642e-16 2.433443e-17
3561.860000 2.364611e-16 2.370386e-17
3564.860000 2.340570e-16 2.650657e-17
3567.860000 2.592512e-16 2.677780e-17
3570.860000 2.378079e-16 2.323737e-17
3573.860000 1.998245e-16 2.245191e-17
3576.860000 2.055195e-16 2.542865e-17
3579.860000 2.218496e-16 2.516806e-17
3582.860000 2.195179e-16 2.191836e-17
3585.860000 2.139860e-16 2.197168e-17
3588.860000 2.333513e-16 2.432036e-17
3591.860000 1.930166e-16 2.295703e-17
3594.860000 2.324511e-16 2.090307e-17
3597.860000 2.628077e-16 2.202057e-17
3600.860000 2.500809e-16 2.355899e-17
3603.860000 1.880055e-16 2.191848e-17
3606.860000 1.882219e-16 1.997403e-17
3609.860000 1.797913e-16 2.112479e-17
3612.860000 1.557324e-16 2.201167e-17
3615.860000 1.973172e-16 2.100358e-17
3618.860000 2.080613e-16 1.986725e-17
3621.860000 2.180057e-16 2.220258e-17
3624.860000 2.285368e-16 2.316530e-17
3627.860000 2.067904e-16 2.086436e-17
3630.860000 1.945442e-16 1.979679e-17
3633.860000 1.762311e-16 2.223113e-17
3636.860000 1.938564e-16 2.287865e-17
3639.860000 1.835178e-16 2.046253e-17
3642.860000 2.124082e-16 2.042478e-17
3645.860000 1.590522e-16 2.230091e-17
3648.860000 1.540072e-16 2.202585e-17
3651.860000 1.849411e-16 1.932891e-17
3654.860000 1.796122e-16 1.934715e-17
3657.860000 1.417686e-16 2.102927e-17
3660.860000 1.691093e-16 2.080397e-17
3663.860000 1.609677e-16 1.846378e-17
3666.860000 1.718280e-16 1.928287e-17
3669.860000 1.387363e-16 2.032665e-17
3672.860000 1.306375e-16 1.923535e-17
3675.860000 1.591559e-16 1.772441e-17
3678.860000 1.574093e-16 1.875171e-17
3681.860000 1.502086e-16 1.989880e-17
3684.860000 1.566810e-16 1.865997e-17
3687.860000 1.552031e-16 1.725537e-17
3690.860000 1.740558e-16 1.913038e-17
3693.860000 1.780830e-16 1.974805e-17
3696.860000 1.794671e-16 1.799709e-17
3699.860000 1.790799e-16 1.741469e-17
3702.860000 1.601420e-16 1.938816e-17
3705.860000 1.557452e-16 1.989252e-17
3708.860000 1.721291e-16 1.803386e-17
3711.860000 1.589381e-16 1.754231e-17
3714.860000 1.658305e-16 2.010964e-17
3717.860000 1.648561e-16 1.988204e-17
3720.860000 1.661628e-16 1.743752e-17
3723.860000 1.616572e-16 1.739638e-17
3726.860000 1.460474e-16 1.918784e-17
3729.860000 1.545450e-16 1.896626e-17
3732.860000 1.809361e-16 1.738951e-17
3735.860000 1.753487e-16 1.804637e-17
3738.860000 1.673722e-16 2.000019e-17
3741.860000 1.863153e-16 1.966750e-17
3744.860000 2.048140e-16 1.801126e-17
3747.860000 2.190380e-16 1.912599e-17
3750.860000 2.273027e-16 2.036023e-17
3753.860000 2.023529e-16 1.875572e-17
3756.860000 1.951234e-16 1.718508e-17
3759.860000 1.876781e-16 1.861358e-17
3762.860000 2.371220e-16 1.987378e-17
3765.860000 2.311416e-16 1.821104e-17
3768.860000 2.313338e-16 1.718231e-17
3771.860000 2.337738e-16 1.900167e-17
3774.860000 2.246567e-16 1.927667e-17
3777.860000 2.145227e-16 1.737456e-17
3780.860000 1.990183e-16 1.676436e-17
3783.860000 1.884582e-16 1.889821e-17
3786.860000 2.148362e-16 1.908605e-17
3789.860000 2.258230e-16 1.663257e-17
3792.860000 2.104606e-16 1.647168e-17
3795.860000 2.041237e-16 1.841366e-17
3798.860000 2.137302e-16 1.842922e-17
3801.860000 2.142135e-16 1.612841e-17
3804.860000 1.936981e-16 1.621860e-17
3807.860000 1.835661e-16 1.760474e-17
3810.860000 1.837175e-16 1.698776e-17
3813.860000 1.663342e-16 1.518299e-17
3816.860000 1.464196e-16 1.589146e-17
3819.860000 1.408872e-16 1.699717e-17
3822.860000 1.903306e-16 1.644397e-17
3825.860000 1.980303e-16 1.521780e-17
3828.860000 1.764675e-16 1.637020e-17
3831.860000 1.698352e-16 1.725166e-17
3834.860000 1.432998e-16 1.575067e-17
3837.860000 1.630182e-16 1.517971e-17
3840.860000 1.629475e-16 1.667424e-17
3843.860000 1.607796e-16 1.699159e-17
3846.860000 1.493349e-16 1.514380e-17
3849.860000 1.286582e-16 1.460150e-17
3852.860000 1.500818e-16 1.671009e-17
3855.860000 1.776338e-16 1.703550e-17
3858.860000 1.165561e-16 1.448204e-17
3861.860000 1.071206e-16 1.433952e-17
3864.860000 1.242604e-16 1.620213e-17
3867.860000 1.480981e-16 1.608132e-17
3870.860000 1.462265e-16 1.422919e-17
3873.860000 1.422723e-16 1.461752e-17
3876.860000 1.583513e-16 1.627942e-17
3879.860000 1.353695e-16 1.553646e-17
3882.860000 1.202600e-16 1.396749e-17
3885.860000 1.139489e-16 1.459137e-17
3888.860000 1.103639e-16 1.560924e-17
3891.860000 1.254320e-16 1.495013e-17
3894.860000 1.117811e-16 1.360044e-17
3897.860000 1.078617e-16 1.454236e-17
3900.860000 9.537235e-17 1.504637e-17
3903.860000 1.067315e-16 1.405956e-17
3906.860000 1.090327e-16 1.330528e-17
3909.860000 1.151371e-16 1.482649e-17
3912.860000 1.277411e-16 1.550797e-17
3915.860000 1.313251e-16 1.400234e-17
3918.860000 1.217274e-16 1.338271e-17
3921.860000 9.449813e-17 1.466644e-17
3924.860000 1.177589e-16 1.509732e-17
3927.860000 1.217974e-16 1.331980e-17
3930.860000 9.415748e-17 1.293286e-17
3933.860000 9.452966e-17 1.461902e-17
3936.860000 1.084712e-16 1.463058e-17
3939.860000 1.156440e-16 1.300713e-17
3942.860000 1.392479e-16 1.360165e-17
3945.860000 1.191347e-16 1.506980e-17
3948.860000 1.341981e-16 1.495426e-17
3951.860000 1.439237e-16 1.348443e-17
3954.860000 1.252800e-16 1.382014e-17
3957.860000 1.220971e-16 1.473283e-17
3960.860000 1.491552e-16 1.421776e-17
3963.860000 1.522928e-16 1.306204e-17
3966.860000 1.460467e-16 1.390729e-17
3969.860000 1.435803e-16 1.463525e-17
3972.860000 1.611178e-16 1.384000e-17
3975.860000 1.665050e-16 1.309554e-17
3978.860000 1.875451e-16 1.491225e-17
3981.860000 1.971957e-16 1.575044e-17
3984.860000 2.213956e-16 1.479662e-17
3987.860000 2.011454e-16 1.419887e-17
3990.860000 1.987039e-16 1.606595e-17
3993.860000 2.373550e-16 1.684648e-17
3996.860000 2.438585e-16 1.510285e-17
3999.860000 2.530768e-16 1.497392e-17
4002.860000 2.599878e-16 1.709553e-17
4005.860000 2.542847e-16 1.685348e-17
4008.860000 2.563196e-16 1.469518e-17
4011.860000 2.553656e-16 1.479203e-17
4014.860000 2.559382e-16 1.637041e-17
4017.860000 2.629430e-16 1.571702e-17
4020.860000 2.479890e-16 1.376037e-17
4023.860000 2.448518e-16 1.408864e-17
4026.860000 2.283509e-16 1.496849e-17
4029.860000 2.284335e-16 1.425842e-17
4032.860000 2.354069e-16 1.286742e-17
4035.860000 2.335676e-16 1.368112e-17
4038.860000 2.482047e-16 1.479839e-17
4041.860000 2.546872e-16 1.393429e-17
4044.860000 2.815949e-16 1.326094e-17
4047.860000 2.932426e-16 1.468576e-17
4050.860000 2.877793e-16 1.529891e-17
4053.860000 2.902561e-16 1.397816e-17
4056.860000 2.978101e-16 1.336394e-17
4059.860000 2.914008e-16 1.478176e-17
4062.860000 2.831987e-16 1.510583e-17
4065.860000 2.745325e-16 1.359346e-17
4068.860000 2.960983e-16 1.369392e-17
4071.860000 3.047308e-16 1.586755e-17
4074.860000 3.193851e-16 1.595543e-17
4077.860000 3.200869e-16 1.399787e-17
4080.860000 2.969905e-16 1.393736e-17
4083.860000 3.162945e-16 1.592148e-17
4086.860000 3.335559e-16 1.581757e-17
4089.860000 3.016679e-16 1.384316e-17
4092.860000 3.100155e-16 1.448146e-17
4095.860000 3.129036e-16 1.589499e-17
4098.860000 3.076436e-16 1.518505e-17
4101.860000 3.003464e-16 1.380759e-17
4104.860000 3.099165e-16 1.477072e-17
4107.860000 2.799134e-16 1.535589e-17
4110.860000 2.734334e-16 1.439762e-17
4113.860000 2.927100e-16 1.344341e-17
4116.860000 2.883990e-16 1.439883e-17
4119.860000 2.626732e-16 1.482056e-17
4122.860000 2.478311e-16 1.346941e-17
4125.860000 2.438705e-16 1.270591e-17
4128.860000 2.387886e-16 1.401467e-17
4131.860000 2.450731e-16 1.437811e-17
4134.860000 2.272676e-16 1.268832e-17
4137.860000 2.264720e-16 1.237473e-17
4140.860000 2.464061e-16 1.424479e-17
4143.860000 2.403431e-16 1.421363e-17
4146.860000 2.405494e-16 1.251164e-17
4149.860000 2.329448e-16 1.237930e-17
4152.860000 2.433522e-16 1.395609e-17
4155.860000 2.230766e-16 1.349082e-17
4158.860000 2.351082e-16 1.205100e-17
4161.860000 2.487805e-16 1.261480e-17
4164.860000 2.452926e-16 1.384702e-17
4167.860000 2.353783e-16 1.338151e-17
4170.860000 2.236110e-16 1.208489e-17
4173.860000 2.257221e-16 1.291407e-17
4176.860000 2.232536e-16 1.379337e-17
4179.860000 2.291194e-16 1.296090e-17
4182.860000 2.479989e-16 1.208793e-17
4185.860000 2.546540e-16 1.313008e-17
4188.860000 2.411081e-16 1.375027e-17
4191.860000 2.425901e-16 1.260724e-17
4194.860000 2.459076e-16 1.194344e-17
4197.860000 2.516133e-16 1.326698e-17
4200.860000 2.594480e-16 1.358062e-17
4203.860000 2.607824e-16 1.238352e-17
4206.860000 2.617772e-16 1.203358e-17
4209.860000 2.719441e-16 1.371216e-17
4212.860000 2.781936e-16 1.384538e-17
4215.860000 2.962960e-16 1.236580e-17
4218.860000 2.787232e-16 1.220838e-17
4221.860000 2.542096e-16 1.355413e-17
4224.860000 2.616538e-16 1.349942e-17
4227.860000 2.703597e-16 1.194771e-17
4230.860000 2.720882e-16 1.224066e-17
4233.860000 2.747744e-16 1.345023e-17
4236.860000 2.652420e-16 1.295180e-17
4239.860000 2.548182e-16 1.162812e-17
4242.860000 2.589364e-16 1.228041e-17
4245.860000 2.546275e-16 1.318108e-17
4248.860000 2.388614e-16 1.245586e-17
4251.860000 2.471760e-16 1.153376e-17
4254.860000 2.557283e-16 1.255026e-17
4257.860000 2.491599e-16 1.323480e-17
4260.860000 2.384276e-16 1.213172e-17
4263.860000 2.326606e-16 1.141352e-17
4266.860000 2.411390e-16 1.268162e-17
4269.860000 2.206741e-16 1.291591e-17
4272.860000 2.121807e-16 1.167742e-17
4275.860000 2.203163e-16 1.140369e-17
4278.860000 2.244586e-16 1.288561e-17
4281.860000 2.138194e-16 1.286315e-17
4284.860000 2.229101e-16 1.148523e-17
4287.860000 2.181407e-16 1.138513e-17
4290.860000 2.151643e-16 1.287543e-17
4293.860000 2.405204e-16 1.294789e-17
4296.860000 2.190010e-16 1.125258e-17
4299.860000 2.021287e-16 1.138745e-17
4302.860000 2.324193e-16 1.294336e-17
4305.860000 2.432628e-16 1.259628e-17
4308.860000 2.311752e-16 1.117880e-17
4311.860000 2.314741e-16 1.172004e-17
4314.860000 2.360349e-16 1.281533e-17
4317.860000 2.379172e-16 1.229178e-17
4320.860000 2.400320e-16 1.134049e-17
4323.860000 2.259924e-16 1.206581e-17
4326.860000 2.467760e-16 1.287584e-17
4329.860000 2.464391e-16 1.202081e-17
4332.860000 2.320740e-16 1.114718e-17
4335.860000 2.280662e-16 1.208736e-17
4338.860000 2.219972e-16 1.250723e-17
4341.860000 2.193065e-16 1.139609e-17
4344.860000 2.282491e-16 1.104562e-17
4347.860000 2.242170e-16 1.232157e-17
4350.860000 2.156978e-16 1.248349e-17
4353.860000 2.189679e-16 1.118879e-17
4356.860000 2.179278e-16 1.100995e-17
4359.860000 2.032021e-16 1.240102e-17
4362.860000 2.130947e-16 1.245520e-17
4365.860000 2.208625e-16 1.095683e-17
4368.860000 2.254963e-16 1.119780e-17
4371.860000 2.356641e-16 1.259445e-17
4374.860000 2.109205e-16 1.211875e-17
4377.860000 2.004756e-16 1.080067e-17
4380.860000 2.090787e-16 1.134687e-17
4383.860000 1.929082e-16 1.225221e-17
4386.860000 1.764911e-16 1.163242e-17
4389.860000 1.786205e-16 1.053219e-17
4392.860000 1.868755e-16 1.124662e-17
4395.860000 1.980475e-16 1.205531e-17
4398.860000 1.952718e-16 1.124875e-17
4401.860000 1.939141e-16 1.048230e-17
4404.860000 1.883280e-16 1.148611e-17
4407.860000 1.754075e-16 1.203786e-17
4410.860000 1.705412e-16 1.105246e-17
4413.860000 1.740734e-16 1.070955e-17
4416.860000 1.919121e-16 1.213033e-17
4419.860000 2.021262e-16 1.240179e-17
4422.860000 1.850424e-16 1.097275e-17
4425.860000 1.829991e-16 1.069836e-17
4428.860000 1.922600e-16 1.219240e-17
4431.860000 1.729812e-16 1.213568e-17
4434.860000 1.635328e-16 1.047092e-17
4437.860000 1.659966e-16 1.051632e-17
4440.860000 1.732968e-16 1.187902e-17
4443.860000 1.811065e-16 1.175940e-17
4446.860000 1.824401e-16 1.052374e-17
4449.860000 1.766502e-16 1.075945e-17
4452.860000 1.759417e-16 1.166341e-17
4455.860000 1.835110e-16 1.128298e-17
4458.860000 1.791974e-16 1.023002e-17
4461.860000 1.601358e-16 1.067204e-17
4464.860000 1.766892e-16 1.156817e-17
4467.860000 1.755690e-16 1.085960e-17
4470.860000 1.671665e-16 1.003087e-17
4473.860000 1.731400e-16 1.098297e-17
4476.860000 1.668385e-16 1.139264e-17
4479.860000 1.568551e-16 1.044920e-17
4482.860000 1.597983e-16 9.934636e-18
4485.860000 1.550399e-16 1.100818e-17
4488.860000 1.528682e-16 1.127300e-17
4491.860000 1.499369e-16 1.017558e-17
4494.860000 1.583549e-16 1.000168e-17
4497.860000 1.639455e-16 1.142477e-17
4500.860000 1.613768e-16 1.153245e-17
4503.860000 1.609138e-16 1.006177e-17
4506.860000 1.565180e-16 1.004469e-17
4509.860000 1.655109e-16 1.141775e-17
4512.860000 1.710052e-16 1.131489e-17
4515.860000 1.667194e-16 9.992821e-18
4518.860000 1.779445e-16 1.044076e-17
4521.860000 1.718155e-16 1.139493e-17
4524.860000 1.745138e-16 1.099530e-17
4527.860000 1.903802e-16 1.009125e-17
4530.860000 1.944608e-16 1.076435e-17
4533.860000 1.899191e-16 1.155554e-17
4536.860000 1.805511e-16 1.090102e-17
4539.860000 1.851974e-16 1.016231e-17
4542.860000 1.863919e-16 1.095468e-17
4545.860000 1.826187e-16 1.145207e-17
4548.860000 1.896361e-16 1.064901e-17
4551.860000 1.955573e-16 1.014260e-17
4554.860000 1.877335e-16 1.117943e-17
4557.860000 1.834453e-16 1.146734e-17
4560.860000 1.882510e-16 1.036312e-17
4563.860000 1.934291e-16 1.009915e-17
4566.860000 1.873235e-16 1.133013e-17
4569.860000 1.862940e-16 1.147473e-17
4572.860000 1.926116e-16 1.020345e-17
4575.860000 2.020275e-16 1.027851e-17
4578.860000 1.959712e-16 1.160638e-17
4581.860000 1.955443e-16 1.145063e-17
4584.860000 1.927091e-16 1.009297e-17
4587.860000 2.010615e-16 1.045818e-17
4590.860000 2.008258e-16 1.153414e-17
4593.860000 1.981477e-16 1.112299e-17
4596.860000 2.030857e-16 1.005697e-17
4599.860000 2.058579e-16 1.056629e-17
4602.860000 2.085522e-16 1.145362e-17
4605.860000 1.941646e-16 1.078925e-17
4608.860000 1.924566e-16 9.878288e-18
4611.860000 2.341753e-16 1.110674e-17
4614.860000 2.350478e-16 1.182813e-17
4617.860000 2.242949e-16 1.073675e-17
4620.860000 2.408157e-16 1.025262e-17
4623.860000 2.426761e-16 1.137327e-17
4626.860000 2.492720e-16 1.178128e-17
4629.860000 2.489996e-16 1.071999e-17
4632.860000 2.374799e-16 1.025347e-17
4635.860000 2.290297e-16 1.144802e-17
4638.860000 2.328121e-16 1.167312e-17
4641.860000 2.340663e-16 1.038085e-17
4644.860000 2.354150e-16 1.029835e-17
4647.860000 2.187527e-16 1.153001e-17
4650.860000 2.208601e-16 1.149818e-17
4653.860000 2.252782e-16 1.012158e-17
4656.860000 2.416203e-16 1.051581e-17
4659.860000 2.413924e-16 1.164692e-17
4662.860000 2.414127e-16 1.136114e-17
4665.860000 2.443162e-16 1.022164e-17
4668.860000 2.444654e-16 1.070063e-17
4671.860000 2.579773e-16 1.173406e-17
4674.860000 2.433672e-16 1.102796e-17
4677.860000 2.368997e-16 1.011259e-17
4680.860000 2.369952e-16 1.087582e-17
4683.860000 2.220592e-16 1.137261e-17
4686.860000 2.392872e-16 1.075009e-17
4689.860000 2.518548e-16 1.020337e-17
4692.860000 2.506363e-16 1.116374e-17
4695.860000 2.290201e-16 1.144716e-17
4698.860000 2.193989e-16 1.033510e-17
4701.860000 2.297774e-16 9.990585e-18
4704.860000 2.356812e-16 1.125549e-17
4707.860000 2.233198e-16 1.138713e-17
4710.860000 2.325058e-16 1.026743e-17
4713.860000 2.426684e-16 1.018212e-17
4716.860000 2.196168e-16 1.141999e-17
4719.860000 1.924505e-16 1.121834e-17
4722.860000 2.080178e-16 1.000152e-17
4725.860000 2.092484e-16 1.009434e-17
4728.860000 2.219692e-16 1.128721e-17
4731.860000 2.179142e-16 1.107639e-17
4734.860000 2.094680e-16 9.857580e-18
4737.860000 2.250011e-16 1.037565e-17
4740.860000 2.159252e-16 1.116093e-17
4743.860000 1.950500e-16 1.056809e-17
4746.860000 2.128358e-16 9.760923e-18
4749.860000 2.272878e-16 1.056645e-17
4752.860000 2.198961e-16 1.119791e-17
4755.860000 2.149984e-16 1.044790e-17
4758.860000 2.096015e-16 9.753018e-18
4761.860000 2.000322e-16 1.054392e-17
4764.860000 2.106141e-16 1.104240e-17
4767.860000 2.152099e-16 1.021130e-17
4770.860000 2.146052e-16 9.782210e-18
4773.860000 2.200007e-16 1.097630e-17
4776.860000 2.001210e-16 1.104452e-17
4779.860000 2.074937e-16 9.896667e-18
4782.860000 2.140403e-16 9.795634e-18
4785.860000 2.052410e-16 1.110600e-17
4788.860000 2.063641e-16 1.117786e-17
4791.860000 1.970000e-16 9.694531e-18
4794.860000 1.983533e-16 9.878173e-18
4797.860000 1.846076e-16 1.095387e-17
4800.860000 1.757493e-16 1.079572e-17
4803.860000 1.775126e-16 9.635688e-18
4806.860000 1.788101e-16 1.003422e-17
4809.860000 1.968513e-16 1.116890e-17
4812.860000 2.059592e-16 1.083958e-17
4815.860000 1.931008e-16 9.612916e-18
4818.860000 1.777009e-16 1.013391e-17
4821.860000 1.781541e-16 1.090890e-17
4824.860000 1.919968e-16 1.038810e-17
4827.860000 1.943237e-16 9.675763e-18
4830.860000 1.911297e-16 1.054705e-17
4833.860000 1.848001e-16 1.096919e-17
4836.860000 1.784480e-16 1.004738e-17
4839.860000 1.687444e-16 9.568493e-18
4842.860000 1.739682e-16 1.071749e-17
4845.860000 1.820269e-16 1.099193e-17
4848.860000 1.992203e-16 1.002298e-17
4851.860000 2.077044e-16 9.902312e-18
4854.860000 2.153466e-16 1.131163e-17
4857.860000 2.017539e-16 1.133615e-17
4860.860000 1.958021e-16 9.918402e-18
4863.860000 1.864900e-16 9.916977e-18
4866.860000 1.834660e-16 1.113608e-17
4869.860000 1.792137e-16 1.084788e-17
4872.860000 1.787792e-16 9.617032e-18
4875.860000 1.907280e-16 1.005425e-17
4878.860000 1.911523e-16 1.107009e-17
4881.860000 1.846324e-16 1.066642e-17
4884.860000 1.677137e-16 9.564822e-18
4887.860000 1.691725e-16 1.021844e-17
4890.860000 1.878403e-16 1.116560e-17
4893.860000 1.794576e-16 1.046356e-17
4896.860000 1.820948e-16 9.685579e-18
4899.860000 1.794945e-16 1.042066e-17
4902.860000 1.653046e-16 1.086571e-17
4905.860000 1.606321e-16 1.004315e-17
4908.860000 1.538542e-16 9.470939e-18
4911.860000 1.551425e-16 1.051954e-17
4914.860000 1.630256e-16 1.089964e-17
4917.860000 1.607858e-16 9.910113e-18
4920.860000 1.547533e-16 9.583243e-18
4923.860000 1.550571e-16 1.087969e-17
4926.860000 1.579993e-16 1.100648e-17
4929.860000 1.532191e-16 9.760134e-18
4932.860000 1.550543e-16 9.816795e-18
4935.860000 1.673117e-16 1.124423e-17
4938.860000 1.674762e-16 1.122302e-17
4941.860000 1.578038e-16 9.858224e-18
4944.860000 1.734221e-16 1.030764e-17
4947.860000 1.736516e-16 1.145989e-17
4950.860000 1.830793e-16 1.129655e-17
4953.860000 1.893720e-16 1.037913e-17
4956.860000 1.874724e-16 1.100913e-17
4959.860000 1.880941e-16 1.199422e-17
4962.860000 1.832235e-16 1.145653e-17
4965.860000 1.818019e-16 1.064411e-17
4968.860000 1.896426e-16 1.168892e-17
4971.860000 1.928476e-16 1.251720e-17
4974.860000 1.719736e-16 1.146101e-17
4977.860000 1.729177e-16 1.093189e-17
4980.860000 1.650662e-16 1.207656e-17
4983.860000 1.681960e-16 1.258940e-17
4986.860000 1.839525e-16 1.168071e-17
4989.860000 1.742959e-16 1.135732e-17
4992.860000 1.653168e-16 1.298005e-17
4995.860000 1.529610e-16 1.318412e-17
4998.860000 1.503333e-16 1.182827e-17
5001.860000 1.584233e-16 1.201249e-17
5004.860000 1.423933e-16 1.362795e-17
5007.860000 1.118400e-16 1.344158e-17
5010.860000 1.202244e-16 1.204614e-17
5013.860000 1.323781e-16 1.256696e-17
5016.860000 1.541640e-16 1.430496e-17
5019.860000 1.453721e-16 1.395222e-17
5022.860000 1.446120e-16 1.269787e-17
5025.860000 1.492020e-16 1.352815e-17
5028.860000 1.152574e-16 1.456713e-17
5031.860000 1.073642e-16 1.395228e-17
5034.860000 1.155377e-16 1.292584e-17
5037.860000 1.164682e-16 1.392578e-17
5040.860000 1.168022e-16 1.486156e-17
5043.860000 1.154693e-16 1.387441e-17
5046.860000 1.074953e-16 1.309700e-17
5049.860000 1.149859e-16 1.455141e-17
5052.860000 1.261592e-16 1.528804e-17
5055.860000 1.232793e-16 1.396797e-17
5058.860000 1.154735e-16 1.335584e-17
5061.860000 1.364986e-16 1.519290e-17
5064.860000 1.255059e-16 1.522491e-17
5067.860000 1.204710e-16 1.354885e-17
5070.860000 1.105297e-16 nan
5073.860000 9.919465e-17 nan
5076.860000 1.013976e-16 nan
5079.860000 1.020066e-16 nan
5082.860000 9.073961e-17 nan
5085.860000 1.016557e-16 nan
5088.860000 1.162200e-16 nan
5091.860000 1.020795e-16 nan
5094.860000 9.900722e-17 nan
5097.860000 1.073350e-16 nan
5100.860000 1.132570e-16 nan
5103.860000 1.010799e-16 nan
5106.860000 1.221644e-16 nan
5109.860000 9.705282e-17 nan
5112.860000 8.565466e-17 nan
5115.860000 8.856498e-17 nan
5118.860000 9.912796e-17 nan
5121.860000 1.889866e-16 nan
5124.860000 1.018640e-16 nan
5127.860000 1.576339e-16 nan
5130.860000 1.499129e-16 nan
5133.860000 1.459380e-16 nan
5136.860000 1.590170e-16 nan
5139.860000 1.705634e-16 nan
5142.860000 1.564122e-16 nan
5145.860000 1.570092e-16 nan
5148.860000 1.749761e-16 nan
5151.860000 2.029625e-16 nan
5154.860000 2.130511e-16 nan
5157.860000 1.931357e-16 nan
5160.860000 1.580557e-16 nan
5163.860000 1.344814e-16 nan
5166.860000 1.141304e-16 nan
5169.860000 1.134471e-16 nan
5172.860000 1.085873e-16 1.824252e-17
5175.860000 1.092089e-16 1.746630e-17
5178.860000 1.113234e-16 1.690456e-17
5181.860000 1.291157e-16 1.648515e-17
5184.860000 1.483018e-16 1.622229e-17
5187.860000 1.554406e-16 1.596330e-17
5190.860000 1.489240e-16 1.560215e-17
5193.860000 1.393317e-16 1.544886e-17
5196.860000 1.450480e-16 1.567058e-17
5199.860000 1.466881e-16 1.583488e-17
5202.860000 1.327684e-16 1.589770e-17
5205.860000 1.211004e-16 1.606112e-17
5208.860000 1.336894e-16 1.634401e-17
5211.860000 1.691976e-16 1.684964e-17
5214.860000 1.898633e-16 1.728839e-17
5217.860000 1.919108e-16 1.733408e-17
5220.860000 1.741225e-16 1.760792e-17
5223.860000 1.627882e-16 1.784333e-17
5226.860000 1.689300e-16 1.840992e-17
5229.860000 1.619899e-16 1.875816e-17
5232.860000 1.679616e-16 1.908232e-17
5235.860000 1.819922e-16 1.974852e-17
5238.860000 1.337186e-16 1.905114e-17
5241.860000 1.258199e-16 1.838079e-17
5244.860000 1.351318e-16 1.797978e-17
5247.860000 1.545086e-16 1.776666e-17
5250.860000 1.675539e-16 1.726681e-17
5253.860000 1.760296e-16 1.683084e-17
5256.860000 1.847894e-16 1.633612e-17
5259.860000 1.853373e-16 1.593275e-17
5262.860000 1.575441e-16 1.528138e-17
5265.860000 1.520151e-16 1.466489e-17
5268.860000 1.776654e-16 1.448001e-17
5271.860000 1.890705e-16 1.411853e-17
5274.860000 1.925307e-16 1.377689e-17
5277.860000 1.796476e-16 1.335499e-17
5280.860000 1.758954e-16 1.301099e-17
5283.860000 1.774988e-16 1.276885e-17
5286.860000 1.810003e-16 1.252101e-17
5289.860000 1.913845e-16 1.234148e-17
5292.860000 1.888182e-16 1.210577e-17
5295.860000 1.717748e-16 1.168190e-17
5298.860000 1.617855e-16 1.144950e-17
5301.860000 1.616783e-16 1.127536e-17
5304.860000 1.419940e-16 1.097542e-17
5307.860000 1.266419e-16 1.084917e-17
5310.860000 1.444518e-16 1.094916e-17
5313.860000 1.513027e-16 1.092664e-17
5316.860000 1.468745e-16 1.093360e-17
5319.860000 1.437244e-16 1.103726e-17
5322.860000 1.522166e-16 1.113841e-17
5325.860000 1.600190e-16 1.118102e-17
5328.860000 1.476786e-16 1.109201e-17
5331.860000 1.428104e-16 1.121425e-17
5334.860000 1.499624e-16 1.132839e-17
5337.860000 1.484133e-16 1.147731e-17
5340.860000 1.525168e-16 1.155870e-17
5343.860000 1.601388e-16 1.187218e-17
5346.860000 1.573966e-16 1.197372e-17
5349.860000 1.379855e-16 1.195092e-17
5352.860000 1.520484e-16 1.228838e-17
5355.860000 1.774346e-16 1.267258e-17
5358.860000 1.698609e-16 1.274835e-17
5361.860000 1.470929e-16 1.263668e-17
5364.860000 1.518144e-16 1.267857e-17
5367.860000 1.690729e-16 1.267246e-17
5370.860000 1.629569e-16 1.219328e-17
5373.860000 1.650348e-16 1.188545e-17
5376.860000 1.664640e-16 1.158598e-17
5379.860000 1.499008e-16 1.107757e-17
5382.860000 1.543556e-16 1.072129e-17
5385.860000 1.710759e-16 1.061357e-17
5388.860000 1.666595e-16 1.032622e-17
5391.860000 1.601333e-16 1.001003e-17
5394.860000 1.616436e-16 9.737642e-18
5397.860000 1.586320e-16 9.387009e-18
5400.860000 1.547243e-16 9.101907e-18
5403.860000 1.578414e-16 8.945026e-18
5406.860000 1.629844e-16 8.869512e-18
5409.860000 1.574725e-16 8.646543e-18
5412.860000 1.465164e-16 8.350175e-18
5415.860000 1.467865e-16 8.223936e-18
5418.860000 1.508824e-16 8.159068e-18
5421.860000 1.510663e-16 8.067117e-18
5424.860000 1.456237e-16 7.955793e-18
5427.860000 1.342588e-16 7.814829e-18
5430.860000 1.305781e-16 7.742313e-18
5433.860000 1.349760e-16 7.766743e-18
5436.860000 1.415370e-16 7.851324e-18
5439.860000 1.496009e-16 7.928539e-18
5442.860000 1.414471e-16 7.912645e-18
5445.860000 1.279817e-16 7.863891e-18
5448.860000 1.231288e-16 7.884628e-18
5451.860000 1.231792e-16 7.952323e-18
5454.860000 1.308466e-16 8.145336e-18
5457.860000 1.412242e-16 8.346735e-18
5460.860000 1.427979e-16 8.431355e-18
5463.860000 1.426865e-16 8.591638e-18
5466.860000 1.262181e-16 8.544896e-18
5469.860000 1.266888e-16 8.676338e-18
5472.860000 1.210073e-16 8.775659e-18
5475.860000 1.162924e-16 8.913020e-18
5478.860000 1.228443e-16 9.082026e-18
5481.860000 1.152557e-16 9.172423e-18
5484.860000 1.209023e-16 9.529011e-18
5487.860000 1.352003e-16 9.843981e-18
5490.860000 1.303144e-16 9.804568e-18
5493.860000 1.278946e-16 9.475427e-18
5496.860000 1.324606e-16 9.340801e-18
5499.860000 1.310135e-16 9.112211e-18
5502.860000 1.273121e-16 8.860143e-18
5505.860000 1.346197e-16 8.605560e-18
5508.860000 1.478167e-16 8.599450e-18
5511.860000 1.401069e-16 8.365001e-18
5514.860000 1.343110e-16 8.135567e-18
5517.860000 1.387633e-16 7.980523e-18
5520.860000 1.385824e-16 7.786463e-18
5523.860000 1.371885e-16 7.639606e-18
5526.860000 1.289925e-16 7.379528e-18
5529.860000 1.242671e-16 7.255135e-18
5532.860000 1.208800e-16 7.078984e-18
5535.860000 1.129249e-16 6.878485e-18
5538.860000 1.148065e-16 6.722276e-18
5541.860000 1.275592e-16 6.759843e-18
5544.860000 1.376166e-16 6.818114e-18
5547.860000 1.343982e-16 6.796136e-18
5550.860000 1.256696e-16 6.722473e-18
5553.860000 1.191708e-16 6.618360e-18
5556.860000 1.167071e-16 6.522123e-18
5559.860000 1.228961e-16 6.608192e-18
5562.860000 1.325113e-16 6.739480e-18
5565.860000 1.323791e-16 6.810139e-18
5568.860000 1.273414e-16 7.004473e-18
5571.860000 1.236811e-16 7.587462e-18
5574.860000 9.018243e-17 9.432007e-18
5577.860000 5.338762e-17 1.352178e-17
5580.860000 9.843859e-17 1.876939e-17
5583.860000 2.110789e-16 2.168889e-17
5586.860000 2.693550e-16 2.022051e-17
5589.860000 3.314640e-16 1.563163e-17
5592.860000 2.512560e-16 1.111235e-17
5595.860000 1.516041e-16 8.777990e-18
5598.860000 1.150771e-16 8.092625e-18
5601.860000 1.172904e-16 8.024651e-18
5604.860000 1.147083e-16 7.997372e-18
5607.860000 1.166019e-16 8.215332e-18
5610.860000 1.078229e-16 8.315339e-18
5613.860000 1.081007e-16 8.358887e-18
5616.860000 1.093069e-16 8.327589e-18
5619.860000 1.043145e-16 8.062201e-18
5622.860000 1.046841e-16 7.767260e-18
5625.860000 1.101984e-16 7.634569e-18
5628.860000 1.102370e-16 7.440543e-18
5631.860000 1.137606e-16 7.302468e-18
5634.860000 1.058222e-16 6.961082e-18
5637.860000 1.053270e-16 6.778376e-18
5640.860000 1.014153e-16 6.539174e-18
5643.860000 9.578723e-17 6.343549e-18
5646.860000 1.023973e-16 6.283206e-18
5649.860000 9.701523e-17 6.080212e-18
5652.860000 9.234667e-17 5.955415e-18
5655.860000 9.628075e-17 5.886679e-18
5658.860000 9.325931e-17 5.752889e-18
5661.860000 9.629908e-17 5.654197e-18
5664.860000 1.038056e-16 5.635229e-18
5667.860000 1.109234e-16 5.643889e-18
5670.860000 1.108870e-16 5.605072e-18
5673.860000 1.099101e-16 5.560884e-18
5676.860000 1.197470e-16 5.599659e-18
5679.860000 1.237424e-16 5.639861e-18
5682.860000 1.158458e-16 5.581204e-18
5685.860000 1.124332e-16 5.542928e-18
5688.860000 1.226973e-16 5.645214e-18
5691.860000 1.297391e-16 5.735774e-18
5694.860000 1.217685e-16 5.721876e-18
5697.860000 1.163066e-16 5.739646e-18
5700.860000 1.114822e-16 5.742867e-18
5703.860000 1.160180e-16 5.945820e-18
5706.860000 1.201884e-16 6.085967e-18
5709.860000 1.232772e-16 6.165206e-18
5712.860000 1.304476e-16 6.372770e-18
5715.860000 1.336691e-16 6.499876e-18
5718.860000 1.287728e-16 6.552840e-18
5721.860000 1.351171e-16 6.699378e-18
5724.860000 1.334375e-16 6.826401e-18
5727.860000 1.235883e-16 6.902873e-18
5730.860000 1.218207e-16 7.041627e-18
5733.860000 1.359252e-16 7.348913e-18
5736.860000 1.261948e-16 7.353567e-18
5739.860000 1.245903e-16 7.351460e-18
5742.860000 1.186356e-16 7.228025e-18
5745.860000 1.260641e-16 7.085468e-18
5748.860000 1.197922e-16 6.854539e-18
5751.860000 1.169418e-16 6.662949e-18
5754.860000 1.238993e-16 6.559082e-18
5757.860000 1.324720e-16 6.464254e-18
5760.860000 1.436153e-16 6.446140e-18
5763.860000 1.320028e-16 6.226171e-18
5766.860000 1.183665e-16 5.985505e-18
5769.860000 1.213579e-16 5.851213e-18
5772.860000 1.291522e-16 5.859462e-18
5775.860000 1.311452e-16 5.754477e-18
5778.860000 1.239666e-16 5.521535e-18
5781.860000 1.316756e-16 5.516393e-18
5784.860000 1.262369e-16 5.423497e-18
5787.860000 1.221770e-16 5.271912e-18
5790.860000 1.262963e-16 5.254333e-18
5793.860000 1.243926e-16 5.167158e-18
5796.860000 1.295353e-16 5.160818e-18
5799.860000 1.360295e-16 5.168803e-18
5802.860000 1.339462e-16 5.126961e-18
5805.860000 1.326756e-16 5.129914e-18
5808.860000 1.395762e-16 5.218851e-18
5811.860000 1.460979e-16 5.333367e-18
5814.860000 1.468954e-16 5.349539e-18
5817.860000 1.433158e-16 5.364723e-18
5820.860000 1.395461e-16 5.364718e-18
5823.860000 1.438618e-16 5.425833e-18
5826.860000 1.440579e-16 5.492314e-18
5829.860000 1.395361e-16 5.516905e-18
5832.860000 1.355832e-16 5.583161e-18
5835.860000 1.342419e-16 5.665620e-18
5838.860000 1.323993e-16 5.744467e-18
5841.860000 1.340463e-16 5.856011e-18
5844.860000 1.371153e-16 6.016351e-18
5847.860000 1.438685e-16 6.158170e-18
5850.860000 1.452152e-16 6.354426e-18
5853.860000 1.390200e-16 6.404276e-18
5856.860000 1.361156e-16 6.459404e-18
5859.860000 1.351087e-16 6.624019e-18
5862.860000 1.345181e-16 6.738045e-18
5865.860000 1.348793e-16 6.885472e-18
5868.860000 1.429300e-16 6.962315e-18
5871.860000 1.421289e-16 6.883953e-18
5874.860000 1.328624e-16 6.715414e-18
5877.860000 1.319549e-16 6.581315e-18
5880.860000 1.329976e-16 6.328143e-18
5883.860000 1.342450e-16 6.148353e-18
5886.860000 1.397352e-16 6.079453e-18
5889.860000 1.428889e-16 6.137135e-18
5892.860000 1.396244e-16 6.337600e-18
5895.860000 1.281308e-16 6.497317e-18
5898.860000 1.252480e-16 6.501154e-18
5901.860000 1.184353e-16 6.188041e-18
5904.860000 1.173141e-16 5.730340e-18
5907.860000 1.216210e-16 5.370008e-18
5910.860000 1.247131e-16 5.147460e-18
5913.860000 1.229231e-16 4.979411e-18
5916.860000 1.281727e-16 4.960334e-18
5919.860000 1.310729e-16 4.957082e-18
5922.860000 1.293626e-16 4.901717e-18
5925.860000 1.301000e-16 4.864753e-18
5928.860000 1.299250e-16 4.818116e-18
5931.860000 1.271855e-16 4.793885e-18
5934.860000 1.220521e-16 4.772730e-18
5937.860000 1.211681e-16 4.807929e-18
5940.860000 1.214619e-16 4.857191e-18
5943.860000 1.241984e-16 4.905956e-18
5946.860000 1.200352e-16 4.895303e-18
5949.860000 1.151866e-16 4.904737e-18
5952.860000 1.209938e-16 5.023941e-18
5955.860000 1.169478e-16 5.079235e-18
5958.860000 1.104569e-16 5.126580e-18
5961.860000 1.080464e-16 5.199989e-18
5964.860000 1.030378e-16 5.244830e-18
5967.860000 1.101564e-16 5.352045e-18
5970.860000 1.061173e-16 5.422275e-18
5973.860000 1.061412e-16 5.558933e-18
5976.860000 1.034307e-16 5.626633e-18
5979.860000 9.792353e-17 5.747963e-18
5982.860000 1.058274e-16 5.945993e-18
5985.860000 1.048101e-16 6.043454e-18
5988.860000 1.059892e-16 6.093839e-18
5991.860000 1.050023e-16 6.047514e-18
5994.860000 1.084717e-16 5.981069e-18
5997.860000 1.111076e-16 5.745012e-18
6000.860000 1.054094e-16 5.597726e-18
6003.860000 1.065910e-16 5.490377e-18
6006.860000 1.109743e-16 5.423696e-18
6009.860000 1.091817e-16 5.286781e-18
6012.860000 1.085787e-16 5.117929e-18
6015.860000 1.173275e-16 5.053440e-18
6018.860000 1.205678e-16 4.956178e-18
6021.860000 1.154676e-16 4.803473e-18
6024.860000 1.138463e-16 4.696153e-18
6027.860000 1.150160e-16 4.594758e-18
6030.860000 1.187413e-16 4.550156e-18
6033.860000 1.125608e-16 4.445614e-18
6036.860000 1.147386e-16 4.399021e-18
6039.860000 1.208443e-16 4.414103e-18
6042.860000 1.183212e-16 4.351371e-18
6045.860000 1.196632e-16 4.302379e-18
6048.860000 1.229758e-16 4.278025e-18
6051.860000 1.223057e-16 4.239185e-18
6054.860000 1.214472e-16 4.243247e-18
6057.860000 1.224567e-16 4.252673e-18
6060.860000 1.245876e-16 4.277607e-18
6063.860000 1.216321e-16 4.284911e-18
6066.860000 1.253565e-16 4.360656e-18
6069.860000 1.331994e-16 4.462899e-18
6072.860000 1.316639e-16 4.493940e-18
6075.860000 1.237990e-16 4.460824e-18
6078.860000 1.215422e-16 4.493544e-18
6081.860000 1.250938e-16 4.565599e-18
6084.860000 1.263399e-16 4.656286e-18
6087.860000 1.297926e-16 4.787218e-18
6090.860000 1.299734e-16 4.853138e-18
6093.860000 1.302998e-16 4.936713e-18
6096.860000 1.263233e-16 4.977251e-18
6099.860000 1.282735e-16 5.112833e-18
6102.860000 1.280844e-16 5.256395e-18
6105.860000 1.272526e-16 5.336367e-18
6108.860000 1.232422e-16 5.406350e-18
6111.860000 1.244451e-16 5.573247e-18
6114.860000 1.310575e-16 5.747967e-18
6117.860000 1.236268e-16 5.675404e-18
6120.860000 1.189714e-16 5.487718e-18
6123.860000 1.262716e-16 5.457773e-18
6126.860000 1.323629e-16 5.381435e-18
6129.860000 1.352081e-16 5.263567e-18
6132.860000 1.386148e-16 5.256003e-18
6135.860000 1.330728e-16 5.092682e-18
6138.860000 1.294502e-16 4.960765e-18
6141.860000 1.290733e-16 4.875593e-18
6144.860000 1.294443e-16 4.782635e-18
6147.860000 1.309313e-16 4.700745e-18
6150.860000 1.271024e-16 4.588639e-18
6153.860000 1.274596e-16 4.449194e-18
6156.860000 1.273225e-16 4.359540e-18
6159.860000 1.240559e-16 4.264734e-18
6162.860000 1.270042e-16 4.209671e-18
6165.860000 1.281493e-16 4.145822e-18
6168.860000 1.309719e-16 4.125752e-18
6171.860000 1.296263e-16 4.094541e-18
6174.860000 1.272960e-16 4.067181e-18
6177.860000 1.314179e-16 4.087705e-18
6180.860000 1.329057e-16 4.084769e-18
6183.860000 1.280997e-16 4.033821e-18
6186.860000 1.279640e-16 4.027234e-18
6189.860000 1.201203e-16 3.976558e-18
6192.860000 1.141552e-16 3.985082e-18
6195.860000 1.205447e-16 4.039113e-18
6198.860000 1.203133e-16 4.077084e-18
6201.860000 1.224367e-16 4.162549e-18
6204.860000 1.232344e-16 4.226255e-18
6207.860000 1.192201e-16 4.300078e-18
6210.860000 1.227263e-16 4.402547e-18
6213.860000 1.283536e-16 4.514215e-18
6216.860000 1.197483e-16 4.513954e-18
6219.860000 1.147840e-16 4.569147e-18
6222.860000 1.081183e-16 4.553914e-18
6225.860000 1.010811e-16 4.594992e-18
6228.860000 1.043639e-16 4.775244e-18
6231.860000 1.102040e-16 4.895247e-18
6234.860000 1.085019e-16 5.044570e-18
6237.860000 1.006809e-16 5.149734e-18
6240.860000 9.565732e-17 5.421442e-18
6243.860000 9.218208e-17 5.507744e-18
6246.860000 9.111485e-17 5.267989e-18
6249.860000 8.455580e-17 4.982471e-18
6252.860000 8.706146e-17 4.776736e-18
6255.860000 9.284803e-17 4.644599e-18
6258.860000 8.835641e-17 4.468792e-18
6261.860000 8.920708e-17 4.489127e-18
6264.860000 8.614698e-17 4.476236e-18
6267.860000 7.327841e-17 4.283007e-18
6270.860000 6.623956e-17 4.053598e-18
6273.860000 7.487828e-17 4.028757e-18
6276.860000 7.542865e-17 3.898596e-18
6279.860000 6.602026e-17 3.736140e-18
6282.860000 6.776347e-17 3.678099e-18
6285.860000 6.697926e-17 3.599517e-18
6288.860000 6.608005e-17 3.573861e-18
6291.860000 6.222305e-17 3.603225e-18
6294.860000 6.169487e-17 3.659831e-18
6297.860000 6.000388e-17 3.828728e-18
6300.860000 4.918512e-17 4.509855e-18
6303.860000 5.713713e-17 5.636508e-18
6306.860000 7.941818e-17 6.312150e-18
6309.860000 8.278483e-17 5.986999e-18
6312.860000 7.182381e-17 4.990097e-18
6315.860000 5.839752e-17 4.036283e-18
6318.860000 5.158546e-17 3.538577e-18
6321.860000 4.867265e-17 3.353846e-18
6324.860000 5.454149e-17 3.396918e-18
6327.860000 6.224630e-17 3.519614e-18
6330.860000 5.820077e-17 3.563084e-18
6333.860000 5.313202e-17 3.646785e-18
6336.860000 5.179622e-17 3.733537e-18
6339.860000 5.188353e-17 3.745144e-18
6342.860000 4.683327e-17 3.652823e-18
6345.860000 4.973277e-17 3.700170e-18
6348.860000 5.773332e-17 3.842079e-18
6351.860000 6.263586e-17 3.998502e-18
6354.860000 6.178178e-17 4.123669e-18
6357.860000 5.848245e-17 4.263477e-18
6360.860000 5.794187e-17 4.475008e-18
6363.860000 6.104290e-17 4.903454e-18
6366.860000 7.116730e-17 5.642632e-18
6369.860000 7.951331e-17 6.180743e-18
6372.860000 6.652281e-17 5.830168e-18
6375.860000 6.364337e-17 5.055245e-18
6378.860000 5.796878e-17 4.383754e-18
6381.860000 5.668523e-17 4.063677e-18
6384.860000 6.037282e-17 3.946202e-18
6387.860000 6.639332e-17 3.926034e-18
6390.860000 7.428966e-17 3.964303e-18
6393.860000 6.818048e-17 3.840617e-18
6396.860000 6.850807e-17 3.668678e-18
6399.860000 7.702649e-17 3.637603e-18
6402.860000 7.598819e-17 3.524644e-18
6405.860000 7.933907e-17 3.469763e-18
6408.860000 8.316995e-17 3.446436e-18
6411.860000 8.137505e-17 3.379667e-18
6414.860000 8.311045e-17 3.334722e-18
6417.860000 8.822561e-17 3.361511e-18
6420.860000 9.220836e-17 3.392319e-18
6423.860000 9.421740e-17 3.403536e-18
6426.860000 9.138166e-17 3.360001e-18
6429.860000 9.108811e-17 3.337117e-18
6432.860000 9.341843e-17 3.343906e-18
6435.860000 9.649542e-17 3.360946e-18
6438.860000 9.594121e-17 3.360967e-18
6441.860000 9.749661e-17 3.394288e-18
6444.860000 9.601143e-17 3.392319e-18
6447.860000 9.706880e-17 3.439476e-18
6450.860000 1.022035e-16 3.523776e-18
6453.860000 1.076274e-16 3.638078e-18
6456.860000 1.067490e-16 3.710385e-18
6459.860000 1.028352e-16 3.740348e-18
6462.860000 9.947962e-17 3.799024e-18
6465.860000 1.080482e-16 3.991600e-18
6468.860000 1.124235e-16 4.171299e-18
6471.860000 1.148295e-16 4.348431e-18
6474.860000 1.087969e-16 4.451785e-18
6477.860000 1.113263e-16 4.555828e-18
6480.860000 1.162577e-16 4.613601e-18
6483.860000 1.157231e-16 4.614776e-18
6486.860000 1.180193e-16 4.662628e-18
6489.860000 1.130329e-16 4.726139e-18
6492.860000 1.231296e-16 4.875169e-18
6495.860000 1.142005e-16 4.748372e-18
6498.860000 1.074978e-16 4.607321e-18
6501.860000 1.196730e-16 4.736481e-18
6504.860000 1.267109e-16 4.822782e-18
6507.860000 1.265786e-16 4.741692e-18
6510.860000 1.198470e-16 4.476074e-18
6513.860000 1.220860e-16 4.296602e-18
6516.860000 1.178078e-16 4.079738e-18
6519.860000 1.182802e-16 3.999261e-18
6522.860000 1.156237e-16 3.934251e-18
6525.860000 1.197405e-16 3.881710e-18
6528.860000 1.163669e-16 3.831205e-18
6531.860000 1.137251e-16 3.744240e-18
6534.860000 1.206764e-16 3.759614e-18
6537.860000 1.242644e-16 3.792996e-18
6540.860000 1.225330e-16 3.766822e-18
6543.860000 1.119103e-16 3.600123e-18
6546.860000 1.119498e-16 3.543194e-18
6549.860000 1.138862e-16 3.534841e-18
6552.860000 1.170469e-16 3.546744e-18
6555.860000 1.154327e-16 3.553429e-18
6558.860000 1.124140e-16 3.584669e-18
6561.860000 1.128851e-16 3.611554e-18
6564.860000 1.118653e-16 3.597329e-18
6567.860000 1.142093e-16 3.615287e-18
6570.860000 1.200572e-16 3.676383e-18
6573.860000 1.209612e-16 3.681488e-18
6576.860000 1.208563e-16 3.695440e-18
6579.860000 1.195125e-16 3.746305e-18
6582.860000 1.199581e-16 3.841322e-18
6585.860000 1.216009e-16 3.925161e-18
6588.860000 1.193405e-16 3.898180e-18
6591.860000 1.197454e-16 3.920685e-18
6594.860000 1.232569e-16 3.955619e-18
6597.860000 1.254924e-16 4.043983e-18
6600.860000 1.248253e-16 4.131963e-18
6603.860000 1.257642e-16 4.243797e-18
6606.860000 1.221897e-16 4.309533e-18
6609.860000 1.274748e-16 4.474740e-18
6612.860000 1.258752e-16 4.564167e-18
6615.860000 1.185545e-16 4.566932e-18
6618.860000 1.212188e-16 4.608355e-18
6621.860000 1.270462e-16 4.571496e-18
6624.860000 1.259036e-16 4.484734e-18
6627.860000 1.255388e-16 4.366041e-18
6630.860000 1.205859e-16 4.212941e-18
6633.860000 1.224861e-16 4.158366e-18
6636.860000 1.198210e-16 4.034169e-18
6639.860000 1.183791e-16 3.958155e-18
6642.860000 1.198701e-16 3.887800e-18
6645.860000 1.170259e-16 3.762598e-18
6648.860000 1.204187e-16 3.695378e-18
6651.860000 1.205067e-16 3.596414e-18
6654.860000 1.224465e-16 3.578499e-18
6657.860000 1.214705e-16 3.506322e-18
6660.860000 1.222369e-16 3.498110e-18
6663.860000 1.220713e-16 3.458568e-18
6666.860000 1.199213e-16 3.403692e-18
6669.860000 1.199232e-16 3.364737e-18
6672.860000 1.217600e-16 3.347652e-18
6675.860000 1.236195e-16 3.334108e-18
6678.860000 1.200367e-16 3.251159e-18
6681.860000 1.185248e-16 3.216397e-18
6684.860000 1.187330e-16 3.215887e-18
6687.860000 1.235985e-16 3.260322e-18
6690.860000 1.220258e-16 3.268412e-18
6693.860000 1.143687e-16 3.245105e-18
6696.860000 1.165454e-16 3.297738e-18
6699.860000 1.228568e-16 3.368547e-18
6702.860000 1.231448e-16 3.425901e-18
6705.860000 1.180016e-16 3.445401e-18
6708.860000 1.176207e-16 3.508849e-18
6711.860000 1.164121e-16 3.567950e-18
6714.860000 1.163128e-16 3.641574e-18
6717.860000 1.129046e-16 3.665598e-18
6720.860000 1.159604e-16 3.776919e-18
6723.860000 1.172376e-16 3.860074e-18
6726.860000 1.127970e-16 3.885508e-18
6729.860000 1.127035e-16 3.957265e-18
6732.860000 1.189139e-16 4.083888e-18
6735.860000 1.177352e-16 4.160003e-18
6738.860000 1.208511e-16 4.266214e-18
6741.860000 1.214419e-16 4.396299e-18
6744.860000 1.220202e-16 4.416525e-18
6747.860000 1.188475e-16 4.339717e-18
6750.860000 1.220360e-16 4.270090e-18
6753.860000 1.165960e-16 4.148886e-18
6756.860000 1.130548e-16 3.980446e-18
6759.860000 1.137271e-16 3.877360e-18
6762.860000 1.141377e-16 3.796582e-18
6765.860000 1.126663e-16 3.707897e-18
6768.860000 1.165898e-16 3.659891e-18
6771.860000 1.142921e-16 3.571610e-18
6774.860000 1.108197e-16 3.466177e-18
6777.860000 1.135398e-16 3.429609e-18
6780.860000 1.123196e-16 3.356179e-18
6783.860000 1.119403e-16 3.284205e-18
6786.860000 1.134405e-16 3.269404e-18
6789.860000 1.125674e-16 3.217857e-18
6792.860000 1.116955e-16 3.164922e-18
6795.860000 1.144425e-16 3.148336e-18
6798.860000 1.166078e-16 3.143292e-18
6801.860000 1.132895e-16 3.087730e-18
6804.860000 1.114810e-16 3.055113e-18
6807.860000 1.124736e-16 3.064673e-18
6810.860000 1.123002e-16 3.067442e-18
6813.860000 1.121874e-16 3.079923e-18
6816.860000 1.148352e-16 3.117948e-18
6819.860000 1.147638e-16 3.137707e-18
6822.860000 1.141152e-16 3.166009e-18
6825.860000 1.096802e-16 3.203551e-18
6828.860000 1.112336e-16 3.344904e-18
6831.860000 1.150693e-16 3.642962e-18
6834.860000 1.196867e-16 3.979445e-18
6837.860000 1.196665e-16 4.129642e-18
6840.860000 1.071055e-16 4.067147e-18
6843.860000 1.042952e-16 3.947647e-18
6846.860000 1.001411e-16 3.873884e-18
6849.860000 1.053888e-16 3.860884e-18
6852.860000 1.053536e-16 3.841110e-18
6855.860000 1.056581e-16 3.906444e-18
6858.860000 1.025991e-16 3.966697e-18
6861.860000 1.070487e-16 4.140779e-18
6864.860000 1.157093e-16 4.499117e-18
6867.860000 1.136831e-16 5.014385e-18
6870.860000 1.142738e-16 5.546337e-18
6873.860000 1.006999e-16 5.478761e-18
6876.860000 9.786213e-17 5.124188e-18
6879.860000 9.669757e-17 4.597920e-18
6882.860000 9.568564e-17 4.285162e-18
6885.860000 1.004207e-16 4.120763e-18
6888.860000 9.941994e-17 3.998716e-18
6891.860000 1.000879e-16 3.950798e-18
6894.860000 1.085380e-16 3.976761e-18
6897.860000 1.047244e-16 3.901349e-18
6900.860000 9.791943e-17 3.722317e-18
6903.860000 9.890556e-17 3.616938e-18
6906.860000 9.879212e-17 3.566182e-18
6909.860000 9.811955e-17 3.488116e-18
6912.860000 1.006888e-16 3.365639e-18
6915.860000 1.056375e-16 3.364532e-18
6918.860000 1.072443e-16 3.413885e-18
6921.860000 1.008615e-16 3.351942e-18
6924.860000 1.035696e-16 3.328633e-18
6927.860000 1.086729e-16 3.405656e-18
6930.860000 1.024745e-16 3.402758e-18
6933.860000 9.439570e-17 3.251460e-18
6936.860000 9.419024e-17 3.109445e-18
6939.860000 1.024210e-16 3.130159e-18
6942.860000 1.057426e-16 3.195013e-18
6945.860000 1.000426e-16 3.248679e-18
6948.860000 9.545134e-17 3.282933e-18
6951.860000 9.991263e-17 3.433409e-18
6954.860000 1.027996e-16 3.584926e-18
6957.860000 9.669337e-17 3.552816e-18
6960.860000 9.335169e-17 3.427213e-18
6963.860000 9.557431e-17 3.371679e-18
6966.860000 9.666038e-17 3.370097e-18
6969.860000 9.582505e-17 3.440043e-18
6972.860000 9.755299e-17 3.562588e-18
6975.860000 9.559123e-17 3.688790e-18
6978.860000 9.845308e-17 3.836554e-18
6981.860000 1.004015e-16 3.985039e-18
6984.860000 1.000817e-16 4.157473e-18
6987.860000 9.606164e-17 4.203086e-18
6990.860000 8.462323e-17 4.054576e-18
6993.860000 8.275635e-17 3.978496e-18
6996.860000 8.995106e-17 4.002227e-18
6999.860000 9.638276e-17 3.970961e-18
7002.860000 9.498177e-17 3.880323e-18
7005.860000 9.424674e-17 3.804325e-18
7008.860000 9.626172e-17 3.771569e-18
7011.860000 9.491308e-17 3.695900e-18
7014.860000 9.824134e-17 3.673497e-18
7017.860000 9.690223e-17 3.605836e-18
7020.860000 9.218380e-17 3.448073e-18
7023.860000 8.976859e-17 3.284744e-18
7026.860000 8.916192e-17 3.147407e-18
7029.860000 9.113751e-17 3.076296e-18
7032.860000 9.315431e-17 3.036920e-18
7035.860000 9.498126e-17 3.043571e-18
7038.860000 9.027272e-17 3.003642e-18
7041.860000 8.680541e-17 2.945620e-18
7044.860000 8.588488e-17 2.922104e-18
7047.860000 8.755859e-17 2.945390e-18
7050.860000 8.791062e-17 2.998017e-18
7053.860000 8.715021e-17 3.046154e-18
7056.860000 8.740912e-17 3.043945e-18
7059.860000 8.677700e-17 2.965146e-18
7062.860000 8.506150e-17 2.875381e-18
7065.860000 8.673064e-17 2.860113e-18
7068.860000 8.693027e-17 2.879254e-18
7071.860000 8.816666e-17 2.926384e-18
7074.860000 8.805114e-17 2.950017e-18
7077.860000 8.508973e-17 2.969235e-18
7080.860000 8.411524e-17 3.018344e-18
7083.860000 8.637733e-17 3.072303e-18
7086.860000 8.711899e-17 3.125788e-18
7089.860000 8.736304e-17 3.179134e-18
7092.860000 8.706126e-17 3.253186e-18
7095.860000 8.756462e-17 3.304232e-18
7098.860000 8.538246e-17 3.326514e-18
7101.860000 8.580219e-17 3.369307e-18
7104.860000 8.739579e-17 3.401676e-18
7107.860000 8.578392e-17 3.464138e-18
7110.860000 8.868109e-17 3.561534e-18
7113.860000 8.871842e-17 3.669984e-18
7116.860000 8.820689e-17 3.734140e-18
7119.860000 8.709790e-17 3.819083e-18
7122.860000 8.920497e-17 3.821560e-18
7125.860000 8.297848e-17 3.701908e-18
7128.860000 7.845218e-17 3.574907e-18
7131.860000 7.895411e-17 3.510516e-18
7134.860000 8.798792e-17 3.535710e-18
7137.860000 8.720511e-17 3.466150e-18
7140.860000 8.215749e-17 3.346816e-18
7143.860000 8.287277e-17 3.282788e-18
7146.860000 8.556824e-17 3.229327e-18
7149.860000 8.439670e-17 3.203608e-18
7152.860000 8.075185e-17 3.158134e-18
7155.860000 8.152967e-17 3.069950e-18
7158.860000 8.351614e-17 2.985442e-18
7161.860000 8.503516e-17 2.935156e-18
7164.860000 8.229576e-17 2.864254e-18
7167.860000 8.408297e-17 2.850723e-18
7170.860000 8.436390e-17 2.860569e-18
7173.860000 8.307600e-17 2.835342e-18
7176.860000 8.517150e-17 2.822329e-18
7179.860000 8.804016e-17 2.841375e-18
7182.860000 8.389471e-17 2.838678e-18
7185.860000 7.987318e-17 2.812212e-18
7188.860000 7.899563e-17 2.780280e-18
7191.860000 7.821294e-17 2.740406e-18
7194.860000 7.854427e-17 2.732418e-18
7197.860000 8.335979e-17 2.774168e-18
7200.860000 8.329817e-17 2.797360e-18
7203.860000 8.033053e-17 2.779335e-18
7206.860000 7.959536e-17 2.808185e-18
7209.860000 7.886232e-17 2.841512e-18
7212.860000 7.932963e-17 2.885359e-18
7215.860000 8.125434e-17 2.943895e-18
7218.860000 8.135344e-17 3.010306e-18
7221.860000 7.964196e-17 3.076039e-18
7224.860000 8.151695e-17 3.162655e-18
7227.860000 8.219240e-17 3.263104e-18
7230.860000 8.289441e-17 3.390385e-18
7233.860000 8.260987e-17 3.489221e-18
7236.860000 7.959522e-17 3.645493e-18
7239.860000 7.926932e-17 3.993093e-18
7242.860000 7.616816e-17 4.696832e-18
7245.860000 7.243899e-17 5.526340e-18
7248.860000 8.333453e-17 5.966903e-18
7251.860000 8.142159e-17 5.727256e-18
7254.860000 8.994924e-17 5.074492e-18
7257.860000 8.704782e-17 4.416555e-18
7260.860000 7.348999e-17 3.952479e-18
7263.860000 7.064431e-17 3.648563e-18
7266.860000 7.765588e-17 3.436367e-18
7269.860000 7.976838e-17 3.314216e-18
7272.860000 8.175639e-17 3.311514e-18
7275.860000 8.252786e-17 3.472641e-18
7278.860000 7.654668e-17 3.844432e-18
7281.860000 8.148219e-17 4.330623e-18
7284.860000 8.245284e-17 4.432265e-18
7287.860000 7.962717e-17 4.090982e-18
7290.860000 8.521228e-17 3.730830e-18
7293.860000 8.599338e-17 3.451207e-18
7296.860000 8.287927e-17 3.179874e-18
7299.860000 8.025993e-17 3.016932e-18
7302.860000 8.265075e-17 2.988720e-18
7305.860000 8.514841e-17 3.025493e-18
7308.860000 8.461124e-17 3.079399e-18
7311.860000 7.929069e-17 3.080873e-18
7314.860000 7.942032e-17 3.083796e-18
7317.860000 8.290006e-17 3.272331e-18
7320.860000 8.473065e-17 3.615794e-18
7323.860000 8.137865e-17 3.729151e-18
7326.860000 8.103807e-17 3.489768e-18
7329.860000 8.021319e-17 3.248062e-18
7332.860000 7.853850e-17 3.298515e-18
7335.860000 8.046182e-17 3.475858e-18
7338.860000 8.174531e-17 3.538193e-18
7341.860000 8.640759e-17 3.727843e-18
7344.860000 8.605442e-17 4.218121e-18
7347.860000 8.693866e-17 4.532436e-18
7350.860000 8.448301e-17 4.286990e-18
7353.860000 7.966182e-17 3.796439e-18
7356.860000 7.244537e-17 3.605204e-18
7359.860000 8.417433e-17 3.787980e-18
7362.860000 8.711283e-17 4.117583e-18
7365.860000 8.385499e-17 4.354980e-18
7368.860000 7.752573e-17 4.444097e-18
7371.860000 8.636189e-17 4.735602e-18
7374.860000 9.571835e-17 5.134177e-18
7377.860000 9.085276e-17 5.044161e-18
7380.860000 9.100661e-17 4.426261e-18
7383.860000 8.580534e-17 3.831673e-18
7386.860000 7.664863e-17 3.490685e-18
7389.860000 7.930574e-17 3.385273e-18
7392.860000 8.324423e-17 3.312509e-18
7395.860000 8.746882e-17 3.425728e-18
7398.860000 8.699073e-17 3.557713e-18
7401.860000 8.563402e-17 3.535026e-18
7404.860000 8.815938e-17 3.549393e-18
7407.860000 8.660068e-17 3.659532e-18
7410.860000 8.065346e-17 3.543544e-18
7413.860000 8.055478e-17 3.213037e-18
7416.860000 7.741333e-17 2.920984e-18
7419.860000 7.412309e-17 2.805716e-18
7422.860000 7.425371e-17 2.740710e-18
7425.860000 7.549892e-17 2.702082e-18
7428.860000 7.827026e-17 2.694770e-18
7431.860000 8.222283e-17 2.762480e-18
7434.860000 8.194701e-17 2.858177e-18
7437.860000 7.933550e-17 2.936686e-18
7440.860000 8.435821e-17 3.037653e-18
7443.860000 8.793370e-17 3.123046e-18
7446.860000 8.294965e-17 3.086999e-18
7449.860000 7.769830e-17 2.911245e-18
7452.860000 7.929549e-17 2.784037e-18
7455.860000 7.877265e-17 2.753304e-18
7458.860000 7.757967e-17 2.765176e-18
7461.860000 7.645147e-17 2.810243e-18
7464.860000 7.690118e-17 2.898405e-18
7467.860000 7.888367e-17 3.024447e-18
7470.860000 7.929013e-17 3.176339e-18
7473.860000 7.885332e-17 3.338392e-18
7476.860000 8.072702e-17 3.542631e-18
7479.860000 8.033539e-17 3.680072e-18
7482.860000 7.942812e-17 3.784528e-18
7485.860000 7.435706e-17 3.859943e-18
7488.860000 7.207210e-17 3.920356e-18
7491.860000 7.126901e-17 3.878023e-18
7494.860000 7.542125e-17 3.801177e-18
7497.860000 7.745214e-17 3.743390e-18
7500.860000 8.062722e-17 3.714156e-18
7503.860000 7.859554e-17 3.568723e-18
7506.860000 7.623910e-17 3.423702e-18
7509.860000 7.374854e-17 3.296899e-18
7512.860000 7.129333e-17 3.180415e-18
7515.860000 7.053617e-17 3.092386e-18
7518.860000 7.324922e-17 3.077025e-18
7521.860000 7.698327e-17 3.135555e-18
7524.860000 7.882320e-17 3.259716e-18
7527.860000 7.953619e-17 3.508614e-18
7530.860000 7.984679e-17 3.672854e-18
7533.860000 7.789765e-17 3.566480e-18
7536.860000 7.713694e-17 3.303667e-18
7539.860000 7.740132e-17 3.056954e-18
7542.860000 7.571191e-17 2.863818e-18
7545.860000 7.285876e-17 2.743897e-18
7548.860000 7.234983e-17 2.683295e-18
7551.860000 6.954828e-17 2.620607e-18
7554.860000 7.122149e-17 2.583439e-18
7557.860000 7.422566e-17 2.590283e-18
7560.860000 7.685756e-17 2.650768e-18
7563.860000 7.557652e-17 2.691198e-18
7566.860000 7.089394e-17 2.686706e-18
7569.860000 6.826792e-17 2.690459e-18
7572.860000 6.801887e-17 2.827892e-18
7575.860000 7.159943e-17 3.078771e-18
7578.860000 7.765689e-17 3.229906e-18
7581.860000 7.541269e-17 3.129642e-18
7584.860000 7.192558e-17 2.944716e-18
7587.860000 7.124648e-17 2.915194e-18
7590.860000 7.239365e-17 3.046294e-18
7593.860000 7.365280e-17 3.228236e-18
7596.860000 7.445648e-17 3.528714e-18
7599.860000 8.187704e-17 4.142386e-18
7602.860000 7.442153e-17 5.042185e-18
7605.860000 6.833724e-17 6.278695e-18
7608.860000 6.735549e-17 6.968480e-18
7611.860000 6.392382e-17 6.892123e-18
7614.860000 5.422205e-17 6.255291e-18
7617.860000 5.858991e-17 5.652314e-18
7620.860000 6.532924e-17 5.237635e-18
7623.860000 6.897659e-17 5.115255e-18
7626.860000 5.984363e-17 4.990869e-18
7629.860000 7.564632e-17 5.289916e-18
7632.860000 7.554069e-17 5.453426e-18
7635.860000 7.799651e-17 5.547142e-18
7638.860000 5.980682e-17 5.110003e-18
7641.860000 5.223082e-17 4.590189e-18
7644.860000 6.565342e-17 4.312591e-18
7647.860000 6.911720e-17 4.076210e-18
7650.860000 6.480036e-17 3.810860e-18
7653.860000 6.709966e-17 3.626574e-18
7656.860000 6.581501e-17 3.452806e-18
7659.860000 6.413267e-17 3.316426e-18
7662.860000 6.754232e-17 3.230358e-18
7665.860000 6.935505e-17 3.138166e-18
7668.860000 6.701600e-17 3.067402e-18
7671.860000 6.711138e-17 2.959166e-18
7674.860000 6.464719e-17 2.803251e-18
7677.860000 6.414815e-17 2.681402e-18
7680.860000 6.411202e-17 2.629884e-18
7683.860000 6.285241e-17 2.586788e-18
7686.860000 6.255631e-17 2.573549e-18
7689.860000 6.368570e-17 2.630380e-18
7692.860000 6.160504e-17 2.686283e-18
7695.860000 6.069318e-17 2.718392e-18
7698.860000 6.081551e-17 2.750973e-18
7701.860000 6.028801e-17 2.763737e-18
7704.860000 6.260755e-17 2.804738e-18
7707.860000 5.900577e-17 2.825752e-18
7710.860000 6.317389e-17 3.039629e-18
7713.860000 5.837314e-17 3.540487e-18
7716.860000 5.455024e-17 4.409190e-18
7719.860000 6.841520e-17 5.221926e-18
7722.860000 6.935282e-17 5.397720e-18
7725.860000 7.017919e-17 4.966836e-18
7728.860000 6.938494e-17 4.401769e-18
7731.860000 6.046274e-17 4.072293e-18
7734.860000 6.008079e-17 3.854560e-18
7737.860000 5.474144e-17 3.636577e-18
7740.860000 4.804364e-17 3.515398e-18
7743.860000 4.880300e-17 3.548759e-18
7746.860000 4.927357e-17 3.702932e-18
7749.860000 4.900426e-17 3.971650e-18
7752.860000 4.723808e-17 4.754631e-18
7755.860000 5.752233e-17 5.623992e-18
7758.860000 5.640058e-17 5.670790e-18
7761.860000 5.856614e-17 5.016898e-18
7764.860000 5.752368e-17 4.520817e-18
7767.860000 4.990981e-17 4.143747e-18
7770.860000 4.842313e-17 3.658261e-18
7773.860000 4.649488e-17 3.286488e-18
7776.860000 5.386217e-17 3.290407e-18
7779.860000 5.711391e-17 3.407048e-18
7782.860000 5.534725e-17 3.436067e-18
7785.860000 5.412443e-17 3.381750e-18
7788.860000 5.131242e-17 3.295924e-18
7791.860000 4.919198e-17 3.161392e-18
7794.860000 5.276518e-17 3.261486e-18
7797.860000 5.905986e-17 3.680890e-18
7800.860000 6.340467e-17 3.984720e-18
7803.860000 5.706102e-17 3.752839e-18
7806.860000 5.588676e-17 3.220372e-18
7809.860000 5.469829e-17 2.989151e-18
7812.860000 5.774418e-17 3.144363e-18
7815.860000 5.871078e-17 3.298661e-18
7818.860000 5.515166e-17 3.279831e-18
7821.860000 5.007600e-17 3.359861e-18
7824.860000 5.626212e-17 3.920676e-18
7827.860000 7.073596e-17 4.364796e-18
7830.860000 6.986321e-17 4.088988e-18
7833.860000 5.763891e-17 3.387228e-18
7836.860000 4.808758e-17 2.963830e-18
7839.860000 4.937392e-17 2.933376e-18
7842.860000 5.410358e-17 3.133872e-18
7845.860000 5.040848e-17 3.474541e-18
7848.860000 5.355351e-17 3.764023e-18
7851.860000 5.473367e-17 3.885533e-18
7854.860000 4.207542e-17 4.357000e-18
7857.860000 4.678832e-17 5.265260e-18
7860.860000 6.443536e-17 5.715513e-18
7863.860000 7.060254e-17 5.490715e-18
7866.860000 6.949216e-17 5.120036e-18
7869.860000 5.919226e-17 4.776362e-18
7872.860000 4.619198e-17 4.695563e-18
7875.860000 5.593706e-17 4.902874e-18
7878.860000 5.117045e-17 4.787884e-18
7881.860000 5.777233e-17 4.563963e-18
7884.860000 6.423715e-17 4.521530e-18
7887.860000 6.272063e-17 4.507670e-18
7890.860000 6.219001e-17 4.406904e-18
7893.860000 7.601099e-17 4.524238e-18
7896.860000 8.810981e-17 4.690077e-18
7899.860000 8.025127e-17 4.347457e-18
7902.860000 6.559451e-17 3.617999e-18
7905.860000 5.790722e-17 3.212295e-18
7908.860000 5.359836e-17 2.999572e-18
7911.860000 6.069143e-17 3.121838e-18
7914.860000 5.974392e-17 3.502204e-18
7917.860000 6.760966e-17 4.237797e-18
7920.860000 8.113673e-17 4.712202e-18
7923.860000 7.425191e-17 4.584508e-18
7926.860000 7.260936e-17 4.237113e-18
7929.860000 6.755303e-17 3.869562e-18
7932.860000 5.754780e-17 3.546595e-18
7935.860000 6.393964e-17 3.504714e-18
7938.860000 6.736188e-17 3.484897e-18
7941.860000 6.747337e-17 3.250547e-18
7944.860000 6.959268e-17 2.991457e-18
7947.860000 6.840344e-17 2.899982e-18
7950.860000 7.438068e-17 3.008240e-18
7953.860000 7.753362e-17 3.180220e-18
7956.860000 7.303528e-17 3.239958e-18
7959.860000 6.572477e-17 3.137735e-18
7962.860000 6.547351e-17 3.121889e-18
7965.860000 6.555651e-17 3.481481e-18
7968.860000 6.772145e-17 4.181216e-18
7971.860000 7.506232e-17 4.559409e-18
7974.860000 7.849983e-17 4.309445e-18
7977.860000 7.301321e-17 3.849840e-18
7980.860000 6.721132e-17 3.843359e-18
7983.860000 7.109061e-17 4.204379e-18
7986.860000 7.439907e-17 4.393320e-18
7989.860000 6.130555e-17 4.141857e-18
7992.860000 5.721480e-17 4.109866e-18
7995.860000 6.097166e-17 4.802983e-18
7998.860000 6.747221e-17 5.684909e-18
8001.860000 7.935261e-17 5.767679e-18
8004.860000 8.317588e-17 4.925928e-18
8007.860000 6.817219e-17 4.065399e-18
8010.860000 6.334442e-17 3.662739e-18
8013.860000 6.817319e-17 3.576253e-18
8016.860000 7.326000e-17 3.667837e-18
8019.860000 7.757830e-17 3.893752e-18
8022.860000 7.172557e-17 3.927407e-18
8025.860000 6.551322e-17 3.815557e-18
8028.860000 7.249750e-17 3.975376e-18
8031.860000 8.326785e-17 4.350669e-18
8034.860000 7.757492e-17 4.293813e-18
8037.860000 7.315214e-17 3.736022e-18
8040.860000 7.143770e-17 3.253700e-18
8043.860000 6.831139e-17 2.975827e-18
8046.860000 6.953395e-17 2.882242e-18
8049.860000 7.125672e-17 2.847337e-18
8052.860000 7.489694e-17 2.899793e-18
8055.860000 7.902693e-17 3.002729e-18
8058.860000 7.834702e-17 3.083352e-18
8061.860000 7.453852e-17 3.089815e-18
8064.860000 7.733118e-17 3.188598e-18
8067.860000 7.879241e-17 3.333330e-18
8070.860000 7.055412e-17 3.262252e-18
8073.860000 6.724941e-17 3.036987e-18
8076.860000 7.117494e-17 2.897528e-18
8079.860000 7.332622e-17 2.867350e-18
8082.860000 7.150591e-17 2.889686e-18
8085.860000 7.201038e-17 2.942927e-18
8088.860000 7.377437e-17 3.009684e-18
8091.860000 7.254296e-17 3.073435e-18
8094.860000 7.071840e-17 3.125012e-18
8097.860000 7.339585e-17 3.255497e-18
8100.860000 7.526048e-17 3.381179e-18
8103.860000 7.528827e-17 3.484639e-18
8106.860000 7.988895e-17 3.690245e-18
8109.860000 7.940724e-17 3.829569e-18
8112.860000 6.876284e-17 3.739651e-18
8115.860000 6.631512e-17 3.646401e-18
8118.860000 6.596958e-17 3.613576e-18
8121.860000 6.712642e-17 3.685176e-18
8124.860000 6.959371e-17 3.771880e-18
8127.860000 7.590647e-17 3.811084e-18
8130.860000 7.575042e-17 3.708085e-18
8133.860000 7.037555e-17 3.592939e-18
8136.860000 6.750897e-17 3.546794e-18
8139.860000 6.716511e-17 3.474589e-18
8142.860000 6.714567e-17 3.480304e-18
8145.860000 6.457965e-17 3.402602e-18
8148.860000 6.820800e-17 3.391838e-18
8151.860000 6.927155e-17 3.348992e-18
8154.860000 6.694518e-17 3.277845e-18
8157.860000 6.604455e-17 3.142960e-18
8160.860000 6.014766e-17 2.924073e-18
8163.860000 6.183907e-17 2.827231e-18
8166.860000 6.401178e-17 2.787347e-18
8169.860000 6.548964e-17 2.767308e-18
8172.860000 6.420237e-17 2.725581e-18
8175.860000 6.253608e-17 2.673842e-18
8178.860000 6.171649e-17 2.652234e-18
8181.860000 6.122735e-17 2.647728e-18
8184.860000 6.002336e-17 2.627887e-18
8187.860000 5.831055e-17 2.618589e-18
8190.860000 6.243816e-17 2.676091e-18
8193.860000 6.391378e-17 2.709088e-18
8196.860000 6.058570e-17 2.709504e-18
8199.860000 5.988742e-17 2.733128e-18
8202.860000 5.829895e-17 2.737287e-18
8205.860000 6.140362e-17 2.788097e-18
8208.860000 6.489379e-17 2.823631e-18
8211.860000 6.345607e-17 2.841644e-18
8214.860000 6.051613e-17 2.883754e-18
8217.860000 5.983588e-17 2.939213e-18
8220.860000 5.871760e-17 2.993348e-18
8223.860000 6.169217e-17 3.065036e-18
8226.860000 6.428593e-17 3.132781e-18
8229.860000 5.926353e-17 3.134785e-18
8232.860000 5.431715e-17 3.159353e-18
8235.860000 5.093517e-17 3.194601e-18
8238.860000 5.541574e-17 3.333489e-18
8241.860000 5.633277e-17 3.415873e-18
8244.860000 5.460110e-17 3.495370e-18
8247.860000 5.768724e-17 3.664593e-18
8250.860000 6.337431e-17 3.847517e-18
8253.860000 6.196227e-17 3.788359e-18
8256.860000 6.701439e-17 3.722963e-18
8259.860000 5.680406e-17 3.545245e-18
8262.860000 5.514002e-17 3.452563e-18
8265.860000 6.055582e-17 3.399737e-18
8268.860000 6.148293e-17 3.287295e-18
8271.860000 6.005951e-17 3.217284e-18
8274.860000 5.472287e-17 3.141822e-18
8277.860000 5.071567e-17 3.168084e-18
8280.860000 5.112787e-17 3.450321e-18
8283.860000 5.195250e-17 3.996401e-18
8286.860000 5.711450e-17 4.539270e-18
8289.860000 6.612372e-17 4.771419e-18
8292.860000 6.561169e-17 4.812841e-18
8295.860000 5.750862e-17 4.728602e-18
8298.860000 4.835451e-17 4.450939e-18
8301.860000 5.477408e-17 4.393116e-18
8304.860000 6.369351e-17 4.569975e-18
8307.860000 6.229160e-17 4.347340e-18
8310.860000 5.422692e-17 3.703606e-18
8313.860000 4.888118e-17 3.326946e-18
8316.860000 4.551447e-17 3.266907e-18
8319.860000 4.475108e-17 3.181301e-18
8322.860000 4.618869e-17 2.997527e-18
8325.860000 4.795903e-17 2.845535e-18
8328.860000 4.869647e-17 2.770314e-18
8331.860000 4.655214e-17 2.725618e-18
8334.860000 4.353819e-17 2.714934e-18
8337.860000 4.074432e-17 2.808365e-18
8340.860000 3.497853e-17 3.046551e-18
8343.860000 2.247122e-17 3.775749e-18
8346.860000 2.312238e-17 5.238674e-18
8349.860000 5.816569e-17 6.596039e-18
8352.860000 6.772853e-17 6.697377e-18
8355.860000 5.877756e-17 5.901984e-18
8358.860000 5.795968e-17 5.384814e-18
8361.860000 5.063879e-17 4.893912e-18
8364.860000 4.668611e-17 4.366076e-18
8367.860000 5.982303e-17 4.416597e-18
8370.860000 6.623519e-17 4.599842e-18
8373.860000 4.675444e-17 4.404037e-18
8376.860000 3.975436e-17 4.029213e-18
8379.860000 4.222078e-17 3.841629e-18
8382.860000 4.819355e-17 3.925860e-18
8385.860000 5.545294e-17 4.390263e-18
8388.860000 5.083109e-17 4.660082e-18
8391.860000 3.928009e-17 4.368166e-18
8394.860000 3.545175e-17 3.827268e-18
8397.860000 3.057054e-17 3.623028e-18
8400.860000 2.994551e-17 4.164170e-18
8403.860000 5.093589e-17 5.319281e-18
8406.860000 7.054119e-17 5.772164e-18
8409.860000 5.124376e-17 4.970268e-18
8412.860000 4.084030e-17 3.821575e-18
8415.860000 3.069050e-17 3.321206e-18
8418.860000 3.621560e-17 3.539452e-18
8421.860000 3.797875e-17 3.881551e-18
8424.860000 2.425906e-17 3.710659e-18
8427.860000 1.132143e-17 3.330683e-18
8430.860000 2.301189e-17 3.708016e-18
8433.860000 4.419397e-17 4.723257e-18
8436.860000 5.137888e-17 5.319614e-18
8439.860000 4.710974e-17 4.854580e-18
8442.860000 4.703345e-17 3.749561e-18
8445.860000 3.652192e-17 2.913952e-18
8448.860000 2.602832e-17 2.652821e-18
8451.860000 3.053287e-17 2.825984e-18
8454.860000 3.900589e-17 3.314159e-18
8457.860000 4.320659e-17 3.763524e-18
8460.860000 3.962223e-17 3.783339e-18
8463.860000 3.144736e-17 3.617213e-18
8466.860000 4.133217e-17 4.097505e-18
8469.860000 5.652951e-17 5.021134e-18
8472.860000 4.280639e-17 5.209549e-18
8475.860000 3.335170e-17 4.421446e-18
8478.860000 3.809686e-17 3.600852e-18
8481.860000 2.461156e-17 3.124070e-18
8484.860000 2.160855e-17 3.029386e-18
8487.860000 2.389520e-17 3.045247e-18
8490.860000 2.324068e-17 3.106538e-18
8493.860000 3.119951e-17 3.459724e-18
8496.860000 3.592042e-17 4.036329e-18
8499.860000 3.327982e-17 4.526992e-18
8502.860000 2.357499e-17 4.591361e-18
8505.860000 3.283478e-17 4.618473e-18
8508.860000 5.150295e-17 5.096939e-18
8511.860000 4.061858e-17 5.237059e-18
8514.860000 1.450051e-17 4.586840e-18
8517.860000 1.932735e-17 3.701619e-18
8520.860000 2.237679e-17 3.254086e-18
8523.860000 3.155117e-17 3.068734e-18
8526.860000 2.532225e-17 2.869577e-18
8529.860000 2.995561e-17 2.836712e-18
8532.860000 2.652597e-17 2.720297e-18
8535.860000 2.689335e-17 2.649061e-18
8538.860000 2.859746e-17 2.672016e-18
8541.860000 3.559989e-17 2.865151e-18
8544.860000 3.741645e-17 3.045993e-18
8547.860000 3.355272e-17 3.065097e-18
8550.860000 3.633241e-17 3.086961e-18
8553.860000 4.106087e-17 3.241440e-18
8556.860000 3.286453e-17 3.213618e-18
8559.860000 2.511785e-17 2.920513e-18
8562.860000 2.311448e-17 2.622278e-18
8565.860000 2.425863e-17 2.496404e-18
8568.860000 2.750431e-17 2.484275e-18
8571.860000 2.975340e-17 2.482459e-18
8574.860000 3.193990e-17 2.525930e-18
8577.860000 3.562477e-17 2.615072e-18
8580.860000 3.258127e-17 2.655689e-18
8583.860000 2.975906e-17 2.691359e-18
8586.860000 3.151894e-17 2.762853e-18
8589.860000 3.355685e-17 2.850210e-18
8592.860000 3.906464e-17 3.062018e-18
8595.860000 3.583617e-17 3.151405e-18
8598.860000 3.138241e-17 3.201172e-18
8601.860000 3.118620e-17 3.358401e-18
8604.860000 3.202055e-17 3.465042e-18
8607.860000 2.792727e-17 3.470893e-18
8610.860000 2.977601e-17 3.552792e-18
8613.860000 3.054219e-17 3.797806e-18
8616.860000 2.686319e-17 4.372762e-18
8619.860000 3.235677e-17 5.255403e-18
8622.860000 3.156571e-17 6.226889e-18
8625.860000 4.860499e-17 7.278595e-18
8628.860000 4.345863e-17 8.048241e-18
8631.860000 6.359488e-17 8.511929e-18
8634.860000 5.938832e-17 8.529986e-18
8637.860000 2.824418e-17 8.166602e-18
8640.860000 2.784486e-17 7.592808e-18
8643.860000 4.453043e-17 6.810733e-18
8646.860000 4.111792e-17 5.873090e-18
8649.860000 2.976512e-17 5.151560e-18
8652.860000 3.853230e-17 5.174799e-18
8655.860000 3.812026e-17 5.804372e-18
8658.860000 4.298178e-17 6.385136e-18
8661.860000 4.792273e-17 6.696216e-18
8664.860000 4.645281e-17 6.766287e-18
8667.860000 5.524696e-17 6.734806e-18
8670.860000 5.615141e-17 6.586411e-18
8673.860000 5.343773e-17 6.325738e-18
8676.860000 5.461945e-17 6.011004e-18
8679.860000 5.221744e-17 5.619392e-18
8682.860000 4.584873e-17 5.148255e-18
8685.860000 5.276650e-17 4.719319e-18
8688.860000 5.500869e-17 4.400642e-18
8691.860000 5.129958e-17 4.104088e-18
8694.860000 5.316406e-17 3.871181e-18
8697.860000 4.630500e-17 3.633035e-18
8700.860000 4.353830e-17 3.463128e-18
8703.860000 4.984838e-17 3.393620e-18
8706.860000 5.135398e-17 3.314587e-18
8709.860000 5.092934e-17 3.289027e-18
8712.860000 5.312955e-17 3.311144e-18
8715.860000 5.253238e-17 3.289269e-18
8718.860000 4.995451e-17 3.214335e-18
8721.860000 5.080909e-17 3.190634e-18
8724.860000 5.367616e-17 3.203477e-18
8727.860000 5.634415e-17 3.249569e-18
8730.860000 5.236801e-17 3.257511e-18
8733.860000 4.737160e-17 3.303661e-18
8736.860000 5.033466e-17 3.422564e-18
8739.860000 5.053671e-17 3.514779e-18
8742.860000 5.580082e-17 3.690506e-18
8745.860000 4.742512e-17 3.755455e-18
8748.860000 5.042149e-17 3.847331e-18
8751.860000 4.482142e-17 3.906004e-18
8754.860000 4.736785e-17 3.979457e-18
8757.860000 4.686053e-17 4.093874e-18
8760.860000 4.375710e-17 4.690082e-18
8763.860000 3.778432e-17 5.925648e-18
8766.860000 4.278142e-17 7.079610e-18
8769.860000 7.196027e-17 7.612405e-18
8772.860000 7.033926e-17 7.632887e-18
8775.860000 4.579946e-17 7.165444e-18
8778.860000 5.313455e-17 6.439624e-18
8781.860000 8.552144e-17 6.455224e-18
8784.860000 8.869800e-17 6.656812e-18
8787.860000 5.477225e-17 5.891800e-18
8790.860000 5.847451e-17 4.584954e-18
8793.860000 6.308637e-17 4.094923e-18
8796.860000 7.502658e-17 4.309114e-18
8799.860000 6.625214e-17 4.196316e-18
8802.860000 5.567977e-17 3.709981e-18
8805.860000 5.222464e-17 3.239354e-18
8808.860000 5.427957e-17 3.054635e-18
8811.860000 5.967188e-17 3.070282e-18
8814.860000 6.310832e-17 3.151383e-18
8817.860000 5.918394e-17 3.163653e-18
8820.860000 5.257630e-17 3.148474e-18
8823.860000 4.420193e-17 3.397170e-18
8826.860000 3.683061e-17 4.483057e-18
8829.860000 5.635146e-17 6.428779e-18
8832.860000 9.122885e-17 7.796311e-18
8835.860000 7.203987e-17 7.679266e-18
8838.860000 7.765679e-17 6.803207e-18
8841.860000 6.767674e-17 6.268351e-18
8844.860000 5.931645e-17 5.692350e-18
8847.860000 7.339600e-17 4.834020e-18
8850.860000 6.786819e-17 4.367208e-18
8853.860000 6.954787e-17 4.566668e-18
8856.860000 6.288004e-17 4.633129e-18
8859.860000 4.421274e-17 4.298597e-18
8862.860000 4.002534e-17 3.980490e-18
8865.860000 4.884242e-17 4.140421e-18
8868.860000 6.204685e-17 4.904278e-18
8871.860000 7.963730e-17 6.002881e-18
8874.860000 8.061138e-17 6.476370e-18
8877.860000 6.123482e-17 5.883607e-18
8880.860000 4.992252e-17 4.928043e-18
8883.860000 4.596328e-17 4.644942e-18
8886.860000 6.341378e-17 5.614924e-18
8889.860000 7.257131e-17 7.456260e-18
8892.860000 9.982905e-17 8.487239e-18
8895.860000 8.074936e-17 7.581521e-18
8898.860000 8.661073e-17 5.715192e-18
8901.860000 6.250370e-17 4.559449e-18
8904.860000 6.809582e-17 4.707421e-18
8907.860000 6.825212e-17 5.387175e-18
8910.860000 5.897238e-17 5.620530e-18
8913.860000 3.739665e-17 5.032088e-18
8916.860000 4.109512e-17 4.373988e-18
8919.860000 5.189873e-17 4.639596e-18
8922.860000 7.990360e-17 6.048842e-18
8925.860000 9.764619e-17 7.292304e-18
8928.860000 9.307373e-17 7.013241e-18
8931.860000 8.647934e-17 5.522251e-18
8934.860000 7.463062e-17 4.138589e-18
8937.860000 5.308842e-17 3.545865e-18
8940.860000 4.955213e-17 3.451937e-18
8943.860000 5.615162e-17 3.763330e-18
8946.860000 6.866184e-17 4.454755e-18
8949.860000 7.346349e-17 4.913928e-18
8952.860000 5.506603e-17 4.664777e-18
8955.860000 4.628417e-17 4.274146e-18
8958.860000 6.546865e-17 4.843494e-18
8961.860000 8.140134e-17 6.258027e-18
8964.860000 9.265314e-17 6.996263e-18
8967.860000 8.149684e-17 6.242535e-18
8970.860000 7.720662e-17 4.819106e-18
8973.860000 6.393118e-17 4.024099e-18
8976.860000 5.858474e-17 3.877488e-18
8979.860000 5.893340e-17 3.917416e-18
8982.860000 6.044256e-17 4.019616e-18
8985.860000 5.669046e-17 4.192246e-18
8988.860000 6.006228e-17 4.667559e-18
8991.860000 6.542599e-17 5.422697e-18
8994.860000 6.781570e-17 5.967843e-18
8997.860000 5.389513e-17 5.832508e-18
9000.860000 5.014668e-17 5.622550e-18
9003.860000 7.301531e-17 6.484290e-18
9006.860000 8.062152e-17 7.592763e-18
9009.860000 6.618837e-17 7.432510e-18
9012.860000 6.329723e-17 6.052704e-18
9015.860000 6.159273e-17 4.690052e-18
9018.860000 4.637161e-17 4.054169e-18
9021.860000 4.660883e-17 3.905627e-18
9024.860000 5.083395e-17 3.820751e-18
9027.860000 5.329542e-17 3.805796e-18
9030.860000 5.545075e-17 3.818934e-18
9033.860000 5.426725e-17 3.795061e-18
9036.860000 5.631949e-17 3.829113e-18
9039.860000 6.418025e-17 4.007827e-18
9042.860000 6.557969e-17 4.295624e-18
9045.860000 5.627106e-17 4.365958e-18
9048.860000 5.420881e-17 4.242547e-18
9051.860000 6.154817e-17 4.302266e-18
9054.860000 7.056686e-17 4.671315e-18
9057.860000 6.177483e-17 4.741166e-18
9060.860000 5.409597e-17 4.298334e-18
9063.860000 5.690773e-17 3.794886e-18
9066.860000 5.252924e-17 3.566468e-18
9069.860000 4.920525e-17 3.526751e-18
9072.860000 4.968631e-17 3.575473e-18
9075.860000 5.046032e-17 3.574837e-18
9078.860000 5.201011e-17 3.539433e-18
9081.860000 5.003748e-17 3.466456e-18
9084.860000 5.064717e-17 3.499477e-18
9087.860000 5.536838e-17 3.633200e-18
9090.860000 6.045174e-17 3.791439e-18
9093.860000 6.321015e-17 3.970849e-18
9096.860000 6.152418e-17 4.258473e-18
9099.860000 4.932320e-17 4.374897e-18
