3616.65283203125  7.241505E-16
3619.50681209565  7.779002E-16
3622.36079216004  9.056041E-16
3625.21477222443  7.251198E-16
3628.06875228882  7.362658E-16
3630.92273235321  7.757899E-16
3633.77671241761  7.821342E-16
3636.630692482  4.902932E-16
3639.48467254639  6.705165E-16
3642.33865261078  7.927061E-16
3645.19263267518  6.544330E-16
3648.04661273957  7.126861E-16
3650.90059280396  6.983584E-16
3653.75457286835  8.613758E-16
3656.60855293274  7.393828E-16
3659.46253299713  7.731120E-16
3662.31651306153  6.358639E-16
3665.17049312592  6.980928E-16
3668.02447319031  8.109056E-16
3670.8784532547  7.370144E-16
3673.7324333191  5.746739E-16
3676.58641338349  6.878227E-16
3679.44039344788  7.190125E-16
3682.29437351227  5.852781E-16
3685.14835357666  7.035550E-16
3688.00233364106  6.135616E-16
3690.85631370545  8.806976E-16
3693.71029376984  5.996229E-16
3696.56427383423  6.159119E-16
3699.41825389862  7.932446E-16
3702.27223396302  5.393524E-16
3705.12621402741  8.275401E-16
3707.9801940918  6.049629E-16
3710.83417415619  7.792233E-16
3713.68815422059  7.063199E-16
3716.54213428498  7.828658E-16
3719.39611434937  6.712274E-16
3722.25009441376  7.159793E-16
3725.10407447815  7.371005E-16
3727.95805454255  9.630929E-16
3730.81203460694  8.385055E-16
3733.66601467133  8.160252E-16
3736.51999473572  6.524248E-16
3739.37397480011  7.311669E-16
3742.22795486451  8.237355E-16
3745.0819349289  6.814782E-16
3747.93591499329  7.683185E-16
3750.78989505768  7.554748E-16
3753.64387512207  6.717416E-16
3756.49785518647  7.316618E-16
3759.35183525086  6.670135E-16
3762.20581531525  8.427681E-16
3765.05979537964  6.838504E-16
3767.91377544404  7.147666E-16
3770.76775550843  7.304631E-16
3773.62173557282  7.655548E-16
3776.47571563721  7.801158E-16
3779.3296957016  7.748833E-16
3782.183675766  7.178108E-16
3785.03765583039  7.480395E-16
3787.89163589478  7.558148E-16
3790.74561595917  8.373291E-16
3793.59959602356  6.384254E-16
3796.45357608796  7.843735E-16
3799.30755615235  7.450089E-16
3802.16153621674  8.100405E-16
3805.01551628113  8.263467E-16
3807.86949634553  9.228729E-16
3810.72347640992  7.579569E-16
3813.57745647431  8.115165E-16
3816.4314365387  8.589658E-16
3819.28541660309  8.100610E-16
3822.13939666749  7.343447E-16
3824.99337673188  8.508824E-16
3827.84735679627  9.151368E-16
3830.70133686066  8.010683E-16
3833.55531692505  7.989123E-16
3836.40929698945  9.416011E-16
3839.26327705384  7.476843E-16
3842.11725711823  8.809882E-16
3844.97123718262  8.573855E-16
3847.82521724701  8.070922E-16
3850.67919731141  1.009578E-15
3853.5331773758  9.618819E-16
3856.38715744019  8.839357E-16
3859.24113750458  9.270967E-16
3862.09511756897  8.641804E-16
3864.94909763337  9.026764E-16
3867.80307769776  9.575948E-16
3870.65705776215  9.848107E-16
3873.51103782654  9.725196E-16
3876.36501789093  1.038525E-15
3879.21899795533  9.435134E-16
3882.07297801972  8.284288E-16
3884.92695808411  9.647153E-16
3887.7809381485  9.751460E-16
3890.6349182129  1.006505E-15
3893.48889827729  9.253742E-16
3896.34287834168  9.460938E-16
3899.19685840607  9.859665E-16
3902.05083847046  1.181990E-15
3904.90481853485  9.892828E-16
3907.75879859925  1.033639E-15
3910.61277866364  1.127450E-15
3913.46675872803  1.025579E-15
3916.32073879242  9.764167E-16
3919.17471885682  1.125587E-15
3922.02869892121  1.046538E-15
3924.8826789856  1.064570E-15
3927.73665904999  1.045513E-15
3930.59063911438  9.268427E-16
3933.44461917878  1.022537E-15
3936.29859924317  1.054092E-15
3939.15257930756  1.066996E-15
3942.00655937195  1.127210E-15
3944.86053943634  1.237552E-15
3947.71451950074  1.043348E-15
3950.56849956513  1.179428E-15
3953.42247962952  1.149528E-15
3956.27645969391  1.072710E-15
3959.13043975831  1.140640E-15
3961.9844198227  1.094237E-15
3964.83839988709  1.036959E-15
3967.69237995148  9.772191E-16
3970.54636001587  1.015768E-15
3973.40034008027  1.063031E-15
3976.25432014466  1.042230E-15
3979.10830020905  1.068384E-15
3981.96228027344  1.028506E-15
3984.81626033783  1.193253E-15
3987.67024040223  1.032244E-15
3990.52422046662  1.166270E-15
3993.37820053101  1.194929E-15
3996.2321805954  1.130717E-15
3999.08616065979  1.094433E-15
4001.94014072419  1.051632E-15
4004.79412078858  1.109609E-15
4007.64810085297  1.209641E-15
4010.50208091736  1.118042E-15
4013.35606098176  1.093869E-15
4016.21004104615  1.195686E-15
4019.06402111054  1.186737E-15
4021.91800117493  1.177274E-15
4024.77198123932  1.152565E-15
4027.62596130371  1.153505E-15
4030.47994136811  1.206949E-15
4033.3339214325  1.142614E-15
4036.18790149689  1.219103E-15
4039.04188156128  1.135512E-15
4041.89586162568  1.165841E-15
4044.74984169007  1.183113E-15
4047.60382175446  1.262938E-15
4050.45780181885  1.183071E-15
4053.31178188324  1.147343E-15
4056.16576194764  1.277621E-15
4059.01974201203  1.286491E-15
4061.87372207642  1.275901E-15
4064.72770214081  1.160662E-15
4067.5816822052  1.245995E-15
4070.4356622696  1.257645E-15
4073.28964233399  1.225409E-15
4076.14362239838  1.132947E-15
4078.99760246277  1.287642E-15
4081.85158252717  1.300591E-15
4084.70556259156  1.257923E-15
4087.55954265595  1.119730E-15
4090.41352272034  1.188330E-15
4093.26750278473  1.057863E-15
4096.12148284913  1.107676E-15
4098.97546291352  1.214509E-15
4101.82944297791  1.162331E-15
4104.6834230423  1.225168E-15
4107.53740310669  9.920878E-16
4110.39138317109  1.106648E-15
4113.24536323548  1.117186E-15
4116.09934329987  1.096377E-15
4118.95332336426  1.132681E-15
4121.80730342866  1.056892E-15
4124.66128349305  1.126409E-15
4127.51526355744  1.148299E-15
4130.36924362183  1.114266E-15
4133.22322368622  1.032904E-15
4136.07720375062  1.011301E-15
4138.93118381501  1.007238E-15
4141.7851638794  1.016534E-15
4144.63914394379  1.034173E-15
4147.49312400818  9.636248E-16
4150.34710407257  9.977496E-16
4153.20108413697  1.072871E-15
4156.05506420136  9.448888E-16
4158.90904426575  1.030409E-15
4161.76302433014  1.077256E-15
4164.61700439454  9.528423E-16
4167.47098445893  1.020380E-15
4170.32496452332  9.331198E-16
4173.17894458771  9.932242E-16
4176.0329246521  8.474627E-16
4178.8869047165  8.722555E-16
4181.74088478089  9.954558E-16
4184.59486484528  9.764321E-16
4187.44884490967  9.259436E-16
4190.30282497406  9.770495E-16
4193.15680503846  9.446676E-16
4196.01078510285  9.831847E-16
4198.86476516724  8.664477E-16
4201.71874523163  8.650329E-16
4204.57272529603  8.699289E-16
4207.42670536042  9.675074E-16
4210.28068542481  9.179940E-16
4213.1346654892  8.340603E-16
4215.98864555359  9.004324E-16
4218.84262561799  8.522561E-16
4221.69660568238  7.567904E-16
4224.55058574677  8.737271E-16
4227.40456581116  8.427556E-16
4230.25854587556  8.802865E-16
4233.11252593995  8.620149E-16
4235.96650600434  8.647164E-16
4238.82048606873  8.039934E-16
4241.67446613312  8.356975E-16
4244.52844619752  8.428283E-16
4247.38242626191  8.372659E-16
4250.2364063263  7.010081E-16
4253.09038639069  8.717569E-16
4255.94436645508  8.125349E-16
4258.79834651948  8.502957E-16
4261.65232658387  8.763159E-16
4264.50630664826  8.072937E-16
4267.36028671265  8.260474E-16
4270.21426677704  7.887679E-16
4273.06824684144  8.322410E-16
4275.92222690583  8.828679E-16
4278.77620697022  9.123832E-16
4281.63018703461  8.410401E-16
4284.484167099  9.331510E-16
4287.3381471634  9.226680E-16
4290.19212722779  9.614992E-16
4293.04610729218  9.527331E-16
4295.90008735657  8.708096E-16
4298.75406742097  8.203838E-16
4301.60804748536  8.907098E-16
4304.46202754975  9.247612E-16
4307.31600761414  8.842090E-16
4310.16998767853  8.606882E-16
4313.02396774293  9.142784E-16
4315.87794780732  8.348139E-16
4318.73192787171  9.820340E-16
4321.5859079361  9.061218E-16
4324.43988800049  1.013307E-15
4327.29386806489  9.505032E-16
4330.14784812928  9.395295E-16
4333.00182819367  9.599386E-16
4335.85580825806  9.679779E-16
4338.70978832245  9.593662E-16
4341.56376838685  9.249091E-16
4344.41774845124  1.016477E-15
4347.27172851563  1.025002E-15
4350.12570858002  1.032481E-15
4352.97968864442  1.050317E-15
4355.83366870881  1.033186E-15
4358.6876487732  9.882327E-16
4361.54162883759  8.930556E-16
4364.39560890198  8.857822E-16
4367.24958896638  9.622401E-16
4370.10356903077  9.879155E-16
4372.95754909516  9.208838E-16
4375.81152915955  9.376286E-16
4378.66550922394  8.710703E-16
4381.51948928834  8.295537E-16
4384.37346935273  9.126793E-16
4387.22744941712  8.122668E-16
4390.08142948151  8.745253E-16
4392.9354095459  8.414719E-16
4395.7893896103  7.860183E-16
4398.64336967469  8.299143E-16
4401.49734973908  8.961012E-16
4404.35132980347  8.399380E-16
4407.20530986786  7.462677E-16
4410.05928993226  8.143354E-16
4412.91326999665  8.518626E-16
4415.76725006104  9.177781E-16
4418.62123012543  8.894382E-16
4421.47521018983  9.183062E-16
4424.32919025422  9.067427E-16
4427.18317031861  9.605693E-16
4430.037150383  8.741955E-16
4432.89113044739  9.319729E-16
4435.74511051178  7.948312E-16
4438.59909057618  9.049831E-16
4441.45307064057  7.770962E-16
4444.30705070496  9.006578E-16
4447.16103076935  8.499786E-16
4450.01501083375  8.875708E-16
4452.86899089814  8.277861E-16
4455.72297096253  8.334204E-16
4458.57695102692  8.289751E-16
4461.43093109131  8.316978E-16
4464.28491115571  8.889455E-16
4467.1388912201  8.371263E-16
4469.99287128449  8.499549E-16
4472.84685134888  7.870839E-16
4475.70083141328  1.013142E-15
4478.55481147767  1.011641E-15
4481.40879154206  8.978972E-16
4484.26277160645  9.067778E-16
4487.11675167084  8.556202E-16
4489.97073173524  8.600349E-16
4492.82471179963  8.601044E-16
4495.67869186402  9.149381E-16
4498.53267192841  9.359853E-16
4501.3866519928  7.616058E-16
4504.2406320572  8.617566E-16
4507.09461212159  8.982739E-16
4509.94859218598  8.213414E-16
4512.80257225037  8.115877E-16
4515.65655231476  8.267894E-16
4518.51053237916  7.857335E-16
4521.36451244355  8.743482E-16
4524.21849250794  9.864417E-16
4527.07247257233  7.941528E-16
4529.92645263672  9.432773E-16
4532.78043270112  9.141054E-16
4535.63441276551  9.110484E-16
4538.4883928299  9.187337E-16
4541.34237289429  9.322113E-16
4544.19635295869  9.345435E-16
4547.05033302308  8.159930E-16
4549.90431308747  8.929593E-16
4552.75829315186  9.204849E-16
4555.61227321625  8.916909E-16
4558.46625328064  9.966800E-16
4561.32023334504  9.360608E-16
4564.17421340943  9.984139E-16
4567.02819347382  1.017849E-15
4569.88217353821  9.864504E-16
4572.73615360261  9.473522E-16
4575.590133667  1.010786E-15
4578.44411373139  9.905658E-16
4581.29809379578  9.683235E-16
4584.15207386017  9.861195E-16
4587.00605392457  9.526441E-16
4589.86003398896  9.790119E-16
4592.71401405335  9.897907E-16
4595.56799411774  9.929622E-16
4598.42197418214  9.293733E-16
4601.27595424653  9.822195E-16
4604.12993431092  9.763056E-16
4606.98391437531  1.028680E-15
4609.8378944397  9.818865E-16
4612.6918745041  9.777853E-16
4615.54585456849  9.235667E-16
4618.39983463288  1.038282E-15
4621.25381469727  9.231051E-16
4624.10779476166  9.390270E-16
4626.96177482606  9.918700E-16
4629.81575489045  9.350158E-16
4632.66973495484  9.622578E-16
4635.52371501923  8.763062E-16
4638.37769508362  8.667021E-16
4641.23167514802  9.866803E-16
4644.08565521241  9.589778E-16
4646.9396352768  9.899628E-16
4649.79361534119  9.443180E-16
4652.64759540558  9.726506E-16
4655.50157546998  9.752641E-16
4658.35555553437  9.173036E-16
4661.20953559876  9.442211E-16
4664.06351566315  9.113600E-16
4666.91749572754  9.205212E-16
4669.77147579194  9.526082E-16
4672.62545585633  9.300856E-16
4675.47943592072  9.075292E-16
4678.33341598511  8.910133E-16
4681.18739604951  9.315979E-16
4684.0413761139  8.952452E-16
4686.89535617829  9.414798E-16
4689.74933624268  8.187438E-16
4692.60331630707  8.691245E-16
4695.45729637147  8.611328E-16
4698.31127643586  7.894452E-16
4701.16525650025  7.915810E-16
4704.01923656464  9.080965E-16
4706.87321662903  8.130089E-16
4709.72719669343  8.805198E-16
4712.58117675782  8.101879E-16
4715.43515682221  9.099252E-16
4718.2891368866  8.644500E-16
4721.14311695099  8.345426E-16
4723.99709701539  7.949039E-16
4726.85107707978  8.846848E-16
4729.70505714417  8.358624E-16
4732.55903720856  8.087852E-16
4735.41301727295  8.029132E-16
4738.26699733735  8.444954E-16
4741.12097740174  8.344053E-16
4743.97495746613  8.836574E-16
4746.82893753052  7.992324E-16
4749.68291759492  8.195290E-16
4752.53689765931  8.303580E-16
4755.3908777237  7.954363E-16
4758.24485778809  8.143831E-16
4761.09883785248  7.456106E-16
4763.95281791688  8.345235E-16
4766.80679798127  8.819924E-16
4769.66077804566  8.045954E-16
4772.51475811005  8.382851E-16
4775.36873817444  8.519435E-16
4778.22271823884  7.965239E-16
4781.07669830323  7.873393E-16
4783.93067836762  8.153263E-16
4786.78465843201  8.837363E-16
4789.6386384964  8.586648E-16
4792.4926185608  7.836467E-16
4795.34659862519  8.001627E-16
4798.20057868958  8.160268E-16
4801.05455875397  8.666871E-16
4803.90853881837  8.323064E-16
4806.76251888276  8.002533E-16
4809.61649894715  8.974020E-16
4812.47047901154  7.266750E-16
4815.32445907593  8.023373E-16
4818.17843914033  8.004118E-16
4821.03241920472  7.760816E-16
4823.88639926911  7.836906E-16
4826.7403793335  7.752408E-16
4829.59435939789  7.105154E-16
4832.44833946229  8.047328E-16
4835.30231952668  7.874340E-16
4838.15629959107  7.468005E-16
4841.01027965546  7.399767E-16
4843.86425971985  7.837828E-16
4846.71823978425  7.748979E-16
4849.57221984864  8.338479E-16
4852.42619991303  7.187108E-16
4855.28017997742  7.580006E-16
4858.13416004181  7.473223E-16
4860.98814010621  7.264442E-16
4863.8421201706  7.102046E-16
4866.69610023499  7.990101E-16
4869.55008029938  7.245756E-16
4872.40406036378  7.249220E-16
4875.25804042817  7.289099E-16
4878.11202049256  7.858824E-16
4880.96600055695  6.660944E-16
4883.81998062134  6.925041E-16
4886.67396068574  7.153038E-16
4889.52794075013  6.586328E-16
4892.38192081452  7.297929E-16
4895.23590087891  7.061066E-16
4898.0898809433  6.418326E-16
4900.9438610077  6.366454E-16
4903.79784107209  6.283757E-16
4906.65182113648  6.643010E-16
4909.50580120087  7.491901E-16
4912.35978126526  6.392359E-16
4915.21376132966  7.488079E-16
4918.06774139405  6.722655E-16
4920.92172145844  6.199220E-16
4923.77570152283  6.226126E-16
4926.62968158723  6.728771E-16
4929.48366165162  6.011406E-16
4932.33764171601  6.493645E-16
4935.1916217804  6.290275E-16
4938.04560184479  6.543382E-16
4940.89958190919  6.745803E-16
4943.75356197358  6.723489E-16
4946.60754203797  6.288807E-16
4949.46152210236  5.684966E-16
4952.31550216675  6.339834E-16
4955.16948223115  5.953168E-16
4958.02346229554  6.228018E-16
4960.87744235993  6.562803E-16
4963.73142242432  6.237414E-16
4966.58540248871  6.040964E-16
4969.43938255311  5.580755E-16
4972.2933626175  5.557019E-16
4975.14734268189  6.520187E-16
4978.00132274628  6.265611E-16
4980.85530281067  5.844274E-16
4983.70928287507  5.867934E-16
4986.56326293946  5.660389E-16
4989.41724300385  6.105531E-16
4992.27122306824  6.050960E-16
4995.12520313264  6.152455E-16
4997.97918319703  6.579197E-16
5000.83316326142  6.624679E-16
5003.68714332581  6.316504E-16
5006.54112339021  6.310717E-16
5009.3951034546  6.879527E-16
5012.24908351899  6.247551E-16
5015.10306358338  6.569232E-16
5017.95704364777  6.527975E-16
5020.81102371217  6.033778E-16
5023.66500377656  6.424772E-16
5026.51898384095  6.259492E-16
5029.37296390534  6.118254E-16
5032.22694396973  6.522727E-16
5035.08092403412  7.280366E-16
5037.93490409852  6.283748E-16
5040.78888416291  6.707892E-16
5043.6428642273  6.644775E-16
5046.49684429169  5.913776E-16
5049.35082435609  6.366916E-16
5052.20480442048  7.152653E-16
5055.05878448487  7.231771E-16
5057.91276454926  6.590077E-16
5060.76674461365  6.953288E-16
5063.62072467805  7.076986E-16
5066.47470474244  6.355661E-16
5069.32868480683  7.253337E-16
5072.18266487122  6.355644E-16
5075.03664493562  6.784856E-16
5077.89062500001  7.407659E-16
5080.7446050644  6.743223E-16
5083.59858512879  7.152921E-16
5086.45256519318  6.962018E-16
5089.30654525758  6.968312E-16
5092.16052532197  6.482501E-16
5095.01450538636  7.525158E-16
5097.86848545075  7.265283E-16
5100.72246551514  7.031476E-16
5103.57644557954  7.096806E-16
5106.43042564393  6.885014E-16
5109.28440570832  6.484879E-16
5112.13838577271  6.920494E-16
5114.9923658371  6.780056E-16
5117.8463459015  7.305290E-16
5120.70032596589  6.436972E-16
5123.55430603028  6.795134E-16
5126.40828609467  7.522620E-16
5129.26226615907  6.958412E-16
5132.11624622346  7.260746E-16
5134.97022628785  7.417937E-16
5137.82420635224  6.798696E-16
5140.67818641663  7.156098E-16
5143.53216648103  7.125904E-16
5146.38614654542  6.913940E-16
5149.24012660981  6.352917E-16
5152.0941066742  6.666800E-16
5154.94808673859  7.302148E-16
5157.80206680299  7.157453E-16
5160.65604686738  6.785231E-16
5163.51002693177  6.768387E-16
5166.36400699616  6.977379E-16
5169.21798706055  6.992538E-16
5172.07196712495  6.820536E-16
5174.92594718934  7.029072E-16
5177.77992725373  6.617845E-16
5180.63390731812  6.202920E-16
5183.48788738251  7.145521E-16
5186.34186744691  7.289087E-16
5189.1958475113  6.781818E-16
5192.04982757569  7.051722E-16
5194.90380764008  6.353312E-16
5197.75778770448  6.112089E-16
5200.61176776887  6.689240E-16
5203.46574783326  6.138899E-16
5206.31972789765  6.996655E-16
5209.17370796204  7.343380E-16
5212.02768802644  6.509094E-16
5214.88166809083  7.211067E-16
5217.73564815522  6.522430E-16
5220.58962821961  6.271421E-16
5223.443608284  6.667509E-16
5226.2975883484  6.769447E-16
5229.15156841279  6.694057E-16
5232.00554847718  6.725236E-16
5234.85952854157  6.845678E-16
5237.71350860596  6.536075E-16
5240.56748867036  6.870222E-16
5243.42146873475  6.721701E-16
5246.27544879914  7.087031E-16
5249.12942886353  6.607981E-16
5251.98340892793  6.382694E-16
5254.83738899232  6.584688E-16
5257.69136905671  6.002080E-16
5260.5453491211  6.392648E-16
5263.39932918549  6.192386E-16
5266.25330924989  6.093686E-16
5269.10728931428  6.231204E-16
5271.96126937867  6.190327E-16
5274.81524944306  5.534532E-16
5277.66922950745  6.336023E-16
5280.52320957185  5.996783E-16
5283.37718963624  6.088196E-16
5286.23116970063  6.094227E-16
5289.08514976502  5.747872E-16
5291.93912982941  5.650262E-16
5294.79310989381  5.903793E-16
5297.6470899582  6.124207E-16
5300.50107002259  5.513907E-16
5303.35505008698  5.529843E-16
5306.20903015138  5.785590E-16
5309.06301021577  5.659637E-16
5311.91699028016  5.776526E-16
5314.77097034455  5.817779E-16
5317.62495040894  5.460209E-16
5320.47893047334  5.212451E-16
5323.33291053773  5.853055E-16
5326.18689060212  5.937622E-16
5329.04087066651  5.801824E-16
5331.8948507309  5.764914E-16
5334.7488307953  5.843693E-16
5337.60281085969  5.162495E-16
5340.45679092408  5.367296E-16
5343.31077098847  5.364635E-16
5346.16475105286  5.263312E-16
5349.01873111726  5.016039E-16
5351.87271118165  5.320847E-16
5354.72669124604  5.434496E-16
5357.58067131043  5.388929E-16
5360.43465137482  5.188228E-16
5363.28863143922  5.585263E-16
5366.14261150361  5.966280E-16
5368.996591568  5.331126E-16
5371.85057163239  5.577079E-16
5374.70455169679  5.872820E-16
5377.55853176118  5.114504E-16
5380.41251182557  4.872620E-16
5383.26649188996  4.646567E-16
5386.12047195435  5.726130E-16
5388.97445201875  5.440359E-16
5391.82843208314  5.381850E-16
5394.68241214753  4.586161E-16
5397.53639221192  4.754350E-16
5400.39037227631  5.219842E-16
5403.24435234071  5.378265E-16
5406.0983324051  5.551188E-16
5408.95231246949  5.186112E-16
5411.80629253388  5.077866E-16
5414.66027259827  5.152468E-16
5417.51425266267  5.103208E-16
5420.36823272706  5.303885E-16
5423.22221279145  5.117059E-16
5426.07619285584  5.104173E-16
5428.93017292024  5.281514E-16
5431.78415298463  5.721165E-16
5434.63813304902  5.366997E-16
5437.49211311341  4.953353E-16
5440.3460931778  4.998215E-16
5443.20007324219  5.120843E-16
5446.05405330659  5.367788E-16
5448.90803337098  5.531729E-16
5451.76201343537  5.393933E-16
5454.61599349976  4.942753E-16
5457.46997356415  5.855688E-16
5460.32395362855  5.089768E-16
5463.17793369294  5.912047E-16
5466.03191375733  5.950158E-16
5468.88589382172  5.841579E-16
5471.73987388612  5.703937E-16
5474.59385395051  5.511535E-16
5477.4478340149  5.781944E-16
5480.30181407929  5.027456E-16
5483.15579414368  5.706913E-16
5486.00977420808  5.337286E-16
5488.86375427247  5.058839E-16
5491.71773433686  5.936472E-16
5494.57171440125  5.504145E-16
5497.42569446564  5.503179E-16
5500.27967453004  5.483062E-16
5503.13365459443  5.436924E-16
5505.98763465882  5.629648E-16
5508.84161472321  5.230415E-16
5511.6955947876  5.322728E-16
5514.549574852  5.291681E-16
5517.40355491639  5.609631E-16
5520.25753498078  5.333752E-16
5523.11151504517  5.035211E-16
5525.96549510957  4.851236E-16
5528.81947517396  5.261965E-16
5531.67345523835  5.084434E-16
5534.52743530274  4.847628E-16
5537.38141536713  5.320459E-16
5540.23539543153  5.298852E-16
5543.08937549592  5.084516E-16
5545.94335556031  5.306999E-16
5548.7973356247  4.781932E-16
5551.6513156891  4.949049E-16
5554.50529575349  5.038391E-16
5557.35927581788  5.098865E-16
5560.21325588227  4.925793E-16
5563.06723594666  5.007564E-16
5565.92121601105  4.754994E-16
5568.77519607545  5.466231E-16
5571.62917613984  5.506007E-16
5574.48315620423  4.639438E-16
5577.33713626862  4.703897E-16
5580.19111633301  4.781025E-16
5583.04509639741  4.995755E-16
5585.8990764618  5.038429E-16
5588.75305652619  4.590958E-16
5591.60703659058  4.742156E-16
5594.46101665498  5.331454E-16
5597.31499671937  5.070494E-16
5600.16897678376  4.977464E-16
5603.02295684815  5.547316E-16
5605.87693691254  5.442357E-16
5608.73091697694  4.886110E-16
5611.58489704133  4.450658E-16
5614.43887710572  5.024410E-16
5617.29285717011  5.553928E-16
5620.1468372345  4.993913E-16
5623.0008172989  4.781380E-16
5625.85479736329  4.819525E-16
5628.70877742768  5.033049E-16
5631.56275749207  4.650576E-16
5634.41673755646  5.887821E-16
5637.27071762086  5.261835E-16
5640.12469768525  4.910352E-16
5642.97867774964  4.981372E-16
5645.83265781403  5.058896E-16
5648.68663787843  5.555543E-16
5651.54061794282  5.159043E-16
5654.39459800721  4.840169E-16
5657.2485780716  5.231019E-16
5660.10255813599  5.309544E-16
5662.95653820039  5.018159E-16
5665.81051826478  5.059113E-16
5668.66449832917  5.117488E-16
5671.51847839356  5.162469E-16
5674.37245845796  5.534579E-16
5677.22643852235  4.852824E-16
5680.08041858674  5.026519E-16
5682.93439865113  5.468833E-16
5685.78837871552  4.885252E-16
5688.64235877991  4.868209E-16
5691.49633884431  5.488876E-16
5694.3503189087  4.662952E-16
5697.20429897309  4.619025E-16
5700.05827903748  5.239076E-16
5702.91225910187  4.915171E-16
5705.76623916627  5.079713E-16
5708.62021923066  5.036332E-16
5711.47419929505  5.312774E-16
5714.32817935944  5.599528E-16
5717.18215942384  5.442405E-16
5720.03613948823  5.422219E-16
5722.89011955262  5.024530E-16
5725.74409961701  5.334712E-16
5728.5980796814  4.888589E-16
5731.4520597458  4.903661E-16
5734.30603981019  4.654927E-16
5737.16001987458  4.920202E-16
5740.01399993897  5.047727E-16
5742.86798000336  5.833079E-16
5745.72196006776  5.416834E-16
5748.57594013215  4.619616E-16
5751.42992019654  4.860984E-16
5754.28390026093  4.776585E-16
5757.13788032532  5.038947E-16
5759.99186038972  5.195178E-16
5762.84584045411  5.344438E-16
5765.6998205185  4.854191E-16
5768.55380058289  4.741005E-16
5771.40778064728  5.168752E-16
5774.26176071168  5.057480E-16
5777.11574077607  5.110093E-16
5779.96972084046  5.407432E-16
5782.82370090485  4.981606E-16
5785.67768096925  5.128997E-16
5788.53166103364  4.744680E-16
5791.38564109803  4.382188E-16
5794.23962116242  4.967312E-16
5797.09360122681  5.179861E-16
5799.94758129121  5.680755E-16
5802.8015613556  5.413274E-16
5805.65554141999  5.120532E-16
5808.50952148438  4.848881E-16
5811.36350154877  5.179176E-16
5814.21748161317  4.691388E-16
5817.07146167756  5.585134E-16
5819.92544174195  4.948153E-16
5822.77942180634  5.072889E-16
5825.63340187073  4.984339E-16
5828.48738193513  4.905725E-16
5831.34136199952  4.960408E-16
5834.19534206391  4.921295E-16
5837.0493221283  5.391571E-16
5839.9033021927  5.251701E-16
5842.75728225709  5.011054E-16
5845.61126232148  4.373511E-16
5848.46524238587  4.498468E-16
5851.31922245026  5.529326E-16
5854.17320251466  4.918407E-16
5857.02718257905  4.883934E-16
5859.88116264344  4.243955E-16
5862.73514270783  5.035715E-16
5865.58912277222  4.600630E-16
5868.44310283662  4.621300E-16
5871.29708290101  4.920341E-16
5874.1510629654  4.726400E-16
5877.00504302979  4.944287E-16
5879.85902309418  4.811130E-16
5882.71300315858  4.452647E-16
5885.56698322297  4.697511E-16
5888.42096328736  4.878031E-16
5891.27494335175  4.465269E-16
5894.12892341615  4.987521E-16
5896.98290348054  5.062265E-16
5899.83688354493  4.071699E-16
5902.69086360932  4.547263E-16
5905.54484367371  4.767565E-16
5908.39882373811  4.640575E-16
5911.2528038025  4.902842E-16
5914.10678386689  4.399827E-16
5916.96076393128  4.613500E-16
5919.81474399567  4.764509E-16
5922.66872406007  4.332283E-16
5925.52270412446  4.915278E-16
5928.37668418885  4.728646E-16
5931.23066425324  4.566194E-16
5934.08464431763  4.848440E-16
5936.93862438203  4.868777E-16
5939.79260444642  4.661581E-16
5942.64658451081  4.684416E-16
5945.5005645752  4.117028E-16
5948.35454463959  4.795353E-16
5951.20852470399  4.645995E-16
5954.06250476838  4.414751E-16
5956.91648483277  4.926129E-16
5959.77046489716  4.609708E-16
5962.62444496156  4.429063E-16
5965.47842502595  4.398665E-16
5968.33240509034  4.166861E-16
5971.18638515473  4.361725E-16
5974.04036521912  4.623056E-16
5976.89434528352  4.793441E-16
5979.74832534791  4.836784E-16
5982.6023054123  4.249513E-16
5985.45628547669  4.271502E-16
5988.31026554108  4.537275E-16
5991.16424560548  4.403878E-16
5994.01822566987  4.479498E-16
5996.87220573426  4.630006E-16
5999.72618579865  4.481840E-16
6002.58016586304  4.661668E-16
6005.43414592744  4.468996E-16
6008.28812599183  4.763779E-16
6011.14210605622  4.015185E-16
6013.99608612061  4.585926E-16
6016.85006618501  4.512547E-16
6019.7040462494  4.551122E-16
6022.55802631379  4.435579E-16
6025.41200637818  4.084524E-16
6028.26598644257  4.132004E-16
6031.11996650697  4.406887E-16
6033.97394657136  4.606258E-16
6036.82792663575  3.960834E-16
6039.68190670014  3.980198E-16
6042.53588676453  4.547616E-16
6045.38986682893  4.109262E-16
6048.24384689332  4.103617E-16
6051.09782695771  4.433198E-16
6053.9518070221  4.114788E-16
6056.80578708649  4.192638E-16
6059.65976715089  4.227776E-16
6062.51374721528  3.517251E-16
6065.36772727967  3.613161E-16
6068.22170734406  4.017999E-16
6071.07568740845  4.648252E-16
6073.92966747285  3.869167E-16
6076.78364753724  3.787112E-16
6079.63762760163  4.011685E-16
6082.49160766602  4.313953E-16
6085.34558773041  3.666079E-16
6088.19956779481  4.029981E-16
6091.0535478592  4.167231E-16
6093.90752792359  4.090813E-16
6096.76150798798  3.920396E-16
6099.61548805237  4.320945E-16
6102.46946811677  3.981866E-16
6105.32344818116  4.868448E-16
6108.17742824555  3.999653E-16
6111.03140830994  3.781205E-16
6113.88538837434  3.751602E-16
6116.73936843873  4.172911E-16
6119.59334850312  4.235068E-16
6122.44732856751  3.943681E-16
6125.3013086319  3.880743E-16
6128.1552886963  3.901749E-16
6131.00926876069  4.239518E-16
6133.86324882508  4.187601E-16
6136.71722888947  3.909664E-16
6139.57120895387  4.112525E-16
6142.42518901826  4.095932E-16
6145.27916908265  4.165935E-16
6148.13314914704  3.889767E-16
6150.98712921143  3.507403E-16
6153.84110927583  3.991821E-16
6156.69508934022  3.936847E-16
6159.54906940461  3.837089E-16
6162.403049469  3.772509E-16
6165.25702953339  4.391864E-16
6168.11100959779  4.181034E-16
6170.96498966218  4.050436E-16
6173.81896972657  3.657153E-16
6176.67294979096  3.530198E-16
6179.52692985535  4.182386E-16
6182.38090991975  4.291899E-16
6185.23488998414  3.557364E-16
6188.08887004853  3.801398E-16
6190.94285011292  3.762906E-16
6193.79683017731  3.686140E-16
6196.65081024171  4.347942E-16
6199.5047903061  4.213715E-16
6202.35877037049  3.802634E-16
6205.21275043488  4.259236E-16
6208.06673049927  3.934533E-16
6210.92071056367  3.777208E-16
6213.77469062806  4.246216E-16
6216.62867069245  3.939993E-16
6219.48265075684  4.095795E-16
6222.33663082123  3.713671E-16
6225.19061088563  3.322606E-16
6228.04459095002  3.890462E-16
6230.89857101441  3.909321E-16
6233.7525510788  3.970346E-16
6236.6065311432  4.076784E-16
6239.46051120759  3.110642E-16
6242.31449127198  3.384990E-16
6245.16847133637  3.480949E-16
6248.02245140076  2.921350E-16
6250.87643146516  3.594749E-16
6253.73041152955  3.692558E-16
6256.58439159394  2.737945E-16
6259.43837165833  3.521893E-16
6262.29235172273  3.672201E-16
6265.14633178712  3.558287E-16
6268.00031185151  3.540985E-16
6270.8542919159  3.594822E-16
6273.70827198029  3.629918E-16
6276.56225204469  3.047408E-16
6279.41623210908  3.460118E-16
6282.27021217347  3.116112E-16
6285.12419223786  3.241444E-16
6287.97817230225  3.135131E-16
6290.83215236665  2.792225E-16
6293.68613243104  3.710621E-16
6296.54011249543  3.345469E-16
6299.39409255982  3.423654E-16
6302.24807262421  3.274104E-16
6305.10205268861  2.536672E-16
6307.956032753  3.323492E-16
6310.81001281739  3.119809E-16
6313.66399288178  2.916018E-16
6316.51797294617  3.067330E-16
6319.37195301057  3.061609E-16
6322.22593307496  3.126388E-16
6325.07991313935  2.905002E-16
6327.93389320374  3.565767E-16
6330.78787326813  4.038769E-16
6333.64185333253  3.545837E-16
6336.49583339692  3.070388E-16
6339.34981346131  3.295683E-16
6342.2037935257  3.141875E-16
6345.0577735901  2.799319E-16
6347.91175365449  3.261745E-16
6350.76573371888  3.471401E-16
6353.61971378327  3.464172E-16
6356.47369384766  3.411173E-16
6359.32767391206  3.497313E-16
6362.18165397645  3.590002E-16
6365.03563404084  3.679012E-16
6367.88961410523  3.377072E-16
6370.74359416962  3.189799E-16
6373.59757423402  3.488048E-16
6376.45155429841  3.582278E-16
6379.3055343628  3.391536E-16
6382.15951442719  3.643617E-16
6385.01349449159  3.048287E-16
6387.86747455598  2.993386E-16
6390.72145462037  3.367174E-16
6393.57543468476  3.316409E-16
6396.42941474915  3.887717E-16
6399.28339481355  3.216266E-16
6402.13737487794  3.786292E-16
6404.99135494233  3.999029E-16
6407.84533500672  3.414684E-16
6410.69931507111  3.320838E-16
6413.55329513551  3.362339E-16
6416.4072751999  3.803979E-16
6419.26125526429  3.248731E-16
6422.11523532868  3.810138E-16
6424.96921539307  3.653651E-16
6427.82319545747  3.469297E-16
6430.67717552186  3.863822E-16
6433.53115558625  4.066261E-16
6436.38513565064  3.767037E-16
6439.23911571503  3.656227E-16
6442.09309577943  3.426780E-16
6444.94707584382  3.586593E-16
6447.80105590821  3.380934E-16
6450.6550359726  3.650812E-16
6453.50901603699  3.734040E-16
6456.36299610139  3.426930E-16
6459.21697616578  3.363267E-16
6462.07095623017  3.616496E-16
6464.92493629456  3.492033E-16
6467.77891635896  3.677729E-16
6470.63289642335  3.249426E-16
6473.48687648774  3.649061E-16
6476.34085655213  3.819464E-16
6479.19483661652  3.689292E-16
6482.04881668092  3.683001E-16
6484.90279674531  3.639991E-16
6487.7567768097  3.262639E-16
6490.61075687409  3.851897E-16
6493.46473693849  3.664664E-16
6496.31871700288  3.282841E-16
6499.17269706727  3.398654E-16
6502.02667713166  3.731227E-16
6504.88065719605  3.364020E-16
6507.73463726045  3.516221E-16
6510.58861732484  3.368588E-16
6513.44259738923  3.645440E-16
6516.29657745362  3.607731E-16
6519.15055751801  3.351329E-16
6522.00453758241  3.266023E-16
6524.8585176468  3.225538E-16
6527.71249771119  3.490315E-16
6530.56647777558  3.282210E-16
6533.42045783997  3.227586E-16
6536.27443790437  3.606115E-16
6539.12841796876  3.872335E-16
6541.98239803315  3.827569E-16
6544.83637809754  2.836932E-16
6547.69035816193  3.306168E-16
6550.54433822633  3.561859E-16
6553.39831829072  3.411631E-16
6556.25229835511  4.032318E-16
6559.1062784195  3.862505E-16
6561.9602584839  3.542816E-16
6564.81423854829  3.591458E-16
6567.66821861268  3.157822E-16
6570.52219867707  2.958684E-16
6573.37617874146  3.250329E-16
6576.23015880585  3.445216E-16
6579.08413887025  3.163819E-16
6581.93811893464  3.739852E-16
6584.79209899903  3.279681E-16
6587.64607906342  3.520417E-16
6590.50005912782  3.558994E-16
6593.35403919221  3.786933E-16
6596.2080192566  3.267514E-16
6599.06199932099  3.387526E-16
6601.91597938538  3.365852E-16
6604.76995944978  3.327088E-16
6607.62393951417  3.665117E-16
6610.47791957856  3.459810E-16
6613.33189964295  3.160085E-16
6616.18587970735  3.322390E-16
6619.03985977174  3.023999E-16
6621.89383983613  3.118470E-16
6624.74781990052  3.372551E-16
6627.60179996491  3.450201E-16
6630.45578002931  3.559515E-16
6633.3097600937  3.336255E-16
6636.16374015809  3.220136E-16
6639.01772022248  3.132678E-16
6641.87170028687  3.098457E-16
6644.72568035127  3.462853E-16
6647.57966041566  3.381040E-16
6650.43364048005  3.348139E-16
6653.28762054444  3.679463E-16
6656.14160060883  3.351030E-16
6658.99558067323  3.107180E-16
6661.84956073762  3.316803E-16
6664.70354080201  3.648732E-16
6667.5575208664  3.389032E-16
6670.41150093079  3.437227E-16
6673.26548099519  3.495445E-16
6676.11946105958  2.951676E-16
6678.97344112397  3.569107E-16
6681.82742118836  3.226885E-16
6684.68140125276  3.087182E-16
6687.53538131715  3.163503E-16
6690.38936138154  3.102938E-16
6693.24334144593  3.114785E-16
6696.09732151032  2.851785E-16
6698.95130157472  3.383798E-16
6701.80528163911  2.820577E-16
6704.6592617035  3.413557E-16
6707.51324176789  2.924477E-16
6710.36722183228  3.280076E-16
6713.22120189668  2.884821E-16
6716.07518196107  3.213506E-16
6718.92916202546  3.235770E-16
6721.78314208985  3.088830E-16
6724.63712215424  2.851682E-16
6727.49110221864  3.267465E-16
6730.34508228303  2.998990E-16
6733.19906234742  3.096298E-16
6736.05304241181  2.791113E-16
6738.90702247621  2.951531E-16
6741.7610025406  2.928776E-16
6744.61498260499  2.689954E-16
6747.46896266938  3.119974E-16
6750.32294273377  2.710704E-16
6753.17692279817  2.526278E-16
6756.03090286256  2.917731E-16
6758.88488292695  3.115247E-16
6761.73886299134  3.142452E-16
6764.59284305574  3.003490E-16
6767.44682312013  2.809305E-16
6770.30080318452  2.965782E-16
6773.15478324891  2.718058E-16
6776.0087633133  2.999267E-16
6778.8627433777  3.310229E-16
6781.71672344209  3.102967E-16
6784.57070350648  3.118749E-16
6787.42468357087  2.879222E-16
6790.27866363526  2.977202E-16
6793.13264369966  2.997623E-16
6795.98662376405  2.905879E-16
6798.84060382844  2.893997E-16
6801.69458389283  3.008074E-16
6804.54856395722  2.897703E-16
6807.40254402162  2.861933E-16
6810.25652408601  3.156562E-16
6813.1105041504  3.245056E-16
6815.96448421479  3.126173E-16
6818.81846427918  2.809051E-16
6821.67244434358  2.603773E-16
6824.52642440797  2.808628E-16
6827.38040447236  2.810729E-16
6830.23438453675  2.884604E-16
6833.08836460114  2.599625E-16
6835.94234466554  2.709631E-16
6838.79632472993  2.622982E-16
6841.65030479432  3.041693E-16
6844.50428485871  2.829912E-16
6847.3582649231  2.435023E-16
6850.2122449875  3.053992E-16
6853.06622505189  2.784959E-16
6855.92020511628  2.674140E-16
6858.77418518067  2.730760E-16
6861.62816524507  2.807903E-16
6864.48214530946  2.805207E-16
6867.33612537385  2.690725E-16
6870.19010543824  2.590798E-16
6873.04408550263  2.906729E-16
6875.89806556703  3.242275E-16
6878.75204563142  2.881390E-16
6881.60602569581  3.242651E-16
6884.4600057602  2.668480E-16
6887.31398582459  3.216502E-16
6890.16796588899  3.330498E-16
6893.02194595338  2.565255E-16
6895.87592601777  2.829915E-16
6898.72990608216  2.805771E-16
6901.58388614655  2.788651E-16
6904.43786621095  2.716536E-16
6907.29184627534  2.372119E-16
6910.14582633973  2.442715E-16
6912.99980640412  2.640269E-16
6915.85378646851  2.714900E-16
6918.70776653291  2.834656E-16
6921.5617465973  2.595982E-16
6924.41572666169  2.469755E-16
6927.26970672608  2.712799E-16
6930.12368679048  2.754541E-16
6932.97766685487  2.703224E-16
6935.83164691926  2.728653E-16
6938.68562698365  2.949008E-16
6941.53960704804  2.865140E-16
6944.39358711244  2.269953E-16
6947.24756717683  2.050662E-16
6950.10154724122  2.548537E-16
6952.95552730561  2.677838E-16
6955.80950737  2.693957E-16
6958.6634874344  2.704105E-16
6961.51746749879  2.731861E-16
6964.37144756318  2.439339E-16
6967.22542762757  2.730376E-16
6970.07940769197  2.445829E-16
6972.93338775636  2.664432E-16
6975.78736782075  2.234152E-16
6978.64134788514  2.830405E-16
6981.49532794953  2.750743E-16
6984.34930801393  2.826584E-16
6987.20328807832  2.591085E-16
6990.05726814271  2.696936E-16
6992.9112482071  2.359320E-16
6995.76522827149  1.942900E-16
6998.61920833589  2.529276E-16
7001.47318840028  2.843291E-16
7004.32716846467  2.551706E-16
7007.18114852906  2.845229E-16
7010.03512859345  2.748122E-16
7012.88910865785  2.221851E-16
7015.74308872224  2.386519E-16
7018.59706878663  2.315679E-16
7021.45104885102  2.454530E-16
7024.30502891541  2.934343E-16
7027.15900897981  2.558802E-16
7030.0129890442  2.231592E-16
7032.86696910859  2.798030E-16
7035.72094917298  2.479293E-16
7038.57492923738  2.785175E-16
7041.42890930177  2.915426E-16
7044.28288936616  3.064851E-16
7047.13686943055  2.493587E-16
7049.99084949494  2.847518E-16
7052.84482955934  2.380039E-16
7055.69880962373  2.308034E-16
7058.55278968812  2.639750E-16
7061.40676975251  2.692924E-16
7064.2607498169  2.317555E-16
7067.1147298813  2.435136E-16
7069.96870994569  2.514733E-16
7072.82269001008  2.492182E-16
7075.67667007447  2.714243E-16
7078.53065013886  2.779499E-16
7081.38463020326  2.393282E-16
7084.23861026765  2.380281E-16
7087.09259033204  2.589922E-16
7089.94657039643  2.639334E-16
7092.80055046083  2.713682E-16
7095.65453052522  2.869322E-16
7098.50851058961  2.680015E-16
7101.362490654  2.857601E-16
7104.21647071839  2.734984E-16
7107.07045078279  2.500767E-16
7109.92443084718  2.992258E-16
7112.77841091157  2.661360E-16
7115.63239097596  2.461075E-16
7118.48637104035  2.502047E-16
7121.34035110475  2.610017E-16
7124.19433116914  2.686820E-16
7127.04831123353  2.264772E-16
7129.90229129792  2.425266E-16
7132.75627136231  2.566579E-16
7135.61025142671  2.824435E-16
7138.4642314911  2.171424E-16
7141.31821155549  2.512917E-16
7144.17219161988  2.401941E-16
7147.02617168427  2.037666E-16
7149.88015174867  2.391261E-16
7152.73413181306  2.659187E-16
7155.58811187745  2.597726E-16
7158.44209194184  2.555857E-16
7161.29607200624  2.257838E-16
7164.15005207063  2.607839E-16
7167.00403213502  2.358179E-16
7169.85801219941  2.128413E-16
7172.7119922638  2.569081E-16
7175.5659723282  2.235842E-16
7178.41995239259  2.230671E-16
7181.27393245698  2.396208E-16
7184.12791252137  2.564584E-16
7186.98189258576  2.766861E-16
7189.83587265016  2.222082E-16
7192.68985271455  2.347079E-16
7195.54383277894  2.351532E-16
7198.39781284333  2.267036E-16
7201.25179290772  2.123949E-16
7204.10577297212  2.236656E-16
7206.95975303651  2.288948E-16
7209.8137331009  1.981746E-16
7212.66771316529  2.076687E-16
7215.52169322968  2.587387E-16
7218.37567329408  2.633427E-16
7221.22965335847  2.481118E-16
7224.08363342286  2.171905E-16
7226.93761348725  2.150868E-16
7229.79159355165  2.429181E-16
7232.64557361604  2.215721E-16
7235.49955368043  2.286520E-16
7238.35353374482  2.093585E-16
7241.20751380921  3.194885E-16
7244.06149387361  2.690754E-16
7246.915473938  1.893058E-16
7249.76945400239  2.430823E-16
7252.62343406678  2.446211E-16
7255.47741413117  2.476421E-16
7258.33139419557  2.284531E-16
7261.18537425996  2.070894E-16
7264.03935432435  2.090783E-16
7266.89333438874  2.495526E-16
7269.74731445313  2.623775E-16
7272.60129451753  1.850155E-16
7275.45527458192  2.117863E-16
7278.30925464631  2.382177E-16
7281.1632347107  1.865015E-16
7284.0172147751  2.404732E-16
7286.87119483949  2.699423E-16
7289.72517490388  2.739662E-16
7292.57915496827  2.507004E-16
7295.43313503266  1.892421E-16
7298.28711509706  2.617800E-16
7301.14109516145  2.169263E-16
7303.99507522584  1.533990E-16
7306.84905529023  2.371067E-16
7309.70303535462  2.759364E-16
7312.55701541902  1.902279E-16
7315.41099548341  2.193580E-16
7318.2649755478  2.204155E-16
7321.11895561219  1.990180E-16
7323.97293567658  1.971589E-16
7326.82691574098  2.515112E-16
7329.68089580537  2.472926E-16
7332.53487586976  2.465616E-16
7335.38885593415  2.342717E-16
7338.24283599854  2.316769E-16
7341.09681606294  2.600204E-16
7343.95079612733  2.440798E-16
7346.80477619172  2.094487E-16
7349.65875625611  2.540288E-16
7352.51273632051  1.939316E-16
7355.3667163849  1.983312E-16
7358.22069644929  2.206364E-16
7361.07467651368  2.251042E-16
7363.92865657807  2.291695E-16
7366.78263664247  1.896095E-16
7369.63661670686  2.427714E-16
7372.49059677125  2.183442E-16
7375.34457683564  2.420119E-16
7378.19855690004  2.370292E-16
7381.05253696443  1.871880E-16
7383.90651702882  2.411401E-16
7386.76049709321  2.226251E-16
7389.6144771576  1.805555E-16
7392.46845722199  2.044944E-16
7395.32243728639  2.457256E-16
7398.17641735078  2.115920E-16
7401.03039741517  1.779863E-16
7403.88437747956  1.877459E-16
7406.73835754396  1.868311E-16
7409.59233760835  2.213440E-16
7412.44631767274  2.030116E-16
7415.30029773713  1.684179E-16
7418.15427780152  2.185849E-16
7421.00825786592  1.590869E-16
7423.86223793031  2.252509E-16
7426.7162179947  1.865734E-16
7429.57019805909  1.863997E-16
7432.42417812348  1.849163E-16
7435.27815818788  1.960261E-16
7438.13213825227  2.190244E-16
7440.98611831666  2.197222E-16
7443.84009838105  1.799765E-16
7446.69407844544  1.935919E-16
7449.54805850984  2.328631E-16
7452.40203857423  2.472270E-16
7455.25601863862  2.286105E-16
7458.10999870301  1.963142E-16
7460.9639787674  2.302245E-16
7463.8179588318  2.191684E-16
7466.67193889619  2.065438E-16
7469.52591896058  2.197418E-16
7472.37989902497  1.929996E-16
7475.23387908937  2.334184E-16
7478.08785915376  1.769828E-16
7480.94183921815  1.697352E-16
7483.79581928254  1.777908E-16
7486.64979934693  2.053638E-16
7489.50377941133  2.302044E-16
7492.35775947572  2.092897E-16
7495.21173954011  1.788454E-16
7498.0657196045  1.840968E-16
7500.91969966889  2.108838E-16
7503.77367973329  2.042648E-16
7506.62765979768  1.977294E-16
7509.48163986207  1.879466E-16
7512.33561992646  1.973883E-16
7515.18959999085  1.743983E-16
7518.04358005525  2.075098E-16
7520.89756011964  1.860707E-16
7523.75154018403  1.838946E-16
7526.60552024842  2.455453E-16
7529.45950031281  2.091046E-16
7532.31348037721  1.589495E-16
7535.1674604416  1.922433E-16
7538.02144050599  2.087383E-16
7540.87542057038  1.964254E-16
7543.72940063477  2.002694E-16
7546.58338069917  1.530394E-16
7549.43736076356  1.466801E-16
7552.29134082795  2.002460E-16
7555.14532089234  1.626556E-16
7557.99930095674  1.836741E-16
7560.85328102113  1.898539E-16
7563.70726108552  1.694296E-16
7566.56124114991  2.147625E-16
7569.4152212143  1.825566E-16
7572.2692012787  1.472926E-16
7575.12318134309  1.530521E-16
7577.97716140748  1.663226E-16
7580.83114147187  1.975629E-16
7583.68512153626  1.930416E-16
7586.53910160066  1.498602E-16
7589.39308166505  1.256272E-16
7592.24706172944  1.253205E-16
7595.10104179383  1.620270E-16
7597.95502185823  2.031344E-16
7600.80900192262  1.986275E-16
7603.66298198701  1.959791E-16
7606.5169620514  1.766619E-16
7609.37094211579  2.148582E-16
7612.22492218019  2.189558E-16
7615.07890224458  1.439780E-16
7617.93288230897  1.988615E-16
7620.78686237336  1.506653E-16
7623.64084243775  1.624290E-16
7626.49482250215  1.374387E-16
7629.34880256654  1.500031E-16
7632.20278263093  1.609755E-16
7635.05676269532  2.184386E-16
7637.91074275971  2.113868E-16
7640.76472282411  2.181681E-16
7643.6187028885  2.222088E-16
7646.47268295289  2.393892E-16
7649.32666301728  2.556970E-16
7652.18064308167  1.926752E-16
7655.03462314607  1.957145E-16
7657.88860321046  1.595085E-16
7660.74258327485  1.905369E-16
7663.59656333924  2.275207E-16
7666.45054340363  2.100142E-16
7669.30452346803  1.824851E-16
7672.15850353242  1.981497E-16
7675.01248359681  1.982869E-16
7677.8664636612  1.519313E-16
7680.7204437256  1.610009E-16
7683.57442378999  1.853662E-16
7686.42840385438  1.694447E-16
7689.28238391877  1.818200E-16
7692.13636398316  1.875758E-16
7694.99034404756  1.842701E-16
7697.84432411195  1.986729E-16
7700.69830417634  1.993142E-16
7703.55228424073  2.044815E-16
7706.40626430513  1.737589E-16
7709.26024436952  9.871571E-17
7712.11422443391  1.283703E-16
7714.9682044983  2.073403E-16
7717.82218456269  1.748232E-16
7720.67616462709  1.703598E-16
7723.53014469148  1.943937E-16
7726.38412475587  1.843684E-16
7729.23810482026  1.815550E-16
7732.09208488465  1.592269E-16
7734.94606494905  1.826836E-16
7737.80004501344  2.278297E-16
7740.65402507783  1.643656E-16
7743.50800514222  1.850469E-16
7746.36198520661  1.822480E-16
7749.21596527101  1.565691E-16
7752.0699453354  1.516320E-16
7754.92392539979  1.840941E-16
7757.77790546418  2.391394E-16
7760.63188552857  2.001046E-16
7763.48586559297  1.785333E-16
7766.33984565736  2.023994E-16
7769.19382572175  1.641036E-16
7772.04780578614  1.542824E-16
7774.90178585054  1.963822E-16
7777.75576591493  2.036413E-16
7780.60974597932  1.969056E-16
7783.46372604371  1.355806E-16
7786.3177061081  1.368551E-16
7789.17168617249  1.324175E-16
7792.02566623689  1.811201E-16
7794.87964630128  1.664072E-16
7797.73362636567  2.232821E-16
7800.58760643006  1.952451E-16
7803.44158649446  1.962460E-16
7806.29556655885  1.710482E-16
7809.14954662324  1.702379E-16
7812.00352668763  1.928391E-16
7814.85750675202  1.769606E-16
7817.71148681642  1.772966E-16
7820.56546688081  1.271849E-16
7823.4194469452  1.307189E-16
7826.27342700959  1.620695E-16
7829.12740707398  1.962862E-16
7831.98138713838  2.186919E-16
7834.83536720277  1.665630E-16
7837.68934726716  1.709099E-16
7840.54332733155  1.626951E-16
7843.39730739595  2.041071E-16
7846.25128746034  2.056821E-16
7849.10526752473  1.894898E-16
7851.95924758912  1.601614E-16
7854.81322765352  1.362430E-16
7857.66720771791  1.527847E-16
7860.5211877823  1.262410E-16
7863.37516784669  1.369222E-16
7866.22914791108  1.883243E-16
7869.08312797548  1.868569E-16
7871.93710803987  1.768283E-16
7874.79108810426  1.832216E-16
7877.64506816865  1.947141E-16
7880.49904823304  1.762613E-16
7883.35302829744  1.525895E-16
7886.20700836183  1.452358E-16
7889.06098842622  1.879114E-16
7891.91496849061  1.950197E-16
7894.768948555  1.668704E-16
7897.6229286194  1.203537E-16
7900.47690868379  1.091383E-16
7903.33088874818  2.150451E-16
7906.18486881257  1.343473E-16
7909.03884887697  1.814955E-16
7911.89282894136  1.752620E-16
7914.74680900575  1.726710E-16
7917.60078907014  1.810066E-16
7920.45476913453  2.032759E-16
7923.30874919893  1.806536E-16
7926.16272926332  1.372277E-16
7929.01670932771  2.109966E-16
7931.8706893921  2.067359E-16
7934.72466945649  1.209700E-16
7937.57864952089  1.456927E-16
7940.43262958528  1.609392E-16
7943.28660964967  1.689895E-16
7946.14058971406  1.795833E-16
7948.99456977845  1.841589E-16
7951.84854984285  1.526057E-16
7954.70252990724  1.287679E-16
7957.55650997163  1.704434E-16
7960.41049003602  1.438149E-16
7963.26447010041  1.453871E-16
7966.11845016481  1.768458E-16
7968.9724302292  1.737242E-16
7971.82641029359  1.978986E-16
7974.68039035798  1.643892E-16
7977.53437042238  1.085596E-16
7980.38835048677  1.665878E-16
7983.24233055116  1.272927E-16
7986.09631061555  1.320335E-16
7988.95029067994  1.474842E-16
7991.80427074434  2.197833E-16
7994.65825080873  1.922259E-16
7997.51223087312  1.884606E-16
8000.36621093751  1.894093E-16
8003.22019100191  1.664077E-16
8006.0741710663  1.773054E-16
8008.92815113069  1.561293E-16
8011.78213119508  1.307372E-16
8014.63611125947  1.854294E-16
8017.49009132386  2.057108E-16
8020.34407138826  2.068208E-16
8023.19805145265  1.507541E-16
8026.05203151704  1.376123E-16
8028.90601158143  1.940477E-16
8031.75999164582  2.199644E-16
8034.61397171022  1.257155E-16
8037.46795177461  1.485945E-16
8040.321931839  1.875636E-16
8043.17591190339  1.280883E-16
8046.02989196779  1.659176E-16
8048.88387203218  1.962960E-16
8051.73785209657  1.436981E-16
8054.59183216096  1.964984E-16
8057.44581222535  1.384903E-16
8060.29979228975  1.741307E-16
8063.15377235414  1.154250E-16
8066.00775241853  1.186342E-16
8068.86173248292  1.919458E-16
8071.71571254731  1.783528E-16
8074.56969261171  1.704405E-16
8077.4236726761  1.387029E-16
8080.27765274049  1.203945E-16
8083.13163280488  1.467484E-16
8085.98561286927  1.574960E-16
8088.83959293367  1.469744E-16
8091.69357299806  1.214192E-16
8094.54755306245  1.187288E-16
8097.40153312684  1.213023E-16
8100.25551319123  2.107240E-16
8103.10949325563  1.639486E-16
8105.96347332002  1.202345E-16
8108.81745338441  1.489817E-16
8111.6714334488  1.503682E-16
8114.5254135132  1.753053E-16
8117.37939357759  1.872931E-16
8120.23337364198  1.070353E-16
8123.08735370637  1.749018E-16
8125.94133377076  1.578006E-16
8128.79531383516  1.739814E-16
8131.64929389955  1.427197E-16
8134.50327396394  1.300219E-16
8137.35725402833  1.339074E-16
8140.21123409272  1.653225E-16
8143.06521415712  1.925423E-16
8145.91919422151  1.675505E-16
8148.7731742859  1.452729E-16
8151.62715435029  1.501382E-16
8154.48113441468  1.599900E-16
8157.33511447908  1.134407E-16
8160.18909454347  1.399961E-16
8163.04307460786  1.851806E-16
8165.89705467225  1.566642E-16
8168.75103473664  1.642431E-16
8171.60501480104  1.538616E-16
8174.45899486543  1.303294E-16
8177.31297492982  1.368435E-16
8180.16695499421  1.161496E-16
8183.0209350586  1.420719E-16
8185.874915123  1.643312E-16
8188.72889518739  1.200439E-16
8191.58287525178  1.992358E-16
8194.43685531617  1.418599E-16
8197.29083538057  1.634903E-16
8200.14481544496  1.636095E-16
8202.99879550935  1.684067E-16
8205.85277557374  1.554344E-16
8208.70675563813  1.680120E-16
8211.56073570253  1.700357E-16
8214.41471576692  1.536941E-16
8217.26869583131  2.029275E-16
8220.1226758957  1.703592E-16
8222.97665596009  1.199845E-16
8225.83063602449  1.665703E-16
8228.68461608888  1.248547E-16
8231.53859615327  1.571222E-16
8234.39257621766  1.507547E-16
8237.24655628206  1.489527E-16
8240.10053634645  1.377028E-16
8242.95451641084  1.409026E-16
8245.80849647523  1.756149E-16
8248.66247653962  1.381681E-16
8251.51645660402  1.657418E-16
8254.37043666841  1.296026E-16
8257.2244167328  1.570941E-16
8260.07839679719  2.051644E-16
8262.93237686158  1.358670E-16
8265.78635692598  1.178691E-16
8268.64033699037  1.239458E-16
8271.49431705476  1.263090E-16
8274.34829711915  1.249642E-16
8277.20227718354  1.127831E-16
8280.05625724794  1.254447E-16
8282.91023731233  9.980742E-17
8285.76421737672  9.651048E-17
8288.61819744111  1.516186E-16
8291.4721775055  2.064811E-16
8294.3261575699  2.114734E-16
8297.18013763429  2.629521E-16
8300.03411769868  1.449747E-16
8302.88809776307  6.632556E-17
8305.74207782746  1.566104E-16
8308.59605789186  1.812193E-16
8311.45003795625  2.056844E-16
8314.30401802064  1.951456E-16
8317.15799808503  1.690716E-16
8320.01197814943  1.127628E-16
8322.86595821382  1.670809E-16
8325.71993827821  1.925116E-16
8328.5739183426  1.892433E-16
8331.427898407  1.419231E-16
8334.28187847139  1.391301E-16
8337.13585853578  1.746110E-16
8339.98983860017  1.294654E-16
8342.84381866456  1.145283E-16
8345.69779872895  1.839877E-16
8348.55177879335  7.751774E-17
8351.40575885774  1.131791E-16
8354.25973892213  1.261652E-16
8357.11371898652  9.430183E-17
8359.96769905092  1.198014E-16
8362.82167911531  1.707034E-16
8365.6756591797  1.568371E-16
8368.52963924409  1.965795E-16
8371.38361930848  1.866607E-16
8374.23759937288  1.421899E-16
8377.09157943727  1.658606E-16
8379.94555950166  1.491946E-16
8382.79953956605  1.770884E-16
8385.65351963044  1.835608E-16
8388.50749969484  1.862267E-16
8391.36147975923  2.384941E-16
8394.21545982362  1.844999E-16
8397.06943988801  1.733366E-16
8399.9234199524  2.016689E-16
8402.7774000168  1.567877E-16
8405.63138008119  1.763011E-16
8408.48536014558  7.795959E-17
8411.33934020997  1.138558E-16
8414.19332027436  1.575840E-16
8417.04730033876  1.212727E-16
8419.90128040315  1.081219E-16
8422.75526046754  1.979326E-16
8425.60924053193  1.916147E-16
8428.46322059632  1.512841E-16
8431.31720066072  1.633721E-16
8434.17118072511  1.399161E-16
8437.0251607895  2.394906E-16
8439.87914085389  1.902483E-16
8442.73312091829  1.868513E-16
8445.58710098268  1.470524E-16
8448.44108104707  1.703066E-16
8451.29506111146  1.864595E-16
8454.14904117585  1.294642E-16
8457.00302124025  1.665240E-16
8459.85700130464  2.131432E-16
8462.71098136903  1.445054E-16
8465.56496143342  1.091357E-16
8468.41894149781  1.584960E-16
8471.27292156221  1.131476E-16
8474.1269016266  1.655596E-16
8476.98088169099  1.261625E-16
8479.83486175538  8.790372E-17
8482.68884181977  1.509134E-16
8485.54282188417  1.870894E-16
8488.39680194856  1.824994E-16
8491.25078201295  1.213910E-16
8494.10476207734  1.611494E-16
8496.95874214173  1.390635E-16
8499.81272220613  2.335413E-16
8502.66670227052  2.141952E-16
8505.52068233491  1.634046E-16
8508.3746623993  1.481457E-16
8511.2286424637  1.263941E-16
8514.08262252809  1.072689E-16
8516.93660259248  1.393183E-16
8519.79058265687  1.139689E-16
8522.64456272127  1.414387E-16
8525.49854278566  1.438424E-16
8528.35252285005  1.694112E-16
8531.20650291444  1.326681E-16
8534.06048297883  1.377611E-16
8536.91446304322  2.009548E-16
8539.76844310762  1.837427E-16
8542.62242317201  1.552344E-16
8545.4764032364  1.452555E-16
8548.33038330079  1.831879E-16
8551.18436336518  2.278479E-16
8554.03834342958  1.348824E-16
8556.89232349397  1.164231E-16
8559.74630355836  1.857842E-16
8562.60028362275  1.987656E-16
8565.45426368715  1.529748E-16
8568.30824375154  1.532359E-16
8571.16222381593  1.373482E-16
8574.01620388032  1.353241E-16
8576.87018394471  1.722735E-16
8579.72416400911  1.250952E-16
8582.5781440735  2.154515E-16
8585.43212413789  2.330857E-16
8588.28610420228  1.543964E-16
8591.14008426667  1.454086E-16
8593.99406433107  1.571661E-16
8596.84804439546  1.673818E-16
8599.70202445985  1.233777E-16
8602.55600452424  1.218959E-16
8605.40998458863  1.407126E-16
8608.26396465303  2.014639E-16
8611.11794471742  1.609394E-16
8613.97192478181  1.350602E-16
8616.8259048462  1.271659E-16
8619.67988491059  1.602878E-16
8622.53386497499  1.301823E-16
8625.38784503938  1.854959E-16
8628.24182510377  2.598416E-16
8631.09580516816  1.481149E-16
8633.94978523256  8.031367E-17
8636.80376529695  1.253675E-16
8639.65774536134  7.970846E-17
8642.51172542573  5.394118E-17
8645.36570549013  1.036238E-16
8648.21968555452  1.391649E-16
8651.07366561891  1.613473E-16
8653.9276456833  1.502866E-16
8656.78162574769  4.028391E-17
8659.63560581209  7.826178E-17
8662.48958587648  1.751444E-16
8665.34356594087  1.332122E-16
8668.19754600526  1.400253E-16
8671.05152606965  1.960602E-16
8673.90550613404  1.954797E-16
8676.75948619844  1.487082E-16
8679.61346626283  1.285445E-16
8682.46744632722  1.518036E-16
8685.32142639161  1.689438E-16
8688.17540645601  1.310886E-16
8691.0293865204  1.545795E-16
8693.88336658479  2.061999E-16
8696.73734664918  1.911545E-16
8699.59132671357  1.183651E-16
8702.44530677797  1.100511E-16
8705.29928684236  8.690315E-17
8708.15326690675  9.837046E-17
8711.00724697114  1.294976E-16
8713.86122703553  1.733483E-16
8716.71520709993  1.798277E-16
8719.56918716432  1.422057E-16
8722.42316722871  1.253210E-16
8725.2771472931  1.588433E-16
8728.13112735749  1.603692E-16
8730.98510742189  1.838725E-16
8733.83908748628  1.419537E-16
8736.69306755067  1.304528E-16
8739.54704761506  1.499342E-16
8742.40102767945  1.759486E-16
8745.25500774385  1.911811E-16
8748.10898780824  1.205510E-16
8750.96296787263  9.148526E-17
8753.81694793702  1.801374E-16
8756.67092800142  1.110346E-16
8759.52490806581  3.653870E-17
8762.3788881302  1.266298E-16
8765.23286819459  2.503014E-16
8768.08684825898  1.959679E-16
8770.94082832338  1.605126E-16
8773.79480838777  1.352042E-16
8776.64878845216  8.790646E-17
8779.50276851655  1.102659E-16
8782.35674858094  1.621507E-16
8785.21072864534  2.065874E-16
8788.06470870973  1.367715E-16
8790.91868877412  8.668921E-17
8793.77266883851  9.097487E-17
8796.6266489029  8.838627E-17
8799.4806289673  9.329646E-17
8802.33460903169  1.522214E-16
8805.18858909608  1.691550E-16
8808.04256916047  1.593829E-16
8810.89654922486  8.418924E-17
8813.75052928926  2.845294E-17
8816.60450935365  1.395670E-16
8819.45848941804  1.610959E-16
8822.31246948243  1.082274E-16
8825.16644954682  7.131722E-17
8828.02042961122  9.553302E-17
8830.87440967561  1.778604E-16
8833.72838974  3.478673E-17
8836.58236980439  4.888059E-17
8839.43634986879  1.549806E-16
8842.29032993318  5.606092E-17
8845.14430999757  6.686202E-18
8847.99829006196  1.137133E-16
8850.85227012636  1.685763E-16
8853.70625019075  9.131263E-17
8856.56023025514  6.948604E-17
8859.41421031953  8.716852E-17
8862.26819038392  6.482962E-17
8865.12217044831  2.118764E-17
8867.97615051271  6.989548E-17
8870.8301305771  1.022320E-16
8873.68411064149  1.503026E-17
8876.53809070588  4.632949E-17
8879.39207077028  1.297535E-16
8882.24605083467  1.101876E-16
8885.10003089906  7.572596E-17
8887.95401096345  -1.179621E-17
8890.80799102784  8.660973E-17
8893.66197109224  2.469151E-16
8896.51595115663  1.443029E-16
8899.36993122102  1.441612E-16
8902.22391128541  1.440031E-16
8905.0778913498  1.440520E-16
8907.9318714142  1.441261E-16
8910.78585147859  1.441798E-16
8913.63983154298  1.441905E-16
8916.49381160737  1.441870E-16
8919.34779167177  1.441684E-16
8922.20177173616  1.441348E-16
8925.05575180055  1.439624E-16
