# TELESCOPE = UH88
# INSTRUMENT = SNIFS
# OBJECT = 2024abxq
# CHANNEL = B+R
# EXPNUM = 24_334_042_003
# MJD-OBS = 60643.628640
# DATE-OBS = 2024-11-29T15:05:16
# EXPTIME = 1500.0s
# AIRMASS = 1.59
# FLUXCAL_RMS_B = 0.105 mag
# FLUXCAL_RMS_R = 0.074 mag
# RA = 09:57:44.85
# DEC = -30:13:29.24
# wl fl err
# [A] [erg/s/cm2/A]
3400.480000 1.787648e-16 3.341661e-17
3403.480000 1.050624e-16 3.412359e-17
3406.480000 1.039787e-16 2.990589e-17
3409.480000 1.241191e-16 2.887129e-17
3412.480000 8.759398e-17 3.175678e-17
3415.480000 9.830065e-17 3.267035e-17
3418.480000 3.758297e-17 2.843228e-17
3421.480000 1.000281e-16 2.825920e-17
3424.480000 1.033508e-16 3.160323e-17
3427.480000 4.672734e-17 3.086668e-17
3430.480000 1.014221e-16 2.748702e-17
3433.480000 1.082964e-16 2.754502e-17
3436.480000 1.012695e-16 3.061044e-17
3439.480000 1.017454e-16 3.010696e-17
3442.480000 6.897985e-17 2.618667e-17
3445.480000 3.842967e-17 2.606920e-17
3448.480000 7.169773e-17 2.910016e-17
3451.480000 8.564598e-17 2.817403e-17
3454.480000 6.006934e-17 2.515390e-17
3457.480000 8.637431e-17 2.655890e-17
3460.480000 8.719272e-17 2.825087e-17
3463.480000 1.227515e-16 2.663200e-17
3466.480000 1.054938e-16 2.445925e-17
3469.480000 1.150618e-16 2.679786e-17
3472.480000 1.048977e-16 2.744913e-17
3475.480000 8.593826e-17 2.530407e-17
3478.480000 6.794068e-17 2.382223e-17
3481.480000 9.298208e-17 2.676403e-17
3484.480000 6.452595e-17 2.727735e-17
3487.480000 4.966676e-17 2.450250e-17
3490.480000 1.028602e-16 2.397231e-17
3493.480000 1.398118e-16 2.758119e-17
3496.480000 1.587251e-16 2.769895e-17
3499.480000 1.514596e-16 2.409351e-17
3502.480000 1.467492e-16 2.374106e-17
3505.480000 2.024159e-16 2.730075e-17
3508.480000 1.812359e-16 2.650837e-17
3511.480000 1.277876e-16 2.301216e-17
3514.480000 1.116982e-16 2.330958e-17
3517.480000 1.636565e-16 2.634409e-17
3520.480000 1.980547e-16 2.590622e-17
3523.480000 1.724792e-16 2.309283e-17
3526.480000 1.611682e-16 2.401234e-17
3529.480000 1.973730e-16 2.597651e-17
3532.480000 1.799218e-16 2.429938e-17
3535.480000 1.971454e-16 2.247670e-17
3538.480000 1.729281e-16 2.381211e-17
3541.480000 1.321109e-16 2.460743e-17
3544.480000 1.514523e-16 2.342406e-17
3547.480000 1.409625e-16 2.201716e-17
3550.480000 1.510903e-16 2.443845e-17
3553.480000 1.190784e-16 2.466305e-17
3556.480000 1.407967e-16 2.251991e-17
3559.480000 1.739955e-16 2.179498e-17
3562.480000 1.919551e-16 2.463456e-17
3565.480000 1.850311e-16 2.491106e-17
3568.480000 1.323209e-16 2.132776e-17
3571.480000 1.451190e-16 2.125637e-17
3574.480000 1.316546e-16 2.409826e-17
3577.480000 1.687122e-16 2.446651e-17
3580.480000 2.094906e-16 2.184034e-17
3583.480000 2.023189e-16 2.217533e-17
3586.480000 2.083510e-16 2.464777e-17
3589.480000 1.951424e-16 2.382288e-17
3592.480000 1.511135e-16 2.081032e-17
3595.480000 1.595528e-16 2.175651e-17
3598.480000 1.753514e-16 2.363153e-17
3601.480000 1.772875e-16 2.248329e-17
3604.480000 1.718620e-16 2.031804e-17
3607.480000 1.765052e-16 2.172015e-17
3610.480000 1.867904e-16 2.298830e-17
3613.480000 1.815794e-16 2.126494e-17
3616.480000 2.047816e-16 2.000442e-17
3619.480000 1.831284e-16 2.188818e-17
3622.480000 2.155961e-16 2.325254e-17
3625.480000 1.742961e-16 2.067098e-17
3628.480000 1.689234e-16 1.966885e-17
3631.480000 1.884500e-16 2.228299e-17
3634.480000 1.806112e-16 2.255824e-17
3637.480000 2.042147e-16 2.038840e-17
3640.480000 1.701676e-16 1.973132e-17
3643.480000 1.778143e-16 2.266344e-17
3646.480000 2.074073e-16 2.291596e-17
3649.480000 1.901800e-16 1.961363e-17
3652.480000 2.057020e-16 2.008971e-17
3655.480000 1.923878e-16 2.224616e-17
3658.480000 1.865883e-16 2.159247e-17
3661.480000 2.135207e-16 1.957413e-17
3664.480000 2.352898e-16 2.062896e-17
3667.480000 2.077297e-16 2.206470e-17
3670.480000 2.258610e-16 2.100267e-17
3673.480000 2.446672e-16 1.922653e-17
3676.480000 2.401850e-16 2.017180e-17
3679.480000 2.420957e-16 2.148382e-17
3682.480000 2.390461e-16 1.994581e-17
3685.480000 2.267737e-16 1.846458e-17
3688.480000 2.208440e-16 2.009599e-17
3691.480000 2.576559e-16 2.122787e-17
3694.480000 2.333038e-16 1.908536e-17
3697.480000 2.342891e-16 1.831892e-17
3700.480000 2.391593e-16 2.046294e-17
3703.480000 2.138865e-16 2.084317e-17
3706.480000 2.299998e-16 1.882845e-17
3709.480000 2.297344e-16 1.837344e-17
3712.480000 2.540276e-16 2.103329e-17
3715.480000 2.581376e-16 2.100299e-17
3718.480000 2.433452e-16 1.831391e-17
3721.480000 2.568340e-16 1.869072e-17
3724.480000 2.404756e-16 2.097547e-17
3727.480000 2.324671e-16 2.102273e-17
3730.480000 2.684752e-16 1.935359e-17
3733.480000 3.151999e-16 2.034645e-17
3736.480000 3.066356e-16 2.175909e-17
3739.480000 3.188587e-16 2.106595e-17
3742.480000 2.976488e-16 1.915286e-17
3745.480000 2.798947e-16 2.017065e-17
3748.480000 2.897168e-16 2.123063e-17
3751.480000 2.779379e-16 1.983191e-17
3754.480000 3.073608e-16 1.858170e-17
3757.480000 3.008557e-16 2.006460e-17
3760.480000 3.312723e-16 2.125400e-17
3763.480000 3.550613e-16 1.975777e-17
3766.480000 3.387492e-16 1.860658e-17
3769.480000 3.183897e-16 2.043752e-17
3772.480000 3.152756e-16 2.086463e-17
3775.480000 3.226765e-16 1.890190e-17
3778.480000 3.423107e-16 1.864382e-17
3781.480000 3.647303e-16 2.132081e-17
3784.480000 3.335624e-16 2.108453e-17
3787.480000 3.599396e-16 1.865636e-17
3790.480000 3.541241e-16 1.867734e-17
3793.480000 3.475738e-16 2.104245e-17
3796.480000 3.455065e-16 2.071934e-17
3799.480000 3.330056e-16 1.816480e-17
3802.480000 3.562878e-16 1.874873e-17
3805.480000 3.508508e-16 2.038846e-17
3808.480000 3.464974e-16 1.967729e-17
3811.480000 3.241290e-16 1.757982e-17
3814.480000 3.283732e-16 1.863804e-17
3817.480000 3.367365e-16 2.037445e-17
3820.480000 3.090151e-16 1.893217e-17
3823.480000 3.435999e-16 1.759946e-17
3826.480000 3.546784e-16 1.888426e-17
3829.480000 3.478932e-16 1.986186e-17
3832.480000 3.440757e-16 1.832620e-17
3835.480000 3.450411e-16 1.729623e-17
3838.480000 3.508764e-16 1.902217e-17
3841.480000 3.660467e-16 1.944695e-17
3844.480000 3.548338e-16 1.748246e-17
3847.480000 3.473787e-16 1.691035e-17
3850.480000 3.257339e-16 1.888803e-17
3853.480000 3.423077e-16 1.914255e-17
3856.480000 3.501562e-16 1.679433e-17
3859.480000 3.565077e-16 1.678279e-17
3862.480000 3.738830e-16 1.907239e-17
3865.480000 3.497028e-16 1.867128e-17
3868.480000 3.245294e-16 1.618172e-17
3871.480000 3.083894e-16 1.640253e-17
3874.480000 3.270292e-16 1.841752e-17
3877.480000 3.365817e-16 1.797282e-17
3880.480000 2.935035e-16 1.584493e-17
3883.480000 2.959236e-16 1.671861e-17
3886.480000 2.863793e-16 1.801445e-17
3889.480000 2.794484e-16 1.722438e-17
3892.480000 2.838335e-16 1.606708e-17
3895.480000 2.798256e-16 1.718219e-17
3898.480000 2.732003e-16 1.796196e-17
3901.480000 2.675400e-16 1.659794e-17
3904.480000 2.596025e-16 1.579939e-17
3907.480000 2.436893e-16 1.735928e-17
3910.480000 2.566239e-16 1.802501e-17
3913.480000 2.211630e-16 1.626637e-17
3916.480000 2.170537e-16 1.564813e-17
3919.480000 2.330147e-16 1.747154e-17
3922.480000 2.227757e-16 1.724038e-17
3925.480000 2.060488e-16 1.491651e-17
3928.480000 2.096833e-16 1.466882e-17
3931.480000 1.806731e-16 1.622744e-17
3934.480000 1.512479e-16 1.582945e-17
3937.480000 1.604165e-16 1.386358e-17
3940.480000 1.547387e-16 1.408700e-17
3943.480000 1.557240e-16 1.577761e-17
3946.480000 1.784259e-16 1.544845e-17
3949.480000 1.980795e-16 1.396990e-17
3952.480000 1.887706e-16 1.460726e-17
3955.480000 2.000064e-16 1.595054e-17
3958.480000 1.942731e-16 1.520437e-17
3961.480000 1.739551e-16 1.370423e-17
3964.480000 1.804760e-16 1.475450e-17
3967.480000 1.886980e-16 1.581679e-17
3970.480000 1.753124e-16 1.460959e-17
3973.480000 1.565284e-16 1.343573e-17
3976.480000 1.499860e-16 1.480189e-17
3979.480000 1.824409e-16 1.566106e-17
3982.480000 1.877932e-16 1.442699e-17
3985.480000 1.763277e-16 1.381692e-17
3988.480000 1.959133e-16 1.568326e-17
3991.480000 1.886283e-16 1.569985e-17
3994.480000 1.779529e-16 1.389679e-17
3997.480000 1.651424e-16 1.358367e-17
4000.480000 1.448541e-16 1.532371e-17
4003.480000 1.511266e-16 1.553455e-17
4006.480000 1.479789e-16 1.365767e-17
4009.480000 1.376801e-16 1.389120e-17
4012.480000 1.316593e-16 1.554044e-17
4015.480000 1.284477e-16 1.535871e-17
4018.480000 1.260675e-16 1.387920e-17
4021.480000 1.547638e-16 1.504647e-17
4024.480000 1.770890e-16 1.677063e-17
4027.480000 1.757210e-16 1.593877e-17
4030.480000 1.798427e-16 1.449537e-17
4033.480000 1.614143e-16 1.508694e-17
4036.480000 1.841962e-16 1.606166e-17
4039.480000 1.969656e-16 1.479110e-17
4042.480000 1.979240e-16 1.365841e-17
4045.480000 1.883577e-16 1.466684e-17
4048.480000 1.825317e-16 1.509699e-17
4051.480000 1.867846e-16 1.374530e-17
4054.480000 2.064468e-16 1.329464e-17
4057.480000 2.097406e-16 1.477969e-17
4060.480000 2.070787e-16 1.489035e-17
4063.480000 2.221404e-16 1.347782e-17
4066.480000 2.232498e-16 1.336639e-17
4069.480000 2.264567e-16 1.525727e-17
4072.480000 2.520387e-16 1.547395e-17
4075.480000 2.520753e-16 1.350680e-17
4078.480000 2.605140e-16 1.370195e-17
4081.480000 2.840805e-16 1.554709e-17
4084.480000 3.019688e-16 1.537134e-17
4087.480000 3.130925e-16 1.381877e-17
4090.480000 3.285580e-16 1.450057e-17
4093.480000 3.450354e-16 1.596249e-17
4096.480000 3.357392e-16 1.526233e-17
4099.480000 3.396887e-16 1.384814e-17
4102.480000 3.518611e-16 1.487429e-17
4105.480000 3.603839e-16 1.604894e-17
4108.480000 3.713715e-16 1.528811e-17
4111.480000 3.579539e-16 1.417367e-17
4114.480000 3.913422e-16 1.588456e-17
4117.480000 3.893509e-16 1.676110e-17
4120.480000 3.949633e-16 1.562011e-17
4123.480000 4.053021e-16 1.509637e-17
4126.480000 4.274224e-16 1.707480e-17
4129.480000 4.642014e-16 1.806493e-17
4132.480000 4.384262e-16 1.602529e-17
4135.480000 4.549290e-16 1.565325e-17
4138.480000 4.417610e-16 1.738426e-17
4141.480000 4.305951e-16 1.730388e-17
4144.480000 4.423703e-16 1.506000e-17
4147.480000 4.679813e-16 1.524646e-17
4150.480000 5.003063e-16 1.737330e-17
4153.480000 4.569366e-16 1.665147e-17
4156.480000 4.447150e-16 1.454341e-17
4159.480000 4.447883e-16 1.493348e-17
4162.480000 4.537501e-16 1.655160e-17
4165.480000 4.595453e-16 1.592702e-17
4168.480000 4.749177e-16 1.459871e-17
4171.480000 4.790663e-16 1.546904e-17
4174.480000 4.482424e-16 1.631702e-17
4177.480000 4.362001e-16 1.525482e-17
4180.480000 4.405744e-16 1.409689e-17
4183.480000 4.230684e-16 1.511127e-17
4186.480000 4.223806e-16 1.579674e-17
4189.480000 4.436547e-16 1.472527e-17
4192.480000 4.273766e-16 1.376515e-17
4195.480000 3.703664e-16 1.468180e-17
4198.480000 3.678272e-16 1.510879e-17
4201.480000 3.762178e-16 1.379319e-17
4204.480000 3.448716e-16 1.320205e-17
4207.480000 3.545637e-16 1.500122e-17
4210.480000 3.489938e-16 1.491625e-17
4213.480000 3.585801e-16 1.334151e-17
4216.480000 3.456519e-16 1.328484e-17
4219.480000 3.322436e-16 1.483083e-17
4222.480000 3.400279e-16 1.476775e-17
4225.480000 3.490165e-16 1.310768e-17
4228.480000 3.551526e-16 1.345159e-17
4231.480000 3.337720e-16 1.461269e-17
4234.480000 3.190592e-16 1.412281e-17
4237.480000 3.487376e-16 1.298011e-17
4240.480000 3.477010e-16 1.354566e-17
4243.480000 3.442085e-16 1.468351e-17
4246.480000 3.445093e-16 1.394333e-17
4249.480000 3.641182e-16 1.298666e-17
4252.480000 3.555652e-16 1.396304e-17
4255.480000 3.311818e-16 1.463300e-17
4258.480000 3.640231e-16 1.390962e-17
4261.480000 3.868050e-16 1.330159e-17
4264.480000 3.878745e-16 1.464357e-17
4267.480000 3.814497e-16 1.508471e-17
4270.480000 3.912998e-16 1.368697e-17
4273.480000 3.943071e-16 1.330951e-17
4276.480000 3.994783e-16 1.511968e-17
4279.480000 4.003228e-16 1.525803e-17
4282.480000 4.077422e-16 1.355496e-17
4285.480000 4.145276e-16 1.347184e-17
4288.480000 4.273978e-16 1.539422e-17
4291.480000 4.102447e-16 1.513372e-17
4294.480000 4.276788e-16 1.337578e-17
4297.480000 4.545266e-16 1.388017e-17
4300.480000 4.439166e-16 1.525905e-17
4303.480000 4.367814e-16 1.481559e-17
4306.480000 4.426237e-16 1.339084e-17
4309.480000 4.265880e-16 1.393271e-17
4312.480000 4.375445e-16 1.520517e-17
4315.480000 4.398261e-16 1.455954e-17
4318.480000 4.256677e-16 1.334260e-17
4321.480000 4.562062e-16 1.437223e-17
4324.480000 4.355985e-16 1.499115e-17
4327.480000 4.515332e-16 1.410059e-17
4330.480000 4.530456e-16 1.334934e-17
4333.480000 4.369679e-16 1.464481e-17
4336.480000 4.325304e-16 1.523468e-17
4339.480000 4.460620e-16 1.393559e-17
4342.480000 4.399399e-16 1.327279e-17
4345.480000 4.243476e-16 1.479064e-17
4348.480000 4.387447e-16 1.514932e-17
4351.480000 4.420246e-16 1.349282e-17
4354.480000 4.214779e-16 1.319887e-17
4357.480000 4.181086e-16 1.497650e-17
4360.480000 4.138803e-16 1.492040e-17
4363.480000 4.196868e-16 1.318201e-17
4366.480000 4.206097e-16 1.339101e-17
4369.480000 3.921470e-16 1.469259e-17
4372.480000 4.028088e-16 1.442830e-17
4375.480000 3.990217e-16 1.289619e-17
4378.480000 3.899087e-16 1.331747e-17
4381.480000 3.867844e-16 1.451359e-17
4384.480000 3.969161e-16 1.396964e-17
4387.480000 3.920035e-16 1.265447e-17
4390.480000 3.871620e-16 1.347995e-17
4393.480000 3.825692e-16 1.438608e-17
4396.480000 3.858660e-16 1.348917e-17
4399.480000 3.944155e-16 1.270046e-17
4402.480000 3.917111e-16 1.390301e-17
4405.480000 3.936883e-16 1.454747e-17
4408.480000 3.870018e-16 1.326335e-17
4411.480000 3.837927e-16 1.275137e-17
4414.480000 3.909402e-16 1.436065e-17
4417.480000 4.003579e-16 1.474967e-17
4420.480000 3.940678e-16 1.323532e-17
4423.480000 4.045772e-16 1.303051e-17
4426.480000 4.003774e-16 1.476708e-17
4429.480000 4.182817e-16 1.505491e-17
4432.480000 4.038633e-16 1.304681e-17
4435.480000 3.880906e-16 1.309734e-17
4438.480000 3.724695e-16 1.436693e-17
4441.480000 3.324973e-16 1.378931e-17
4444.480000 3.539336e-16 1.238865e-17
4447.480000 3.747891e-16 1.303204e-17
4450.480000 3.818340e-16 1.430204e-17
4453.480000 3.558615e-16 1.353426e-17
4456.480000 3.282552e-16 1.206085e-17
4459.480000 3.189971e-16 1.273513e-17
4462.480000 3.218527e-16 1.365121e-17
4465.480000 3.296237e-16 1.292804e-17
4468.480000 3.185319e-16 1.188816e-17
4471.480000 3.040762e-16 1.280637e-17
4474.480000 3.012848e-16 1.341205e-17
4477.480000 2.987042e-16 1.238273e-17
4480.480000 3.102193e-16 1.182014e-17
4483.480000 3.126949e-16 1.317778e-17
4486.480000 2.857581e-16 1.334166e-17
4489.480000 2.839829e-16 1.198148e-17
4492.480000 2.939087e-16 1.183529e-17
4495.480000 2.707614e-16 1.333875e-17
4498.480000 2.697571e-16 1.346471e-17
4501.480000 2.590701e-16 1.172549e-17
4504.480000 2.612836e-16 1.165173e-17
4507.480000 2.676752e-16 1.319495e-17
4510.480000 2.680443e-16 1.291244e-17
4513.480000 2.760315e-16 1.153717e-17
4516.480000 2.641193e-16 1.178789e-17
4519.480000 2.489140e-16 1.280705e-17
4522.480000 2.552146e-16 1.246808e-17
4525.480000 2.534564e-16 1.126035e-17
4528.480000 2.582075e-16 1.197380e-17
4531.480000 2.484746e-16 1.277378e-17
4534.480000 2.465774e-16 1.207848e-17
4537.480000 2.447960e-16 1.115944e-17
4540.480000 2.219672e-16 1.183729e-17
4543.480000 2.176726e-16 1.240958e-17
4546.480000 2.224564e-16 1.154667e-17
4549.480000 2.207459e-16 1.093490e-17
4552.480000 2.177237e-16 1.212787e-17
4555.480000 1.955820e-16 1.226643e-17
4558.480000 2.077383e-16 1.112355e-17
4561.480000 2.215686e-16 1.098577e-17
4564.480000 2.243449e-16 1.246687e-17
4567.480000 2.279431e-16 1.258474e-17
4570.480000 2.169702e-16 1.108443e-17
4573.480000 2.319391e-16 1.119614e-17
4576.480000 2.437156e-16 1.276945e-17
4579.480000 2.597541e-16 1.278692e-17
4582.480000 2.518952e-16 1.123861e-17
4585.480000 2.320442e-16 1.133115e-17
4588.480000 2.387117e-16 1.260236e-17
4591.480000 2.554809e-16 1.233435e-17
4594.480000 2.585323e-16 1.111914e-17
4597.480000 2.591695e-16 1.174696e-17
4600.480000 2.613779e-16 1.268034e-17
4603.480000 2.624742e-16 1.200481e-17
4606.480000 2.677328e-16 1.114009e-17
4609.480000 2.335220e-16 1.183405e-17
4612.480000 2.477355e-16 1.269915e-17
4615.480000 2.611973e-16 1.184441e-17
4618.480000 2.630883e-16 1.120052e-17
4621.480000 2.668139e-16 1.237774e-17
4624.480000 2.767234e-16 1.286302e-17
4627.480000 2.519169e-16 1.151050e-17
4630.480000 2.434942e-16 1.109387e-17
4633.480000 2.494484e-16 1.247643e-17
4636.480000 2.616682e-16 1.272307e-17
4639.480000 2.816547e-16 1.151460e-17
4642.480000 2.761885e-16 1.137381e-17
4645.480000 2.821752e-16 1.300354e-17
4648.480000 2.688991e-16 1.280671e-17
4651.480000 2.622180e-16 1.121065e-17
4654.480000 2.607993e-16 1.144625e-17
4657.480000 2.774000e-16 1.288582e-17
4660.480000 2.733830e-16 1.253243e-17
4663.480000 2.729125e-16 1.124317e-17
4666.480000 2.951962e-16 1.188602e-17
4669.480000 2.818889e-16 1.282115e-17
4672.480000 2.597991e-16 1.202130e-17
4675.480000 2.624920e-16 1.105927e-17
4678.480000 2.545424e-16 1.183169e-17
4681.480000 2.858455e-16 1.283161e-17
4684.480000 2.707651e-16 1.182787e-17
4687.480000 2.673715e-16 1.106898e-17
4690.480000 2.646064e-16 1.220332e-17
4693.480000 2.679128e-16 1.269647e-17
4696.480000 2.869339e-16 1.167556e-17
4699.480000 2.754839e-16 1.119562e-17
4702.480000 2.753344e-16 1.253768e-17
4705.480000 2.722393e-16 1.267292e-17
4708.480000 2.761008e-16 1.146719e-17
4711.480000 2.674439e-16 1.126967e-17
4714.480000 2.716255e-16 1.302849e-17
4717.480000 2.787268e-16 1.322938e-17
4720.480000 2.891991e-16 1.160130e-17
4723.480000 2.964414e-16 1.167420e-17
4726.480000 3.046840e-16 1.307167e-17
4729.480000 3.166441e-16 1.286848e-17
4732.480000 3.266584e-16 1.159058e-17
4735.480000 3.317088e-16 1.207211e-17
4738.480000 3.288075e-16 1.317396e-17
4741.480000 3.102336e-16 1.242536e-17
4744.480000 3.275640e-16 1.149599e-17
4747.480000 3.424749e-16 1.237412e-17
4750.480000 3.213399e-16 1.306400e-17
4753.480000 3.356742e-16 1.236733e-17
4756.480000 3.342945e-16 1.161504e-17
4759.480000 3.240417e-16 1.256145e-17
4762.480000 3.438377e-16 1.327720e-17
4765.480000 3.417787e-16 1.214444e-17
4768.480000 3.463424e-16 1.166483e-17
4771.480000 3.508216e-16 1.309765e-17
4774.480000 3.380546e-16 1.323727e-17
4777.480000 3.409317e-16 1.189725e-17
4780.480000 3.487769e-16 1.179352e-17
4783.480000 3.626573e-16 1.357973e-17
4786.480000 3.618481e-16 1.354982e-17
4789.480000 3.552079e-16 1.187862e-17
4792.480000 3.373446e-16 1.191149e-17
4795.480000 3.386350e-16 1.331501e-17
4798.480000 3.484152e-16 1.314040e-17
4801.480000 3.334522e-16 1.162585e-17
4804.480000 3.263928e-16 1.199283e-17
4807.480000 3.516763e-16 1.333532e-17
4810.480000 3.536578e-16 1.287493e-17
4813.480000 3.437143e-16 1.161864e-17
4816.480000 3.306228e-16 1.235784e-17
4819.480000 3.234835e-16 1.318712e-17
4822.480000 3.208035e-16 1.245301e-17
4825.480000 3.200923e-16 1.154096e-17
4828.480000 3.263609e-16 1.259555e-17
4831.480000 3.233630e-16 1.315016e-17
4834.480000 3.379666e-16 1.223812e-17
4837.480000 3.201967e-16 1.155422e-17
4840.480000 3.185259e-16 1.293463e-17
4843.480000 3.239665e-16 1.331019e-17
4846.480000 3.375409e-16 1.208504e-17
4849.480000 3.491628e-16 1.185703e-17
4852.480000 3.381997e-16 1.336123e-17
4855.480000 3.433610e-16 1.366682e-17
4858.480000 3.421587e-16 1.213329e-17
4861.480000 3.326901e-16 1.225200e-17
4864.480000 3.290729e-16 1.371447e-17
4867.480000 3.385459e-16 1.342356e-17
4870.480000 3.459253e-16 1.187552e-17
4873.480000 3.475297e-16 1.215463e-17
4876.480000 3.308125e-16 1.324226e-17
4879.480000 3.013867e-16 1.260091e-17
4882.480000 3.092326e-16 1.149373e-17
4885.480000 3.290573e-16 1.236919e-17
4888.480000 3.214038e-16 1.322931e-17
4891.480000 3.026565e-16 1.239993e-17
4894.480000 3.167501e-16 1.162222e-17
4897.480000 3.125536e-16 1.262295e-17
4900.480000 3.146573e-16 1.336181e-17
4903.480000 3.068747e-16 1.214729e-17
4906.480000 2.933954e-16 1.147204e-17
4909.480000 2.827158e-16 1.262851e-17
4912.480000 2.742038e-16 1.293769e-17
4915.480000 2.678409e-16 1.166931e-17
4918.480000 2.622770e-16 1.135960e-17
4921.480000 2.679894e-16 1.289551e-17
4924.480000 2.682191e-16 1.308813e-17
4927.480000 2.694294e-16 1.154691e-17
4930.480000 2.681608e-16 1.155900e-17
4933.480000 2.473186e-16 1.292671e-17
4936.480000 2.287272e-16 1.271638e-17
4939.480000 2.500524e-16 1.147719e-17
4942.480000 2.474815e-16 1.172730e-17
4945.480000 2.493622e-16 1.295342e-17
4948.480000 2.665376e-16 1.283829e-17
4951.480000 2.743211e-16 1.170752e-17
4954.480000 2.594398e-16 1.227554e-17
4957.480000 2.655307e-16 1.340138e-17
4960.480000 2.680134e-16 1.282290e-17
4963.480000 2.590866e-16 1.182850e-17
4966.480000 2.519683e-16 1.281598e-17
4969.480000 2.611135e-16 1.369398e-17
4972.480000 2.498549e-16 1.274534e-17
4975.480000 2.507663e-16 1.212410e-17
4978.480000 2.532906e-16 1.354386e-17
4981.480000 2.477285e-16 1.403954e-17
4984.480000 2.387689e-16 1.279406e-17
4987.480000 2.223795e-16 1.243719e-17
4990.480000 2.474808e-16 1.434419e-17
4993.480000 2.518839e-16 1.475283e-17
4996.480000 2.524107e-16 1.325934e-17
4999.480000 2.490995e-16 1.321674e-17
5002.480000 2.601246e-16 1.523334e-17
5005.480000 2.352136e-16 1.517376e-17
5008.480000 2.370345e-16 1.353900e-17
5011.480000 2.594525e-16 1.429494e-17
5014.480000 2.467744e-16 1.586070e-17
5017.480000 2.112561e-16 1.527884e-17
5020.480000 1.966106e-16 1.370570e-17
5023.480000 1.852898e-16 1.451415e-17
5026.480000 1.971990e-16 1.611924e-17
5029.480000 2.269794e-16 1.579129e-17
5032.480000 1.943333e-16 1.443270e-17
5035.480000 1.848334e-16 1.566910e-17
5038.480000 2.003202e-16 1.703987e-17
5041.480000 2.053559e-16 1.610553e-17
5044.480000 2.142759e-16 1.545217e-17
5047.480000 2.209963e-16 1.739613e-17
5050.480000 2.069063e-16 1.810427e-17
5053.480000 2.087689e-16 1.672131e-17
5056.480000 2.113245e-16 1.634131e-17
5059.480000 1.844909e-16 1.825321e-17
5062.480000 1.869064e-16 1.868575e-17
5065.480000 2.293692e-16 1.716847e-17
5068.480000 2.170727e-16 1.700885e-17
5071.480000 1.898824e-16 nan
5074.480000 2.301619e-16 nan
5077.480000 2.339860e-16 nan
5080.480000 2.276926e-16 nan
5083.480000 2.153968e-16 nan
5086.480000 2.160370e-16 nan
5089.480000 2.396354e-16 nan
5092.480000 2.337084e-16 nan
5095.480000 2.399563e-16 nan
5098.480000 2.347171e-16 nan
5101.480000 2.147760e-16 nan
5104.480000 2.091219e-16 nan
5107.480000 1.860137e-16 nan
5110.480000 1.788646e-16 nan
5113.480000 1.699082e-16 nan
5116.480000 1.801545e-16 nan
5119.480000 1.770763e-16 nan
5122.480000 1.476237e-16 nan
5125.480000 1.145103e-16 nan
5128.480000 1.351189e-16 nan
5131.480000 1.188498e-16 nan
5134.480000 1.772496e-16 nan
5137.480000 1.888470e-16 nan
5140.480000 1.544192e-16 nan
5143.480000 1.485041e-16 nan
5146.480000 1.794901e-16 nan
5149.480000 1.985604e-16 nan
5152.480000 2.042822e-16 nan
5155.480000 1.768857e-16 nan
5158.480000 1.402545e-16 nan
5161.480000 1.665447e-16 nan
5164.480000 2.158733e-16 nan
5167.480000 2.150053e-16 nan
5170.480000 1.902795e-16 2.478094e-17
5173.480000 2.191243e-16 2.481290e-17
5176.480000 2.479405e-16 2.440667e-17
5179.480000 2.515652e-16 2.400168e-17
5182.480000 2.316603e-16 2.364889e-17
5185.480000 2.207759e-16 2.319155e-17
5188.480000 2.350853e-16 2.286610e-17
5191.480000 2.723379e-16 2.288298e-17
5194.480000 2.298413e-16 2.222226e-17
5197.480000 2.124470e-16 2.190507e-17
5200.480000 2.100972e-16 2.169269e-17
5203.480000 2.164767e-16 2.154431e-17
5206.480000 2.124260e-16 2.127780e-17
5209.480000 2.363126e-16 2.162285e-17
5212.480000 2.168882e-16 2.097892e-17
5215.480000 2.003241e-16 2.020801e-17
5218.480000 1.601885e-16 1.924261e-17
5221.480000 1.716027e-16 1.879705e-17
5224.480000 2.078628e-16 1.886709e-17
5227.480000 1.920886e-16 1.808506e-17
5230.480000 2.035093e-16 1.781783e-17
5233.480000 2.020487e-16 1.731603e-17
5236.480000 2.021674e-16 1.697591e-17
5239.480000 2.140710e-16 1.668484e-17
5242.480000 2.021805e-16 1.618183e-17
5245.480000 1.879812e-16 1.562758e-17
5248.480000 1.795340e-16 1.523342e-17
5251.480000 1.820628e-16 1.500039e-17
5254.480000 1.874757e-16 1.472048e-17
5257.480000 2.034198e-16 1.459282e-17
5260.480000 2.186138e-16 1.446611e-17
5263.480000 2.141841e-16 1.429417e-17
5266.480000 2.052894e-16 1.400202e-17
5269.480000 1.998457e-16 1.380935e-17
5272.480000 1.823143e-16 1.352210e-17
5275.480000 1.775215e-16 1.355827e-17
5278.480000 1.836071e-16 1.370284e-17
5281.480000 2.058355e-16 1.368740e-17
5284.480000 2.155434e-16 1.359501e-17
5287.480000 1.989040e-16 1.336530e-17
5290.480000 1.833100e-16 1.317130e-17
5293.480000 1.947022e-16 1.347775e-17
5296.480000 2.059728e-16 1.361945e-17
5299.480000 2.170743e-16 1.390624e-17
5302.480000 2.105480e-16 1.386044e-17
5305.480000 2.018919e-16 1.384815e-17
5308.480000 1.991563e-16 1.398035e-17
5311.480000 2.058419e-16 1.429049e-17
5314.480000 2.172843e-16 1.448928e-17
5317.480000 2.021444e-16 1.459098e-17
5320.480000 2.038176e-16 1.486245e-17
5323.480000 2.146449e-16 1.509998e-17
5326.480000 2.184483e-16 1.522962e-17
5329.480000 2.188940e-16 1.547879e-17
5332.480000 2.345181e-16 1.581936e-17
5335.480000 2.350545e-16 1.610565e-17
5338.480000 2.489628e-16 1.626675e-17
5341.480000 2.221835e-16 1.543547e-17
5344.480000 2.336958e-16 1.511644e-17
5347.480000 2.596936e-16 1.501868e-17
5350.480000 2.207717e-16 1.401017e-17
5353.480000 2.548991e-16 1.400116e-17
5356.480000 2.549787e-16 1.356832e-17
5359.480000 2.490115e-16 1.318894e-17
5362.480000 2.411574e-16 1.275299e-17
5365.480000 2.582314e-16 1.246616e-17
5368.480000 2.721586e-16 1.230761e-17
5371.480000 2.668704e-16 1.189941e-17
5374.480000 2.621493e-16 1.161874e-17
5377.480000 2.660198e-16 1.146640e-17
5380.480000 2.681906e-16 1.126992e-17
5383.480000 2.721338e-16 1.113139e-17
5386.480000 2.746496e-16 1.092455e-17
5389.480000 2.811204e-16 1.080029e-17
5392.480000 2.795439e-16 1.061827e-17
5395.480000 2.778284e-16 1.053816e-17
5398.480000 2.761469e-16 1.043475e-17
5401.480000 2.895251e-16 1.047931e-17
5404.480000 2.875875e-16 1.043098e-17
5407.480000 2.656948e-16 1.027004e-17
5410.480000 2.792769e-16 1.041143e-17
5413.480000 2.725161e-16 1.032627e-17
5416.480000 2.707484e-16 1.041381e-17
5419.480000 2.870957e-16 1.062623e-17
5422.480000 2.709975e-16 1.051311e-17
5425.480000 2.517395e-16 1.046536e-17
5428.480000 2.677248e-16 1.075677e-17
5431.480000 2.740756e-16 1.089805e-17
5434.480000 2.759131e-16 1.104789e-17
5437.480000 2.736905e-16 1.121013e-17
5440.480000 2.569179e-16 1.118004e-17
5443.480000 2.636046e-16 1.145604e-17
5446.480000 2.579962e-16 1.162252e-17
5449.480000 2.624574e-16 1.191214e-17
5452.480000 2.534031e-16 1.206883e-17
5455.480000 2.282179e-16 1.191663e-17
5458.480000 2.354117e-16 1.233081e-17
5461.480000 2.442704e-16 1.260361e-17
5464.480000 2.523853e-16 1.265623e-17
5467.480000 2.449308e-16 1.224307e-17
5470.480000 2.558888e-16 1.206593e-17
5473.480000 2.582023e-16 1.178656e-17
5476.480000 2.332268e-16 1.121251e-17
5479.480000 2.339594e-16 1.091404e-17
5482.480000 2.432806e-16 1.073350e-17
5485.480000 2.584057e-16 1.073399e-17
5488.480000 2.566143e-16 1.040474e-17
5491.480000 2.626620e-16 1.025049e-17
5494.480000 2.605567e-16 9.969078e-18
5497.480000 2.551519e-16 9.744203e-18
5500.480000 2.498541e-16 9.511778e-18
5503.480000 2.644047e-16 9.444539e-18
5506.480000 2.686652e-16 9.317541e-18
5509.480000 2.613971e-16 9.110778e-18
5512.480000 2.528380e-16 8.922663e-18
5515.480000 2.460670e-16 8.768124e-18
5518.480000 2.436987e-16 8.650183e-18
5521.480000 2.498329e-16 8.652371e-18
5524.480000 2.453805e-16 8.647565e-18
5527.480000 2.362825e-16 8.659640e-18
5530.480000 2.309311e-16 9.788077e-18
5533.480000 2.247164e-16 9.398251e-18
5536.480000 2.243865e-16 8.605023e-18
5539.480000 2.244494e-16 8.551209e-18
5542.480000 2.262167e-16 8.621025e-18
5545.480000 2.085694e-16 8.502312e-18
5548.480000 2.005088e-16 8.556236e-18
5551.480000 1.918743e-16 8.545195e-18
5554.480000 1.779650e-16 8.538936e-18
5557.480000 1.878169e-16 8.740934e-18
5560.480000 1.752126e-16 8.754929e-18
5563.480000 1.565787e-16 8.904269e-18
5566.480000 1.328515e-16 9.439288e-18
5569.480000 1.228753e-16 1.111669e-17
5572.480000 1.480368e-16 1.497157e-17
5575.480000 2.227271e-16 1.927712e-17
5578.480000 2.368949e-16 2.058666e-17
5581.480000 1.364495e-16 1.745369e-17
5584.480000 1.108199e-16 1.327834e-17
5587.480000 1.283891e-16 1.118251e-17
5590.480000 1.585005e-16 1.052931e-17
5593.480000 1.811499e-16 1.023681e-17
5596.480000 1.648225e-16 9.798236e-18
5599.480000 1.719427e-16 9.550084e-18
5602.480000 1.785034e-16 9.429363e-18
5605.480000 1.737071e-16 9.173770e-18
5608.480000 1.711399e-16 8.872258e-18
5611.480000 1.540979e-16 8.482093e-18
5614.480000 1.625460e-16 8.320921e-18
5617.480000 1.788877e-16 8.316649e-18
5620.480000 1.781913e-16 8.133299e-18
5623.480000 1.760308e-16 8.010684e-18
5626.480000 1.720070e-16 7.843079e-18
5629.480000 1.700063e-16 7.705945e-18
5632.480000 1.632375e-16 7.541852e-18
5635.480000 1.678811e-16 7.427364e-18
5638.480000 1.697705e-16 7.373489e-18
5641.480000 1.789354e-16 7.344528e-18
5644.480000 1.843713e-16 7.249159e-18
5647.480000 1.732609e-16 7.121403e-18
5650.480000 1.752477e-16 7.114679e-18
5653.480000 1.803916e-16 7.184376e-18
5656.480000 1.899059e-16 7.354687e-18
5659.480000 1.948857e-16 7.433880e-18
5662.480000 1.935852e-16 7.989814e-18
5665.480000 1.991543e-16 8.263709e-18
5668.480000 2.048764e-16 7.781997e-18
5671.480000 2.010592e-16 7.686859e-18
5674.480000 1.967210e-16 7.688411e-18
5677.480000 2.085584e-16 7.801730e-18
5680.480000 1.955142e-16 7.717674e-18
5683.480000 1.890622e-16 7.836163e-18
5686.480000 2.020278e-16 8.119121e-18
5689.480000 1.933704e-16 8.082503e-18
5692.480000 1.844274e-16 8.165230e-18
5695.480000 1.842114e-16 8.388525e-18
5698.480000 1.815186e-16 8.561614e-18
5701.480000 1.852437e-16 8.740085e-18
5704.480000 1.967410e-16 8.961478e-18
5707.480000 1.991698e-16 9.178938e-18
5710.480000 1.952090e-16 9.333616e-18
5713.480000 1.827819e-16 9.314766e-18
5716.480000 1.759767e-16 9.198383e-18
5719.480000 1.900819e-16 9.158548e-18
5722.480000 1.817526e-16 8.812824e-18
5725.480000 1.713393e-16 8.467074e-18
5728.480000 1.809943e-16 8.324725e-18
5731.480000 1.739560e-16 8.061651e-18
5734.480000 1.684542e-16 7.802035e-18
5737.480000 1.601128e-16 7.546029e-18
5740.480000 1.540803e-16 7.346097e-18
5743.480000 1.441932e-16 7.064369e-18
5746.480000 1.487417e-16 6.963331e-18
5749.480000 1.518779e-16 6.860945e-18
5752.480000 1.492681e-16 6.746582e-18
5755.480000 1.516493e-16 6.658948e-18
5758.480000 1.536318e-16 6.542068e-18
5761.480000 1.570912e-16 6.461593e-18
5764.480000 1.427737e-16 6.271302e-18
5767.480000 1.283074e-16 6.093122e-18
5770.480000 1.279746e-16 6.023240e-18
5773.480000 1.403811e-16 6.064370e-18
5776.480000 1.521620e-16 6.119579e-18
5779.480000 1.507030e-16 6.082376e-18
5782.480000 1.464940e-16 6.052641e-18
5785.480000 1.442150e-16 6.054440e-18
5788.480000 1.547071e-16 6.153918e-18
5791.480000 1.554446e-16 6.206709e-18
5794.480000 1.555292e-16 6.305461e-18
5797.480000 1.574629e-16 6.369776e-18
5800.480000 1.490344e-16 6.384602e-18
5803.480000 1.629304e-16 6.636966e-18
5806.480000 1.669219e-16 6.723570e-18
5809.480000 1.674673e-16 6.839612e-18
5812.480000 1.703587e-16 7.002346e-18
5815.480000 1.720787e-16 7.141556e-18
5818.480000 1.676491e-16 7.264466e-18
5821.480000 1.831722e-16 7.577201e-18
5824.480000 1.878770e-16 7.801224e-18
5827.480000 1.918194e-16 7.973673e-18
5830.480000 1.930793e-16 8.156974e-18
5833.480000 1.939482e-16 8.317540e-18
5836.480000 1.921662e-16 8.485530e-18
5839.480000 2.083772e-16 8.736851e-18
5842.480000 1.996278e-16 8.596906e-18
5845.480000 2.067579e-16 8.498218e-18
5848.480000 2.035271e-16 8.208741e-18
5851.480000 2.060853e-16 7.990014e-18
5854.480000 2.112601e-16 7.888550e-18
5857.480000 2.013596e-16 7.708874e-18
5860.480000 2.054011e-16 7.560511e-18
5863.480000 2.311924e-16 7.731297e-18
5866.480000 2.238354e-16 7.608795e-18
5869.480000 2.243130e-16 7.465441e-18
5872.480000 2.276828e-16 7.321029e-18
5875.480000 2.158973e-16 7.030927e-18
5878.480000 2.141565e-16 6.897122e-18
5881.480000 2.085072e-16 6.900463e-18
5884.480000 2.155974e-16 7.357552e-18
5887.480000 2.192900e-16 8.090169e-18
5890.480000 2.032662e-16 8.532463e-18
5893.480000 1.848251e-16 8.373289e-18
5896.480000 1.908258e-16 7.881650e-18
5899.480000 1.949852e-16 7.276875e-18
5902.480000 2.053834e-16 6.751184e-18
5905.480000 2.099465e-16 6.451416e-18
5908.480000 2.073080e-16 6.393604e-18
5911.480000 2.178912e-16 6.521170e-18
5914.480000 2.196080e-16 6.581594e-18
5917.480000 2.214797e-16 6.618195e-18
5920.480000 2.268235e-16 6.681640e-18
5923.480000 2.266677e-16 6.751502e-18
5926.480000 2.190165e-16 6.800196e-18
5929.480000 2.189990e-16 6.939275e-18
5932.480000 2.222759e-16 7.104722e-18
5935.480000 2.201130e-16 7.136065e-18
5938.480000 2.179561e-16 7.132261e-18
5941.480000 2.208588e-16 7.317142e-18
5944.480000 2.225185e-16 7.491101e-18
5947.480000 2.171425e-16 7.609863e-18
5950.480000 2.174957e-16 7.857897e-18
5953.480000 2.037040e-16 7.929407e-18
5956.480000 2.035824e-16 8.086392e-18
5959.480000 2.201655e-16 8.282028e-18
5962.480000 2.153602e-16 8.360517e-18
5965.480000 2.135886e-16 8.474676e-18
5968.480000 2.137306e-16 8.386211e-18
5971.480000 2.205316e-16 8.260534e-18
5974.480000 2.184465e-16 8.074701e-18
5977.480000 2.231963e-16 7.917734e-18
5980.480000 2.177258e-16 7.672825e-18
5983.480000 2.142222e-16 7.375212e-18
5986.480000 2.149616e-16 7.151195e-18
5989.480000 2.180975e-16 7.034524e-18
5992.480000 2.188089e-16 6.921416e-18
5995.480000 2.088100e-16 6.691477e-18
5998.480000 2.081671e-16 6.575705e-18
6001.480000 2.068125e-16 6.426343e-18
6004.480000 2.100745e-16 6.341581e-18
6007.480000 2.207791e-16 6.277310e-18
6010.480000 2.269640e-16 6.259237e-18
6013.480000 2.211235e-16 6.214589e-18
6016.480000 2.186995e-16 6.171040e-18
6019.480000 2.141921e-16 6.043022e-18
6022.480000 2.098738e-16 5.890297e-18
6025.480000 2.147252e-16 5.842681e-18
6028.480000 2.176367e-16 5.799158e-18
6031.480000 2.034846e-16 5.712496e-18
6034.480000 2.009600e-16 5.717265e-18
6037.480000 2.083702e-16 5.770673e-18
6040.480000 2.007738e-16 5.730893e-18
6043.480000 1.970000e-16 5.764259e-18
6046.480000 1.946514e-16 5.782951e-18
6049.480000 1.884095e-16 5.797021e-18
6052.480000 1.911172e-16 5.887626e-18
6055.480000 1.976933e-16 6.029791e-18
6058.480000 1.923196e-16 6.074513e-18
6061.480000 1.819850e-16 6.114516e-18
6064.480000 1.873368e-16 6.260223e-18
6067.480000 1.916218e-16 6.391052e-18
6070.480000 1.818675e-16 6.363785e-18
6073.480000 1.769011e-16 6.509487e-18
6076.480000 1.817331e-16 6.642587e-18
6079.480000 1.873733e-16 6.834213e-18
6082.480000 1.765029e-16 6.862725e-18
6085.480000 1.770123e-16 7.125427e-18
6088.480000 1.902743e-16 7.412106e-18
6091.480000 1.844208e-16 7.405909e-18
6094.480000 1.825864e-16 7.286304e-18
6097.480000 1.696825e-16 6.909991e-18
6100.480000 1.733813e-16 6.775589e-18
6103.480000 1.719434e-16 6.619599e-18
6106.480000 1.720003e-16 6.456734e-18
6109.480000 1.821349e-16 6.373809e-18
6112.480000 1.900485e-16 6.249235e-18
6115.480000 1.924649e-16 6.166335e-18
6118.480000 1.860249e-16 5.963741e-18
6121.480000 1.848950e-16 5.821396e-18
6124.480000 1.803867e-16 5.663914e-18
6127.480000 1.821907e-16 5.603673e-18
6130.480000 1.803006e-16 5.524586e-18
6133.480000 1.858697e-16 5.467526e-18
6136.480000 1.916996e-16 5.441743e-18
6139.480000 1.945107e-16 5.424589e-18
6142.480000 1.963629e-16 5.402264e-18
6145.480000 1.970080e-16 5.346197e-18
6148.480000 1.938825e-16 5.271650e-18
6151.480000 1.897703e-16 5.216309e-18
6154.480000 1.933871e-16 5.225223e-18
6157.480000 1.997601e-16 5.248132e-18
6160.480000 2.019009e-16 5.259889e-18
6163.480000 2.033508e-16 5.293786e-18
6166.480000 2.038598e-16 5.387125e-18
6169.480000 2.075185e-16 5.507525e-18
6172.480000 2.000615e-16 5.508817e-18
6175.480000 1.972110e-16 5.520774e-18
6178.480000 1.955063e-16 5.568124e-18
6181.480000 1.989439e-16 5.680612e-18
6184.480000 1.903673e-16 5.679294e-18
6187.480000 2.024595e-16 5.902294e-18
6190.480000 1.966984e-16 5.932669e-18
6193.480000 1.921486e-16 6.009133e-18
6196.480000 1.975380e-16 6.192012e-18
6199.480000 2.119709e-16 6.461923e-18
6202.480000 1.984506e-16 6.497095e-18
6205.480000 2.074686e-16 6.828833e-18
6208.480000 2.100935e-16 7.003209e-18
6211.480000 2.052060e-16 7.065658e-18
6214.480000 2.002973e-16 7.182300e-18
6217.480000 2.010956e-16 7.271346e-18
6220.480000 1.988525e-16 7.015528e-18
6223.480000 1.975985e-16 6.803945e-18
6226.480000 1.978983e-16 6.647936e-18
6229.480000 1.979112e-16 6.573653e-18
6232.480000 2.072181e-16 6.646358e-18
6235.480000 2.013860e-16 6.617504e-18
6238.480000 1.950585e-16 6.432082e-18
6241.480000 1.964072e-16 6.176016e-18
6244.480000 1.976020e-16 5.963847e-18
6247.480000 1.983877e-16 5.769919e-18
6250.480000 2.058987e-16 5.686147e-18
6253.480000 1.993589e-16 5.595345e-18
6256.480000 1.959311e-16 5.577733e-18
6259.480000 1.982165e-16 5.571770e-18
6262.480000 1.923059e-16 5.440278e-18
6265.480000 1.900945e-16 5.272231e-18
6268.480000 1.945064e-16 5.174572e-18
6271.480000 1.892041e-16 5.052428e-18
6274.480000 1.900913e-16 5.022048e-18
6277.480000 1.887539e-16 4.994637e-18
6280.480000 1.896811e-16 5.001159e-18
6283.480000 1.883679e-16 5.058292e-18
6286.480000 1.939556e-16 5.218374e-18
6289.480000 2.018263e-16 5.421291e-18
6292.480000 1.924549e-16 5.868314e-18
6295.480000 2.038491e-16 7.096113e-18
6298.480000 2.179376e-16 8.329309e-18
6301.480000 1.967583e-16 8.445636e-18
6304.480000 1.811459e-16 7.425488e-18
6307.480000 1.828996e-16 6.379579e-18
6310.480000 1.796774e-16 5.794706e-18
6313.480000 1.867898e-16 5.652007e-18
6316.480000 1.936478e-16 5.697614e-18
6319.480000 1.902032e-16 5.799117e-18
6322.480000 1.887898e-16 5.979691e-18
6325.480000 1.887221e-16 6.155264e-18
6328.480000 1.998823e-16 6.428579e-18
6331.480000 2.031078e-16 6.571892e-18
6334.480000 1.939397e-16 6.507033e-18
6337.480000 1.788946e-16 6.432220e-18
6340.480000 1.819192e-16 6.593789e-18
6343.480000 1.856286e-16 6.629360e-18
6346.480000 1.825946e-16 6.494837e-18
6349.480000 1.853919e-16 6.379265e-18
6352.480000 1.788129e-16 6.244049e-18
6355.480000 1.824175e-16 6.286267e-18
6358.480000 1.828814e-16 6.509509e-18
6361.480000 1.916065e-16 6.959971e-18
6364.480000 1.826023e-16 7.020388e-18
6367.480000 1.649437e-16 6.419581e-18
6370.480000 1.558175e-16 5.594542e-18
6373.480000 1.609721e-16 5.181210e-18
6376.480000 1.646318e-16 5.015329e-18
6379.480000 1.622372e-16 4.898543e-18
6382.480000 1.567482e-16 4.789517e-18
6385.480000 1.526609e-16 4.709832e-18
6388.480000 1.447737e-16 4.614203e-18
6391.480000 1.424697e-16 4.488695e-18
6394.480000 1.464660e-16 4.416642e-18
6397.480000 1.395002e-16 4.327473e-18
6400.480000 1.320378e-16 4.235846e-18
6403.480000 1.280782e-16 4.165974e-18
6406.480000 1.241161e-16 4.117449e-18
6409.480000 1.178111e-16 4.106461e-18
6412.480000 1.125268e-16 4.104263e-18
6415.480000 1.072868e-16 4.083390e-18
6418.480000 9.977040e-17 4.045606e-18
6421.480000 9.993253e-17 4.083088e-18
6424.480000 9.757827e-17 4.075802e-18
6427.480000 8.631364e-17 4.041667e-18
6430.480000 8.785946e-17 4.122148e-18
6433.480000 9.151399e-17 4.207756e-18
6436.480000 8.774445e-17 4.222182e-18
6439.480000 8.257738e-17 4.266524e-18
6442.480000 8.615133e-17 4.379160e-18
6445.480000 8.540751e-17 4.443662e-18
6448.480000 7.703689e-17 4.539321e-18
6451.480000 7.079742e-17 4.571303e-18
6454.480000 7.209985e-17 4.662150e-18
6457.480000 7.463354e-17 4.857312e-18
6460.480000 6.427287e-17 4.983346e-18
6463.480000 6.250007e-17 5.221186e-18
6466.480000 6.188247e-17 5.389172e-18
6469.480000 5.939027e-17 5.355384e-18
6472.480000 6.376095e-17 5.174973e-18
6475.480000 6.146106e-17 4.837656e-18
6478.480000 6.125966e-17 4.649905e-18
6481.480000 5.477364e-17 4.406010e-18
6484.480000 5.240233e-17 4.248243e-18
6487.480000 5.989740e-17 4.210562e-18
6490.480000 6.132969e-17 4.145555e-18
6493.480000 6.678027e-17 4.210182e-18
6496.480000 7.397218e-17 4.398408e-18
6499.480000 7.499308e-17 4.442008e-18
6502.480000 7.262752e-17 4.276397e-18
6505.480000 6.670555e-17 4.048451e-18
6508.480000 6.170713e-17 3.811524e-18
6511.480000 6.856171e-17 3.733690e-18
6514.480000 7.764163e-17 3.747268e-18
6517.480000 7.814251e-17 3.725220e-18
6520.480000 8.112457e-17 3.740938e-18
6523.480000 8.613274e-17 3.777085e-18
6526.480000 8.927136e-17 3.827257e-18
6529.480000 9.161891e-17 3.899459e-18
6532.480000 9.391516e-17 3.971957e-18
6535.480000 9.431204e-17 3.954994e-18
6538.480000 9.956168e-17 3.952048e-18
6541.480000 1.045662e-16 4.023035e-18
6544.480000 1.046069e-16 4.106101e-18
6547.480000 1.045486e-16 4.191292e-18
6550.480000 1.074667e-16 4.324005e-18
6553.480000 1.137059e-16 4.510578e-18
6556.480000 1.169739e-16 4.695173e-18
6559.480000 1.234840e-16 5.028917e-18
6562.480000 1.277806e-16 5.275492e-18
6565.480000 1.290438e-16 5.203949e-18
6568.480000 1.259407e-16 5.009503e-18
6571.480000 1.322688e-16 4.987028e-18
6574.480000 1.386062e-16 5.142036e-18
6577.480000 1.395685e-16 5.353739e-18
6580.480000 1.385251e-16 5.508239e-18
6583.480000 1.375126e-16 5.587762e-18
6586.480000 1.351219e-16 5.553482e-18
6589.480000 1.431841e-16 5.605295e-18
6592.480000 1.506556e-16 5.688064e-18
6595.480000 1.507177e-16 5.655632e-18
6598.480000 1.510302e-16 5.588780e-18
6601.480000 1.565572e-16 5.526988e-18
6604.480000 1.595399e-16 5.414238e-18
6607.480000 1.589466e-16 5.246095e-18
6610.480000 1.605254e-16 5.055656e-18
6613.480000 1.644022e-16 4.943930e-18
6616.480000 1.671714e-16 4.853567e-18
6619.480000 1.730364e-16 4.814266e-18
6622.480000 1.668875e-16 4.675298e-18
6625.480000 1.619180e-16 4.550152e-18
6628.480000 1.683964e-16 4.525751e-18
6631.480000 1.721641e-16 4.506729e-18
6634.480000 1.670105e-16 4.395000e-18
6637.480000 1.640553e-16 4.281037e-18
6640.480000 1.708654e-16 4.247760e-18
6643.480000 1.749968e-16 4.226958e-18
6646.480000 1.748680e-16 4.199659e-18
6649.480000 1.754986e-16 4.185976e-18
6652.480000 1.755197e-16 4.172679e-18
6655.480000 1.746172e-16 4.145277e-18
6658.480000 1.738902e-16 4.126037e-18
6661.480000 1.686457e-16 4.103750e-18
6664.480000 1.712581e-16 4.152690e-18
6667.480000 1.784407e-16 4.220553e-18
6670.480000 1.783932e-16 4.242928e-18
6673.480000 1.730115e-16 4.230133e-18
6676.480000 1.702359e-16 4.271365e-18
6679.480000 1.669638e-16 4.312059e-18
6682.480000 1.642540e-16 4.378144e-18
6685.480000 1.731840e-16 4.532682e-18
6688.480000 1.798640e-16 4.642863e-18
6691.480000 1.780996e-16 4.711495e-18
6694.480000 1.740753e-16 4.784805e-18
6697.480000 1.707211e-16 4.874970e-18
6700.480000 1.737585e-16 4.963561e-18
6703.480000 1.708719e-16 5.034020e-18
6706.480000 1.678389e-16 5.132035e-18
6709.480000 1.723314e-16 5.296778e-18
6712.480000 1.745275e-16 5.497302e-18
6715.480000 1.760656e-16 5.713436e-18
6718.480000 1.736627e-16 5.754046e-18
6721.480000 1.722351e-16 5.602234e-18
6724.480000 1.692962e-16 5.401723e-18
6727.480000 1.668453e-16 5.273225e-18
6730.480000 1.682975e-16 5.188897e-18
6733.480000 1.548782e-16 5.005529e-18
6736.480000 1.582273e-16 4.856884e-18
6739.480000 1.580868e-16 4.769442e-18
6742.480000 1.593242e-16 4.661806e-18
6745.480000 1.566655e-16 4.564535e-18
6748.480000 1.513321e-16 4.415907e-18
6751.480000 1.498776e-16 4.375155e-18
6754.480000 1.504109e-16 4.340947e-18
6757.480000 1.498121e-16 4.240711e-18
6760.480000 1.612127e-16 4.189762e-18
6763.480000 1.698347e-16 4.132455e-18
6766.480000 1.717519e-16 4.058290e-18
6769.480000 1.638520e-16 3.960357e-18
6772.480000 1.597575e-16 3.909335e-18
6775.480000 1.559152e-16 3.865013e-18
6778.480000 1.516431e-16 3.820623e-18
6781.480000 1.519884e-16 3.817138e-18
6784.480000 1.563322e-16 3.844082e-18
6787.480000 1.576925e-16 3.856159e-18
6790.480000 1.548023e-16 3.854498e-18
6793.480000 1.507791e-16 3.849267e-18
6796.480000 1.497204e-16 3.871744e-18
6799.480000 1.470026e-16 3.891021e-18
6802.480000 1.456899e-16 3.941709e-18
6805.480000 1.496148e-16 4.031379e-18
6808.480000 1.477999e-16 4.081612e-18
6811.480000 1.488211e-16 4.148790e-18
6814.480000 1.473931e-16 4.201165e-18
6817.480000 1.453098e-16 4.301271e-18
6820.480000 1.471883e-16 4.470521e-18
6823.480000 1.506932e-16 4.770118e-18
6826.480000 1.504493e-16 5.201501e-18
6829.480000 1.508180e-16 5.571888e-18
6832.480000 1.496230e-16 5.722818e-18
6835.480000 1.459690e-16 5.661376e-18
6838.480000 1.420747e-16 5.489687e-18
6841.480000 1.472751e-16 5.425314e-18
6844.480000 1.446217e-16 5.349914e-18
6847.480000 1.394841e-16 5.153536e-18
6850.480000 1.446330e-16 5.039102e-18
6853.480000 1.449860e-16 4.934629e-18
6856.480000 1.406303e-16 4.858658e-18
6859.480000 1.371515e-16 5.056053e-18
6862.480000 1.415161e-16 5.447528e-18
6865.480000 1.350668e-16 5.675079e-18
6868.480000 1.258213e-16 5.439186e-18
6871.480000 1.305010e-16 5.138871e-18
6874.480000 1.294008e-16 4.790791e-18
6877.480000 1.283579e-16 4.496615e-18
6880.480000 1.319268e-16 4.352431e-18
6883.480000 1.361384e-16 4.264452e-18
6886.480000 1.430366e-16 4.281876e-18
6889.480000 1.412943e-16 4.256439e-18
6892.480000 1.400147e-16 4.201577e-18
6895.480000 1.391552e-16 4.111138e-18
6898.480000 1.370605e-16 4.057563e-18
6901.480000 1.363934e-16 4.016241e-18
6904.480000 1.348946e-16 3.943129e-18
6907.480000 1.338524e-16 3.909222e-18
6910.480000 1.332184e-16 3.957763e-18
6913.480000 1.312107e-16 3.987557e-18
6916.480000 1.312224e-16 3.999393e-18
6919.480000 1.312015e-16 4.087887e-18
6922.480000 1.264370e-16 4.212490e-18
6925.480000 1.249812e-16 4.257230e-18
6928.480000 1.225582e-16 4.165932e-18
6931.480000 1.160264e-16 4.072271e-18
6934.480000 1.180897e-16 4.100378e-18
6937.480000 1.211170e-16 4.219647e-18
6940.480000 1.215261e-16 4.324831e-18
6943.480000 1.183406e-16 4.460866e-18
6946.480000 1.160604e-16 4.748339e-18
6949.480000 1.256945e-16 5.011133e-18
6952.480000 1.236417e-16 4.979249e-18
6955.480000 1.215546e-16 4.815559e-18
6958.480000 1.211585e-16 4.717300e-18
6961.480000 1.176224e-16 4.759973e-18
6964.480000 1.179522e-16 4.865030e-18
6967.480000 1.193520e-16 5.081665e-18
6970.480000 1.305273e-16 5.210631e-18
6973.480000 1.208113e-16 5.109980e-18
6976.480000 1.184073e-16 5.039367e-18
6979.480000 1.189451e-16 4.930994e-18
6982.480000 1.158220e-16 4.672037e-18
6985.480000 1.153613e-16 4.418175e-18
6988.480000 1.120062e-16 4.220131e-18
6991.480000 1.093265e-16 4.070070e-18
6994.480000 1.141357e-16 3.999114e-18
6997.480000 1.158313e-16 3.952472e-18
7000.480000 1.182492e-16 3.917930e-18
7003.480000 1.163000e-16 3.874493e-18
7006.480000 1.117683e-16 3.811804e-18
7009.480000 1.084089e-16 3.760663e-18
7012.480000 1.104987e-16 3.714474e-18
7015.480000 1.129166e-16 3.631179e-18
7018.480000 1.119289e-16 3.515809e-18
7021.480000 1.118209e-16 3.441315e-18
7024.480000 1.120080e-16 3.403854e-18
7027.480000 1.115410e-16 3.376587e-18
7030.480000 1.088573e-16 3.353260e-18
7033.480000 1.056770e-16 3.339137e-18
7036.480000 1.068987e-16 3.374917e-18
7039.480000 1.079427e-16 3.431728e-18
7042.480000 1.072578e-16 3.500259e-18
7045.480000 1.105073e-16 3.582962e-18
7048.480000 1.091899e-16 3.624607e-18
7051.480000 1.020660e-16 3.656748e-18
7054.480000 1.015547e-16 3.658167e-18
7057.480000 1.033456e-16 3.681821e-18
7060.480000 1.058263e-16 3.765628e-18
7063.480000 1.086111e-16 3.868520e-18
7066.480000 1.126742e-16 3.903075e-18
7069.480000 1.089906e-16 3.934640e-18
7072.480000 1.084090e-16 3.994200e-18
7075.480000 1.074586e-16 4.068142e-18
7078.480000 1.050109e-16 4.140616e-18
7081.480000 1.020966e-16 4.214322e-18
7084.480000 1.016031e-16 4.332708e-18
7087.480000 1.023307e-16 4.479701e-18
7090.480000 1.011078e-16 4.574236e-18
7093.480000 9.250999e-17 4.576958e-18
7096.480000 9.448147e-17 4.554292e-18
7099.480000 1.004140e-16 4.471964e-18
7102.480000 9.823189e-17 4.358385e-18
7105.480000 9.486961e-17 4.275062e-18
7108.480000 9.490581e-17 4.161152e-18
7111.480000 9.376656e-17 4.028777e-18
7114.480000 9.457739e-17 3.921742e-18
7117.480000 9.266852e-17 3.821913e-18
7120.480000 9.399143e-17 3.742734e-18
7123.480000 9.685565e-17 3.691208e-18
7126.480000 9.567312e-17 3.634747e-18
7129.480000 9.260711e-17 3.556233e-18
7132.480000 9.079814e-17 3.482361e-18
7135.480000 9.008158e-17 3.431453e-18
7138.480000 9.269225e-17 3.416602e-18
7141.480000 9.332389e-17 3.395018e-18
7144.480000 8.862307e-17 3.351867e-18
7147.480000 8.655731e-17 3.306885e-18
7150.480000 8.469124e-17 3.243310e-18
7153.480000 8.395844e-17 3.205535e-18
7156.480000 8.637801e-17 3.195431e-18
7159.480000 8.791927e-17 3.197818e-18
7162.480000 8.858066e-17 3.208500e-18
7165.480000 8.914635e-17 3.229843e-18
7168.480000 9.022605e-17 3.261458e-18
7171.480000 8.980801e-17 3.288817e-18
7174.480000 8.647146e-17 3.306680e-18
7177.480000 8.573874e-17 3.342631e-18
7180.480000 8.804318e-17 3.384374e-18
7183.480000 8.560876e-17 3.385434e-18
7186.480000 7.934760e-17 3.369156e-18
7189.480000 8.198960e-17 3.440426e-18
7192.480000 8.461113e-17 3.517773e-18
7195.480000 8.555424e-17 3.602899e-18
7198.480000 8.803340e-17 3.705212e-18
7201.480000 8.731371e-17 3.756268e-18
7204.480000 8.467908e-17 3.817499e-18
7207.480000 8.373209e-17 3.883986e-18
7210.480000 8.542314e-17 4.000898e-18
7213.480000 8.658678e-17 4.146426e-18
7216.480000 8.638003e-17 4.249300e-18
7219.480000 8.642283e-17 4.353786e-18
7222.480000 8.169658e-17 4.355627e-18
7225.480000 8.678905e-17 4.324761e-18
7228.480000 9.057083e-17 4.304037e-18
7231.480000 8.461924e-17 4.270344e-18
7234.480000 7.948385e-17 4.518639e-18
7237.480000 8.408499e-17 5.167171e-18
7240.480000 8.780280e-17 5.754079e-18
7243.480000 8.694794e-17 5.826588e-18
7246.480000 8.003703e-17 5.381887e-18
7249.480000 7.611800e-17 4.704493e-18
7252.480000 7.792345e-17 4.179686e-18
7255.480000 8.172773e-17 3.904699e-18
7258.480000 8.031262e-17 3.643524e-18
7261.480000 7.584833e-17 3.432774e-18
7264.480000 7.640243e-17 3.383958e-18
7267.480000 7.773071e-17 3.492515e-18
7270.480000 7.844984e-17 3.810284e-18
7273.480000 8.587924e-17 4.346451e-18
7276.480000 9.470017e-17 4.733650e-18
7279.480000 8.688985e-17 4.593400e-18
7282.480000 7.372849e-17 4.190215e-18
7285.480000 7.084993e-17 3.878292e-18
7288.480000 7.134600e-17 3.619635e-18
7291.480000 7.172471e-17 3.438447e-18
7294.480000 7.410254e-17 3.426361e-18
7297.480000 7.959953e-17 3.514616e-18
7300.480000 8.338171e-17 3.629140e-18
7303.480000 8.283196e-17 3.732631e-18
7306.480000 8.013417e-17 3.745936e-18
7309.480000 7.589077e-17 3.861657e-18
7312.480000 7.767903e-17 4.339486e-18
7315.480000 8.066287e-17 4.806697e-18
7318.480000 7.203395e-17 4.800727e-18
7321.480000 6.407326e-17 4.407497e-18
7324.480000 6.650070e-17 4.292863e-18
7327.480000 7.665245e-17 4.596323e-18
7330.480000 8.237021e-17 4.829159e-18
7333.480000 7.921481e-17 5.086282e-18
7336.480000 8.359334e-17 5.221105e-18
7339.480000 8.519198e-17 5.910068e-18
7342.480000 8.255809e-17 6.108773e-18
7345.480000 6.927453e-17 5.499035e-18
7348.480000 7.017166e-17 4.784217e-18
7351.480000 7.599607e-17 4.499656e-18
7354.480000 7.783989e-17 4.530006e-18
7357.480000 7.745420e-17 4.684958e-18
7360.480000 7.349380e-17 4.720177e-18
7363.480000 7.725368e-17 4.652475e-18
7366.480000 7.991748e-17 4.846809e-18
7369.480000 8.198271e-17 5.101874e-18
7372.480000 6.785084e-17 4.791713e-18
7375.480000 6.462346e-17 4.112900e-18
7378.480000 6.852443e-17 3.643226e-18
7381.480000 7.230420e-17 3.455315e-18
7384.480000 7.639087e-17 3.423800e-18
7387.480000 7.826081e-17 3.516961e-18
7390.480000 8.042595e-17 3.641122e-18
7393.480000 8.113438e-17 3.679823e-18
7396.480000 7.582869e-17 3.673019e-18
7399.480000 7.981290e-17 3.800177e-18
7402.480000 8.301359e-17 3.890894e-18
7405.480000 7.944118e-17 3.683295e-18
7408.480000 7.161278e-17 3.322540e-18
7411.480000 7.079496e-17 3.126470e-18
7414.480000 7.177990e-17 3.082493e-18
7417.480000 6.759060e-17 3.053460e-18
7420.480000 6.831102e-17 3.089677e-18
7423.480000 6.943581e-17 3.164272e-18
7426.480000 7.215684e-17 3.314371e-18
7429.480000 7.372661e-17 3.459685e-18
7432.480000 7.427330e-17 3.580500e-18
7435.480000 7.630322e-17 3.733363e-18
7438.480000 7.697114e-17 3.854965e-18
7441.480000 7.411361e-17 3.782770e-18
7444.480000 7.241185e-17 3.629936e-18
7447.480000 7.118276e-17 3.560832e-18
7450.480000 6.964225e-17 3.574195e-18
7453.480000 6.927726e-17 3.677424e-18
7456.480000 7.244934e-17 3.826837e-18
7459.480000 7.797171e-17 4.038179e-18
7462.480000 7.983759e-17 4.266117e-18
7465.480000 7.874377e-17 4.503998e-18
7468.480000 7.293872e-17 4.659676e-18
7471.480000 6.774869e-17 4.831882e-18
7474.480000 6.873451e-17 4.908446e-18
7477.480000 7.036601e-17 4.809889e-18
7480.480000 7.016364e-17 4.752936e-18
7483.480000 7.561551e-17 4.649702e-18
7486.480000 7.097233e-17 4.341736e-18
7489.480000 6.707760e-17 3.967643e-18
7492.480000 6.929090e-17 3.795785e-18
7495.480000 6.688545e-17 3.670208e-18
7498.480000 6.859542e-17 3.563376e-18
7501.480000 7.204940e-17 3.454144e-18
7504.480000 7.200104e-17 3.354889e-18
7507.480000 7.248288e-17 3.275946e-18
7510.480000 7.467943e-17 3.260192e-18
7513.480000 7.334802e-17 3.244589e-18
7516.480000 6.903040e-17 3.316555e-18
7519.480000 6.776299e-17 3.596935e-18
7522.480000 7.257251e-17 3.925089e-18
7525.480000 7.452166e-17 4.038444e-18
7528.480000 6.298107e-17 3.770260e-18
7531.480000 6.502723e-17 3.467715e-18
7534.480000 7.176097e-17 3.276766e-18
7537.480000 7.121388e-17 3.147313e-18
7540.480000 7.119913e-17 3.107361e-18
7543.480000 7.036955e-17 3.074346e-18
7546.480000 6.996926e-17 3.071082e-18
7549.480000 6.826434e-17 3.099997e-18
7552.480000 6.509103e-17 3.171136e-18
7555.480000 6.447581e-17 3.292797e-18
7558.480000 6.688203e-17 3.393065e-18
7561.480000 6.601472e-17 3.400061e-18
7564.480000 6.208100e-17 3.443783e-18
7567.480000 6.222860e-17 3.741480e-18
7570.480000 6.504932e-17 4.130285e-18
7573.480000 6.341961e-17 4.202557e-18
7576.480000 6.093572e-17 3.950654e-18
7579.480000 6.538158e-17 3.818309e-18
7582.480000 7.109006e-17 3.963399e-18
7585.480000 7.594797e-17 4.217996e-18
7588.480000 7.466057e-17 4.454455e-18
7591.480000 6.558595e-17 4.673882e-18
7594.480000 6.477790e-17 5.625727e-18
7597.480000 7.365087e-17 7.099808e-18
7600.480000 8.351253e-17 8.758518e-18
7603.480000 6.730068e-17 8.614023e-18
7606.480000 6.200449e-17 8.220702e-18
7609.480000 5.679843e-17 6.991520e-18
7612.480000 6.103088e-17 6.099734e-18
7615.480000 6.452063e-17 5.389902e-18
7618.480000 6.700357e-17 5.197330e-18
7621.480000 5.828049e-17 4.909848e-18
7624.480000 5.546519e-17 5.095159e-18
7627.480000 6.522547e-17 5.440185e-18
7630.480000 6.791681e-17 5.479432e-18
7633.480000 6.230242e-17 5.027936e-18
7636.480000 6.123622e-17 4.525212e-18
7639.480000 6.559506e-17 4.289505e-18
7642.480000 6.389141e-17 4.042167e-18
7645.480000 5.940368e-17 3.810248e-18
7648.480000 6.218347e-17 3.692735e-18
7651.480000 6.603458e-17 3.666119e-18
7654.480000 6.228768e-17 3.567130e-18
7657.480000 6.088503e-17 3.498331e-18
7660.480000 6.495897e-17 3.514900e-18
7663.480000 6.705806e-17 3.460488e-18
7666.480000 6.132873e-17 3.283350e-18
7669.480000 5.666962e-17 3.112223e-18
7672.480000 5.603938e-17 3.043652e-18
7675.480000 5.835997e-17 3.061773e-18
7678.480000 6.288341e-17 3.144910e-18
7681.480000 6.589449e-17 3.229758e-18
7684.480000 6.026520e-17 3.293303e-18
7687.480000 5.876297e-17 3.381884e-18
7690.480000 6.141994e-17 3.475400e-18
7693.480000 5.780027e-17 3.514520e-18
7696.480000 5.851813e-17 3.655901e-18
7699.480000 5.835243e-17 3.755808e-18
7702.480000 5.596197e-17 3.785488e-18
7705.480000 5.761104e-17 4.047854e-18
7708.480000 5.463549e-17 4.826506e-18
7711.480000 6.153829e-17 6.044612e-18
7714.480000 7.484432e-17 6.906221e-18
7717.480000 7.655154e-17 6.892545e-18
7720.480000 6.534524e-17 6.128726e-18
7723.480000 5.397785e-17 5.337283e-18
7726.480000 5.400224e-17 4.955364e-18
7729.480000 4.898910e-17 4.482685e-18
7732.480000 4.620661e-17 4.112464e-18
7735.480000 5.915134e-17 4.043324e-18
7738.480000 6.007660e-17 3.945706e-18
7741.480000 5.263442e-17 3.859019e-18
7744.480000 5.084014e-17 4.119074e-18
7747.480000 6.157266e-17 4.929079e-18
7750.480000 8.274472e-17 5.678620e-18
7753.480000 6.359812e-17 5.425334e-18
7756.480000 3.933608e-17 4.561852e-18
7759.480000 4.992028e-17 4.201437e-18
7762.480000 5.260564e-17 3.976776e-18
7765.480000 4.349615e-17 3.515221e-18
7768.480000 4.443826e-17 3.298529e-18
7771.480000 5.096283e-17 3.434807e-18
7774.480000 5.723466e-17 3.594014e-18
7777.480000 5.648396e-17 3.643288e-18
7780.480000 4.924527e-17 3.577303e-18
7783.480000 4.820345e-17 3.453572e-18
7786.480000 4.903421e-17 3.439000e-18
7789.480000 4.875140e-17 3.798852e-18
7792.480000 5.854914e-17 4.348808e-18
7795.480000 5.692815e-17 4.409268e-18
7798.480000 4.478596e-17 3.864080e-18
7801.480000 3.476198e-17 3.382057e-18
7804.480000 3.595802e-17 3.494836e-18
7807.480000 4.903300e-17 3.868964e-18
7810.480000 5.190157e-17 3.940442e-18
7813.480000 4.741577e-17 3.894775e-18
7816.480000 5.540325e-17 4.395734e-18
7819.480000 6.889864e-17 5.416585e-18
7822.480000 7.086863e-17 5.958881e-18
7825.480000 4.707288e-17 5.339358e-18
7828.480000 4.585421e-17 4.082810e-18
7831.480000 4.298338e-17 3.775280e-18
7834.480000 4.770751e-17 3.914402e-18
7837.480000 4.525073e-17 4.273249e-18
7840.480000 4.673006e-17 4.747927e-18
7843.480000 4.285400e-17 4.922923e-18
7846.480000 3.331743e-17 5.041058e-18
7849.480000 3.800699e-17 5.964439e-18
7852.480000 6.765142e-17 7.055340e-18
7855.480000 6.311637e-17 6.959113e-18
7858.480000 4.639611e-17 6.122356e-18
7861.480000 3.386760e-17 5.371163e-18
7864.480000 2.778871e-17 4.872362e-18
7867.480000 4.012490e-17 4.855569e-18
7870.480000 5.000805e-17 5.031313e-18
7873.480000 4.259144e-17 4.761999e-18
7876.480000 3.657718e-17 4.345486e-18
7879.480000 4.275867e-17 4.354337e-18
7882.480000 3.554956e-17 4.303460e-18
7885.480000 2.960440e-17 4.149692e-18
7888.480000 4.188332e-17 4.323994e-18
7891.480000 4.553183e-17 4.337689e-18
7894.480000 3.309967e-17 3.821735e-18
7897.480000 2.926567e-17 3.259281e-18
7900.480000 3.011189e-17 3.039379e-18
7903.480000 2.884383e-17 3.063005e-18
7906.480000 2.558378e-17 3.391747e-18
7909.480000 3.074567e-17 4.228326e-18
7912.480000 5.421963e-17 5.170489e-18
7915.480000 5.610191e-17 5.379753e-18
7918.480000 3.526005e-17 4.920192e-18
7921.480000 3.312262e-17 4.491815e-18
7924.480000 2.971184e-17 4.058603e-18
7927.480000 2.711128e-17 3.829589e-18
7930.480000 3.936350e-17 3.982906e-18
7933.480000 4.109547e-17 3.897915e-18
7936.480000 3.032363e-17 3.485653e-18
7939.480000 3.484920e-17 3.327282e-18
7942.480000 4.101027e-17 3.471615e-18
7945.480000 4.525612e-17 3.851249e-18
7948.480000 5.142634e-17 4.192639e-18
7951.480000 4.783634e-17 4.148367e-18
7954.480000 3.368963e-17 3.819006e-18
7957.480000 2.994739e-17 3.919474e-18
7960.480000 3.282151e-17 4.857033e-18
7963.480000 6.979420e-17 6.189997e-18
7966.480000 5.378585e-17 6.284681e-18
7969.480000 2.107093e-17 5.291043e-18
7972.480000 3.127276e-17 4.758179e-18
7975.480000 4.222025e-17 5.034054e-18
7978.480000 5.769429e-17 5.493383e-18
7981.480000 4.873668e-17 5.242044e-18
7984.480000 3.413100e-17 4.618289e-18
7987.480000 3.451197e-17 4.550661e-18
7990.480000 5.498543e-17 5.505951e-18
7993.480000 7.357404e-17 6.243864e-18
7996.480000 4.473322e-17 5.670018e-18
7999.480000 3.096579e-17 4.376473e-18
8002.480000 3.704708e-17 3.649553e-18
8005.480000 4.379973e-17 3.468181e-18
8008.480000 4.539357e-17 3.481297e-18
8011.480000 5.669425e-17 3.789848e-18
8014.480000 5.888145e-17 4.054791e-18
8017.480000 4.390513e-17 3.943529e-18
8020.480000 4.260057e-17 3.935468e-18
8023.480000 5.863819e-17 4.425317e-18
8026.480000 6.470599e-17 4.758034e-18
8029.480000 4.878864e-17 4.325469e-18
8032.480000 3.883621e-17 3.573265e-18
8035.480000 4.133725e-17 3.159937e-18
8038.480000 4.408951e-17 3.037190e-18
8041.480000 4.419207e-17 3.020092e-18
8044.480000 4.692932e-17 3.094766e-18
8047.480000 5.381883e-17 3.309654e-18
8050.480000 5.412848e-17 3.546567e-18
8053.480000 5.454739e-17 3.649699e-18
8056.480000 5.050090e-17 3.684099e-18
8059.480000 5.870863e-17 4.042893e-18
8062.480000 6.491033e-17 4.291076e-18
8065.480000 5.133243e-17 3.977223e-18
8068.480000 4.659062e-17 3.604186e-18
8071.480000 5.209843e-17 3.527471e-18
8074.480000 5.257876e-17 3.556952e-18
8077.480000 5.047112e-17 3.622231e-18
8080.480000 4.425653e-17 3.642826e-18
8083.480000 4.771628e-17 3.785488e-18
8086.480000 5.057438e-17 3.880255e-18
8089.480000 4.628511e-17 3.980642e-18
8092.480000 5.273557e-17 4.267528e-18
8095.480000 5.326085e-17 4.501077e-18
8098.480000 5.159686e-17 4.789685e-18
8101.480000 6.125019e-17 5.151010e-18
8104.480000 4.721443e-17 4.895167e-18
8107.480000 4.697894e-17 4.301075e-18
8110.480000 4.060820e-17 3.919533e-18
8113.480000 4.653486e-17 3.793472e-18
8116.480000 5.011602e-17 3.701537e-18
8119.480000 4.882351e-17 3.592349e-18
8122.480000 5.114540e-17 3.528604e-18
8125.480000 5.259348e-17 3.476798e-18
8128.480000 5.092101e-17 3.430216e-18
8131.480000 4.561603e-17 3.338823e-18
8134.480000 4.773918e-17 3.340518e-18
8137.480000 5.450698e-17 3.423568e-18
8140.480000 5.265050e-17 3.412601e-18
8143.480000 4.986542e-17 3.360335e-18
8146.480000 4.804191e-17 3.311503e-18
8149.480000 4.806601e-17 3.236395e-18
8152.480000 4.839087e-17 3.118139e-18
8155.480000 4.740835e-17 3.000718e-18
8158.480000 4.920745e-17 2.964073e-18
8161.480000 4.883453e-17 2.962640e-18
8164.480000 5.122696e-17 2.977475e-18
8167.480000 5.175457e-17 2.968705e-18
8170.480000 5.281310e-17 2.998424e-18
8173.480000 5.496245e-17 3.041901e-18
8176.480000 5.136705e-17 3.051876e-18
8179.480000 5.116864e-17 3.096511e-18
8182.480000 5.190280e-17 3.139220e-18
8185.480000 5.734446e-17 3.255451e-18
8188.480000 5.507093e-17 3.312021e-18
8191.480000 5.133339e-17 3.360514e-18
8194.480000 5.157499e-17 3.427269e-18
8197.480000 5.255375e-17 3.485388e-18
8200.480000 5.228647e-17 3.528569e-18
8203.480000 5.263661e-17 3.604682e-18
8206.480000 5.211763e-17 3.681572e-18
8209.480000 5.274614e-17 3.775623e-18
8212.480000 5.395062e-17 3.862449e-18
8215.480000 5.495177e-17 3.971253e-18
8218.480000 5.225259e-17 4.031205e-18
8221.480000 5.679961e-17 4.127310e-18
8224.480000 5.071237e-17 4.166273e-18
8227.480000 5.376680e-17 4.161279e-18
8230.480000 5.530331e-17 4.083369e-18
8233.480000 5.765996e-17 4.036729e-18
8236.480000 5.869211e-17 3.965378e-18
8239.480000 6.582800e-17 4.001902e-18
8242.480000 6.562666e-17 3.945044e-18
8245.480000 5.989773e-17 3.817380e-18
8248.480000 5.270876e-17 3.660314e-18
8251.480000 5.888749e-17 3.675523e-18
8254.480000 5.306004e-17 3.542679e-18
8257.480000 5.400393e-17 3.468075e-18
8260.480000 5.599874e-17 3.396852e-18
8263.480000 5.629080e-17 3.335162e-18
8266.480000 5.436897e-17 3.283704e-18
8269.480000 5.233585e-17 3.292704e-18
8272.480000 5.193049e-17 3.450044e-18
8275.480000 5.718627e-17 3.983409e-18
8278.480000 6.404217e-17 4.708570e-18
8281.480000 6.148408e-17 5.180887e-18
8284.480000 5.688875e-17 5.335244e-18
8287.480000 6.474236e-17 5.415650e-18
8290.480000 5.798983e-17 5.226568e-18
8293.480000 5.256953e-17 5.085633e-18
8296.480000 7.504015e-17 5.456736e-18
8299.480000 8.226810e-17 5.496899e-18
8302.480000 5.798978e-17 4.754880e-18
8305.480000 5.284029e-17 4.141589e-18
8308.480000 5.947224e-17 4.142961e-18
8311.480000 5.794869e-17 4.171409e-18
8314.480000 4.821805e-17 3.873320e-18
8317.480000 4.932226e-17 3.649155e-18
8320.480000 5.548530e-17 3.626273e-18
8323.480000 5.868459e-17 3.611713e-18
8326.480000 5.634941e-17 3.620996e-18
8329.480000 5.700737e-17 3.719990e-18
8332.480000 5.910514e-17 3.942658e-18
8335.480000 5.664888e-17 4.397534e-18
8338.480000 5.496796e-17 5.681349e-18
8341.480000 8.729131e-17 8.099500e-18
8344.480000 1.146070e-16 9.673093e-18
8347.480000 6.097966e-17 9.020275e-18
8350.480000 4.667635e-17 7.737274e-18
8353.480000 7.657493e-17 7.187723e-18
8356.480000 5.219433e-17 6.039614e-18
8359.480000 4.756427e-17 5.071401e-18
8362.480000 5.793376e-17 4.989367e-18
8365.480000 5.637950e-17 4.950656e-18
8368.480000 4.926028e-17 4.504304e-18
8371.480000 5.076549e-17 4.046165e-18
8374.480000 5.416016e-17 3.927926e-18
8377.480000 6.130164e-17 4.239674e-18
8380.480000 7.107448e-17 4.809430e-18
8383.480000 6.594935e-17 4.928451e-18
8386.480000 5.492792e-17 4.433839e-18
8389.480000 5.004762e-17 3.881762e-18
8392.480000 5.537877e-17 4.093428e-18
8395.480000 7.475800e-17 5.147217e-18
8398.480000 8.773447e-17 6.208339e-18
8401.480000 5.308670e-17 5.972791e-18
8404.480000 3.348481e-17 4.696962e-18
8407.480000 4.204255e-17 3.741506e-18
8410.480000 6.005216e-17 3.899169e-18
8413.480000 7.538431e-17 4.496558e-18
8416.480000 6.594527e-17 4.606818e-18
8419.480000 4.686404e-17 4.153355e-18
8422.480000 4.411476e-17 4.070088e-18
8425.480000 6.692097e-17 5.156234e-18
8428.480000 9.584907e-17 6.489525e-18
8431.480000 7.684811e-17 6.569821e-18
8434.480000 4.133920e-17 5.286153e-18
8437.480000 4.358581e-17 4.059696e-18
8440.480000 5.360903e-17 3.697522e-18
8443.480000 5.525634e-17 3.854400e-18
8446.480000 5.864447e-17 4.327018e-18
8449.480000 6.723571e-17 5.035434e-18
8452.480000 6.265699e-17 5.314683e-18
8455.480000 4.440585e-17 4.965701e-18
8458.480000 4.143602e-17 4.861267e-18
8461.480000 7.008851e-17 6.185869e-18
8464.480000 8.758919e-17 7.497910e-18
8467.480000 5.386732e-17 7.137337e-18
8470.480000 3.553865e-17 5.638081e-18
8473.480000 4.861889e-17 4.727889e-18
8476.480000 4.881447e-17 4.444297e-18
8479.480000 5.099590e-17 4.277439e-18
8482.480000 5.075698e-17 4.143812e-18
8485.480000 5.042892e-17 4.128338e-18
8488.480000 5.388564e-17 4.338156e-18
8491.480000 5.862627e-17 4.829499e-18
8494.480000 5.111469e-17 4.983276e-18
8497.480000 3.899611e-17 4.681748e-18
8500.480000 4.389396e-17 4.710037e-18
8503.480000 5.533972e-17 5.369193e-18
8506.480000 4.803740e-17 5.367929e-18
8509.480000 3.926636e-17 4.504961e-18
8512.480000 3.981504e-17 3.584043e-18
8515.480000 4.652528e-17 3.300023e-18
8518.480000 4.930496e-17 3.240362e-18
8521.480000 4.920674e-17 3.195672e-18
8524.480000 4.805041e-17 3.128593e-18
8527.480000 4.722442e-17 3.075833e-18
8530.480000 4.644047e-17 3.108643e-18
8533.480000 4.722143e-17 3.223226e-18
8536.480000 4.848330e-17 3.405382e-18
8539.480000 4.724471e-17 3.538359e-18
8542.480000 4.467315e-17 3.547472e-18
8545.480000 5.301749e-17 3.781452e-18
8548.480000 5.944471e-17 4.029118e-18
8551.480000 5.148698e-17 3.876609e-18
8554.480000 4.821555e-17 3.501908e-18
8557.480000 5.045205e-17 3.286104e-18
8560.480000 5.018403e-17 3.227197e-18
8563.480000 4.871361e-17 3.241150e-18
8566.480000 4.690564e-17 3.264946e-18
8569.480000 4.884604e-17 3.370687e-18
8572.480000 4.998450e-17 3.480076e-18
8575.480000 4.860497e-17 3.523208e-18
8578.480000 4.864654e-17 3.609245e-18
8581.480000 4.787369e-17 3.694942e-18
8584.480000 5.137996e-17 3.926940e-18
8587.480000 4.976168e-17 4.172343e-18
8590.480000 4.603882e-17 4.259975e-18
8593.480000 5.271348e-17 4.434973e-18
8596.480000 5.107040e-17 4.650974e-18
8599.480000 4.265613e-17 4.607347e-18
8602.480000 4.076644e-17 4.450106e-18
8605.480000 4.478043e-17 4.333831e-18
8608.480000 3.701496e-17 4.248998e-18
8611.480000 3.871479e-17 4.427528e-18
8614.480000 4.366272e-17 4.763033e-18
8617.480000 4.712454e-17 5.120145e-18
8620.480000 4.416927e-17 5.475641e-18
8623.480000 4.739018e-17 5.786746e-18
8626.480000 5.188933e-17 6.011962e-18
8629.480000 3.581019e-17 5.941002e-18
8632.480000 3.128810e-17 5.743277e-18
8635.480000 2.719597e-17 5.351089e-18
8638.480000 2.782192e-17 4.835418e-18
8641.480000 3.147218e-17 4.372380e-18
8644.480000 3.037740e-17 4.133167e-18
8647.480000 3.039540e-17 4.335420e-18
8650.480000 4.588602e-17 4.850151e-18
8653.480000 5.164206e-17 5.183341e-18
8656.480000 4.670156e-17 5.252063e-18
8659.480000 4.405201e-17 5.214837e-18
8662.480000 3.919980e-17 5.143324e-18
8665.480000 4.256620e-17 5.048795e-18
8668.480000 4.381183e-17 4.880722e-18
8671.480000 4.116326e-17 4.686271e-18
8674.480000 3.983050e-17 4.472261e-18
8677.480000 4.397964e-17 4.267168e-18
8680.480000 3.792876e-17 4.002930e-18
8683.480000 2.716957e-17 3.758129e-18
8686.480000 2.511066e-17 3.639196e-18
8689.480000 2.388519e-17 3.566303e-18
8692.480000 2.733228e-17 3.555753e-18
8695.480000 3.379251e-17 3.585120e-18
8698.480000 3.067867e-17 3.626689e-18
8701.480000 2.736335e-17 3.627856e-18
8704.480000 2.693602e-17 3.678105e-18
8707.480000 2.705019e-17 3.705076e-18
8710.480000 2.873596e-17 3.722935e-18
8713.480000 2.975999e-17 3.751668e-18
8716.480000 3.414762e-17 3.842785e-18
8719.480000 3.031514e-17 3.815809e-18
8722.480000 2.292332e-17 3.848053e-18
8725.480000 2.885145e-17 4.049106e-18
8728.480000 3.036996e-17 4.099137e-18
8731.480000 3.488906e-17 4.107308e-18
8734.480000 2.497314e-17 3.977000e-18
8737.480000 2.252770e-17 3.865897e-18
8740.480000 2.288451e-17 3.820933e-18
8743.480000 2.680355e-17 3.762740e-18
8746.480000 2.883809e-17 3.724963e-18
8749.480000 3.019294e-17 3.717641e-18
8752.480000 2.961281e-17 3.955466e-18
8755.480000 3.638622e-17 4.830344e-18
8758.480000 5.284660e-17 6.299859e-18
8761.480000 4.830692e-17 7.335567e-18
8764.480000 5.043054e-17 7.617728e-18
8767.480000 4.618571e-17 7.497361e-18
8770.480000 2.496153e-17 6.830653e-18
8773.480000 3.014968e-17 6.293648e-18
8776.480000 5.740614e-17 6.719644e-18
8779.480000 5.152325e-17 6.697159e-18
8782.480000 3.185240e-17 5.575081e-18
8785.480000 3.572097e-17 4.675888e-18
8788.480000 4.469727e-17 5.039686e-18
8791.480000 4.496487e-17 5.064292e-18
8794.480000 3.545891e-17 4.270755e-18
8797.480000 3.187255e-17 3.613863e-18
8800.480000 3.243145e-17 3.311839e-18
8803.480000 3.620544e-17 3.315158e-18
8806.480000 3.725630e-17 3.402589e-18
8809.480000 3.757511e-17 3.487458e-18
8812.480000 3.589790e-17 3.491034e-18
8815.480000 3.141375e-17 3.596253e-18
8818.480000 2.947763e-17 4.299761e-18
8821.480000 4.208369e-17 6.356709e-18
8824.480000 6.237570e-17 9.152423e-18
8827.480000 6.442981e-17 1.039332e-17
8830.480000 2.978895e-17 9.218708e-18
8833.480000 4.930373e-17 8.031372e-18
8836.480000 5.082545e-17 7.767914e-18
8839.480000 2.983839e-17 6.747858e-18
8842.480000 2.176250e-17 5.337811e-18
8845.480000 3.108497e-17 5.242552e-18
8848.480000 4.553829e-17 5.874542e-18
8851.480000 4.284083e-17 5.967200e-18
8854.480000 2.984666e-17 5.318659e-18
8857.480000 3.594045e-17 4.838138e-18
8860.480000 4.487117e-17 4.939755e-18
8863.480000 5.088319e-17 5.711871e-18
8866.480000 5.484782e-17 6.639378e-18
8869.480000 4.645200e-17 6.602896e-18
8872.480000 3.187151e-17 5.409268e-18
8875.480000 3.305976e-17 4.428102e-18
8878.480000 4.832985e-17 4.711801e-18
8881.480000 7.776352e-17 6.216017e-18
8884.480000 9.434216e-17 8.118716e-18
8887.480000 7.861976e-17 8.525101e-18
8890.480000 5.370157e-17 6.937378e-18
8893.480000 5.147208e-17 4.972607e-18
8896.480000 4.897150e-17 4.399048e-18
8899.480000 6.250773e-17 5.035347e-18
8902.480000 7.108353e-17 5.862773e-18
8905.480000 5.346426e-17 5.741965e-18
8908.480000 3.112567e-17 4.835180e-18
8911.480000 3.838230e-17 4.520892e-18
8914.480000 6.078015e-17 5.773910e-18
8917.480000 7.806653e-17 7.667570e-18
8920.480000 6.075082e-17 8.332542e-18
8923.480000 4.286715e-17 7.071750e-18
8926.480000 4.910748e-17 5.169711e-18
8929.480000 4.972916e-17 4.172702e-18
8932.480000 5.503932e-17 4.007395e-18
8935.480000 5.812322e-17 4.185473e-18
8938.480000 5.828398e-17 4.919450e-18
8941.480000 6.414470e-17 5.937960e-18
8944.480000 5.922739e-17 6.178519e-18
8947.480000 4.575989e-17 5.439203e-18
8950.480000 4.175951e-17 5.214231e-18
8953.480000 6.801659e-17 6.938648e-18
8956.480000 9.254100e-17 9.093013e-18
8959.480000 6.850277e-17 9.362807e-18
8962.480000 5.243824e-17 7.473254e-18
8965.480000 5.639205e-17 5.552978e-18
8968.480000 6.529598e-17 5.103370e-18
8971.480000 6.897813e-17 5.143074e-18
8974.480000 6.404127e-17 5.171095e-18
8977.480000 6.116714e-17 5.322755e-18
8980.480000 7.043037e-17 5.627730e-18
8983.480000 7.535559e-17 6.111079e-18
8986.480000 6.673883e-17 6.839213e-18
8989.480000 6.131093e-17 7.050514e-18
8992.480000 5.253227e-17 6.371891e-18
8995.480000 6.515281e-17 6.069381e-18
8998.480000 8.500517e-17 7.136530e-18
9001.480000 8.768743e-17 8.104997e-18
9004.480000 7.065513e-17 7.384056e-18
9007.480000 6.398342e-17 5.654145e-18
9010.480000 6.068644e-17 4.535600e-18
9013.480000 5.716328e-17 4.176544e-18
9016.480000 5.717589e-17 4.046421e-18
9019.480000 6.350962e-17 4.075021e-18
9022.480000 6.480957e-17 4.092983e-18
9025.480000 6.428859e-17 4.057119e-18
9028.480000 6.858837e-17 4.064338e-18
9031.480000 7.401442e-17 4.206040e-18
9034.480000 7.679040e-17 4.546148e-18
9037.480000 7.805510e-17 4.924533e-18
9040.480000 7.361609e-17 4.975208e-18
9043.480000 7.054015e-17 4.921859e-18
9046.480000 7.932124e-17 5.373541e-18
9049.480000 8.139720e-17 5.761684e-18
9052.480000 6.814251e-17 5.385051e-18
9055.480000 5.929112e-17 4.660264e-18
9058.480000 6.038833e-17 4.278736e-18
9061.480000 6.487686e-17 4.260060e-18
9064.480000 6.659272e-17 4.365040e-18
9067.480000 6.633684e-17 4.466025e-18
9070.480000 6.388182e-17 4.464319e-18
9073.480000 6.245723e-17 4.425575e-18
9076.480000 6.467199e-17 4.428481e-18
9079.480000 6.028445e-17 4.483108e-18
9082.480000 5.716957e-17 4.604760e-18
9085.480000 6.147857e-17 4.863944e-18
9088.480000 6.501651e-17 5.243505e-18
9091.480000 6.600620e-17 5.716364e-18
9094.480000 6.132661e-17 5.849965e-18
9097.480000 5.589196e-17 5.904639e-18
