4020.  -5.368167E-17
4029.19999977395  -4.631951E-16
4038.39999954789  -1.520596E-17
4047.59999932183  -1.622031E-17
4056.79999909578  -6.932484E-17
4065.99999886972  8.276847E-17
4075.19999864366  1.191822E-16
4084.39999841761  8.940658E-17
4093.59999819155  4.305068E-17
4102.7999979655  3.492292E-17
4111.99999773944  6.044859E-17
4121.19999751338  3.929511E-17
4130.39999728733  -5.988997E-18
4139.59999706127  4.250800E-17
4148.79999683522  3.029131E-17
4157.99999660916  7.411206E-18
4167.1999963831  2.820526E-17
4176.39999615705  4.617875E-17
4185.59999593099  4.610632E-17
4194.79999570494  2.641636E-17
4203.99999547888  4.713590E-17
4213.19999525282  2.793666E-17
4222.39999502677  6.368174E-17
4231.59999480071  8.056302E-17
4240.79999457465  -2.921122E-18
4249.9999943486  6.062986E-18
4259.19999412254  7.485421E-17
4268.39999389649  5.361317E-17
4277.59999367043  6.165896E-18
4286.79999344437  4.941964E-18
4295.99999321832  -2.365861E-18
4305.19999299226  5.591370E-17
4314.39999276621  1.018007E-17
4323.59999254015  5.326818E-17
4332.79999231409  2.043646E-17
4341.99999208804  3.314772E-17
4351.19999186198  3.394770E-17
4360.39999163592  3.564097E-17
4369.59999140987  5.805591E-17
4378.79999118381  6.341313E-17
4387.99999095776  5.595805E-17
4397.1999907317  5.214264E-17
4406.39999050565  4.587133E-17
4415.59999027959  5.392763E-17
4424.79999005353  6.484682E-17
4433.99998982748  5.646829E-17
4443.19998960142  9.085134E-17
4452.39998937536  5.120120E-17
4461.59998914931  2.336855E-17
4470.79998892325  5.044480E-17
4479.9999886972  4.582455E-17
4489.19998847114  3.603394E-17
4498.39998824509  5.040532E-17
4507.59998801903  8.704373E-17
4516.79998779297  4.003138E-17
4525.99998756692  2.720593E-17
4535.19998734086  6.180503E-17
4544.3999871148  6.942932E-17
4553.59998688875  7.157839E-17
4562.79998666269  5.008857E-17
4571.99998643664  6.665756E-17
4581.19998621058  6.997761E-17
4590.39998598452  4.953555E-17
4599.59998575847  8.619278E-17
4608.79998553241  6.138517E-17
4617.99998530636  5.442565E-17
4627.1999850803  6.258704E-17
4636.39998485424  6.445924E-17
4645.59998462819  5.335755E-17
4654.79998440213  6.019068E-17
4663.99998417607  6.018741E-17
4673.19998395002  6.214818E-17
4682.39998372396  5.358095E-17
4691.59998349791  5.513374E-17
4700.79998327185  7.181536E-17
4709.9999830458  6.009260E-17
4719.19998281974  6.197267E-17
4728.39998259368  4.481262E-17
4737.59998236763  4.776610E-17
4746.79998214157  6.548477E-17
4755.99998191551  4.859196E-17
4765.19998168946  5.231595E-17
4774.3999814634  3.821102E-17
4783.59998123735  5.982070E-17
4792.79998101129  3.750111E-17
4801.99998078523  5.235234E-17
4811.19998055918  3.867898E-17
4820.39998033312  1.861875E-17
4829.59998010707  4.126920E-17
4838.79997988101  2.114303E-17
4847.99997965495  3.798462E-17
4857.1999794289  2.431679E-17
4866.39997920284  5.233292E-17
4875.59997897679  3.493420E-17
4884.79997875073  3.349967E-17
4893.99997852467  5.018867E-17
4903.19997829862  2.576303E-17
4912.39997807256  4.604146E-17
4921.59997784651  4.466260E-17
4930.79997762045  2.694419E-17
4939.99997739439  3.128932E-17
4949.19997716834  4.055337E-17
4958.39997694228  2.928679E-17
4967.59997671622  4.336140E-17
4976.79997649017  3.056701E-17
4985.99997626411  4.173890E-17
4995.19997603806  4.742290E-17
5004.399975812  3.703969E-17
5013.59997558594  4.462166E-17
5022.79997535989  2.493148E-17
5031.99997513383  4.407781E-17
5041.19997490778  4.392087E-17
5050.39997468172  3.861477E-17
5059.59997445566  3.643966E-17
5068.79997422961  4.071209E-17
5077.99997400355  3.327899E-17
5087.1999737775  4.744734E-17
5096.39997355144  3.477821E-17
5105.59997332538  4.519543E-17
5114.79997309933  4.649188E-17
5123.99997287327  4.497347E-17
5133.19997264721  4.866516E-17
5142.39997242116  3.323277E-17
5151.5999721951  4.731746E-17
5160.79997196905  4.581514E-17
5169.99997174299  3.327953E-17
5179.19997151694  4.122931E-17
5188.39997129088  4.970075E-17
5197.59997106482  4.075976E-17
5206.79997083877  5.796699E-17
5215.99997061271  3.943958E-17
5225.19997038665  3.713370E-17
5234.3999701606  4.974844E-17
5243.59996993454  3.795241E-17
5252.79996970849  4.468831E-17
5261.99996948243  3.751140E-17
5271.19996925637  3.240841E-17
5280.39996903032  3.900164E-17
5289.59996880426  3.562519E-17
5298.79996857821  3.094024E-17
5307.99996835215  4.335971E-17
5317.19996812609  4.662009E-17
5326.39996790004  3.475191E-17
5335.59996767398  2.953804E-17
5344.79996744792  3.674638E-17
5353.99996722187  3.045718E-17
5363.19996699581  3.946149E-17
5372.39996676976  3.169150E-17
5381.5999665437  3.395106E-17
5390.79996631765  2.967917E-17
5399.99996609159  4.270304E-17
5409.19996586553  3.094772E-17
5418.39996563948  2.713591E-17
5427.59996541342  4.056079E-17
5436.79996518736  3.500423E-17
5445.99996496131  3.131764E-17
5455.19996473525  3.015450E-17
5464.3999645092  3.490929E-17
5473.59996428314  2.157356E-17
5482.79996405708  2.704693E-17
5491.99996383103  4.261334E-17
5501.19996360497  3.048300E-17
5510.39996337892  2.607891E-17
5519.59996315286  3.706465E-17
5528.7999629268  3.277436E-17
5537.99996270075  3.836657E-17
5547.19996247469  4.440412E-17
5556.39996224864  3.327625E-17
5565.59996202258  2.472230E-17
5574.79996179652  3.776284E-17
5583.99996157047  1.177226E-17
5593.19996134441  3.330477E-17
5602.39996111836  2.838773E-17
5611.5999608923  2.898155E-17
5620.79996066624  2.049168E-17
5629.99996044019  2.909265E-17
5639.19996021413  2.174288E-17
5648.39995998807  1.820100E-17
5657.59995976202  2.946237E-17
5666.79995953596  2.229314E-17
5675.99995930991  3.333145E-17
5685.19995908385  3.540160E-17
5694.3999588578  1.819843E-17
5703.59995863174  3.054339E-17
5712.79995840568  4.776304E-17
5721.99995817963  2.711247E-17
5731.19995795357  2.101174E-17
5740.39995772751  2.780615E-17
5749.59995750146  2.867120E-17
5758.7999572754  2.487155E-17
5767.99995704935  3.148288E-17
5777.19995682329  3.002320E-17
5786.39995659723  2.374457E-17
5795.59995637118  3.532138E-17
5804.79995614512  3.507867E-17
5813.99995591907  2.810016E-17
5823.19995569301  3.988653E-17
5832.39995546695  2.709228E-17
5841.5999552409  3.591219E-17
5850.79995501484  3.108109E-17
5859.99995478878  3.994406E-17
5869.19995456273  4.065764E-17
5878.39995433667  2.847194E-17
5887.59995411062  4.717750E-17
5896.79995388456  4.634143E-17
5905.9999536585  2.636276E-17
5915.19995343245  2.157847E-17
5924.39995320639  1.880001E-17
5933.59995298034  2.756611E-17
5942.79995275428  4.267519E-18
5951.99995252822  3.188717E-17
5961.19995230217  2.170805E-17
5970.39995207611  2.338212E-17
5979.59995185006  2.779611E-17
5988.799951624  2.341494E-17
5997.99995139794  2.263932E-17
6007.19995117189  3.403048E-17
6016.39995094583  3.381619E-17
6025.59995071978  1.937642E-17
6034.79995049372  3.285195E-17
6043.99995026767  2.557542E-17
6053.19995004161  1.649924E-17
6062.39994981555  2.925004E-17
6071.5999495895  2.711110E-17
6080.79994936344  2.148794E-17
6089.99994913738  2.912040E-17
6099.19994891133  2.974501E-17
6108.39994868527  1.967271E-17
6117.59994845922  2.759062E-17
6126.79994823316  2.713234E-17
6135.9999480071  2.758218E-17
6145.19994778105  1.746161E-17
6154.39994755499  2.723675E-17
6163.59994732893  3.097903E-17
6172.79994710288  3.819832E-17
6181.99994687682  1.333402E-17
6191.19994665077  1.480804E-17
6200.39994642471  3.156490E-17
6209.59994619865  2.306708E-17
6218.7999459726  2.002958E-17
6227.99994574654  3.383007E-17
6237.19994552049  2.447985E-17
6246.39994529443  2.888812E-17
6255.59994506837  2.254871E-17
6264.79994484232  2.599692E-17
6273.99994461626  2.805746E-17
6283.19994439021  3.475949E-17
6292.39994416415  3.646957E-17
6301.59994393809  9.512756E-18
6310.79994371204  2.740451E-17
6319.99994348598  2.560652E-17
6329.19994325993  2.684450E-17
6338.39994303387  2.491661E-17
6347.59994280781  3.430588E-17
6356.79994258176  2.397602E-17
6365.9999423557  2.747614E-17
6375.19994212965  2.606086E-17
6384.39994190359  2.513756E-17
6393.59994167753  1.266635E-17
6402.79994145148  2.762972E-17
6411.99994122542  2.737565E-17
6421.19994099936  3.807143E-17
6430.39994077331  3.112574E-17
6439.59994054725  3.131748E-17
6448.7999403212  2.558637E-17
6457.99994009514  3.226109E-17
6467.19993986909  1.743072E-17
6476.39993964303  2.941015E-17
6485.59993941697  2.943780E-17
6494.79993919092  2.899551E-17
6503.99993896486  2.296942E-17
6513.1999387388  2.528114E-17
6522.39993851275  2.731221E-17
6531.59993828669  4.049965E-17
6540.79993806064  2.145370E-17
6549.99993783458  3.547058E-17
6559.19993760852  4.722348E-17
6568.39993738247  2.527675E-17
6577.59993715641  1.993842E-17
6586.79993693035  2.273711E-17
6595.9999367043  3.155862E-17
6605.19993647824  1.708511E-17
6614.39993625219  2.285635E-17
6623.59993602613  3.313847E-17
6632.79993580007  2.486146E-17
6641.99993557402  3.3E-17
6651.19993534796  3.123297E-17
6660.39993512191  4.633811E-17
6669.59993489585  3.655801E-17
6678.79993466979  1.728269E-17
6687.99993444374  2.554966E-17
6697.19993421768  3.267072E-17
6706.39993399163  2.415462E-17
6715.59993376557  3.102819E-17
6724.79993353951  3.438497E-17
6733.99993331346  2.724308E-17
6743.1999330874  3.061615E-17
6752.39993286135  1.718850E-17
6761.59993263529  3.513541E-17
6770.79993240923  1.814400E-17
6779.99993218318  3.854323E-17
6789.19993195712  1.462655E-17
6798.39993173107  3.231593E-17
6807.59993150501  3.309874E-17
6816.79993127895  3.818455E-17
6825.9999310529  1.379419E-17
6835.19993082684  2.046038E-17
6844.39993060078  2.151017E-18
6853.59993037473  2.669908E-17
6862.79993014867  -4.081611E-18
6871.99992992262  5.750797E-18
6881.19992969656  1.673068E-17
6890.3999294705  -5.917929E-19
6899.59992924445  3.938992E-18
6908.79992901839  1.303265E-17
6917.99992879234  1.715097E-19
6927.19992856628  1.037767E-17
6936.39992834023  -5.346082E-18
6945.59992811417  1.991325E-17
6954.79992788811  1.804830E-17
6963.99992766206  1.360823E-17
6973.199927436  1.383232E-17
6982.39992720994  1.488327E-17
6991.59992698389  1.377600E-17
7000.79992675783  2.014307E-17
7009.99992653177  1.606283E-17
7019.19992630572  1.533367E-17
7028.39992607966  1.269592E-17
7037.59992585361  3.072008E-17
7046.79992562755  2.493262E-17
7055.9999254015  2.155517E-17
7065.19992517544  2.847575E-17
7074.39992494938  1.896024E-17
7083.59992472333  2.288414E-17
7092.79992449727  1.073196E-17
7101.99992427121  1.255395E-17
7111.19992404516  1.163871E-17
7120.3999238191  2.537641E-17
7129.59992359305  2.103927E-17
7138.79992336699  3.878444E-17
7147.99992314094  1.414028E-17
7157.19992291488  2.474884E-17
7166.39992268882  3.925312E-17
7175.59992246277  4.345422E-17
7184.79992223671  -2.937525E-18
7193.99992201065  1.709819E-17
7203.1999217846  1.829601E-17
7212.39992155854  1.172802E-17
7221.59992133249  2.627896E-17
7230.79992110643  2.566382E-17
7239.99992088037  3.886566E-17
7249.19992065432  1.404825E-17
7258.39992042826  2.008453E-17
7267.5999202022  3.348113E-17
7276.79991997615  3.294030E-17
7285.99991975009  1.843874E-17
7295.19991952404  1.015311E-17
7304.39991929798  2.917345E-17
7313.59991907193  3.202590E-17
7322.79991884587  5.577632E-18
7331.99991861981  3.002075E-17
7341.19991839376  1.200377E-17
7350.3999181677  1.930638E-17
7359.59991794164  -1.317743E-17
7368.79991771559  2.665729E-17
7377.99991748953  4.135472E-17
7387.19991726348  3.179057E-17
7396.39991703742  1.413985E-17
7405.59991681136  2.076335E-18
7414.79991658531  2.183052E-17
7423.99991635925  2.180092E-17
7433.1999161332  1.213210E-17
7442.39991590714  2.577085E-17
7451.59991568108  2.597555E-17
7460.79991545503  9.941543E-18
7469.99991522897  2.280638E-17
7479.19991500292  4.331100E-17
7488.39991477686  3.037142E-17
7497.5999145508  1.494871E-17
7506.79991432475  1.944558E-17
7515.99991409869  -5.347752E-18
7525.19991387264  -4.177304E-17
7534.39991364658  1.382398E-17
7543.59991342052  2.618900E-17
7552.79991319447  1.169571E-17
7561.99991296841  1.433025E-17
7571.19991274235  -9.595284E-18
7580.3999125163  2.927632E-17
7589.59991229024  8.562724E-18
7598.79991206419  7.745980E-18
7607.99991183813  -1.445025E-18
7617.19991161207  -1.382843E-17
7626.39991138602  -5.837104E-19
7635.59991115996  -7.204732E-18
7644.79991093391  -2.248962E-17
7653.99991070785  -3.779108E-18
7663.19991048179  1.349398E-17
7672.39991025574  -1.580023E-17
7681.59991002968  4.087603E-18
7690.79990980363  3.504237E-17
7699.99990957757  1.206225E-17
7709.19990935151  -1.942904E-17
7718.39990912546  2.082796E-17
7727.5999088994  5.230742E-18
7736.79990867335  1.180084E-17
7745.99990844729  -9.286073E-18
7755.19990822123  -2.125177E-17
7764.39990799518  1.253586E-17
7773.59990776912  2.323790E-17
7782.79990754307  4.566460E-17
7791.99990731701  1.064577E-17
7801.19990709095  -7.051900E-18
7810.3999068649  1.928118E-17
7819.59990663884  3.265781E-17
7828.79990641279  -1.803339E-17
7837.99990618673  3.589855E-17
7847.19990596067  8.370940E-18
7856.39990573462  5.552153E-17
7865.59990550856  -7.903992E-17
7874.7999052825  -1.989551E-18
7883.99990505645  2.441826E-17
7893.19990483039  8.707968E-17
7902.39990460434  -4.770763E-17
7911.59990437828  -8.595530E-17
7920.79990415222  -1.075539E-16
7929.99990392617  7.604971E-17
7939.19990370011  -5.664674E-17
7948.39990347406  7.199937E-17
7957.599903248  7.850986E-17
7966.79990302194  2.289836E-17
7975.99990279589  -2.547497E-17
7985.19990256983  1.136315E-16
7994.39990234378  2.483506E-17
