4100.  8.991309E-16
4102.  2.077319E-15
4104.  2.033332E-15
4106.  2.774448E-15
4108.  6.037610E-16
4110.  1.242636E-15
4112.  2.506947E-15
4114.  2.826515E-15
4116.  2.084786E-15
4118.  1.564565E-15
4120.  2.765522E-16
4122.  8.507966E-16
4124.  1.738928E-15
4126.  2.131360E-15
4128.  1.356317E-15
4130.  1.710636E-15
4132.  1.952297E-15
4134.  2.301446E-15
4136.  2.011258E-15
4138.  2.229111E-15
4140.  1.734929E-15
4142.  1.775533E-15
4144.  1.501307E-15
4146.  6.394355E-16
4148.  1.786849E-15
4150.  1.312548E-15
4152.  3.974126E-17
4154.  5.826773E-16
4156.  1.348293E-15
4158.  1.221487E-15
4160.  1.259266E-15
4162.  1.105531E-15
4164.  1.278568E-15
4166.  1.628835E-15
4168.  1.335129E-15
4170.  1.410662E-15
4172.  1.066599E-15
4174.  1.397546E-15
4176.  1.375123E-15
4178.  9.002838E-16
4180.  1.310975E-15
4182.  1.289938E-15
4184.  1.524140E-15
4186.  1.258262E-15
4188.  1.302610E-15
4190.  1.323914E-15
4192.  9.665453E-16
4194.  1.195866E-15
4196.  1.522880E-15
4198.  1.418863E-15
4200.  7.095288E-16
4202.  8.008858E-16
4204.  4.694222E-16
4206.  9.672539E-16
4208.  8.014497E-16
4210.  1.131916E-15
4212.  1.131280E-15
4214.  1.168992E-15
4216.  1.292796E-15
4218.  1.118868E-15
4220.  8.520249E-16
4222.  7.616862E-16
4224.  1.254204E-15
4226.  1.145368E-15
4228.  7.670650E-16
4230.  1.473748E-15
4232.  1.090251E-15
4234.  1.167062E-15
4236.  6.812656E-16
4238.  5.962514E-16
4240.  7.639893E-16
4242.  3.218436E-16
4244.  8.249268E-16
4246.  1.048145E-15
4248.  6.539984E-16
4250.  1.321326E-15
4252.  4.526301E-16
4254.  2.763393E-16
4256.  7.099534E-16
4258.  7.290822E-16
4260.  7.532449E-16
4262.  9.602765E-16
4264.  1.293416E-15
4266.  1.024941E-15
4268.  8.592513E-16
4270.  5.742900E-16
4272.  5.569666E-16
4274.  1.028291E-15
4276.  5.713613E-16
4278.  2.719137E-16
4280.  5.734737E-16
4282.  9.808300E-17
4284.  2.356010E-16
4286.  7.328831E-16
4288.  3.748453E-16
4290.  5.044159E-16
4292.  8.295414E-16
4294.  1.004418E-15
4296.  5.441316E-16
4298.  2.492273E-16
4300.  4.447462E-16
4302.  1.091407E-15
4304.  4.055842E-16
4306.  2.979939E-16
4308.  5.182693E-16
4310.  5.264655E-16
4312.  5.711919E-16
4314.  8.628473E-16
4316.  6.970745E-16
4318.  7.528785E-16
4320.  1.244392E-15
4322.  9.875265E-16
4324.  5.072934E-16
4326.  8.848355E-16
4328.  1.099961E-15
4330.  5.837327E-16
4332.  8.984718E-16
4334.  3.934908E-16
4336.  2.599698E-16
4338.  5.225204E-16
4340.  8.322196E-16
4342.  6.692132E-16
4344.  7.129591E-16
4346.  3.139244E-16
4348.  4.545244E-16
4350.  1.059315E-15
4352.  1.084314E-15
4354.  7.422149E-16
4356.  7.063611E-16
4358.  3.569315E-16
4360.  6.035471E-16
4362.  8.282901E-16
4364.  4.939813E-16
4366.  5.428646E-16
4368.  5.482898E-16
4370.  9.893324E-16
4372.  7.425816E-16
4374.  4.510499E-16
4376.  6.664327E-16
4378.  4.282805E-16
4380.  8.093729E-16
4382.  7.684319E-16
4384.  7.470730E-16
4386.  8.476646E-16
4388.  9.207599E-16
4390.  9.371863E-16
4392.  7.884472E-16
4394.  5.653787E-16
4396.  7.037904E-16
4398.  7.374446E-16
4400.  8.887797E-16
4402.  6.282003E-16
4404.  7.461925E-16
4406.  1.004756E-15
4408.  7.021692E-16
4410.  6.965529E-16
4412.  6.559470E-16
4414.  7.589898E-16
4416.  9.927283E-16
4418.  6.078071E-16
4420.  6.629049E-16
4422.  8.153290E-16
4424.  8.379762E-16
4426.  8.051592E-16
4428.  1.040398E-15
4430.  1.051932E-15
4432.  1.083595E-15
4434.  1.163577E-15
4436.  1.164750E-15
4438.  1.074541E-15
4440.  9.266438E-16
4442.  9.816132E-16
4444.  9.557749E-16
4446.  7.025409E-16
4448.  7.793993E-16
4450.  7.645695E-16
4452.  8.685665E-16
4454.  7.429253E-16
4456.  1.040925E-15
4458.  8.783921E-16
4460.  9.179936E-16
4462.  7.062300E-16
4464.  7.246355E-16
4466.  6.391320E-16
4468.  9.176592E-16
4470.  8.191484E-16
4472.  7.781825E-16
4474.  1.032224E-15
4476.  9.132561E-16
4478.  8.397593E-16
4480.  8.870824E-16
4482.  9.131335E-16
4484.  7.194482E-16
4486.  7.166728E-16
4488.  6.889558E-16
4490.  5.970181E-16
4492.  8.125380E-16
4494.  9.069816E-16
4496.  7.116261E-16
4498.  7.668825E-16
4500.  8.342438E-16
4502.  7.841969E-16
4504.  1.013490E-15
4506.  9.454186E-16
4508.  9.530592E-16
4510.  8.407030E-16
4512.  8.021425E-16
4514.  1.040429E-15
4516.  8.600906E-16
4518.  7.266836E-16
4520.  9.907554E-16
4522.  1.087482E-15
4524.  6.053436E-16
4526.  6.440490E-16
4528.  7.522321E-16
4530.  8.568776E-16
4532.  8.351663E-16
4534.  7.912569E-16
4536.  7.556556E-16
4538.  7.361849E-16
4540.  7.915108E-16
4542.  8.307665E-16
4544.  9.471680E-16
4546.  9.983654E-16
4548.  8.716720E-16
4550.  6.490998E-16
4552.  4.640310E-16
4554.  6.844960E-16
4556.  7.712727E-16
4558.  6.634449E-16
4560.  6.270720E-16
4562.  6.199790E-16
4564.  6.003996E-16
4566.  6.684437E-16
4568.  9.156789E-16
4570.  8.602154E-16
4572.  7.444445E-16
4574.  6.627436E-16
4576.  7.365281E-16
4578.  6.294616E-16
4580.  7.597391E-16
4582.  7.876260E-16
4584.  7.522178E-16
4586.  8.006524E-16
4588.  6.958296E-16
4590.  7.215568E-16
4592.  7.758238E-16
4594.  7.194871E-16
4596.  7.021358E-16
4598.  8.106467E-16
4600.  6.554981E-16
4602.  5.403974E-16
4604.  7.910972E-16
4606.  7.350853E-16
4608.  7.680869E-16
4610.  6.214845E-16
4612.  6.095844E-16
4614.  6.692263E-16
4616.  6.405309E-16
4618.  6.172467E-16
4620.  5.362198E-16
4622.  5.664968E-16
4624.  4.988829E-16
4626.  4.810760E-16
4628.  5.208141E-16
4630.  5.014646E-16
4632.  5.779871E-16
4634.  5.030201E-16
4636.  3.833441E-16
4638.  4.915076E-16
4640.  6.627017E-16
4642.  6.272606E-16
4644.  6.093015E-16
4646.  5.054584E-16
4648.  4.807769E-16
4650.  4.648099E-16
4652.  4.862648E-16
4654.  5.941704E-16
4656.  6.786614E-16
4658.  5.688815E-16
4660.  5.036477E-16
4662.  5.828516E-16
4664.  5.415307E-16
4666.  4.339014E-16
4668.  4.980335E-16
4670.  4.502443E-16
4672.  5.305872E-16
4674.  4.728235E-16
4676.  4.931993E-16
4678.  4.785601E-16
4680.  4.467304E-16
4682.  5.595630E-16
4684.  5.952976E-16
4686.  4.930202E-16
4688.  4.375076E-16
4690.  4.359321E-16
4692.  4.784102E-16
4694.  4.721182E-16
4696.  5.355194E-16
4698.  6.288360E-16
4700.  6.181906E-16
4702.  4.838465E-16
4704.  4.793343E-16
4706.  5.083494E-16
4708.  5.236468E-16
4710.  4.440871E-16
4712.  5.341730E-16
4714.  4.802368E-16
4716.  3.878726E-16
4718.  4.009896E-16
4720.  4.428182E-16
4722.  4.953840E-16
4724.  5.700814E-16
4726.  4.558023E-16
4728.  4.340193E-16
4730.  4.866533E-16
4732.  4.464352E-16
4734.  5.108737E-16
4736.  5.458790E-16
4738.  5.252190E-16
4740.  4.834086E-16
4742.  4.611974E-16
4744.  3.658575E-16
4746.  3.661935E-16
4748.  5.484569E-16
4750.  4.722637E-16
4752.  3.847889E-16
4754.  3.842905E-16
4756.  3.937811E-16
4758.  4.428418E-16
4760.  5.494359E-16
4762.  5.702178E-16
4764.  5.289544E-16
4766.  4.861442E-16
4768.  4.579289E-16
4770.  4.007926E-16
4772.  4.028349E-16
4774.  5.062632E-16
4776.  5.357995E-16
4778.  5.254195E-16
4780.  4.550804E-16
4782.  5.327748E-16
4784.  5.560208E-16
4786.  4.708101E-16
4788.  4.596169E-16
4790.  5.682588E-16
4792.  4.447398E-16
4794.  4.251652E-16
4796.  4.240887E-16
4798.  4.153881E-16
4800.  4.678796E-16
4802.  4.864838E-16
4804.  3.905037E-16
4806.  4.767028E-16
4808.  4.184448E-16
4810.  4.065809E-16
4812.  4.375742E-16
4814.  4.240818E-16
4816.  4.249719E-16
4818.  4.463121E-16
4820.  4.196676E-16
4822.  3.388894E-16
4824.  3.660290E-16
4826.  3.998600E-16
4828.  3.978817E-16
4830.  3.825653E-16
4832.  3.759208E-16
4834.  4.428151E-16
4836.  4.209799E-16
4838.  3.790961E-16
4840.  3.956240E-16
4842.  3.100502E-16
4844.  3.596892E-16
4846.  4.640649E-16
4848.  4.884220E-16
4850.  4.247883E-16
4852.  4.214589E-16
4854.  3.457353E-16
4856.  2.532669E-16
4858.  2.700234E-16
4860.  3.525533E-16
4862.  4.468088E-16
4864.  4.411902E-16
4866.  3.199444E-16
4868.  3.495031E-16
4870.  2.993602E-16
4872.  4.297976E-16
4874.  4.437698E-16
4876.  3.953912E-16
4878.  3.176803E-16
4880.  3.751793E-16
4882.  4.077487E-16
4884.  3.138945E-16
4886.  3.506456E-16
4888.  4.060874E-16
4890.  4.634825E-16
4892.  4.579795E-16
4894.  4.269793E-16
4896.  3.935076E-16
4898.  4.087031E-16
4900.  5.297421E-16
4902.  4.696873E-16
4904.  4.419788E-16
4906.  4.315754E-16
4908.  4.874250E-16
4910.  4.746501E-16
4912.  4.698647E-16
4914.  4.161514E-16
4916.  4.049113E-16
4918.  4.287736E-16
4920.  4.848560E-16
4922.  4.523918E-16
4924.  3.946310E-16
4926.  4.003630E-16
4928.  4.585861E-16
4930.  4.748375E-16
4932.  4.777483E-16
4934.  4.884203E-16
4936.  5.112945E-16
4938.  5.204602E-16
4940.  5.089592E-16
4942.  4.844297E-16
4944.  4.080954E-16
4946.  5.093902E-16
4948.  5.559507E-16
4950.  5.150258E-16
4952.  4.505241E-16
4954.  4.756815E-16
4956.  5.017131E-16
4958.  5.171365E-16
4960.  5.462724E-16
4962.  6.176071E-16
4964.  6.034116E-16
4966.  4.839704E-16
4968.  4.484750E-16
4970.  5.021851E-16
4972.  4.916893E-16
4974.  4.763155E-16
4976.  5.391348E-16
4978.  5.589131E-16
4980.  6.052922E-16
4982.  6.154626E-16
4984.  5.254367E-16
4986.  5.681788E-16
4988.  5.436522E-16
4990.  5.137563E-16
4992.  5.104459E-16
4994.  4.879869E-16
4996.  4.092622E-16
4998.  4.457109E-16
5000.  5.364436E-16
5002.  5.812071E-16
5004.  5.449607E-16
5006.  4.874766E-16
5008.  5.774686E-16
5010.  6.239982E-16
5012.  5.355427E-16
5014.  5.614707E-16
5016.  6.226515E-16
5018.  6.343162E-16
5020.  6.341898E-16
5022.  6.371295E-16
5024.  5.608105E-16
5026.  5.814881E-16
5028.  6.091818E-16
5030.  6.389965E-16
5032.  7.078899E-16
5034.  6.933638E-16
5036.  5.556479E-16
5038.  5.981585E-16
5040.  6.542839E-16
5042.  4.802614E-16
5044.  5.743144E-16
5046.  6.971439E-16
5048.  6.467229E-16
5050.  5.965504E-16
5052.  7.186588E-16
5054.  6.220932E-16
5056.  6.569816E-16
5058.  6.468697E-16
5060.  6.198355E-16
5062.  6.243544E-16
5064.  6.433176E-16
5066.  6.444751E-16
5068.  6.374331E-16
5070.  7.054749E-16
5072.  6.924720E-16
5074.  6.663843E-16
5076.  6.460495E-16
5078.  6.324938E-16
5080.  6.525642E-16
5082.  7.371646E-16
5084.  7.521808E-16
5086.  6.938611E-16
5088.  7.171719E-16
5090.  7.046052E-16
5092.  6.957700E-16
5094.  8.024307E-16
5096.  8.092718E-16
5098.  6.805369E-16
5100.  6.588504E-16
5102.  7.593473E-16
5104.  7.715604E-16
5106.  7.395758E-16
5108.  6.917050E-16
5110.  7.205436E-16
5112.  7.539132E-16
5114.  7.948627E-16
5116.  8.015915E-16
5118.  7.122269E-16
5120.  7.153860E-16
5122.  7.337833E-16
5124.  7.601308E-16
5126.  7.272833E-16
5128.  6.633571E-16
5130.  6.593658E-16
5132.  7.549506E-16
5134.  7.437918E-16
5136.  7.629034E-16
5138.  8.346070E-16
5140.  7.590592E-16
5142.  7.353196E-16
5144.  7.436249E-16
5146.  8.129891E-16
5148.  8.203287E-16
5150.  7.472128E-16
5152.  7.583037E-16
5154.  7.866117E-16
5156.  8.068040E-16
5158.  7.620697E-16
5160.  7.229013E-16
5162.  7.415848E-16
5164.  7.926210E-16
5166.  8.382509E-16
5168.  7.562157E-16
5170.  7.335953E-16
5172.  8.232288E-16
5174.  7.562002E-16
5176.  8.679970E-16
5178.  8.776800E-16
5180.  8.377231E-16
5182.  8.478530E-16
5184.  7.422854E-16
5186.  6.682125E-16
5188.  7.253542E-16
5190.  7.886919E-16
5192.  7.285407E-16
5194.  7.272089E-16
5196.  7.994980E-16
5198.  7.625478E-16
5200.  7.516971E-16
5202.  7.403808E-16
5204.  8.527539E-16
5206.  8.367593E-16
5208.  7.326169E-16
5210.  7.455014E-16
5212.  7.494242E-16
5214.  7.754187E-16
5216.  7.324891E-16
5218.  7.248654E-16
5220.  7.260628E-16
5222.  7.539918E-16
5224.  7.219523E-16
5226.  7.146932E-16
5228.  7.090549E-16
5230.  6.641332E-16
5232.  6.523786E-16
5234.  6.287193E-16
5236.  6.755556E-16
5238.  6.883737E-16
5240.  7.193977E-16
5242.  7.115358E-16
5244.  7.321792E-16
5246.  7.553925E-16
5248.  6.893577E-16
5250.  6.221933E-16
5252.  6.463271E-16
5254.  6.152252E-16
5256.  6.205641E-16
5258.  5.665031E-16
5260.  5.632656E-16
5262.  6.807630E-16
5264.  6.615497E-16
5266.  7.711414E-16
5268.  6.974126E-16
5270.  5.505153E-16
5272.  6.021641E-16
5274.  6.531595E-16
5276.  6.690534E-16
5278.  6.070974E-16
5280.  7.101531E-16
5282.  6.160037E-16
5284.  5.571230E-16
5286.  5.619182E-16
5288.  6.557027E-16
5290.  6.864472E-16
5292.  6.698965E-16
5294.  6.589718E-16
5296.  6.664634E-16
5298.  6.315665E-16
5300.  6.675029E-16
5302.  6.211201E-16
5304.  6.585722E-16
5306.  7.798789E-16
5308.  7.007650E-16
5310.  5.705821E-16
5312.  5.465901E-16
5314.  6.205719E-16
5316.  6.937119E-16
5318.  7.178548E-16
5320.  7.045730E-16
5322.  5.871057E-16
5324.  5.612760E-16
5326.  6.038073E-16
5328.  6.710914E-16
5330.  6.325471E-16
5332.  6.384682E-16
5334.  7.189006E-16
5336.  5.540306E-16
5338.  6.429508E-16
5340.  7.408465E-16
5342.  7.678350E-16
5344.  7.140750E-16
5346.  6.209921E-16
5348.  6.899238E-16
5350.  7.443234E-16
5352.  7.081805E-16
5354.  7.437466E-16
5356.  6.759972E-16
5358.  5.968239E-16
5360.  6.254415E-16
5362.  7.187645E-16
5364.  6.187015E-16
5366.  6.554012E-16
5368.  6.574614E-16
5370.  6.951821E-16
5372.  6.377711E-16
5374.  7.129582E-16
5376.  7.545458E-16
5378.  6.759067E-16
5380.  6.241994E-16
5382.  6.473135E-16
5384.  6.478026E-16
5386.  6.497570E-16
5388.  6.669903E-16
5390.  7.072910E-16
5392.  7.068325E-16
5394.  6.429066E-16
5396.  5.554159E-16
5398.  5.494996E-16
5400.  5.564356E-16
5402.  5.964117E-16
5404.  6.058470E-16
5406.  5.866997E-16
5408.  6.620429E-16
5410.  5.927742E-16
5412.  5.555900E-16
5414.  5.810777E-16
5416.  5.368850E-16
5418.  5.724560E-16
5420.  5.919245E-16
5422.  5.438719E-16
5424.  5.870178E-16
5426.  5.173940E-16
5428.  5.368861E-16
5430.  5.790976E-16
5432.  5.698905E-16
5434.  6.350346E-16
5436.  6.654597E-16
5438.  6.806056E-16
5440.  5.805336E-16
5442.  5.994446E-16
5444.  5.297695E-16
5446.  4.989313E-16
5448.  5.759338E-16
5450.  5.573398E-16
5452.  5.207914E-16
5454.  5.497217E-16
5456.  5.535762E-16
5458.  5.717992E-16
5460.  7.960033E-16
5462.  7.622278E-16
5464.  6.644867E-16
5466.  5.202672E-16
5468.  4.474171E-16
5470.  4.814895E-16
5472.  5.234607E-16
5474.  5.370957E-16
5476.  7.016370E-16
5478.  6.457712E-16
5480.  6.112550E-16
5482.  6.313779E-16
5484.  6.263714E-16
5486.  5.865784E-16
5488.  6.493147E-16
5490.  7.151357E-16
5492.  7.338983E-16
5494.  7.029974E-16
5496.  6.051168E-16
5498.  6.688031E-16
5500.  7.758476E-16
5502.  7.425744E-16
5504.  7.244166E-16
5506.  6.789656E-16
5508.  7.001710E-16
5510.  6.648361E-16
5512.  6.867504E-16
5514.  7.449340E-16
5516.  7.277487E-16
5518.  7.285076E-16
5520.  7.203451E-16
5522.  7.680889E-16
5524.  7.525882E-16
5526.  7.302711E-16
5528.  6.975933E-16
5530.  6.501053E-16
5532.  6.614802E-16
5534.  6.532320E-16
5536.  6.680438E-16
5538.  6.530943E-16
5540.  6.358633E-16
5542.  6.455565E-16
5544.  7.354581E-16
5546.  7.721709E-16
5548.  7.681584E-16
5550.  7.371038E-16
5552.  6.667530E-16
5554.  7.223073E-16
5556.  7.378588E-16
5558.  6.665737E-16
5560.  7.613748E-16
5562.  6.848160E-16
5564.  6.171084E-16
5566.  5.944769E-16
5568.  6.673624E-16
5570.  6.918328E-16
5572.  6.708498E-16
5574.  6.160310E-16
5576.  7.502523E-16
5578.  8.380155E-16
5580.  6.605590E-16
5582.  5.292742E-16
5584.  7.005333E-16
5586.  7.041618E-16
5588.  6.506254E-16
5590.  6.814527E-16
5592.  6.594762E-16
5594.  6.499772E-16
5596.  7.375501E-16
5598.  6.570843E-16
5600.  7.379977E-16
5602.  7.834568E-16
5604.  6.202578E-16
5606.  6.242717E-16
5608.  6.936250E-16
5610.  6.255329E-16
5612.  6.981579E-16
5614.  7.039679E-16
5616.  7.392275E-16
5618.  6.761001E-16
5620.  7.126970E-16
5622.  7.009807E-16
5624.  6.812504E-16
5626.  7.019387E-16
5628.  7.289852E-16
5630.  7.920682E-16
5632.  7.016796E-16
5634.  7.615274E-16
5636.  7.082818E-16
5638.  6.393647E-16
5640.  6.227354E-16
5642.  7.021898E-16
5644.  6.239657E-16
5646.  6.359633E-16
5648.  6.039974E-16
5650.  6.502153E-16
5652.  6.266450E-16
5654.  6.879381E-16
5656.  7.155078E-16
5658.  7.012370E-16
5660.  6.407927E-16
5662.  6.792246E-16
5664.  6.738883E-16
5666.  7.400343E-16
5668.  7.249712E-16
5670.  6.341925E-16
5672.  5.747485E-16
5674.  6.822971E-16
5676.  6.977201E-16
5678.  6.383772E-16
5680.  5.602928E-16
5682.  6.640086E-16
5684.  7.460789E-16
5686.  6.612981E-16
5688.  6.295202E-16
5690.  6.678497E-16
5692.  6.950546E-16
5694.  5.983572E-16
5696.  6.325805E-16
5698.  6.123166E-16
5700.  5.777801E-16
5702.  4.776121E-16
5704.  6.609644E-16
5706.  6.109682E-16
5708.  5.969219E-16
5710.  6.430532E-16
5712.  6.662909E-16
5714.  6.640299E-16
5716.  6.301828E-16
5718.  5.847956E-16
5720.  5.417045E-16
5722.  5.938767E-16
5724.  6.189940E-16
5726.  6.172936E-16
5728.  6.056276E-16
5730.  5.607441E-16
5732.  4.992643E-16
5734.  5.393715E-16
5736.  6.718179E-16
5738.  7.070453E-16
5740.  6.747017E-16
5742.  6.321925E-16
5744.  6.121115E-16
5746.  6.525159E-16
5748.  5.737588E-16
5750.  5.550278E-16
5752.  5.518222E-16
5754.  5.833444E-16
5756.  5.062948E-16
5758.  6.593407E-16
5760.  6.685435E-16
5762.  6.221402E-16
5764.  5.077691E-16
5766.  5.188787E-16
5768.  4.948461E-16
5770.  4.918608E-16
5772.  5.933432E-16
5774.  5.618496E-16
5776.  4.669571E-16
5778.  6.002136E-16
5780.  6.309401E-16
5782.  5.828698E-16
5784.  6.304295E-16
5786.  6.738815E-16
5788.  5.694358E-16
5790.  7.303200E-16
5792.  8.157948E-16
5794.  7.034334E-16
5796.  6.598401E-16
5798.  6.512176E-16
5800.  5.725604E-16
5802.  6.491015E-16
5804.  7.005459E-16
5806.  6.159805E-16
5808.  5.699064E-16
5810.  5.986762E-16
5812.  6.567416E-16
5814.  6.538808E-16
5816.  6.949292E-16
5818.  6.397715E-16
5820.  6.302534E-16
5822.  6.718700E-16
5824.  6.205036E-16
5826.  5.452864E-16
5828.  5.713647E-16
5830.  5.642928E-16
5832.  6.420762E-16
5834.  6.911263E-16
5836.  7.330152E-16
5838.  6.741481E-16
5840.  5.690882E-16
5842.  6.467166E-16
5844.  6.897803E-16
5846.  6.736371E-16
5848.  6.028533E-16
5850.  5.732162E-16
5852.  5.860742E-16
5854.  5.698268E-16
5856.  6.551722E-16
5858.  6.718352E-16
5860.  6.962507E-16
5862.  6.623297E-16
5864.  6.728616E-16
5866.  5.748630E-16
5868.  6.311191E-16
5870.  7.493908E-16
5872.  7.620248E-16
5874.  6.768826E-16
5876.  5.574620E-16
5878.  7.253150E-16
5880.  7.469872E-16
5882.  6.536278E-16
5884.  6.506983E-16
5886.  6.241945E-16
5888.  5.926661E-16
5890.  6.802748E-16
5892.  7.532961E-16
5894.  7.604946E-16
5896.  7.435999E-16
5898.  6.883529E-16
5900.  6.766579E-16
5902.  7.029202E-16
5904.  6.544909E-16
5906.  6.265895E-16
5908.  6.514516E-16
5910.  5.781450E-16
5912.  6.748601E-16
5914.  6.122539E-16
5916.  6.462409E-16
5918.  6.688463E-16
5920.  6.170249E-16
5922.  5.787714E-16
5924.  7.172292E-16
5926.  7.176121E-16
5928.  5.935354E-16
5930.  6.273660E-16
5932.  5.723099E-16
5934.  5.677081E-16
5936.  6.034076E-16
5938.  6.103696E-16
5940.  5.774157E-16
5942.  5.508172E-16
5944.  5.042765E-16
5946.  5.605376E-16
5948.  4.996605E-16
5950.  5.060306E-16
5952.  4.725480E-16
5954.  6.028443E-16
5956.  5.918947E-16
5958.  4.618288E-16
5960.  3.828012E-16
5962.  3.941873E-16
5964.  4.181359E-16
5966.  4.478820E-16
5968.  4.520919E-16
5970.  4.877616E-16
5972.  4.348965E-16
5974.  4.613054E-16
5976.  4.569418E-16
5978.  5.038155E-16
5980.  4.949284E-16
5982.  4.157283E-16
5984.  3.600074E-16
5986.  3.729167E-16
5988.  3.955117E-16
5990.  4.161892E-16
5992.  4.162916E-16
5994.  3.817495E-16
5996.  3.634148E-16
5998.  3.420620E-16
6000.  3.728340E-16
6002.  3.628594E-16
6004.  4.058045E-16
6006.  4.806257E-16
6008.  4.366628E-16
6010.  3.945403E-16
6012.  3.809810E-16
6014.  4.338688E-16
6016.  4.297794E-16
6018.  3.990262E-16
6020.  3.828914E-16
6022.  3.781250E-16
6024.  3.890011E-16
6026.  4.190704E-16
6028.  3.009918E-16
6030.  3.023373E-16
6032.  3.030200E-16
6034.  2.934965E-16
6036.  2.495077E-16
6038.  2.934654E-16
6040.  3.534817E-16
6042.  2.715416E-16
6044.  2.056055E-16
6046.  2.397019E-16
6048.  3.465169E-16
6050.  3.863615E-16
6052.  3.725241E-16
6054.  3.246924E-16
6056.  2.565838E-16
6058.  3.246265E-16
6060.  3.323367E-16
6062.  3.211726E-16
6064.  3.263871E-16
6066.  3.527500E-16
6068.  3.754263E-16
6070.  3.425774E-16
6072.  3.176524E-16
6074.  2.938967E-16
6076.  3.542615E-16
6078.  3.904916E-16
6080.  3.534486E-16
6082.  2.795030E-16
6084.  3.294898E-16
6086.  3.797249E-16
6088.  3.617678E-16
6090.  4.024988E-16
6092.  3.619613E-16
6094.  3.631594E-16
6096.  3.460747E-16
6098.  3.730909E-16
6100.  3.400453E-16
6102.  3.144824E-16
6104.  3.402659E-16
6106.  3.691644E-16
6108.  3.886804E-16
6110.  3.323558E-16
6112.  3.838996E-16
6114.  3.936454E-16
6116.  4.169675E-16
6118.  3.311267E-16
6120.  3.561690E-16
6122.  4.334002E-16
6124.  3.978090E-16
6126.  3.119962E-16
6128.  3.288142E-16
6130.  3.977541E-16
6132.  4.522414E-16
6134.  3.574956E-16
6136.  3.932847E-16
6138.  2.930888E-16
6140.  4.206923E-16
6142.  4.532506E-16
6144.  3.226171E-16
6146.  3.972501E-16
6148.  3.865237E-16
6150.  2.558068E-16
6152.  4.008244E-16
6154.  4.686283E-16
6156.  3.572563E-16
6158.  4.183372E-16
6160.  3.918098E-16
6162.  3.844503E-16
6164.  4.190789E-16
6166.  3.931980E-16
6168.  4.409580E-16
6170.  4.644528E-16
6172.  4.895598E-16
6174.  3.805734E-16
6176.  4.377830E-16
6178.  4.376911E-16
6180.  4.690432E-16
6182.  5.258702E-16
6184.  4.771475E-16
6186.  4.653038E-16
6188.  5.446438E-16
6190.  5.639173E-16
6192.  5.768679E-16
6194.  5.177970E-16
6196.  4.734174E-16
6198.  5.168222E-16
6200.  5.071133E-16
6202.  5.481940E-16
6204.  5.452849E-16
6206.  5.158717E-16
6208.  4.856098E-16
6210.  5.003779E-16
6212.  5.529224E-16
6214.  5.888545E-16
6216.  5.770048E-16
6218.  6.670267E-16
6220.  5.871441E-16
6222.  5.188426E-16
6224.  5.249513E-16
6226.  5.433733E-16
6228.  5.360349E-16
6230.  5.427650E-16
6232.  4.511880E-16
6234.  4.915793E-16
6236.  5.251629E-16
6238.  5.328607E-16
6240.  6.247826E-16
6242.  6.102002E-16
6244.  5.602784E-16
6246.  5.544348E-16
6248.  5.371885E-16
6250.  5.833906E-16
6252.  5.672471E-16
6254.  5.609180E-16
6256.  5.660717E-16
6258.  6.089253E-16
6260.  5.807200E-16
6262.  5.826562E-16
6264.  5.695535E-16
6266.  5.912725E-16
6268.  5.132500E-16
6270.  5.174722E-16
6272.  5.566595E-16
6274.  6.209920E-16
6276.  5.530736E-16
6278.  4.641260E-16
6280.  5.433759E-16
6282.  5.924980E-16
6284.  6.353328E-16
6286.  6.061282E-16
6288.  5.380140E-16
6290.  5.725798E-16
6292.  5.602547E-16
6294.  5.773265E-16
6296.  6.212153E-16
6298.  6.445485E-16
6300.  6.198580E-16
6302.  6.333648E-16
6304.  5.834313E-16
6306.  5.229450E-16
6308.  4.617099E-16
6310.  5.614073E-16
6312.  5.918904E-16
6314.  6.151077E-16
6316.  6.249553E-16
6318.  6.387184E-16
6320.  6.121592E-16
6322.  6.190696E-16
6324.  6.290291E-16
6326.  6.165110E-16
6328.  6.030088E-16
6330.  6.300669E-16
6332.  6.663582E-16
6334.  6.100194E-16
6336.  6.004088E-16
6338.  5.990207E-16
6340.  6.130641E-16
6342.  6.646121E-16
6344.  6.813318E-16
6346.  6.398322E-16
6348.  6.081033E-16
6350.  6.098142E-16
6352.  6.523851E-16
6354.  5.819809E-16
6356.  5.866241E-16
6358.  6.840171E-16
6360.  6.501931E-16
6362.  6.869663E-16
6364.  6.684536E-16
6366.  6.386544E-16
6368.  6.495284E-16
6370.  6.440759E-16
6372.  5.805046E-16
6374.  7.064432E-16
6376.  7.121783E-16
6378.  6.709515E-16
6380.  5.970830E-16
6382.  5.874637E-16
6384.  6.197293E-16
6386.  6.348180E-16
6388.  6.595603E-16
6390.  6.823857E-16
6392.  6.098968E-16
6394.  6.090221E-16
6396.  5.356490E-16
6398.  5.859672E-16
6400.  6.669417E-16
6402.  6.747326E-16
6404.  6.098534E-16
6406.  5.766487E-16
6408.  5.654961E-16
6410.  5.693583E-16
6412.  5.720061E-16
6414.  5.883432E-16
6416.  6.592646E-16
6418.  6.358716E-16
6420.  5.958806E-16
6422.  5.500623E-16
6424.  5.415204E-16
6426.  6.367770E-16
6428.  5.815717E-16
6430.  6.108901E-16
6432.  6.589324E-16
6434.  6.151474E-16
6436.  6.047574E-16
6438.  5.784635E-16
6440.  5.960724E-16
6442.  6.506444E-16
6444.  6.079677E-16
6446.  5.605350E-16
6448.  6.367225E-16
6450.  6.287050E-16
6452.  6.038123E-16
6454.  5.739363E-16
6456.  6.161646E-16
6458.  5.703006E-16
6460.  5.445422E-16
6462.  5.279387E-16
6464.  6.466995E-16
6466.  6.239587E-16
6468.  5.948316E-16
6470.  5.431295E-16
6472.  5.995708E-16
6474.  6.107628E-16
6476.  5.688872E-16
6478.  6.575775E-16
6480.  5.898074E-16
6482.  5.560341E-16
6484.  5.829143E-16
6486.  5.602837E-16
6488.  5.709145E-16
6490.  6.094461E-16
6492.  6.062521E-16
6494.  5.928001E-16
6496.  5.436375E-16
6498.  5.187947E-16
6500.  5.253233E-16
6502.  5.744530E-16
6504.  5.820784E-16
6506.  5.409725E-16
6508.  5.260250E-16
6510.  5.391265E-16
6512.  5.571147E-16
6514.  5.861909E-16
6516.  6.347991E-16
6518.  5.522537E-16
6520.  5.036753E-16
6522.  5.507085E-16
6524.  6.159874E-16
6526.  5.947006E-16
6528.  5.844812E-16
6530.  5.300761E-16
6532.  5.535382E-16
6534.  5.524035E-16
6536.  5.736646E-16
6538.  5.767121E-16
6540.  5.513442E-16
6542.  5.153939E-16
6544.  5.355607E-16
6546.  4.986697E-16
6548.  5.002970E-16
6550.  5.323662E-16
6552.  4.930711E-16
6554.  4.840109E-16
6556.  5.196502E-16
6558.  5.587676E-16
6560.  5.904671E-16
6562.  5.494191E-16
6564.  5.551379E-16
6566.  5.563422E-16
6568.  5.201041E-16
6570.  4.782804E-16
6572.  5.226762E-16
6574.  5.518961E-16
6576.  5.520468E-16
6578.  4.492103E-16
6580.  4.519011E-16
6582.  5.154915E-16
6584.  6.240078E-16
6586.  5.444674E-16
6588.  4.871767E-16
6590.  4.488968E-16
6592.  4.890910E-16
6594.  5.565388E-16
6596.  5.417040E-16
6598.  4.640589E-16
6600.  4.866303E-16
6602.  5.232717E-16
6604.  5.199992E-16
6606.  4.654685E-16
6608.  4.039830E-16
6610.  5.039977E-16
6612.  5.335536E-16
6614.  4.537324E-16
6616.  5.193468E-16
6618.  5.658660E-16
6620.  4.984400E-16
6622.  4.695711E-16
6624.  4.698342E-16
6626.  4.908767E-16
6628.  5.666101E-16
6630.  5.640462E-16
6632.  5.680452E-16
6634.  5.668619E-16
6636.  5.015888E-16
6638.  4.838277E-16
6640.  4.785577E-16
6642.  5.812793E-16
6644.  5.181599E-16
6646.  5.262430E-16
6648.  4.920842E-16
6650.  4.984498E-16
6652.  5.157900E-16
6654.  5.316103E-16
6656.  5.285329E-16
6658.  5.274891E-16
6660.  4.990850E-16
6662.  5.178118E-16
6664.  5.319318E-16
6666.  5.348086E-16
6668.  4.658332E-16
6670.  5.028994E-16
6672.  5.225566E-16
6674.  6.679827E-16
6676.  7.954036E-16
6678.  8.533965E-16
6680.  8.741671E-16
6682.  7.408381E-16
6684.  5.469746E-16
6686.  4.687587E-16
6688.  4.273418E-16
6690.  3.963044E-16
6692.  4.311898E-16
6694.  4.766354E-16
6696.  5.930555E-16
6698.  6.856549E-16
6700.  6.595447E-16
6702.  6.479097E-16
6704.  4.762005E-16
6706.  5.074913E-16
6708.  3.971011E-16
6710.  3.740273E-16
6712.  4.089003E-16
6714.  4.752663E-16
6716.  4.593549E-16
6718.  4.087652E-16
6720.  3.944662E-16
6722.  3.770418E-16
6724.  4.018720E-16
6726.  4.037532E-16
6728.  3.778091E-16
6730.  4.385811E-16
6732.  4.574527E-16
6734.  4.129182E-16
6736.  4.353276E-16
6738.  4.071006E-16
6740.  3.786326E-16
6742.  3.916948E-16
6744.  4.176418E-16
6746.  4.317978E-16
6748.  4.060427E-16
6750.  4.407496E-16
6752.  4.867724E-16
6754.  4.545553E-16
6756.  4.172498E-16
6758.  4.193779E-16
6760.  3.937696E-16
6762.  4.401141E-16
6764.  5.021852E-16
6766.  5.022219E-16
6768.  4.609211E-16
6770.  4.211197E-16
6772.  4.393028E-16
6774.  4.341441E-16
6776.  4.018716E-16
6778.  3.906177E-16
6780.  3.678352E-16
6782.  4.323220E-16
6784.  4.136330E-16
6786.  4.201957E-16
6788.  4.804885E-16
6790.  4.985418E-16
6792.  4.075406E-16
6794.  3.296588E-16
6796.  4.214763E-16
6798.  4.178441E-16
6800.  4.819225E-16
6802.  4.272347E-16
6804.  3.919978E-16
6806.  4.217407E-16
6808.  3.827568E-16
6810.  3.945411E-16
6812.  4.244936E-16
6814.  4.400174E-16
6816.  4.055620E-16
6818.  3.815938E-16
6820.  3.709333E-16
6822.  4.432119E-16
6824.  4.528054E-16
6826.  4.375599E-16
6828.  3.687085E-16
6830.  4.050614E-16
6832.  4.236756E-16
6834.  4.521233E-16
6836.  4.737018E-16
6838.  4.016696E-16
6840.  4.372029E-16
6842.  4.541272E-16
6844.  4.775065E-16
6846.  4.424006E-16
6848.  4.465059E-16
6850.  4.278827E-16
6852.  4.286405E-16
6854.  3.774248E-16
6856.  3.910877E-16
6858.  3.910523E-16
6860.  4.213591E-16
6862.  4.265138E-16
6864.  3.497998E-16
6866.  2.750357E-16
6868.  2.864097E-16
6870.  2.602385E-16
6872.  2.509964E-16
6874.  2.027013E-16
6876.  2.249429E-16
6878.  2.828089E-16
6880.  3.504145E-16
6882.  3.638539E-16
6884.  3.697805E-16
6886.  3.528952E-16
6888.  3.103725E-16
6890.  3.167759E-16
6892.  3.144979E-16
6894.  3.223729E-16
6896.  3.344520E-16
6898.  3.151532E-16
6900.  3.115635E-16
6902.  3.180218E-16
6904.  3.592173E-16
6906.  3.812047E-16
6908.  3.337146E-16
6910.  3.116519E-16
6912.  3.606606E-16
6914.  3.940054E-16
6916.  3.679656E-16
6918.  3.116030E-16
6920.  2.996283E-16
6922.  3.119093E-16
6924.  3.834372E-16
6926.  3.446870E-16
6928.  3.130538E-16
6930.  3.790125E-16
6932.  4.008310E-16
6934.  3.992266E-16
6936.  3.783818E-16
6938.  2.851253E-16
6940.  3.199230E-16
6942.  3.460485E-16
6944.  3.707794E-16
6946.  3.867413E-16
6948.  3.210450E-16
6950.  4.057313E-16
6952.  3.465953E-16
6954.  3.057015E-16
6956.  3.190647E-16
6958.  3.832773E-16
6960.  3.415041E-16
6962.  3.121948E-16
6964.  3.384677E-16
6966.  4.101346E-16
6968.  3.269677E-16
6970.  3.704214E-16
6972.  4.271403E-16
6974.  4.368829E-16
6976.  3.362174E-16
6978.  3.475062E-16
6980.  4.102868E-16
6982.  4.258203E-16
6984.  3.145936E-16
6986.  3.571500E-16
6988.  3.825301E-16
6990.  3.627076E-16
6992.  3.558314E-16
6994.  3.775202E-16
6996.  3.530515E-16
6998.  3.294832E-16
7000.  3.120179E-16
7002.  3.043522E-16
7004.  3.738130E-16
7006.  4.073862E-16
7008.  3.763717E-16
7010.  3.655097E-16
7012.  3.561446E-16
7014.  3.385495E-16
7016.  4.359081E-16
7018.  3.627432E-16
7020.  2.907063E-16
7022.  3.249945E-16
7024.  3.928492E-16
7026.  3.914233E-16
7028.  3.275349E-16
7030.  3.781759E-16
7032.  4.032532E-16
7034.  4.466769E-16
7036.  4.213553E-16
7038.  3.642937E-16
7040.  3.155472E-16
7042.  3.485518E-16
7044.  3.023178E-16
7046.  3.368548E-16
7048.  3.301444E-16
7050.  3.543309E-16
7052.  4.050404E-16
7054.  3.828015E-16
7056.  3.224621E-16
7058.  3.175156E-16
7060.  2.937763E-16
7062.  3.024853E-16
7064.  3.222052E-16
7066.  4.234848E-16
7068.  3.400764E-16
7070.  3.184958E-16
7072.  3.418639E-16
7074.  3.502362E-16
7076.  3.375416E-16
7078.  3.512721E-16
7080.  3.788899E-16
7082.  3.275527E-16
7084.  3.047144E-16
7086.  3.493240E-16
7088.  4.185547E-16
7090.  4.051496E-16
7092.  3.751708E-16
7094.  3.276358E-16
7096.  3.310186E-16
7098.  3.886738E-16
7100.  3.564739E-16
7102.  3.051103E-16
7104.  3.831473E-16
7106.  3.242163E-16
7108.  2.924921E-16
7110.  2.814114E-16
7112.  3.215004E-16
7114.  3.818088E-16
7116.  3.140934E-16
7118.  3.178716E-16
7120.  3.468164E-16
7122.  3.304226E-16
7124.  3.512139E-16
7126.  3.879853E-16
7128.  3.495869E-16
7130.  3.793772E-16
7132.  3.756082E-16
7134.  3.841541E-16
7136.  3.313144E-16
7138.  2.915005E-16
7140.  3.070446E-16
7142.  3.037629E-16
7144.  3.194787E-16
7146.  3.266927E-16
7148.  3.656978E-16
7150.  3.746666E-16
7152.  3.033965E-16
7154.  3.188707E-16
7156.  3.460874E-16
7158.  3.405666E-16
7160.  3.672138E-16
7162.  3.830700E-16
7164.  3.407483E-16
7166.  3.934719E-16
7168.  4.082189E-16
7170.  2.689276E-16
7172.  2.761898E-16
7174.  3.838265E-16
7176.  3.403195E-16
7178.  2.906417E-16
7180.  2.876384E-16
7182.  2.267140E-16
7184.  2.323095E-16
7186.  2.575259E-16
7188.  2.791796E-16
7190.  2.896254E-16
7192.  2.598109E-16
7194.  3.203330E-16
7196.  3.085701E-16
7198.  2.882698E-16
7200.  2.416912E-16
7202.  2.625694E-16
7204.  3.106810E-16
7206.  3.130497E-16
7208.  2.956997E-16
7210.  3.380214E-16
7212.  3.044061E-16
7214.  2.902856E-16
7216.  3.500323E-16
7218.  3.258964E-16
7220.  3.337181E-16
7222.  3.076471E-16
7224.  2.819058E-16
7226.  2.554903E-16
7228.  3.136842E-16
7230.  3.236522E-16
7232.  3.189859E-16
7234.  3.180039E-16
7236.  2.983439E-16
7238.  2.583867E-16
7240.  3.047582E-16
7242.  2.669998E-16
7244.  2.788699E-16
7246.  3.518961E-16
7248.  3.547946E-16
7250.  3.464064E-16
7252.  3.407871E-16
7254.  2.922589E-16
7256.  2.808447E-16
7258.  2.596813E-16
7260.  2.543450E-16
7262.  3.431460E-16
7264.  3.386366E-16
7266.  3.280672E-16
7268.  2.950976E-16
7270.  3.189586E-16
7272.  3.054276E-16
7274.  2.227465E-16
7276.  1.960375E-16
7278.  2.782832E-16
7280.  2.676377E-16
7282.  3.402801E-16
7284.  3.517707E-16
7286.  2.852020E-16
7288.  2.230186E-16
7290.  2.337188E-16
7292.  2.426772E-16
7294.  2.911106E-16
7296.  3.403871E-16
7298.  3.050792E-16
7300.  2.872004E-16
7302.  2.504733E-16
7304.  2.548365E-16
7306.  2.541634E-16
7308.  3.021725E-16
7310.  3.089770E-16
7312.  2.885917E-16
7314.  2.343758E-16
7316.  2.483320E-16
7318.  2.312110E-16
7320.  2.408809E-16
7322.  2.572499E-16
7324.  2.929705E-16
7326.  3.411684E-16
7328.  3.130527E-16
7330.  2.741787E-16
7332.  3.030154E-16
7334.  3.335164E-16
7336.  2.400933E-16
7338.  2.627530E-16
7340.  2.780381E-16
7342.  2.399562E-16
7344.  2.251949E-16
7346.  2.130522E-16
7348.  2.219350E-16
7350.  2.522623E-16
7352.  2.953097E-16
7354.  3.266479E-16
7356.  2.954061E-16
7358.  2.886345E-16
7360.  2.740191E-16
7362.  3.521659E-16
7364.  3.674168E-16
7366.  3.705856E-16
7368.  3.796235E-16
7370.  2.962280E-16
7372.  2.906062E-16
7374.  2.987449E-16
7376.  2.849421E-16
7378.  1.921305E-16
7380.  2.555582E-16
7382.  2.526234E-16
7384.  2.065167E-16
7386.  2.273028E-16
7388.  2.648165E-16
7390.  2.166889E-16
7392.  2.580843E-16
7394.  2.249992E-16
7396.  1.984107E-16
7398.  2.094683E-16
7400.  2.156415E-16
7402.  2.295595E-16
7404.  2.587506E-16
7406.  2.607219E-16
7408.  2.266713E-16
7410.  2.806212E-16
7412.  2.170589E-16
7414.  1.749433E-16
7416.  2.312181E-16
7418.  2.456968E-16
7420.  2.602151E-16
7422.  3.210855E-16
7424.  2.507169E-16
7426.  2.685478E-16
7428.  3.385651E-16
7430.  3.264641E-16
7432.  2.046136E-16
7434.  2.250151E-16
7436.  3.286297E-16
7438.  3.160694E-16
7440.  2.042853E-16
7442.  2.052137E-16
7444.  2.783489E-16
7446.  2.359516E-16
7448.  2.209174E-16
7450.  2.789934E-16
7452.  2.958519E-16
7454.  2.682834E-16
7456.  2.706331E-16
7458.  2.646323E-16
7460.  2.616635E-16
7462.  3.263680E-16
7464.  2.800962E-16
7466.  2.518374E-16
7468.  3.068442E-16
7470.  3.492060E-16
7472.  3.412992E-16
7474.  2.793565E-16
7476.  2.072455E-16
7478.  1.415310E-16
7480.  2.563026E-16
7482.  3.007489E-16
7484.  2.710869E-16
7486.  2.798470E-16
7488.  2.331962E-16
7490.  2.278912E-16
7492.  2.487926E-16
7494.  2.356383E-16
7496.  2.364849E-16
7498.  2.507813E-16
7500.  2.309716E-16
7502.  2.155611E-16
7504.  1.734586E-16
7506.  1.913609E-16
7508.  2.230897E-16
7510.  2.952692E-16
7512.  2.434315E-16
7514.  1.920206E-16
7516.  2.624004E-16
7518.  2.171783E-16
7520.  2.071130E-16
7522.  2.980693E-16
7524.  2.707514E-16
7526.  1.958364E-16
7528.  2.793200E-16
7530.  2.833526E-16
7532.  2.767597E-16
7534.  2.605657E-16
7536.  2.792434E-16
7538.  2.615288E-16
7540.  2.838117E-16
7542.  2.970921E-16
7544.  2.578133E-16
7546.  2.424690E-16
7548.  2.452744E-16
7550.  1.734034E-16
7552.  2.248268E-16
7554.  2.986150E-16
7556.  3.041421E-16
7558.  2.135914E-16
7560.  2.952163E-16
7562.  1.869663E-16
7564.  2.091047E-16
7566.  2.166311E-16
7568.  2.690431E-16
7570.  2.552728E-16
7572.  1.996321E-16
7574.  2.946905E-16
7576.  3.099827E-16
7578.  2.648420E-16
7580.  2.880381E-16
7582.  2.387452E-16
7584.  2.254020E-16
7586.  1.651864E-16
7588.  1.620693E-16
7590.  2.006862E-16
7592.  2.422980E-16
7594.  2.130979E-16
7596.  8.727642E-17
7598.  1.022192E-16
7600.  2.396029E-17
7602.  1.365980E-18
7604.  -1.187436E-17
7606.  1.118351E-17
7608.  -3.553405E-17
7610.  -2.147257E-17
7612.  4.780767E-17
7614.  6.386212E-17
7616.  1.206143E-16
7618.  4.032558E-17
7620.  -5.067138E-17
7622.  7.635760E-17
7624.  1.541180E-16
7626.  1.206731E-16
7628.  6.573742E-17
7630.  4.048964E-17
7632.  1.141731E-16
7634.  1.386531E-16
7636.  1.693132E-16
7638.  9.717963E-17
7640.  8.426949E-17
7642.  3.269983E-17
7644.  1.119280E-16
7646.  1.768398E-16
7648.  1.994760E-16
7650.  1.526912E-16
7652.  1.668521E-16
7654.  1.907835E-16
7656.  1.764152E-16
7658.  1.151923E-16
7660.  1.751496E-16
7662.  1.598817E-16
7664.  1.695680E-16
7666.  2.180026E-16
7668.  1.690530E-16
7670.  9.712320E-17
7672.  -4.008788E-17
7674.  1.760220E-16
7676.  2.203875E-16
7678.  1.790691E-16
7680.  1.147412E-16
7682.  1.368978E-16
7684.  1.988762E-16
7686.  1.116149E-16
7688.  5.961210E-17
7690.  1.735462E-16
7692.  2.243170E-16
7694.  2.536253E-16
7696.  2.603690E-16
7698.  2.334317E-16
7700.  2.784572E-16
7702.  1.801769E-16
7704.  2.212206E-16
7706.  1.957316E-16
7708.  1.821297E-16
7710.  1.108497E-16
7712.  1.555953E-16
7714.  1.630188E-16
7716.  2.052872E-16
7718.  1.558110E-16
7720.  2.908823E-16
7722.  2.969619E-16
7724.  2.231250E-16
7726.  2.435130E-16
7728.  3.204159E-16
7730.  2.625003E-16
7732.  1.624982E-16
7734.  1.180998E-16
7736.  7.503502E-17
7738.  2.082571E-16
7740.  2.522949E-16
7742.  1.812828E-16
7744.  1.969957E-16
7746.  8.048857E-17
7748.  7.409700E-17
7750.  4.514885E-17
7752.  1.355441E-16
7754.  5.803574E-17
7756.  8.449987E-17
7758.  1.289056E-16
7760.  2.955865E-16
7762.  2.728856E-16
7764.  1.908901E-16
7766.  2.470052E-16
7768.  1.429606E-16
7770.  1.072782E-16
7772.  1.283224E-16
7774.  7.814982E-17
7776.  3.921403E-17
7778.  -9.225817E-18
7780.  1.418909E-16
7782.  1.498904E-16
7784.  1.683183E-16
7786.  1.273182E-16
7788.  6.245910E-17
7790.  2.356116E-16
7792.  2.947999E-16
7794.  2.819363E-16
7796.  2.069739E-16
7798.  6.329958E-17
7800.  1.683822E-16
7802.  1.944805E-16
7804.  1.812710E-16
7806.  1.429266E-16
7808.  1.806811E-16
7810.  1.570916E-16
7812.  1.435605E-16
7814.  1.630538E-16
7816.  1.579883E-16
7818.  5.312396E-17
7820.  3.987556E-17
7822.  2.035231E-16
7824.  2.003888E-16
7826.  1.145974E-16
7828.  1.074295E-16
7830.  1.398210E-16
7832.  6.557123E-17
7834.  8.223578E-17
7836.  1.749494E-17
7838.  5.220992E-17
7840.  1.379808E-16
7842.  6.652628E-17
7844.  5.403329E-17
7846.  3.678328E-17
7848.  1.176841E-16
7850.  2.388520E-16
7852.  2.726531E-16
7854.  1.236149E-16
7856.  2.322620E-17
7858.  1.148099E-16
7860.  1.420959E-16
7862.  2.677822E-16
7864.  2.262704E-16
7866.  1.073533E-16
7868.  1.002304E-16
7870.  1.909539E-16
7872.  1.876272E-16
7874.  2.663043E-16
7876.  1.286011E-16
7878.  7.900160E-17
7880.  1.674036E-16
7882.  2.930200E-16
7884.  2.561669E-16
7886.  1.263637E-16
7888.  7.540148E-17
7890.  4.922100E-17
7892.  9.736926E-17
7894.  2.027500E-16
7896.  2.888501E-16
7898.  1.028866E-16
7900.  5.560893E-17
7902.  -1.439172E-17
7904.  1.392599E-16
7906.  1.108148E-16
7908.  1.783586E-17
7910.  4.883260E-17
7912.  2.249950E-16
7914.  2.313010E-16
7916.  1.612591E-16
7918.  7.352826E-17
7920.  1.384318E-16
7922.  1.469042E-16
7924.  5.449170E-17
7926.  7.688907E-17
7928.  1.548927E-16
7930.  9.797507E-17
7932.  1.118370E-16
7934.  1.692056E-16
7936.  5.957108E-17
7938.  1.819494E-17
7940.  7.833971E-17
7942.  2.231231E-16
7944.  9.841338E-17
7946.  1.225848E-17
7948.  1.138436E-16
7950.  1.140329E-16
7952.  7.354442E-17
7954.  5.079507E-17
7956.  1.168236E-16
7958.  1.126304E-16
7960.  5.248301E-17
7962.  -7.237633E-17
7964.  2.330139E-17
7966.  8.294634E-17
7968.  2.474255E-16
7970.  1.977914E-16
7972.  3.187494E-16
7974.  1.914904E-16
7976.  1.866040E-16
7978.  2.541664E-16
7980.  1.561518E-16
7982.  7.819268E-17
7984.  1.305774E-16
7986.  1.221291E-16
7988.  2.519617E-17
7990.  4.728373E-17
7992.  -3.923121E-17
7994.  1.567738E-16
7996.  2.790795E-16
7998.  1.180046E-16
8000.  7.845220E-17
8002.  1.467106E-16
8004.  1.036545E-16
8006.  1.231666E-16
8008.  1.481902E-16
8010.  1.182356E-16
8012.  2.175541E-16
8014.  2.079653E-16
8016.  2.282195E-16
8018.  1.989757E-16
8020.  1.084062E-16
8022.  3.436189E-17
8024.  1.021812E-16
8026.  1.516520E-16
8028.  2.107181E-16
8030.  2.679444E-16
8032.  1.776209E-16
8034.  2.035309E-16
8036.  1.628945E-16
8038.  1.135795E-16
8040.  2.533808E-17
8042.  -3.505698E-17
8044.  -9.201954E-19
8046.  6.444204E-17
8048.  2.654840E-17
8050.  7.711101E-17
8052.  1.953299E-16
8054.  8.158969E-17
8056.  1.208377E-16
8058.  1.828138E-16
8060.  8.749356E-17
8062.  1.508566E-16
8064.  5.626957E-17
8066.  1.326467E-16
8068.  4.557448E-17
8070.  1.058316E-16
8072.  -3.752908E-17
8074.  3.168020E-17
8076.  2.480796E-16
8078.  2.553539E-16
8080.  -5.557244E-17
8082.  1.206979E-16
8084.  1.785106E-16
8086.  2.506799E-16
8088.  1.666819E-16
8090.  1.425458E-16
8092.  1.109413E-16
8094.  8.583866E-17
8096.  1.164165E-16
8098.  -2.073756E-16
8100.  3.058374E-17
8102.  1.339040E-16
8104.  2.838924E-16
8106.  7.276247E-17
8108.  8.057461E-17
8110.  2.361524E-16
8112.  2.494469E-16
8114.  1.323347E-16
8116.  1.278331E-16
8118.  1.692965E-18
8120.  1.313984E-16
8122.  7.992471E-17
8124.  1.521571E-16
8126.  1.796207E-16
8128.  1.375258E-17
8130.  1.120508E-16
8132.  1.653990E-16
8134.  2.220416E-16
8136.  1.701079E-16
8138.  1.116389E-16
8140.  1.923771E-16
8142.  1.485678E-16
8144.  1.666182E-16
8146.  2.741751E-16
8148.  2.452715E-17
8150.  -5.866123E-17
8152.  -5.364102E-17
8154.  1.113111E-16
8156.  1.180674E-16
8158.  1.562192E-16
8160.  2.242224E-16
8162.  2.963219E-16
8164.  1.165278E-16
8166.  -5.185129E-17
8168.  2.071351E-16
8170.  1.483844E-16
8172.  9.952983E-17
8174.  2.428032E-16
8176.  9.770042E-17
8178.  -5.595387E-17
8180.  1.200642E-16
8182.  2.382977E-16
8184.  1.071644E-16
8186.  3.795860E-17
8188.  1.292323E-16
8190.  1.784959E-17
8192.  1.672673E-18
8194.  2.316318E-16
8196.  3.300541E-16
8198.  2.982226E-16
8200.  2.926085E-16
8202.  2.152277E-16
8204.  3.655639E-16
8206.  2.793583E-16
8208.  1.598429E-16
8210.  1.908049E-16
8212.  3.401539E-16
8214.  3.512425E-16
8216.  2.430332E-16
8218.  3.377759E-16
8220.  2.462231E-16
8222.  1.292660E-16
8224.  1.827457E-16
8226.  1.432923E-16
8228.  2.146060E-16
8230.  2.035839E-16
8232.  1.051395E-16
8234.  -2.563875E-17
8236.  2.007892E-16
8238.  3.229726E-16
8240.  3.856450E-16
8242.  3.166660E-16
8244.  9.792425E-17
8246.  9.333912E-17
8248.  1.442614E-16
8250.  5.752244E-17
8252.  1.317947E-16
8254.  2.490004E-16
8256.  1.890988E-16
8258.  8.215670E-17
8260.  8.086761E-17
8262.  1.441231E-16
8264.  1.423394E-16
8266.  2.249960E-16
8268.  2.638822E-16
8270.  2.440861E-16
8272.  1.618974E-16
8274.  6.184559E-17
8276.  1.640370E-16
8278.  2.724895E-16
8280.  3.663662E-17
8282.  5.424470E-17
8284.  3.332246E-16
8286.  3.028752E-16
8288.  3.173291E-16
8290.  1.175696E-16
8292.  8.511307E-17
8294.  2.161136E-16
8296.  1.572219E-16
8298.  2.301157E-16
8300.  2.642825E-16
8302.  2.605984E-17
8304.  8.926219E-17
8306.  -1.021911E-16
8308.  1.830143E-16
8310.  4.056660E-16
8312.  1.814252E-16
8314.  1.209930E-16
8316.  1.450759E-16
8318.  6.276363E-17
8320.  4.866027E-17
8322.  1.414765E-16
8324.  1.945035E-16
8326.  1.022022E-16
8328.  2.864527E-17
8330.  -5.944948E-18
8332.  1.671732E-16
8334.  3.430975E-17
8336.  4.666139E-17
8338.  4.918753E-17
8340.  1.411909E-16
8342.  3.092419E-16
8344.  8.439715E-17
8346.  -4.893212E-17
8348.  -8.546416E-18
8350.  1.192457E-17
8352.  1.970983E-16
8354.  2.909054E-16
8356.  2.503284E-16
8358.  3.284332E-16
8360.  1.837061E-16
8362.  1.248377E-16
8364.  9.297841E-17
8366.  6.892549E-17
8368.  2.200027E-16
8370.  3.249422E-16
8372.  2.600010E-16
8374.  1.828964E-16
8376.  5.263841E-17
8378.  1.802892E-16
8380.  3.202866E-16
8382.  2.581169E-16
8384.  2.037094E-17
8386.  1.360666E-16
8388.  4.207199E-16
8390.  4.662633E-16
8392.  1.441775E-16
8394.  6.585686E-17
8396.  -7.198541E-17
8398.  1.487137E-17
8400.  2.153431E-16
8402.  4.066993E-16
8404.  2.202809E-16
8406.  1.773425E-16
8408.  3.223177E-16
8410.  3.230334E-16
8412.  1.667469E-16
8414.  1.319986E-16
8416.  8.368004E-17
8418.  3.140362E-16
8420.  3.732042E-16
8422.  3.792327E-16
8424.  2.461322E-16
8426.  2.280779E-16
8428.  1.649782E-16
8430.  -6.071747E-17
8432.  7.479742E-17
8434.  3.348002E-16
8436.  3.297202E-16
8438.  3.551326E-16
8440.  4.433819E-16
8442.  2.208511E-16
8444.  1.873158E-16
8446.  4.366662E-16
8448.  4.613290E-16
8450.  3.439488E-16
8452.  3.910984E-16
8454.  3.909589E-16
8456.  4.146275E-17
8458.  8.965384E-17
8460.  3.775537E-16
8462.  3.213155E-16
8464.  4.482335E-16
8466.  1.565240E-16
8468.  1.086445E-16
8470.  1.282958E-16
8472.  2.608823E-16
8474.  1.220642E-16
8476.  1.493911E-16
8478.  1.456798E-16
8480.  2.030583E-16
8482.  -2.631065E-17
8484.  3.465768E-17
8486.  7.629905E-17
8488.  2.700012E-16
8490.  3.344854E-16
8492.  3.569245E-16
8494.  3.458786E-16
8496.  3.062043E-16
8498.  3.989816E-16
