3400.4	6.9825
3401.4	0.80874
3402.5	5.5888
3403.5	2.4395
3404.6	-2.0297
3405.7	-4.363
3406.7	1.1898
3407.8	3.0545
3408.9	5.4478
3409.9	-0.97431
3411.0	-2.0652
3412.0	4.6568
3413.1	6.2723
3414.2	-0.7448
3415.2	-1.5118
3416.3	-2.8182
3417.4	-4.3414
3418.4	-3.1761
3419.5	-4.3696
3420.5	-1.0529
3421.6	3.9281
3422.7	3.5268
3423.7	3.9775
3424.8	3.2134
3425.9	3.7772
3426.9	2.6199
3428.0	0.31284
3429.0	1.7057
3430.1	0.74792
3431.2	0.22197
3432.2	1.8216
3433.3	4.9636
3434.4	4.7213
3435.4	3.3072
3436.5	-1.4483
3437.6	1.7573
3438.6	4.4628
3439.7	-0.21004
3440.7	6.9574
3441.8	6.7974
3442.9	1.288
3443.9	-0.18275
3445.0	-0.37432
3446.1	0.81565
3447.1	1.2734
3448.2	-1.6543
3449.3	0.9894
3450.3	0.41695
3451.4	-4.4958
3452.5	3.4285
3453.5	2.6256
3454.6	-1.0418
3455.6	0.31247
3456.7	1.745
3457.8	2.6363
3458.8	2.8434
3459.9	-1.5532
3461.0	-0.66608
3462.0	-2.0201
3463.1	0.12497
3464.2	-1.7125
3465.2	0.99123
3466.3	-0.22262
3467.4	4.316
3468.4	-1.4424
3469.5	-0.91831
3470.6	-0.83801
3471.6	-2.5666
3472.7	0.30858
3473.8	0.38485
3474.8	5.2625
3475.9	-1.5034
3476.9	1.7358
3478.0	0.23084
3479.1	1.1517
3480.1	-0.44344
3481.2	1.0943
3482.3	-0.87201
3483.3	-2.547
3484.4	5.0929
3485.5	-0.23895
3486.5	3.2334
3487.6	0.2926
3488.7	-1.4359
3489.7	-4.7878
3490.8	2.1511
3491.9	3.187
3492.9	-1.4826
3494.0	-1.5491
3495.1	-2.7473
3496.1	0.15613
3497.2	-4.1812
3498.3	-3.2608
3499.3	1.1273
3500.4	-1.3886
3501.5	-0.21442
3502.5	-0.018598
3503.6	0.96354
3504.7	-1.1432
3505.7	-0.25259
3506.8	-3.2241
3507.9	0.93134
3508.9	0.88449
3510.0	-0.48627
3511.1	-0.47304
3512.1	-4.4885
3513.2	-0.92999
3514.3	-1.1275
3515.3	0.34337
3516.4	3.1535
3517.5	-0.21494
3518.5	2.8758
3519.6	-2.3214
3520.7	0.038491
3521.7	2.7708
3522.8	1.3795
3523.9	1.4033
3524.9	0.88253
3526.0	-0.45015
3527.1	1.6301
3528.1	2.9547
3529.2	-0.28414
3530.3	-0.5862
3531.3	1.7157
3532.4	-0.90533
3533.5	3.0894
3534.5	-0.94435
3535.6	-1.8336
3536.7	-0.61667
3537.7	-1.8248
3538.8	2.7929
3539.9	3.1382
3540.9	2.2893
3542.0	-0.99783
3543.1	1.0657
3544.2	-4.2096
3545.2	-3.6641
3546.3	0.055664
3547.4	1.2199
3548.4	-0.79242
3549.5	-0.19631
3550.6	3.9479
3551.6	-1.8002
3552.7	2.1604
3553.8	-3.6256
3554.8	0.76349
3555.9	2.63
3557.0	-4.3261
3558.0	-1.0169
3559.1	2.9382
3560.2	-0.39924
3561.2	-1.7433
3562.3	3.7483
3563.4	3.2783
3564.5	3.2762
3565.5	2.3236
3566.6	-1.6638
3567.7	-0.66915
3568.7	-0.27103
3569.8	3.0426
3570.9	3.0659
3571.9	2.1465
3573.0	1.8747
3574.1	1.0872
3575.1	0.11505
3576.2	2.2984
3577.3	-0.15159
3578.3	0.9532
3579.4	1.8775
3580.5	1.673
3581.6	2.0279
3582.6	-0.40993
3583.7	2.2342
3584.8	2.41
3585.8	0.9987
3586.9	0.84924
3588.0	-1.2937
3589.0	-0.56606
3590.1	-0.55924
3591.2	1.5185
3592.3	0.85379
3593.3	2.0454
3594.4	1.4516
3595.5	0.62209
3596.5	3.2183
3597.6	2.3938
3598.7	0.84523
3599.7	-0.80705
3600.8	-2.2794
3601.9	1.0033
3603.0	1.8475
3604.0	0.89177
3605.1	1.6137
3606.2	1.4044
3607.2	1.7253
3608.3	1.7937
3609.4	1.5758
3610.4	0.081436
3611.5	-0.49568
3612.6	0.75154
3613.7	3.3586
3614.7	2.2283
3615.8	1.2922
3616.9	1.1036
3617.9	1.59
3619.0	1.1178
3620.1	0.26896
3621.1	-0.662
3622.2	0.64722
3623.3	1.5862
3624.4	2.149
3625.4	0.1338
3626.5	-0.76496
3627.6	0.1715
3628.6	1.0499
3629.7	-0.046549
3630.8	-0.97058
3631.9	-0.066228
3632.9	0.55366
3634.0	-1.0278
3635.1	-0.19559
3636.1	-0.47498
3637.2	-1.7861
3638.3	0.40758
3639.4	3.708
3640.4	3.1442
3641.5	1.8018
3642.6	1.7957
3643.6	0.18222
3644.7	0.48178
3645.8	2.9457
3646.9	1.0859
3647.9	-1.0392
3649.0	0.41781
3650.1	2.968
3651.1	-0.16854
3652.2	-2.7114
3653.3	-0.22818
3654.4	0.6893
3655.4	0.49422
3656.5	0.20106
3657.6	-0.73203
3658.7	0.25488
3659.7	2.5385
3660.8	0.79196
3661.9	-0.95551
3662.9	1.7394
3664.0	1.0956
3665.1	-0.31138
3666.2	-1.783
3667.2	-1.3907
3668.3	-0.04749
3669.4	-0.85247
3670.4	0.75372
3671.5	1.7483
3672.6	-0.33527
3673.7	-1.1216
3674.7	-0.22099
3675.8	0.73989
3676.9	1.3735
3678.0	2.5837
3679.0	1.388
3680.1	1.0449
3681.2	0.78804
3682.2	2.6107
3683.3	1.1426
3684.4	1.6397
3685.5	3.1988
3686.5	1.5271
3687.6	1.161
3688.7	1.0018
3689.8	1.1062
3690.8	1.3215
3691.9	2.005
3693.0	0.17537
3694.1	-1.0856
3695.1	1.511
3696.2	2.3972
3697.3	1.2573
3698.3	0.3322
3699.4	0.30601
3700.5	0.25074
3701.6	-0.46196
3702.6	0.69076
3703.7	0.4757
3704.8	0.068957
3705.9	1.1737
3706.9	-0.41754
3708.0	0.17303
3709.1	0.16286
3710.2	0.82909
3711.2	2.3934
3712.3	1.024
3713.4	0.86027
3714.4	1.0296
3715.5	0.49408
3716.6	0.43072
3717.7	-0.2599
3718.7	-1.0591
3719.8	0.43331
3720.9	1.8852
3722.0	1.352
3723.0	2.174
3724.1	1.0163
3725.2	-0.92892
3726.3	-1.5367
3727.3	-1.3083
3728.4	0.20892
3729.5	1.919
3730.6	0.4553
3731.6	0.17921
3732.7	1.1823
3733.8	0.96096
3734.9	1.4422
3735.9	0.75421
3737.0	1.8526
3738.1	2.2011
3739.2	1.0295
3740.2	0.58296
3741.3	0.70909
3742.4	0.69776
3743.5	1.2862
3744.5	1.3998
3745.6	0.39957
3746.7	1.5469
3747.8	1.6972
3748.8	-0.55086
3749.9	-1.4711
3751.0	0.63538
3752.1	1.2787
3753.1	0.43099
3754.2	0.73826
3755.3	-0.41062
3756.4	0.54773
3757.4	0.043453
3758.5	0.22054
3759.6	1.0817
3760.7	0.89215
3761.7	-0.043673
3762.8	0.37691
3763.9	0.36673
3765.0	-0.42424
3766.0	0.61316
3767.1	1.1999
3768.2	0.93702
3769.3	0.66969
3770.3	-0.83779
3771.4	1.1358
3772.5	2.3844
3773.6	1.5069
3774.6	2.7686
3775.7	2.3741
3776.8	2.294
3777.9	1.0665
3778.9	-0.040202
3780.0	0.30308
3781.1	0.67442
3782.2	0.84619
3783.3	2.0964
3784.3	2.177
3785.4	1.1111
3786.5	0.61478
3787.6	0.26379
3788.6	-0.69174
3789.7	-0.50424
3790.8	-0.50557
3791.9	0.19474
3792.9	0.61082
3794.0	-1.1229
3795.1	0.75109
3796.2	0.74899
3797.2	1.2564
3798.3	0.15541
3799.4	-0.14835
3800.5	0.14478
3801.6	0.65669
3802.6	1.156
3803.7	0.78917
3804.8	1.8854
3805.9	-0.12157
3806.9	-0.88044
3808.0	0.13589
3809.1	0.224
3810.2	0.16207
3811.2	0.8152
3812.3	1.9226
3813.4	1.1845
3814.5	1.1061
3815.6	1.2154
3816.6	-0.40735
3817.7	0.34242
3818.8	0.11423
3819.9	1.238
3820.9	0.54249
3822.0	0.44489
3823.1	-0.33055
3824.2	0.27493
3825.2	1.1312
3826.3	1.8397
3827.4	1.9296
3828.5	1.57
3829.6	1.521
3830.6	0.099806
3831.7	-0.40662
3832.8	0.62658
3833.9	0.91161
3834.9	2.0083
3836.0	2.0295
3837.1	0.92564
3838.2	1.7683
3839.3	0.86558
3840.3	1.3071
3841.4	3.1302
3842.5	0.37851
3843.6	1.0642
3844.6	1.2692
3845.7	0.87028
3846.8	0.1023
3847.9	0.9382
3849.0	0.81094
3850.0	1.0852
3851.1	1.736
3852.2	0.59005
3853.3	1.0152
3854.3	2.1333
3855.4	2.0267
3856.5	0.73604
3857.6	-0.56091
3858.7	0.93206
3859.7	0.65297
3860.8	0.8572
3861.9	1.034
3863.0	1.5721
3864.1	0.19509
3865.1	-0.23784
3866.2	1.0786
3867.3	1.4035
3868.4	0.57818
3869.4	2.1469
3870.5	5.5268
3871.6	3.538
3872.7	1.9179
3873.8	0.64463
3874.8	0.58101
3875.9	2.5436
3877.0	0.13615
3878.1	1.5157
3879.2	1.5169
3880.2	1.1623
3881.3	1.1285
3882.4	1.489
3883.5	1.8505
3884.5	1.1331
3885.6	0.83403
3886.7	0.93243
3887.8	-0.4763
3888.9	0.41532
3889.9	1.104
3891.0	0.26698
3892.1	2.1058
3893.2	1.8587
3894.3	-0.14425
3895.3	-0.50278
3896.4	0.74208
3897.5	0.28013
3898.6	1.1674
3899.7	1.4202
3900.7	1.9242
3901.8	1.2532
3902.9	0.97085
3904.0	1.7471
3905.1	0.59445
3906.1	1.8092
3907.2	1.7893
3908.3	3.0987
3909.4	1.7841
3910.5	0.25472
3911.5	-0.28026
3912.6	2.4716
3913.7	2.243
3914.8	0.47016
3915.9	-0.65533
3916.9	0.39943
3918.0	0.98482
3919.1	0.95421
3920.2	-0.18178
3921.3	0.45814
3922.3	0.49131
3923.4	1.6532
3924.5	0.82394
3925.6	0.18693
3926.7	1.5272
3927.7	1.2918
3928.8	1.377
3929.9	0.91933
3931.0	0.84307
3932.1	0.26585
3933.1	-0.051261
3934.2	-0.73421
3935.3	0.73681
3936.4	-0.13531
3937.5	1.919
3938.5	0.67147
3939.6	1.0642
3940.7	0.66128
3941.8	-0.27208
3942.9	1.357
3943.9	0.99679
3945.0	0.63277
3946.1	1.3658
3947.2	2.5389
3948.3	0.72985
3949.3	1.0812
3950.4	1.8204
3951.5	0.38556
3952.6	2.1779
3953.7	1.4804
3954.7	0.17835
3955.8	1.3067
3956.9	-0.83317
3958.0	1.7038
3959.1	1.1775
3960.1	1.2735
3961.2	0.35904
3962.3	2.2296
3963.4	1.3092
3964.5	1.3999
3965.6	-0.21418
3966.6	-0.97879
3967.7	1.1181
3968.8	-0.48233
3969.9	0.84708
3971.0	1.1925
3972.0	1.0888
3973.1	2.0055
3974.2	1.0413
3975.3	2.0792
3976.4	0.36033
3977.4	1.3758
3978.5	0.68915
3979.6	1.4596
3980.7	-0.11345
3981.8	0.37126
3982.9	1.9463
3983.9	2.3411
3985.0	0.56158
3986.1	0.6661
3987.2	0.55133
3988.3	1.4681
3989.3	0.60289
3990.4	-0.8266
3991.5	1.663
3992.6	0.0022582
3993.7	-0.38208
3994.8	-0.12319
3995.8	1.4385
3996.9	0.66522
3998.0	2.131
3999.1	0.15918
4000.2	0.35483
4001.2	3.1315
4002.3	0.33846
4003.4	-0.11752
4004.5	1.3823
4005.6	1.0764
4006.7	0.70525
4007.7	3.7279
4008.8	2.101
4009.9	0.14876
4011.0	2.3164
4012.1	0.99178
4013.1	0.086401
4014.2	0.49233
4015.3	-0.93805
4016.4	2.1223
4017.5	-0.55639
4018.6	1.0338
4019.6	-0.020707
4020.7	1.5743
4021.8	0.94152
4022.9	-0.15627
4024.0	0.9166
4025.1	-0.10305
4026.1	0.81529
4027.2	2.3615
4028.3	1.4756
4029.4	0.60868
4030.5	1.5053
4031.5	2.1725
4032.6	-0.44109
4033.7	-0.58126
4034.8	0.35565
4035.9	1.0988
4037.0	1.3734
4038.0	0.33838
4039.1	0.069493
4040.2	1.7883
4041.3	0.013527
4042.4	1.7858
4043.5	-0.057325
4044.5	0.91276
4045.6	-0.0072433
4046.7	-1.1626
4047.8	2.3462
4048.9	-0.62074
4050.0	2.5625
4051.0	2.3908
4052.1	1.438
4053.2	0.68203
4054.3	-0.17153
4055.4	0.0039452
4056.5	1.2917
4057.5	1.4369
4058.6	1.6053
4059.7	-0.025439
4060.8	1.7134
4061.9	1.2017
4063.0	0.79691
4064.0	1.553
4065.1	1.2467
4066.2	0.81129
4067.3	0.60818
4068.4	2.2601
4069.5	1.2065
4070.5	0.42499
4071.6	1.0432
4072.7	1.5212
4073.8	1.9144
4074.9	1.989
4076.0	0.99901
4077.0	2.1586
4078.1	1.1366
4079.2	3.1017
4080.3	2.2392
4081.4	1.024
4082.5	2.2512
4083.5	-0.36012
4084.6	1.6789
4085.7	1.9125
4086.8	0.71741
4087.9	2.235
4089.0	2.3769
4090.0	1.1736
4091.1	2.0597
4092.2	2.1553
4093.3	1.3756
4094.4	1.6521
4095.5	1.8276
4096.5	2.2705
4097.6	3.9167
4098.7	2.4101
4099.8	0.72054
4100.9	2.4358
4102.0	1.1313
4103.1	1.2448
4104.1	2.7333
4105.2	1.01
4106.3	2.0527
4107.4	2.629
4108.5	2.3641
4109.6	1.6877
4110.6	1.1381
4111.7	2.3672
4112.8	2.1664
4113.9	2.5005
4115.0	1.035
4116.1	1.1598
4117.1	1.0076
4118.2	1.9915
4119.3	0.93244
4120.4	0.80158
4121.5	1.6225
4122.6	1.2021
4123.7	2.1432
4124.7	0.78447
4125.8	1.6114
4126.9	1.4453
4128.0	2.138
4129.1	1.7727
4130.2	1.5554
4131.2	2.3579
4132.3	1.9179
4133.4	0.40952
4134.5	0.31457
4135.6	2.4904
4136.7	1.5324
4137.8	3.9482
4138.8	1.7248
4139.9	1.9119
4141.0	3.1285
4142.1	1.9494
4143.2	1.1928
4144.3	1.276
4145.3	1.8164
4146.4	1.7966
4147.5	2.9834
4148.6	2.5548
4149.7	1.8217
4150.8	1.9054
4151.9	3.5738
4152.9	1.6929
4154.0	1.6019
4155.1	1.3006
4156.2	2.1975
4157.3	-0.72294
4158.4	0.80936
4159.5	1.3672
4160.5	1.8852
4161.6	2.3227
4162.7	3.1635
4163.8	1.2338
4164.9	0.87336
4166.0	1.189
4167.1	2.074
4168.1	1.8055
4169.2	2.2226
4170.3	3.1612
4171.4	1.6815
4172.5	1.2703
4173.6	2.1497
4174.6	2.4382
4175.7	2.5925
4176.8	1.7468
4177.9	2.179
4179.0	1.6839
4180.1	3.2924
4181.2	1.4808
4182.2	1.8203
4183.3	1.5278
4184.4	2.4467
4185.5	3.1882
4186.6	2.626
4187.7	2.0667
4188.8	2.5651
4189.8	2.7897
4190.9	3.2754
4192.0	2.2173
4193.1	3.2266
4194.2	2.4016
4195.3	1.4851
4196.4	1.0814
4197.4	0.55099
4198.5	3.0743
4199.6	3.1643
4200.7	0.42833
4201.8	2.0217
4202.9	2.7308
4204.0	1.0922
4205.0	1.8646
4206.1	1.8073
4207.2	1.9996
4208.3	1.9278
4209.4	3.0927
4210.5	1.808
4211.6	1.0243
4212.7	1.3717
4213.7	1.9978
4214.8	2.6794
4215.9	1.259
4217.0	0.55964
4218.1	1.9752
4219.2	0.50363
4220.3	1.2225
4221.3	3.1154
4222.4	1.6158
4223.5	3.3232
4224.6	3.9235
4225.7	2.1721
4226.8	2.9247
4227.9	2.712
4228.9	0.84029
4230.0	2.2571
4231.1	0.63935
4232.2	1.2554
4233.3	3.3343
4234.4	3.087
4235.5	2.6457
4236.5	2.2795
4237.6	2.931
4238.7	2.1584
4239.8	3.4876
4240.9	3.5881
4242.0	3.4725
4243.1	2.8374
4244.2	2.9293
4245.2	2.8763
4246.3	1.5973
4247.4	1.3049
4248.5	2.9577
4249.6	3.742
4250.7	4.3692
4251.8	3.5723
4252.8	2.2628
4253.9	2.4644
4255.0	1.9481
4256.1	2.1771
4257.2	1.1623
4258.3	0.90684
4259.4	1.2995
4260.5	0.8381
4261.5	1.6233
4262.6	2.3899
4263.7	2.7996
4264.8	3.2236
4265.9	2.575
4267.0	2.8372
4268.1	1.9339
4269.1	2.3631
4270.2	3.6951
4271.3	2.7626
4272.4	1.1195
4273.5	0.93641
4274.6	1.0431
4275.7	2.8736
4276.8	2.1536
4277.8	3.4125
4278.9	3.0692
4280.0	1.1444
4281.1	1.1193
4282.2	1.6653
4283.3	1.6249
4284.4	1.9402
4285.5	3.3256
4286.5	1.6781
4287.6	1.5557
4288.7	2.6569
4289.8	1.7496
4290.9	1.5548
4292.0	2.3409
4293.1	1.5246
4294.2	1.6996
4295.2	1.4527
4296.3	0.12889
4297.4	1.6988
4298.5	1.6165
4299.6	1.7483
4300.7	3.0785
4301.8	2.3927
4302.8	1.7819
4303.9	2.1723
4305.0	2.3691
4306.1	2.5912
4307.2	1.1761
4308.3	1.6933
4309.4	2.9207
4310.5	1.9088
4311.5	1.9583
4312.6	2.4322
4313.7	4.0869
4314.8	3.0855
4315.9	2.3489
4317.0	3.8643
4318.1	3.0452
4319.2	1.9072
4320.2	1.1548
4321.3	1.943
4322.4	2.0768
4323.5	2.3109
4324.6	1.7265
4325.7	2.2887
4326.8	2.1323
4327.9	1.7537
4328.9	-0.56544
4330.0	1.6153
4331.1	1.7139
4332.2	3.2601
4333.3	2.6289
4334.4	3.7789
4335.5	3.8703
4336.6	3.0288
4337.7	3.5308
4338.7	1.4532
4339.8	0.14938
4340.9	0.45203
4342.0	1.0962
4343.1	2.0624
4344.2	1.966
4345.3	3.7339
4346.4	3.5007
4347.4	2.3122
4348.5	1.405
4349.6	1.2058
4350.7	1.1128
4351.8	1.1075
4352.9	2.1203
4354.0	0.97088
4355.1	-0.45029
4356.1	1.3061
4357.2	-0.12036
4358.3	0.67641
4359.4	1.7364
4360.5	2.1622
4361.6	1.7389
4362.7	1.3764
4363.8	1.1433
4364.8	0.64764
4365.9	0.80286
4367.0	1.2172
4368.1	1.3413
4369.2	0.5398
4370.3	0.050482
4371.4	1.5119
4372.5	1.5148
4373.6	0.98917
4374.6	3.7864
4375.7	3.1549
4376.8	1.8002
4377.9	1.4599
4379.0	2.4512
4380.1	1.9791
4381.2	2.7363
4382.3	3.3402
4383.3	2.9177
4384.4	1.0868
4385.5	0.83471
4386.6	1.4317
4387.7	1.4468
4388.8	2.3841
4389.9	2.3261
4391.0	1.9635
4392.1	3.0397
4393.1	1.8495
4394.2	0.49414
4395.3	0.88618
4396.4	2.1329
4397.5	1.3732
4398.6	1.7209
4399.7	4.7068
4400.8	5.5386
4401.8	2.7367
4402.9	1.5338
4404.0	2.6453
4405.1	2.2587
4406.2	1.4081
4407.3	2.2365
4408.4	1.7556
4409.5	2.3158
4410.6	4.6512
4411.6	2.66
4412.7	0.89194
4413.8	1.5709
4414.9	0.85133
4416.0	1.02
4417.1	3.0962
4418.2	0.48554
4419.3	2.5927
4420.4	2.6094
4421.4	1.492
4422.5	1.5643
4423.6	3.2161
4424.7	3.1056
4425.8	1.3592
4426.9	3.2048
4428.0	2.7842
4429.1	0.49092
4430.1	2.098
4431.2	0.93853
4432.3	2.8908
4433.4	2.256
4434.5	3.0553
4435.6	0.75894
4436.7	1.0913
4437.8	1.188
4438.9	1.3835
4439.9	1.819
4441.0	2.043
4442.1	2.2694
4443.2	3.4065
4444.3	2.0957
4445.4	2.4793
4446.5	1.7804
4447.6	2.0386
4448.7	2.2731
4449.7	1.7844
4450.8	-0.33025
4451.9	1.9394
4453.0	2.1417
4454.1	3.5346
4455.2	1.4707
4456.3	2.0603
4457.4	2.2051
4458.5	4.1783
4459.5	3.3844
4460.6	2.8318
4461.7	4.3137
4462.8	3.1382
4463.9	1.6939
4465.0	0.90965
4466.1	1.3991
4467.2	3.5761
4468.3	3.3761
4469.3	1.9385
4470.4	2.5381
4471.5	2.2468
4472.6	1.1645
4473.7	1.536
4474.8	2.3672
4475.9	4.3633
4477.0	1.263
4478.1	2.4199
4479.1	1.6289
4480.2	2.3093
4481.3	-0.053441
4482.4	0.97246
4483.5	2.206
4484.6	3.2189
4485.7	3.1316
4486.8	1.8425
4487.9	1.3513
4488.9	1.5609
4490.0	2.7129
4491.1	-1.0876
4492.2	1.0158
4493.3	0.78942
4494.4	-0.13679
4495.5	1.2666
4496.6	1.5618
4497.7	2.6955
4498.7	3.4109
4499.8	1.7121
4500.9	4.1323
4502.0	5.896
4503.1	1.6544
4504.2	3.0951
4505.3	0.6688
4506.4	4.3274
4507.5	3.3046
4508.5	4.5051
4509.6	4.9712
4510.7	2.7419
4511.8	1.9118
4512.9	2.197
4514.0	3.6175
4515.1	1.9448
4516.2	1.8404
4517.3	2.8639
4518.3	4.2082
4519.4	2.3748
4520.5	1.1658
4521.6	1.6108
4522.7	3.6332
4523.8	4.3393
4524.9	-0.25881
4526.0	3.7145
4527.1	3.2284
4528.2	0.62478
4529.2	0.602
4530.3	2.5015
4531.4	4.0174
4532.5	2.4585
4533.6	2.6825
4534.7	2.9148
4535.8	2.1196
4536.9	3.3319
4538.0	0.89881
4539.0	3.2845
4540.1	-0.24087
4541.2	3.5629
4542.3	3.6582
4543.4	3.0069
4544.5	1.6805
4545.6	1.281
4546.7	0.85475
4547.8	3.0327
4548.8	0.89905
4549.9	3.0071
4551.0	1.5211
4552.1	-0.023959
4553.2	1.6666
4554.3	0.8119
4555.4	-0.040471
4556.5	1.5071
4557.6	1.5893
4558.6	3.69
4559.7	1.6701
4560.8	2.8521
4561.9	1.6347
4563.0	1.9274
4564.1	3.509
4565.2	2.8057
4566.3	3.0498
4567.4	2.3148
4568.5	5.0967
4569.5	2.8039
4570.6	2.0571
4571.7	-0.98133
4572.8	-0.063954
4573.9	3.1985
4575.0	5.2464
4576.1	3.0493
4577.2	2.8699
4578.3	2.6458
4579.3	1.5568
4580.4	0.90103
4581.5	2.1172
4582.6	-0.18926
4583.7	-0.073786
4584.8	-0.15744
4585.9	1.7901
4587.0	3.6988
4588.1	2.1447
4589.2	3.0947
4590.2	2.6698
4591.3	3.7842
4592.4	0.2355
4593.5	-0.054274
4594.6	2.7713
4595.7	1.1181
4596.8	3.7133
4597.9	0.29865
4599.0	1.7259
4600.0	2.8409
4601.1	0.88072
4602.2	1.8799
4603.3	-0.64669
4604.4	0.95753
4605.5	1.9881
4606.6	1.6567
4607.7	-0.023152
4608.8	1.4936
4609.8	3.7546
4610.9	4.1218
4612.0	4.2727
4613.1	2.9326
4614.2	2.3092
4615.3	4.5544
4616.4	1.2944
4617.5	2.4238
4618.6	1.7925
4619.7	2.0192
4620.7	2.4104
4621.8	1.4879
4622.9	0.86579
4624.0	1.4693
4625.1	2.3464
4626.2	5.8415
4627.3	0.95624
4628.4	2.401
4629.5	1.6835
4630.5	2.8259
4631.6	1.6473
4632.7	1.9985
4633.8	1.3527
4634.9	0.69428
4636.0	0.97446
4637.1	2.3171
4638.2	3.9833
4639.3	3.093
4640.3	1.5549
4641.4	1.2608
4642.5	2.0235
4643.6	4.241
4644.7	2.4958
4645.8	0.86393
4646.9	2.6661
4648.0	1.7377
4649.1	0.84576
4650.2	1.5586
4651.2	1.3843
4652.3	1.797
4653.4	1.5343
4654.5	3.1231
4655.6	2.6476
4656.7	2.2331
4657.8	0.45837
4658.9	2.0193
4660.0	0.8922
4661.0	1.3946
4662.1	0.93001
4663.2	3.4193
4664.3	2.3114
4665.4	0.54936
4666.5	2.4955
4667.6	0.88216
4668.7	2.5263
4669.8	1.954
4670.9	1.4878
4671.9	0.74208
4673.0	1.9749
4674.1	1.4667
4675.2	1.6743
4676.3	2.2658
4677.4	2.1271
4678.5	2.0882
4679.6	2.2837
4680.7	4.5987
4681.7	3.2297
4682.8	3.4051
4683.9	2.8499
4685.0	0.09822
4686.1	1.1385
4687.2	1.0641
4688.3	0.86058
4689.4	1.9151
4690.5	2.3459
4691.5	1.1165
4692.6	2.8847
4693.7	0.057606
4694.8	0.99873
4695.9	0.37575
4697.0	0.77919
4698.1	0.85921
4699.2	2.5474
4700.3	0.29653
4701.3	1.5115
4702.4	1.6464
4703.5	1.2442
4704.6	2.0327
4705.7	3.2928
4706.8	3.5379
4707.9	2.4613
4709.0	0.68585
4710.1	0.88749
4711.2	0.47068
4712.2	0.66796
4713.3	0.48512
4714.4	0.52589
4715.5	1.2548
4716.6	1.4953
4717.7	1.4159
4718.8	2.1311
4719.9	1.6296
4721.0	1.3988
4722.0	2.0694
4723.1	1.1496
4724.2	2.3411
4725.3	1.4398
4726.4	1.7898
4727.5	1.706
4728.6	1.3814
4729.7	2.2162
4730.8	1.0974
4731.8	1.6321
4732.9	1.1636
4734.0	2.6874
4735.1	0.18565
4736.2	1.7681
4737.3	1.3946
4738.4	1.8641
4739.5	2.1047
4740.6	2.8348
4741.6	1.7985
4742.7	0.82148
4743.8	2.1192
4744.9	2.6654
4746.0	0.94139
4747.1	1.2757
4748.2	2.7008
4749.3	2.8181
4750.4	2.711
4751.4	2.8872
4752.5	0.19509
4753.6	1.3895
4754.7	1.3024
4755.8	1.984
4756.9	0.90042
4758.0	1.0926
4759.1	0.89882
4760.2	1.9519
4761.3	0.56039
4762.3	1.1022
4763.4	1.9519
4764.5	1.3279
4765.6	2.3156
4766.7	2.4651
4767.8	0.94377
4768.9	2.5363
4770.0	2.6428
4771.1	1.2599
4772.1	1.9008
4773.2	0.7924
4774.3	0.52962
4775.4	0.89342
4776.5	0.1347
4777.6	2.904
4778.7	3.1593
4779.8	3.1043
4780.8	3.0135
4781.9	2.2918
4783.0	1.7423
4784.1	2.2103
4785.2	2.4258
4786.3	1.2991
4787.4	2.7114
4788.5	1.8647
4789.6	0.94798
4790.6	1.4047
4791.7	2.7283
4792.8	1.2775
4793.9	2.2507
4795.0	0.9826
4796.1	0.82375
4797.2	1.8329
4798.3	4.144
4799.4	2.8218
4800.4	3.047
4801.5	1.4371
4802.6	1.3629
4803.7	2.3722
4804.8	3.3647
4805.9	1.8421
4807.0	1.6088
4808.1	1.1461
4809.2	0.54038
4810.2	1.6159
4811.3	0.79799
4812.4	2.3472
4813.5	2.0477
4814.6	2.9093
4815.7	2.5066
4816.8	2.369
4817.9	2.2095
4819.0	2.8326
4820.0	2.3866
4821.1	2.2991
4822.2	3.16
4823.3	1.9769
4824.4	2.1564
4825.5	3.1879
4826.6	2.7132
4827.7	3.0272
4828.8	0.75118
4829.8	1.5433
4830.9	3.307
4832.0	3.3634
4833.1	2.8406
4834.2	3.6815
4835.3	2.9363
4836.4	3.3464
4837.5	3.3728
4838.5	2.2883
4839.6	1.9765
4840.7	2.689
4841.8	4.0826
4842.9	3.423
4844.0	2.7715
4845.1	1.6852
4846.2	2.3518
4847.3	2.816
4848.3	3.073
4849.4	3.5731
4850.5	1.9414
4851.6	3.1617
4852.7	3.4381
4853.8	2.6651
4854.9	3.2203
4856.0	3.4076
4857.0	3.3851
4858.1	2.7688
4859.2	2.457
4860.3	3.9638
4861.4	3.4378
4862.5	2.8141
4863.6	4.1324
4864.7	5.1472
4865.8	4.109
4866.8	4.5945
4867.9	3.983
4869.0	3.7602
4870.1	2.7862
4871.2	3.7732
4872.3	4.802
4873.4	4.4789
4874.5	3.3872
4875.5	4.0925
4876.6	4.2609
4877.7	3.6307
4878.8	4.6344
4879.9	3.4079
4881.0	2.4247
4882.1	2.6292
4883.2	2.9736
4884.2	3.4752
4885.3	3.4834
4886.4	2.3422
4887.5	4.1573
4888.6	5.1624
4889.7	5.5578
4890.8	4.241
4891.9	5.0874
4893.0	4.7737
4894.0	3.5523
4895.1	4.3893
4896.2	4.2046
4897.3	3.062
4898.4	3.5314
4899.5	3.2614
4900.6	2.8952
4901.7	2.5419
4902.7	3.3964
4903.8	3.993
4904.9	3.658
4906.0	3.7926
4907.1	3.5168
4908.2	3.7266
4909.3	2.6115
4910.4	3.1115
4911.4	3.4682
4912.5	2.9174
4913.6	4.325
4914.7	3.8811
4915.8	4.0599
4916.9	3.018
4918.0	3.3291
4919.1	4.3087
4920.1	4.1591
4921.2	3.815
4922.3	2.6943
4923.4	2.8146
4924.5	2.8274
4925.6	3.1228
4926.7	3.3799
4927.8	3.3024
4928.8	2.7938
4929.9	2.2593
4931.0	2.5923
4932.1	2.6001
4933.2	3.6037
4934.3	1.9181
4935.4	1.8048
4936.5	3.1692
4937.5	2.8786
4938.6	3.3671
4939.7	2.9251
4940.8	2.7263
4941.9	3.2287
4943.0	3.0186
4944.1	1.5326
4945.1	2.0346
4946.2	2.756
4947.3	2.8683
4948.4	2.2125
4949.5	1.3778
4950.6	1.7434
4951.7	1.6665
4952.8	3.7914
4953.8	3.6523
4954.9	3.2812
4956.0	3.176
4957.1	2.7195
4958.2	1.747
4959.3	1.8599
4960.4	1.4688
4961.5	3.278
4962.5	3.5166
4963.6	3.5029
4964.7	3.7363
4965.8	1.8455
4966.9	1.9009
4968.0	2.3584
4969.1	2.5935
4970.1	3.2537
4971.2	3.4426
4972.3	3.4726
4973.4	2.1126
4974.5	2.3824
4975.6	1.4245
4976.7	1.7444
4977.8	2.0179
4978.8	2.6783
4979.9	2.3461
4981.0	2.3803
4982.1	3.1042
4983.2	2.0816
4984.3	3.3221
4985.4	3.0981
4986.4	3.4303
4987.5	2.1015
4988.6	2.1437
4989.7	3.1592
4990.8	3.5924
4991.9	3.775
4993.0	2.8327
4994.1	1.4326
4995.1	1.805
4996.2	2.9642
4997.3	1.5015
4998.4	1.4525
4999.5	1.7446
5000.6	2.9995
5001.7	3.3388
5002.7	2.5702
5003.8	1.4916
5004.9	1.408
5006.0	1.4681
5007.1	1.95
5008.2	2.0807
5009.3	1.9584
5010.3	0.35111
5011.4	1.0123
5012.5	2.7992
5013.6	1.026
5014.7	0.87607
5015.8	1.736
5016.9	1.9961
5018.0	2.4649
5019.0	1.003
5020.1	1.4559
5021.2	1.9708
5022.3	2.9213
5023.4	1.6604
5024.5	1.9932
5025.6	2.0188
5026.6	1.4111
5027.7	2.3025
5028.8	1.2077
5029.9	1.3223
5031.0	2.6656
5032.1	2.19
5033.2	1.3387
5034.2	2.0628
5035.3	1.1139
5036.4	1.7567
5037.5	2.2495
5038.6	2.1659
5039.7	2.2798
5040.8	1.9056
5041.8	2.0798
5042.9	2.2836
5044.0	0.2909
5045.1	0.27296
5046.2	1.7793
5047.3	1.5119
5048.4	0.85753
5049.4	1.469
5050.5	1.5678
5051.6	1.5293
5052.7	1.7198
5053.8	2.0897
5054.9	2.5664
5055.9	0.72
5057.0	1.2876
5058.1	3.4082
5059.2	2.6121
5060.3	2.423
5061.4	1.8826
5062.5	2.2262
5063.5	2.7916
5064.6	1.9226
5065.7	0.82153
5066.8	2.3989
5067.9	1.3702
5069.0	1.1931
5070.1	1.5257
5071.1	-0.84504
5072.2	0.73871
5073.3	2.0944
5074.4	2.1602
5075.5	1.7551
5076.6	2.1602
5077.6	-0.13165
5078.7	1.1286
5079.8	1.8889
5080.9	2.4894
5082.0	0.09517
5083.1	2.6232
5084.2	-0.61764
5085.2	2.7594
5086.3	0.38125
5087.4	3.0822
5088.5	2.4011
5089.6	3.0105
5090.7	1.3223
5091.8	0.94009
5092.8	1.9659
5093.9	1.7796
5095.0	2.0302
5096.1	0.46609
5097.2	0.5091
5098.3	2.3697
5099.3	0.22213
5100.4	2.1857
5101.5	2.8455
5102.6	0.48924
5103.7	1.1758
5104.8	2.521
5105.8	2.205
5106.9	1.7924
5108.0	1.3925
5109.1	1.5852
5110.2	1.8572
5111.3	2.3852
5112.4	4.6391
5113.4	0.7068
5114.5	1.8702
5115.6	2.5012
5116.7	4.384
5117.8	0.33753
5118.9	0.77857
5119.9	2.5059
5121.0	1.3779
5122.1	2.3751
5123.2	3.11
5124.3	1.1871
5125.4	2.1573
5126.4	2.7893
5127.5	2.4633
5128.6	2.2377
5129.7	2.4351
5130.8	2.8281
5131.9	1.8296
5132.9	2.0398
5134.0	2.3436
5135.1	2.1923
5136.2	2.3781
5137.3	4.68
5138.4	1.967
5139.5	1.8651
5140.5	3.2683
5141.6	0.65071
5142.7	1.7691
5143.8	1.5089
5144.9	2.3593
5146.0	1.8058
5147.0	0.28428
5148.1	1.1701
5149.2	0.65564
5150.3	1.3255
5151.4	3.0305
5152.5	3.8341
5153.5	2.701
5154.6	2.3172
5155.7	2.9752
5156.8	3.154
5157.9	3.8713
5158.9	2.3937
5160.0	2.2987
5161.1	2.1598
5162.2	1.9002
5163.3	3.1936
5164.4	1.679
5165.4	2.835
5166.5	3.5444
5167.6	2.9875
5168.7	3.0893
5169.8	2.1683
5170.9	2.0226
5171.9	2.5134
5173.0	1.0707
5174.1	1.5157
5175.2	1.078
5176.3	1.596
5177.4	2.004
5178.4	1.0246
5179.5	1.8614
5180.6	1.3697
5181.7	0.44361
5182.8	2.5354
5183.9	3.2856
5184.9	2.9083
5186.0	3.6739
5187.1	2.0436
5188.2	1.6497
5189.3	2.2746
5190.3	3.2812
5191.4	3.3003
5192.5	3.0609
5193.6	3.4509
5194.7	3.4744
5195.8	2.9247
5196.8	1.5346
5197.9	0.34698
5199.0	1.5843
5200.1	3.7432
5201.2	3.1623
5202.3	1.6654
5203.3	2.8092
5204.4	4.3321
5205.5	4.1422
5206.6	3.5038
5207.7	4.0342
5208.7	4.0869
5209.8	2.3334
5210.9	3.5271
5212.0	3.6197
5213.1	1.3811
5214.2	1.5087
5215.2	2.2435
5216.3	3.2927
5217.4	3.3142
5218.5	2.0786
5219.6	2.0123
5220.6	2.3799
5221.7	2.157
5222.8	1.4422
5223.9	2.0558
5225.0	3.4171
5226.0	3.3518
5227.1	3.5645
5228.2	3.1982
5229.3	3.1139
5230.4	2.9172
5231.5	3.4157
5232.5	5.0538
5233.6	3.6838
5234.7	1.8103
5235.8	3.3117
5236.9	3.892
5237.9	2.5966
5239.0	2.423
5240.1	1.8217
5241.2	3.1126
5242.3	3.2144
5243.3	5.2845
5244.4	3.4586
5245.5	4.1662
5246.6	4.4973
5247.7	3.6046
5248.7	1.4843
5249.8	1.5623
5250.9	3.5888
5252.0	3.6569
5253.1	1.3053
5254.2	4.6883
5255.2	3.2241
5256.3	3.0467
5257.4	2.8908
5258.5	3.9328
5259.6	4.2542
5260.6	2.8724
5261.7	2.8778
5262.8	3.5961
5263.9	2.137
5265.0	2.7707
5266.0	3.1057
5267.1	2.6439
5268.2	2.1441
5269.3	4.0675
5270.4	3.3565
5271.4	1.4947
5272.5	2.7383
5273.6	1.2854
5274.7	1.9884
5275.8	0.56169
5276.8	2.3941
5277.9	4.1598
5279.0	3.3052
5280.1	3.6757
5281.2	2.664
5282.2	2.4064
5283.3	2.5812
5284.4	2.3495
5285.5	2.3613
5286.6	3.6996
5287.6	3.9482
5288.7	2.8852
5289.8	2.0591
5290.9	1.9839
5292.0	1.7879
5293.0	2.0251
5294.1	2.6411
5295.2	1.8896
5296.3	2.054
5297.3	2.2718
5298.4	1.3874
5299.5	1.6494
5300.6	3.0635
5301.7	4.0638
5302.7	3.6517
5303.8	3.1936
5304.9	2.1045
5306.0	2.1155
5307.1	3.2828
5308.1	2.8033
5309.2	2.3406
5310.3	1.8851
5311.4	2.163
5312.5	3.2032
5313.5	2.3737
5314.6	1.9512
5315.7	1.1579
5316.8	0.092499
5317.8	1.0216
5318.9	-0.24742
5320.0	0.39959
5321.1	0.58218
5322.2	0.087885
5323.2	1.7095
5324.3	3.1445
5325.4	2.434
5326.5	2.3183
5327.6	1.0363
5328.6	2.1315
5329.7	2.8169
5330.8	4.1332
5331.9	4.6314
5332.9	2.6818
5334.0	1.5351
5335.1	4.3321
5336.2	-0.058201
5337.3	1.4808
5338.3	0.88803
5339.4	2.5821
5340.5	0.1944
5341.6	0.60383
5342.6	2.0606
5343.7	2.6725
5344.8	1.4704
5345.9	-0.082202
5347.0	1.1512
5348.0	4.29
5349.1	2.6391
5350.2	2.1503
5351.3	1.8158
5352.3	0.60823
5353.4	-1.4065
5354.5	1.923
5355.6	1.1145
5356.7	3.4857
5357.7	2.8194
5358.8	2.8234
5359.9	4.5816
5361.0	2.4933
5362.0	4.035
5363.1	1.6009
5364.2	1.5383
5365.3	2.4498
5366.4	2.6879
5367.4	2.646
5368.5	2.5482
5369.6	1.9344
5370.7	0.85499
5371.7	1.3168
5372.8	2.3996
5373.9	3.8038
5375.0	3.2606
5376.0	1.6969
5377.1	0.99219
5378.2	1.2783
5379.3	2.2423
5380.3	3.0825
5381.4	2.9762
5382.5	1.6288
5383.6	2.4041
5384.7	4.4763
5385.7	2.9786
5386.8	1.9314
5387.9	2.8943
5389.0	1.7279
5390.0	0.88836
5391.1	2.9961
5392.2	4.6089
5393.3	3.3736
5394.3	3.0187
5395.4	2.7135
5396.5	1.9048
5397.6	3.3516
5398.6	2.138
5399.7	5.1877
5400.8	3.2964
5401.9	2.3725
5402.9	2.0851
5404.0	3.6837
5405.1	1.7695
5406.2	0.35691
5407.3	0.13466
5408.3	-0.65535
5409.4	2.2212
5410.5	2.399
5411.6	2.3657
5412.6	0.98987
5413.7	-0.89854
5414.8	0.71523
5415.9	2.3484
5416.9	-2.2067
5418.0	-0.87634
5419.1	-1.8099
5420.2	1.2183
5421.2	3.1884
5422.3	1.8863
5423.4	2.5327
5424.5	2.8131
5425.5	1.8387
5426.6	2.5188
5427.7	3.6858
5428.8	2.0304
5429.8	2.0258
5430.9	2.4759
5432.0	2.0405
5433.1	2.3437
5434.1	2.7505
5435.2	2.5268
5436.3	2.6515
5437.3	3.5631
5438.4	1.6726
5439.5	0.054556
5440.6	2.5326
5441.6	4.025
5442.7	4.3424
5443.8	2.818
5444.9	2.5735
5445.9	1.8673
5447.0	0.47737
5448.1	3.6172
5449.2	4.0302
5450.2	0.61198
5451.3	-0.73036
5452.4	0.8335
5453.5	3.1627
5454.5	3.0285
5455.6	4.6123
5456.7	2.9632
5457.8	0.8143
5458.8	3.1312
5459.9	3.2633
5461.0	2.2857
5462.1	2.0829
5463.1	0.9576
5464.2	4.7044
5465.3	0.48965
5466.3	4.9675
5467.4	2.2177
5468.5	4.3863
5469.6	4.2791
5470.6	4.1005
5471.7	1.9844
5472.8	2.3286
5473.9	3.2813
5474.9	2.7817
5476.0	3.4042
5477.1	4.279
5478.1	2.0673
5479.2	-0.005594
5480.3	2.8528
5481.4	2.4824
5482.4	0.67465
5483.5	1.2861
5484.6	2.5573
5485.7	2.4715
5486.7	2.6189
5487.8	3.5592
5488.9	0.48648
5489.9	0.2111
5491.0	1.5305
5492.1	0.99257
5493.2	1.5719
5494.2	0.0076979
5495.3	1.5286
5496.4	0.88443
5497.5	1.4287
5498.5	-1.2436
5499.6	0.41916
5500.7	2.606
5501.7	2.8051
5502.8	2.2288
5503.9	2.9328
5505.0	2.2375
5506.0	2.9895
5507.1	3.6207
5508.2	0.91253
5509.2	4.1235
5510.3	5.4456
5511.4	1.8832
5512.5	1.4477
5513.5	4.391
5514.6	-0.3272
5515.7	1.4794
5516.7	3.2324
5517.8	1.1037
5518.9	-0.012861
5520.0	-0.84804
5521.0	-1.4787
5522.1	-0.37131
5523.2	3.4403
5524.2	5.0439
5525.3	4.1127
5526.4	3.7671
5527.4	4.1527
5528.5	3.2222
5529.6	1.828
5530.7	4.1307
5531.7	2.6703
5532.8	-0.16353
5533.9	0.92948
5534.9	4.9216
5536.0	1.4914
5537.1	4.5392
5538.2	5.5611
5539.2	5.0161
5540.3	0.10967
5541.4	0.66866
5542.4	2.8351
5543.5	-1.2945
5544.6	1.1717
5545.6	2.2679
5546.7	5.5211
5547.8	-0.99226
5548.9	-0.18766
5549.9	2.5427
5551.0	0.92343
5552.1	1.9367
5553.1	2.9049
5554.2	1.4439
5555.3	2.9518
5556.3	1.6138
5557.4	2.9773
5558.5	5.2638
5559.5	3.5699
5560.6	1.8879
5561.7	1.7323
5562.8	2.0564
5563.8	3.6624
5564.9	4.5817
5566.0	3.0964
5567.0	2.925
5568.1	4.801
5569.2	2.446
5570.2	2.5176
5571.3	4.487
5572.4	3.0568
5573.4	4.7269
5574.5	4.1978
5575.6	3.3483
5576.7	6.3443
5577.7	5.5407
5578.8	4.1938
5579.9	5.5974
5580.9	3.7912
5582.0	3.3969
5583.1	5.4783
5584.1	10.096
5585.2	4.259
5586.3	2.0537
5587.3	-0.18619
5588.4	1.3745
5589.5	-4.1865
5590.5	-5.8492
5591.6	3.2589
5592.7	2.444
5593.7	1.4853
5594.8	4.0283
5595.9	2.216
5596.9	3.0351
5598.0	3.2177
5599.1	2.437
5600.1	4.7843
5601.2	3.783
5602.3	1.2612
5603.3	3.8155
5604.4	1.4469
5605.5	-5.2256
5606.6	0.11239
5607.6	6.4472
5608.7	3.5809
5609.8	6.7766
5610.8	3.8474
5611.9	5.3199
5613.0	8.6898
5614.0	9.8944
5615.1	3.3249
5616.2	3.3275
5617.2	4.5639
5618.3	3.0783
5619.4	1.8966
5620.4	6.2008
5621.5	2.329
5622.6	0.18468
5623.6	1.9773
5624.7	3.4161
5625.8	3.2983
5626.8	3.0559
5627.9	3.2804
5628.9	3.5765
5630.0	6.6402
5631.1	2.2308
5632.1	5.0934
5633.2	1.8938
5634.3	1.535
5650.3	4.4789
5651.8	3.4466
5653.3	3.9133
5654.8	3.5317
5656.4	5.7692
5657.9	4.5444
5659.4	2.0914
5660.9	4.8693
5662.5	5.0293
5664.0	3.4314
5665.5	3.138
5667.0	4.1064
5668.6	4.3146
5670.1	2.6337
5671.6	8.7258
5673.1	2.4151
5674.7	4.118
5676.2	3.2473
5677.7	2.6563
5679.2	5.1018
5680.8	3.5772
5682.3	3.9047
5683.8	3.7066
5685.3	3.4543
5686.9	5.6744
5688.4	1.6485
5689.9	3.7077
5691.4	3.9872
5693.0	3.6987
5694.5	4.6808
5696.0	4.6143
5697.5	4.2475
5699.1	2.7067
5700.6	4.8687
5702.1	2.4766
5703.6	4.282
5705.2	4.8716
5706.7	3.2414
5708.2	6.9957
5709.7	3.4582
5711.3	2.9466
5712.8	6.0724
5714.3	2.4465
5715.8	5.9025
5717.4	2.9067
5718.9	4.4488
5720.4	2.8999
5721.9	3.993
5723.5	4.5271
5725.0	2.3848
5726.5	4.7753
5728.0	3.7722
5729.6	4.0148
5731.1	6.4051
5732.6	2.0596
5734.1	4.3883
5735.7	5.5581
5737.2	4.1139
5738.7	4.3366
5740.2	3.7842
5741.8	1.7316
5743.3	3.6968
5744.8	5.2315
5746.3	4.1239
5747.9	3.5964
5749.4	4.7921
5750.9	6.611
5752.4	4.6789
5754.0	5.9837
5755.5	3.6533
5757.0	5.9287
5758.5	5.8219
5760.1	5.7698
5761.6	4.0458
5763.1	6.2036
5764.6	6.5883
5766.2	5.9531
5767.7	7.9307
5769.2	4.7449
5770.7	4.6474
5772.3	8.1545
5773.8	2.8661
5775.3	4.9043
5776.8	6.3245
5778.4	5.89
5779.9	4.5733
5781.4	6.5795
5782.9	8.2537
5784.5	5.0857
5786.0	6.1037
5787.5	6.1968
5789.0	5.6721
5790.6	7.6425
5792.1	9.5088
5793.6	4.4315
5795.2	7.1754
5796.7	6.4582
5798.2	6.1417
5799.7	6.8505
5801.3	5.4778
5802.8	6.4301
5804.3	7.2521
5805.8	8.5139
5807.4	4.6485
5808.9	7.1754
5810.4	7.2877
5811.9	4.8234
5813.5	6.1009
5815.0	6.1299
5816.5	6.3523
5818.0	8.4393
5819.6	6.6519
5821.1	5.863
5822.6	6.0512
5824.1	6.1936
5825.7	6.0706
5827.2	8.9762
5828.7	7.2825
5830.2	6.8413
5831.8	7.2081
5833.3	6.6438
5834.8	6.732
5836.4	8.8655
5837.9	5.9865
5839.4	7.4973
5840.9	5.7717
5842.5	6.487
5844.0	5.8521
5845.5	3.8054
5847.0	7.809
5848.6	5.9253
5850.1	6.7757
5851.6	5.0786
5853.1	6.9088
5854.7	5.8744
5856.2	6.2875
5857.7	6.2258
5859.2	8.3837
5860.8	7.1329
5862.3	6.3772
5863.8	7.0115
5865.4	7.6519
5866.9	6.7584
5868.4	6.6124
5869.9	7.3395
5871.5	6.6308
5873.0	4.829
5874.5	5.3028
5876.0	4.1552
5877.6	6.0572
5879.1	6.1533
5880.6	5.4018
5882.1	5.4822
5883.7	7.3965
5885.2	4.9768
5886.7	7.6842
5888.2	6.6946
5889.8	5.2771
5891.3	5.0094
5892.8	6.1564
5894.4	6.705
5895.9	6.1352
5897.4	7.9456
5898.9	5.3511
5900.5	4.9039
5902.0	5.3973
5903.5	7.3274
5905.0	3.8374
5906.6	9.0275
5908.1	6.4407
5909.6	5.3079
5911.1	6.9181
5912.7	6.609
5914.2	6.3634
5915.7	5.2545
5917.3	5.5024
5918.8	7.032
5920.3	6.0298
5921.8	6.093
5923.4	5.3647
5924.9	7.1557
5926.4	7.8961
5927.9	4.7936
5929.5	6.5609
5931.0	5.0253
5932.5	6.3918
5934.0	7.7508
5935.6	6.2076
5937.1	5.4928
5938.6	5.3378
5940.2	4.5815
5941.7	4.1499
5943.2	5.8932
5944.7	7.9059
5946.3	5.7068
5947.8	6.7026
5949.3	6.4266
5950.8	6.5043
5952.4	7.8437
5953.9	7.1656
5955.4	6.7936
5957.0	5.8071
5958.5	4.5757
5960.0	6.0663
5961.5	6.4278
5963.1	5.9082
5964.6	5.2562
5966.1	6.5966
5967.6	6.9903
5969.2	6.324
5970.7	7.0202
5972.2	4.5939
5973.8	5.9107
5975.3	6.648
5976.8	6.4265
5978.3	4.9334
5979.9	6.1418
5981.4	6.9224
5982.9	3.4948
5984.4	4.3843
5986.0	6.6675
5987.5	5.895
5989.0	5.978
5990.6	5.7682
5992.1	4.3336
5993.6	7.5779
5995.1	5.7382
5996.7	4.3229
5998.2	6.1334
5999.7	7.0633
6001.2	6.1498
6002.8	4.4846
6004.3	6.7303
6005.8	5.8292
6007.4	4.284
6008.9	5.8706
6010.4	4.2112
6011.9	5.7142
6013.5	4.3325
6015.0	4.5968
6016.5	5.5142
6018.0	5.5468
6019.6	4.867
6021.1	5.1039
6022.6	7.1676
6024.2	5.1527
6025.7	3.9855
6027.2	5.0164
6028.7	2.5423
6030.3	4.5459
6031.8	4.7947
6033.3	4.2777
6034.9	4.4273
6036.4	4.8882
6037.9	5.2097
6039.4	3.8182
6041.0	5.5391
6042.5	3.5485
6044.0	3.0773
6045.5	6.9999
6047.1	3.512
6048.6	4.1939
6050.1	5.2445
6051.7	3.2576
6053.2	4.1448
6054.7	5.4238
6056.2	4.0498
6057.8	4.2889
6059.3	4.9087
6060.8	4.7591
6062.4	5.3202
6063.9	5.7359
6065.4	4.597
6066.9	3.6377
6068.5	5.2527
6070.0	3.6073
6071.5	4.0617
6073.1	4.9234
6074.6	3.6467
6076.1	4.3835
6077.6	4.9992
6079.2	5.3698
6080.7	3.9434
6082.2	5.1232
6083.7	4.0362
6085.3	2.8279
6086.8	5.1921
6088.3	3.9954
6089.9	3.9942
6091.4	5.748
6092.9	3.2431
6094.4	3.9184
6096.0	3.5482
6097.5	3.2661
6099.0	2.8891
6100.6	3.421
6102.1	4.4333
6103.6	3.2101
6105.1	4.5015
6106.7	3.2754
6108.2	1.9303
6109.7	4.0301
6111.3	3.3326
6112.8	3.0788
6114.3	2.419
6115.8	3.4807
6117.4	3.9623
6118.9	4.3944
6120.4	5.2532
6122.0	2.6747
6123.5	4.1785
6125.0	5.7836
6126.5	4.3528
6128.1	4.3453
6129.6	4.596
6131.1	4.2891
6132.7	4.56
6134.2	4.1698
6135.7	4.5484
6137.2	4.1194
6138.8	5.5154
6140.3	4.3937
6141.8	4.7902
6143.4	5.8489
6144.9	3.9906
6146.4	4.7971
6147.9	5.0794
6149.5	4.9254
6151.0	4.4884
6152.5	5.3183
6154.1	4.3838
6155.6	3.754
6157.1	5.6175
6158.6	5.0824
6160.2	5.0146
6161.7	5.111
6163.2	3.5238
6164.8	3.4196
6166.3	4.704
6167.8	3.2174
6169.4	3.4019
6170.9	4.693
6172.4	5.2612
6173.9	4.7744
6175.5	5.2388
6177.0	5.5081
6178.5	5.0878
6180.1	5.1015
6181.6	4.1552
6183.1	4.3857
6184.6	4.8541
6186.2	4.2522
6187.7	4.2295
6189.2	4.3536
6190.8	4.5348
6192.3	4.6901
6193.8	4.0624
6195.3	4.8946
6196.9	4.6205
6198.4	3.6674
6199.9	3.9612
6201.5	3.674
6203.0	4.0846
6204.5	3.5386
6206.0	3.3722
6207.6	5.3526
6209.1	4.4528
6210.6	4.5142
6212.2	5.0698
6213.7	4.1719
6215.2	4.1019
6216.8	5.0715
6218.3	5.0102
6219.8	3.3033
6221.3	5.1926
6222.9	3.907
6224.4	3.4466
6225.9	4.7304
6227.5	3.9816
6229.0	4.6151
6230.5	4.3372
6232.0	4.2796
6233.6	4.7657
6235.1	4.0602
6236.6	5.5382
6238.2	3.5802
6239.7	5.4157
6241.2	3.7452
6242.8	2.2231
6244.3	4.3414
6245.8	4.1669
6247.3	4.2953
6248.9	4.9452
6250.4	3.5087
6251.9	3.119
6253.5	5.7091
6255.0	5.824
6256.5	4.6677
6258.1	4.0992
6259.6	4.0065
6261.1	4.0369
6262.6	5.8611
6264.2	5.9967
6265.7	3.8317
6267.2	4.1642
6268.8	4.8377
6270.3	4.0095
6271.8	3.5958
6273.4	3.9207
6274.9	2.384
6276.4	3.5405
6277.9	4.9671
6279.5	4.3029
6281.0	5.5758
6282.5	6.0003
6284.1	5.2669
6285.6	5.1828
6287.1	3.7564
6288.7	3.5972
6290.2	4.8656
6291.7	3.2585
6293.2	3.6601
6294.8	5.0139
6296.3	6.0736
6297.8	5.0501
6299.4	6.192
6300.9	6.6736
6302.4	4.1906
6304.0	5.3901
6305.5	4.5127
6307.0	4.5272
6308.5	3.7183
6310.1	3.4876
6311.6	3.9364
6313.1	4.6772
6314.7	3.9394
6316.2	3.7431
6317.7	3.786
6319.3	4.7269
6320.8	3.2117
6322.3	4.3352
6323.8	4.7195
6325.4	3.6279
6326.9	4.9097
6328.4	4.1512
6330.0	3.2766
6331.5	3.8082
6333.0	3.4654
6334.6	3.8922
6336.1	3.3928
6337.6	4.4548
6339.1	4.3103
6340.7	2.67
6342.2	4.128
6343.7	2.7749
6345.3	3.6204
6346.8	4.0129
6348.3	3.3715
6349.9	3.5244
6351.4	3.794
6352.9	4.1676
6354.5	3.0229
6356.0	3.5809
6357.5	4.6147
6359.0	4.7927
6360.6	5.9068
6362.1	3.0234
6363.6	4.7267
6365.2	6.0325
6366.7	3.5398
6368.2	2.8176
6369.8	4.2863
6371.3	4.7537
6372.8	3.1872
6374.4	3.2767
6375.9	3.1514
6377.4	2.6571
6378.9	3.8636
6380.5	3.6701
6382.0	3.5858
6383.5	3.7901
6385.1	2.9934
6386.6	3.269
6388.1	4.0791
6389.7	3.5278
6391.2	3.227
6392.7	3.1
6394.3	2.8794
6395.8	2.3283
6397.3	3.773
6398.8	4.5099
6400.4	3.3981
6401.9	4.796
6403.4	3.7336
6405.0	3.3941
6406.5	4.4595
6408.0	3.1819
6409.6	2.9328
6411.1	3.8224
6412.6	4.0195
6414.2	3.4447
6415.7	4.1888
6417.2	4.6684
6418.8	4.8125
6420.3	5.1342
6421.8	4.3822
6423.3	2.7619
6424.9	3.3949
6426.4	3.5675
6427.9	2.8909
6429.5	4.1555
6431.0	4.1811
6432.5	2.7339
6434.1	2.7915
6435.6	3.6968
6437.1	3.4947
6438.7	3.4553
6440.2	4.3484
6441.7	2.8034
6443.3	3.8379
6444.8	3.5186
6446.3	3.1509
6447.8	3.6663
6449.4	2.8598
6450.9	3.579
6452.4	2.7897
6454.0	3.4356
6455.5	3.9447
6457.0	4.1215
6458.6	3.7108
6460.1	2.634
6461.6	3.465
6463.2	5.1109
6464.7	3.4769
6466.2	3.8977
6467.8	3.2339
6469.3	2.5753
6470.8	4.1213
6472.4	4.5234
6473.9	4.0792
6475.4	3.4371
6477.0	4.2913
6478.5	3.9256
6480.0	3.8868
6481.5	4.6529
6483.1	3.3545
6484.6	3.9595
6486.1	4.0521
6487.7	3.3195
6489.2	3.7137
6490.7	3.751
6492.3	4.2036
6493.8	3.5218
6495.3	4.9434
6496.9	3.5371
6498.4	3.1369
6499.9	3.9978
6501.5	3.4496
6503.0	3.4089
6504.5	4.3432
6506.1	3.2748
6507.6	4.4948
6509.1	4.6994
6510.7	4.1408
6512.2	4.7736
6513.7	5.1208
6515.2	4.4489
6516.8	3.6725
6518.3	4.6536
6519.8	3.7083
6521.4	3.5921
6522.9	4.9853
6524.4	5.282
6526.0	4.5646
6527.5	3.9991
6529.0	4.1183
6530.6	4.4379
6532.1	4.6054
6533.6	4.0041
6535.2	3.5408
6536.7	4.3419
6538.2	3.7199
6539.8	3.4454
6541.3	4.5802
6542.8	4.548
6544.4	4.3991
6545.9	4.6355
6547.4	3.8074
6549.0	3.9316
6550.5	4.291
6552.0	4.2236
6553.6	3.3223
6555.1	4.6068
6556.6	4.4825
6558.2	3.7248
6559.7	4.9369
6561.2	4.6697
6562.7	3.7832
6564.3	4.2319
6565.8	3.33
6567.3	3.7098
6568.9	4.0761
6570.4	4.0002
6571.9	3.4804
6573.5	4.2915
6575.0	5.0632
6576.5	3.8316
6578.1	3.3539
6579.6	3.5437
6581.1	2.6136
6582.7	2.6174
6584.2	2.6814
6585.7	2.4011
6587.3	2.8083
6588.8	3.0931
6590.3	2.9389
6591.9	2.733
6593.4	2.6023
6594.9	2.7233
6596.5	2.7181
6598.0	3.7103
6599.5	3.1983
6601.1	3.3106
6602.6	3.1767
6604.1	2.7505
6605.7	4.0482
6607.2	3.1717
6608.7	3.0299
6610.3	2.7029
6611.8	3.2008
6613.3	3.3226
6614.9	2.9967
6616.4	2.7629
6617.9	1.8498
6619.5	2.5399
6621.0	2.8728
6622.5	2.3097
6624.1	3.6117
6625.6	3.262
6627.1	2.9408
6628.7	3.2645
6630.2	2.8407
6631.7	3.1296
6633.3	3.223
6634.8	2.4107
6636.3	2.3281
6637.9	3.3107
6639.4	3.9398
6640.9	3.4214
6642.5	3.6834
6644.0	3.9512
6645.5	3.7478
6647.1	3.6631
6648.6	3.136
6650.1	2.9887
6651.7	2.9893
6653.2	3.3425
6654.7	3.6942
6656.3	2.4499
6657.8	3.642
6659.3	2.5286
6660.9	2.9092
6662.4	3.2933
6663.9	2.8775
6665.5	3.1174
6667.0	2.9693
6668.5	3.3801
6670.1	3.2863
6671.6	4.1092
6673.1	3.3787
6674.7	2.6293
6676.2	3.7624
6677.7	3.2364
6679.3	2.7945
6680.8	3.4068
6682.3	2.8555
6683.9	2.1742
6685.4	3.2128
6686.9	3.424
6688.5	3.7187
6690.0	3.8247
6691.5	3.1448
6693.1	3.0978
6694.6	3.5148
6696.1	3.419
6697.7	3.146
6699.2	4.3738
6700.7	3.3659
6702.3	3.5904
6703.8	3.278
6705.3	3.6023
6706.9	3.52
6708.4	3.5125
6709.9	3.3068
6711.5	3.4429
6713.0	3.5448
6714.5	2.7309
6716.1	2.4069
6717.6	3.8098
6719.1	3.3069
6720.7	3.7097
6722.2	4.8008
6723.7	3.2555
6725.3	3.2593
6726.8	4.0629
6728.3	3.1291
6729.9	2.6292
6731.4	3.3325
6732.9	3.8179
6734.5	3.0633
6736.0	3.9015
6737.5	3.8729
6739.1	2.8685
6740.6	3.8318
6742.1	3.3303
6743.7	3.2366
6745.2	3.8261
6746.8	3.4647
6748.3	3.2901
6749.8	3.045
6751.4	3.5898
6752.9	3.5996
6754.4	3.4864
6756.0	4.5805
6757.5	3.466
6759.0	3.5635
6760.6	4.1114
6762.1	4.2939
6763.6	4.9806
6765.2	4.0554
6766.7	3.7306
6768.2	5.0415
6769.8	4.3168
6771.3	3.9597
6772.8	4.0455
6774.4	4.5925
6775.9	4.0297
6777.4	3.9581
6779.0	4.567
6780.5	4.0275
6782.0	4.5139
6783.6	4.85
6785.1	4.2645
6786.6	5.1604
6788.2	5.509
6789.7	5.2533
6791.2	3.6987
6792.8	4.8606
6794.3	3.9623
6795.9	4.0071
6797.4	5.3792
6798.9	4.2681
6800.5	4.6558
6802.0	5.0184
6803.5	4.2172
6805.1	4.8272
6806.6	5.1747
6808.1	4.1145
6809.7	4.3492
6811.2	5.0664
6812.7	4.5702
6814.3	4.2295
6815.8	5.9162
6817.3	4.9666
6818.9	4.6547
6820.4	5.4266
6821.9	4.6138
6823.5	5.3411
6825.0	4.6392
6826.5	3.7903
6828.1	5.1399
6829.6	5.189
6831.2	4.3974
6832.7	4.9503
6834.2	5.114
6835.8	4.5244
6837.3	4.9104
6838.8	5.1766
6840.4	4.4165
6841.9	4.4961
6843.4	5.9136
6845.0	4.8047
6846.5	4.6017
6848.0	5.5914
6849.6	5.1914
6851.1	3.4738
6852.6	5.1368
6854.2	5.0193
6855.7	4.0468
6857.2	5.821
6858.8	5.3815
6860.3	4.355
6861.9	5.0835
6863.4	5.126
6864.9	4.3186
6866.5	5.4046
6868.0	4.9139
6869.5	4.1898
6871.1	4.4047
6872.6	5.738
6874.1	4.0876
6875.7	4.9127
6877.2	4.0524
6878.7	4.6776
6880.3	5.6032
6881.8	5.0995
6883.3	4.4764
6884.9	5.5109
6886.4	5.3584
6888.0	4.2095
6889.5	5.4718
6891.0	5.7666
6892.6	5.5747
6894.1	5.8768
6895.6	5.6186
6897.2	4.6963
6898.7	5.2768
6900.2	5.8706
6901.8	5.5542
6903.3	5.9665
6904.8	5.3728
6906.4	4.9399
6907.9	6.1229
6909.5	6.5102
6911.0	5.5429
6912.5	4.9781
6914.1	5.7368
6915.6	4.6006
6917.1	5.9824
6918.7	5.6339
6920.2	5.1533
6921.7	6.0162
6923.3	5.2303
6924.8	5.2993
6926.3	4.8442
6927.9	5.1626
6929.4	4.9855
6931.0	4.8113
6932.5	5.5779
6934.0	4.6897
6935.6	5.4526
6937.1	6.5462
6938.6	4.8603
6940.2	4.556
6941.7	5.5551
6943.2	4.3116
6944.8	5.0615
6946.3	6.1087
6947.8	4.612
6949.4	4.5386
6950.9	5.5959
6952.5	5.9513
6954.0	5.4589
6955.5	5.2472
6957.1	4.6236
6958.6	5.0461
6960.1	5.4911
6961.7	4.7708
6963.2	4.6944
6964.7	5.1947
6966.3	5.3661
6967.8	4.5482
6969.4	4.8016
6970.9	5.4064
6972.4	5.6419
6974.0	5.404
6975.5	4.8212
6977.0	5.3173
6978.6	5.8605
6980.1	4.4897
6981.6	5.0569
6983.2	6.0219
6984.7	5.3644
6986.2	4.6562
6987.8	4.8608
6989.3	5.304
6990.9	4.5484
6992.4	5.4474
6993.9	5.2189
6995.5	4.7495
6997.0	5.8962
6998.5	5.1894
7000.1	4.4616
7001.6	5.293
7003.1	5.2552
7004.7	4.5956
7006.2	4.8803
7007.8	4.9395
7009.3	4.9642
7010.8	4.6913
7012.4	4.585
7013.9	3.9256
7015.4	5.4851
7017.0	5.3664
7018.5	4.5006
7020.1	5.3421
7021.6	4.718
7023.1	4.5754
7024.7	4.9896
7026.2	4.7929
7027.7	4.2594
7029.3	4.3347
7030.8	4.4436
7032.3	4.1754
7033.9	5.1159
7035.4	4.9135
7037.0	3.8441
7038.5	4.7611
7040.0	4.0491
7041.6	3.9013
7043.1	4.6426
7044.6	4.0842
7046.2	4.0633
7047.7	3.8165
7049.2	4.2926
7050.8	3.6535
7052.3	4.4715
7053.9	4.5767
7055.4	3.6578
7056.9	4.4098
7058.5	4.1935
7060.0	3.8205
7061.5	4.0787
7063.1	4.152
7064.6	4.2377
7066.2	3.7845
7067.7	4.4478
7069.2	3.2544
7070.8	3.9092
7072.3	4.3705
7073.8	3.2087
7075.4	3.6083
7076.9	4.1267
7078.5	4.3216
7080.0	4.0988
7081.5	3.8223
7083.1	3.8427
7084.6	3.1463
7086.1	3.7787
7087.7	3.0963
7089.2	4.3766
7090.7	4.3836
7092.3	3.4211
7093.8	3.7016
7095.4	4.1628
7096.9	3.5734
7098.4	3.1889
7100.0	4.4256
7101.5	3.5585
7103.0	4.1706
7104.6	4.6362
7106.1	3.8873
7107.7	3.7624
7109.2	4.2281
7110.7	3.7778
7112.3	3.1472
7113.8	3.9007
7115.3	3.9239
7116.9	4.0877
7118.4	4.606
7120.0	3.2237
7121.5	4.3553
7123.0	4.1412
7124.6	4.3548
7126.1	4.2937
7127.6	4.1251
7129.2	4.4892
7130.7	3.7983
7132.3	4.8092
7133.8	3.8025
7135.3	3.2509
7136.9	3.7479
7138.4	3.4696
7139.9	4.0245
7141.5	4.5271
7143.0	4.1013
7144.6	3.723
7146.1	4.227
7147.6	4.5602
7149.2	3.5668
7150.7	4.3984
7152.2	4.2437
7153.8	3.8629
7155.3	4.3561
7156.9	3.898
7158.4	3.6561
7159.9	3.8782
7161.5	3.61
7163.0	3.9237
7164.6	3.7436
7166.1	4.3613
7167.6	3.6392
7169.2	4.5244
7170.7	4.7784
7172.2	3.0584
7173.8	5.2517
7175.3	3.4678
7176.9	3.8027
7178.4	3.6561
7179.9	3.2697
7181.5	3.2564
7183.0	4.0465
7184.5	3.9748
7186.1	2.8129
7187.6	3.6179
7189.2	3.8418
7190.7	2.987
7192.2	4.1111
7193.8	3.4868
7195.3	3.4059
7196.8	3.8527
7198.4	3.8974
7199.9	3.7021
7201.5	3.6353
7203.0	3.9939
7204.5	3.27
7206.1	3.5069
7207.6	4.2891
7209.2	3.9133
7210.7	3.7238
7212.2	4.427
7213.8	3.9974
7215.3	3.5654
7216.8	3.8459
7218.4	3.3148
7219.9	4.1524
7221.5	3.9717
7223.0	2.4284
7224.5	3.8589
7226.1	4.3068
7227.6	3.07
7229.2	2.5952
7230.7	3.807
7232.2	3.3891
7233.8	2.785
7235.3	3.3726
7236.8	2.7326
7238.4	3.3717
7239.9	3.9205
7241.5	2.5912
7243.0	3.1493
7244.5	3.5369
7246.1	3.5905
7247.6	3.3374
7249.2	3.6404
7250.7	3.651
7252.2	3.1985
7253.8	4.2561
7255.3	3.7249
7256.8	3.172
7258.4	3.4887
7259.9	2.6478
7261.5	2.2478
7263.0	2.542
7264.5	3.1703
7266.1	2.4893
7267.6	4.2197
7269.2	2.6708
7270.7	2.855
7272.2	4.3745
7273.8	2.9518
7275.3	3.0038
7276.8	3.6184
7278.4	3.762
7279.9	3.3931
7281.5	3.1633
7283.0	2.952
7284.5	2.3296
7286.1	3.9517
7287.6	3.6308
7289.2	2.4525
7290.7	3.7517
7292.2	2.6929
7293.8	3.1479
7295.3	3.9958
7296.9	3.4656
7298.4	2.8992
7299.9	3.0696
7301.5	3.482
7303.0	2.7068
7304.5	4.3663
7306.1	3.4502
7307.6	2.4761
7309.2	3.4357
7310.7	3.5198
7312.2	3.6526
7313.8	4.0843
7315.3	3.4083
7316.9	2.8799
7318.4	3.8462
7319.9	3.6048
7321.5	2.6578
7323.0	3.6752
7324.6	4.0913
7326.1	3.3069
7327.6	3.1632
7329.2	3.2692
7330.7	3.3419
7332.3	3.8588
7333.8	3.6688
7335.3	2.9151
7336.9	3.0819
7338.4	3.2007
7340.0	2.1622
7341.5	3.7375
7343.0	3.9689
7344.6	3.8029
7346.1	4.0176
7347.6	4.1542
7349.2	3.4551
7350.7	4.43
7352.3	3.7261
7353.8	3.0796
7355.3	3.2272
7356.9	4.0565
7358.4	3.5704
7360.0	3.0048
7361.5	4.2126
7363.0	3.0311
7364.6	3.7027
7366.1	3.5448
7367.7	2.3905
7369.2	3.6537
7370.7	3.9729
7372.3	2.8535
7373.8	3.7017
7375.4	3.7083
7376.9	4.0905
7378.4	3.5989
7380.0	3.5914
7381.5	3.9687
7383.1	3.7816
7384.6	3.6928
7386.1	3.2152
7387.7	2.9641
7389.2	4.4774
7390.8	3.1998
7392.3	3.5489
7393.8	3.673
7395.4	3.4895
7396.9	2.5935
7398.5	4.1552
7400.0	4.8161
7401.5	3.0971
7403.1	3.5745
7404.6	3.6313
7406.2	4.0869
7407.7	4.1627
7409.2	3.4993
7410.8	3.9706
7412.3	4.6114
7413.9	3.9457
7415.4	3.2324
7416.9	3.855
7418.5	3.6094
7420.0	2.8969
7421.6	4.0086
7423.1	3.9192
7424.6	3.7628
7426.2	4.1714
7427.7	4.2303
7429.3	2.9527
7430.8	3.8797
7432.3	3.2764
7433.9	2.7495
7435.4	3.8049
7437.0	3.3737
7438.5	3.1253
7440.0	3.1067
7441.6	3.451
7443.1	3.049
7444.7	3.9196
7446.2	3.9548
7447.7	3.1224
7449.3	3.482
7450.8	3.4404
7452.4	2.9121
7453.9	3.6781
7455.4	3.9137
7457.0	2.709
7458.5	4.0228
7460.1	2.8228
7461.6	2.2803
7463.1	3.0318
7464.7	2.5831
7466.2	2.9882
7467.8	3.2096
7469.3	2.892
7470.8	3.6201
7472.4	2.7708
7473.9	2.7747
7475.5	3.5126
7477.0	2.9758
7478.5	2.7404
7480.1	2.9826
7481.6	2.5622
7483.2	3.0651
7484.7	3.4557
7486.2	3.0783
7487.8	3.8777
7489.3	1.9445
7490.9	2.9756
7492.4	2.9965
7493.9	1.9973
7495.5	3.0177
7497.0	2.5507
7498.6	2.4761
7500.1	3.0083
7501.6	2.8616
7503.2	2.9162
7504.7	2.8296
7506.3	3.4548
7507.8	2.5978
7509.3	2.5891
7510.9	2.6673
7512.4	2.9466
7514.0	2.7852
7515.5	2.7865
7517.1	3.0803
7518.6	2.7505
7520.1	3.364
7521.7	3.0763
7523.2	2.7515
7524.8	3.6295
7526.3	1.8029
7527.8	3.1003
7529.4	2.6304
7530.9	2.7836
7532.5	2.8464
7534.0	3.2434
7535.5	2.6974
7537.1	2.4164
7538.6	3.234
7540.2	2.6745
7541.7	2.8822
7543.2	2.9088
7544.8	3.0259
7546.3	2.7981
7547.9	3.2733
7549.4	2.5689
7551.0	3.5082
7552.5	3.4396
7554.0	2.7161
7555.6	2.6249
7557.1	2.5967
7558.7	2.6436
7560.2	2.7355
7561.7	3.0621
7563.3	2.686
7564.8	3.1259
7566.4	3.261
7567.9	3.0574
7569.4	3.9939
7571.0	4.2078
7572.5	2.922
7574.1	2.4534
7575.6	3.1037
7577.1	2.3462
7578.7	3.1388
7580.2	3.1802
7581.8	3.1684
7583.3	2.4229
7584.9	2.7774
7586.4	2.8492
7587.9	2.3679
7589.5	2.7368
7591.0	2.9543
7592.6	4.4665
7594.1	3.4938
7595.6	0.41056
7597.2	2.1383
7598.7	-0.29437
7600.3	1.7369
7601.8	0.1753
7603.4	4.8105
7604.9	4.5541
7606.4	1.4709
7608.0	3.8451
7609.5	1.396
7611.1	1.937
7612.6	3.0153
7614.1	3.3707
7615.7	2.0264
7617.2	3.2598
7618.8	5.3578
7620.3	0.94253
7621.8	5.1542
7623.4	2.9875
7624.9	2.0503
7626.5	3.2905
7628.0	5.4103
7629.6	1.831
7631.1	2.3823
7632.6	4.4259
7634.2	2.1694
7635.7	2.2381
7637.3	3.1072
7638.8	2.6659
7640.3	2.5406
7641.9	3.2642
7643.4	2.5484
7645.0	2.312
7646.5	2.9
7648.1	1.7323
7649.6	2.814
7651.1	2.8799
7652.7	1.7999
7654.2	3.7509
7655.8	2.664
7657.3	3.2306
7658.8	3.4421
7660.4	3.7648
7661.9	2.4136
7663.5	2.6947
7665.0	3.2557
7666.6	2.71
7668.1	3.0911
7669.6	3.2369
7671.2	2.7019
7672.7	3.3017
7674.3	3.8158
7675.8	2.6871
7677.4	2.7654
7678.9	3.7381
7680.4	2.4217
7682.0	2.5147
7683.5	3.6116
7685.1	3.0063
7686.6	2.1372
7688.1	1.8658
7689.7	1.5195
7691.2	0.71987
7692.8	0.94637
7694.3	0.99686
7695.9	-0.12388
7697.4	-0.9475
7698.9	1.2188
7700.5	0.78237
7702.0	2.1512
7703.6	2.4532
7705.1	3.1432
7706.6	2.9934
7708.2	2.4014
7709.7	2.9953
7711.3	2.042
7712.8	5.0195
7714.4	1.0264
7715.9	3.6831
7717.4	2.3655
7719.0	3.1278
7720.5	3.8221
7722.1	2.8427
7723.6	2.4458
7725.2	3.0762
7726.7	2.6393
7728.2	2.522
7729.8	3.5382
7731.3	2.5132
7732.9	2.6783
7734.4	3.2691
7736.0	2.6792
7737.5	2.5894
7739.0	3.4956
7740.6	3.3202
7742.1	2.5664
7743.7	4.1938
7745.2	3.539
7746.7	2.4472
7748.3	3.8702
7749.8	2.3948
7751.4	2.6512
7752.9	2.9776
7754.5	3.0389
7756.0	3.5245
7757.5	3.2235
7759.1	2.3976
7760.6	2.6779
7762.2	2.3304
7763.7	3.4013
7765.3	2.2531
7766.8	2.6623
7768.3	2.8614
7769.9	2.555
7771.4	3.0723
7773.0	2.9008
7774.5	3.5507
7776.1	2.7894
7777.6	4.1836
7779.1	2.502
7780.7	3.8854
7782.2	3.2334
7783.8	2.0998
7785.3	2.8861
7786.9	2.9521
7788.4	3.8058
7789.9	3.7735
7791.5	2.478
7793.0	2.83
7794.6	2.19
7796.1	2.86
7797.7	3.708
7799.2	2.1813
7800.7	3.3691
7802.3	2.6672
7803.8	2.6695
7805.4	3.9592
7806.9	3.0928
7808.5	2.3736
7810.0	3.8215
7811.5	3.3365
7813.1	3.0254
7814.6	3.2357
7816.2	2.7737
7817.7	4.0138
7819.3	5.4194
7820.8	3.5646
7822.3	3.0339
7823.9	3.5339
7825.4	3.6695
7827.0	3.9345
7828.5	3.0731
7830.1	3.2573
7831.6	3.4187
7833.1	3.2032
7834.7	3.1163
7836.2	3.1808
7837.8	4.1385
7839.3	3.5644
7840.9	2.3661
7842.4	3.8857
7843.9	2.2801
7845.5	2.498
7847.0	3.477
7848.6	2.0629
7850.1	4.0403
7851.7	3.3126
7853.2	5.3154
7854.7	4.1576
7856.3	4.022
7857.8	2.3295
7859.4	2.2987
7860.9	3.4122
7862.5	2.9425
7864.0	3.9734
7865.5	4.1149
7867.1	3.6258
7868.6	3.1774
7870.2	3.22
7871.7	4.096
7873.3	3.6888
7874.8	3.1455
7876.3	2.8416
7877.9	2.6991
7879.4	4.7528
7881.0	4.2645
7882.5	3.8395
7884.1	4.1532
7885.6	3.7721
7887.1	3.4173
7888.7	4.0606
7890.2	2.6781
7891.8	4.1968
7893.3	3.1476
7894.9	3.3134
7896.4	3.6117
7898.0	3.849
7899.5	3.2071
7901.0	3.7275
7902.6	4.3701
7904.1	3.8952
7905.7	2.9502
7907.2	4.2849
7908.8	3.9485
7910.3	3.474
7911.8	4.6232
7913.4	3.7697
7914.9	2.9556
7916.5	4.7067
7918.0	4.0335
7919.6	2.872
7921.1	3.1349
7922.6	2.793
7924.2	2.2756
7925.7	4.7694
7927.3	3.1294
7928.8	3.2753
7930.4	4.3896
7931.9	4.065
7933.5	3.4819
7935.0	2.973
7936.5	3.8632
7938.1	2.7331
7939.6	3.4073
7941.2	3.1205
7942.7	3.6282
7944.3	3.6413
7945.8	4.1031
7947.3	3.0435
7948.9	3.5907
7950.4	2.1558
7952.0	3.4753
7953.5	2.6851
7955.1	3.4447
7956.6	1.9089
7958.2	2.7132
7959.7	3.6501
7961.2	3.4469
7962.8	3.2236
7964.3	3.3273
7965.9	3.3122
7967.4	3.451
7969.0	2.549
7970.5	2.3603
7972.0	2.1331
7973.6	3.214
7975.1	1.3381
7976.7	2.913
7978.2	4.3707
7979.8	3.2414
7981.3	2.4095
7982.9	2.9429
7984.4	3.0159
7985.9	2.0886
7987.5	3.51
7989.0	3.1766
7990.6	2.2278
7992.1	2.5392
7993.7	1.9194
7995.2	2.6354
7996.7	2.7032
7998.3	3.5664
7999.8	2.05
8001.4	3.0148
8002.9	2.3943
8004.5	2.8537
8006.0	2.5291
8007.6	2.6116
8009.1	1.8191
8010.6	2.5284
8012.2	1.9372
8013.7	3.0246
8015.3	2.4412
8016.8	1.8093
8018.4	1.776
8019.9	2.7535
8021.5	2.775
8023.0	1.9045
8024.5	3.4031
8026.1	3.0264
8027.6	2.5562
8029.2	1.9612
8030.7	1.911
8032.3	1.8751
8033.8	2.2116
8035.4	2.7564
8036.9	1.5486
8038.4	2.8358
8040.0	2.2296
8041.5	2.1241
8043.1	3.2551
8044.6	2.2316
8046.2	2.4206
8047.7	2.545
8049.3	2.4595
8050.8	2.326
8052.3	2.1428
8053.9	2.883
8055.4	2.0913
8057.0	2.5816
8058.5	2.5786
8060.1	2.2655
8061.6	1.692
8063.2	2.4342
8064.7	2.2934
8066.2	2.3701
8067.8	3.4794
8069.3	2.0193
8070.9	2.0336
8072.4	2.8371
8074.0	2.0399
8075.5	3.1153
8077.1	2.3544
8078.6	2.6235
8080.1	2.5626
8081.7	2.668
8083.2	2.7824
8084.8	3.5224
8086.3	3.0103
8087.9	2.7872
8089.4	1.7643
8091.0	3.7975
8092.5	2.6014
8094.0	2.3152
8095.6	3.9312
8097.1	2.5782
8098.7	2.4658
8100.2	2.7378
8101.8	2.6464
8103.3	3.0973
8104.9	3.5066
8106.4	2.8253
8107.9	3.0266
8109.5	3.5421
8111.0	3.3411
8112.6	3.242
8114.1	3.3429
8115.7	2.514
8117.2	3.1946
8118.8	4.0307
8120.3	2.883
8121.8	3.5503
8123.4	3.1083
8124.9	3.9935
8126.5	3.2638
8128.0	2.9938
8129.6	2.9013
8131.1	2.6756
8132.7	2.9811
8134.2	3.4401
8135.7	3.0373
8137.3	2.6764
8138.8	3.672
8140.4	3.5246
8141.9	3.6847
8143.5	3.8073
8145.0	3.1931
8146.6	2.9133
8148.1	3.6593
8149.7	3.3096
8151.2	3.7321
8152.7	4.1901
8154.3	2.7359
8155.8	3.9417
8157.4	3.0031
8158.9	2.6026
8160.5	2.9099
8162.0	3.7649
8163.6	2.9086
8165.1	3.8219
8166.6	3.3578
8168.2	3.5818
8169.7	2.9351
8171.3	3.5993
8172.8	3.6748
8174.4	3.4134
8175.9	3.4594
8177.5	2.7452
8179.0	3.5119
8180.5	2.8871
8182.1	3.4459
8183.6	3.0107
8185.2	3.0033
8186.7	3.4272
8188.3	3.2992
8189.8	3.5557
8191.4	3.3375
8192.9	3.8185
8194.5	3.3344
8196.0	3.4994
8197.5	4.1966
8199.1	3.6074
8200.6	3.6571
8202.2	2.979
8203.7	3.1038
8205.3	3.352
8206.8	3.5761
8208.4	3.2724
8209.9	3.8329
8211.5	3.2998
8213.0	3.4351
8214.5	3.208
8216.1	3.6869
8217.6	3.4856
8219.2	3.3808
8220.7	3.8177
8222.3	3.2205
8223.8	1.6986
8225.4	2.9793
8226.9	2.2469
8228.4	2.8115
8230.0	2.7703
8231.5	2.7058
8233.1	3.4674
8234.6	3.7355
8236.2	3.4094
8237.7	3.8584
8239.3	3.975
8240.8	4.0527
8242.4	3.9687
8243.9	3.4302
8245.4	4.1806
8247.0	4.0294
8248.5	3.5151
8250.1	3.8279
8251.6	3.8787
8253.2	2.9878
8254.7	3.8397
8256.3	3.462
8257.8	3.4151
8259.4	3.8467
8260.9	3.3052
8262.4	3.7614
8264.0	3.9642
8265.5	3.2535
8267.1	3.1283
8268.6	3.9616
8270.2	3.8261
8271.7	2.5667
8273.3	3.8026
8274.8	3.385
8276.4	3.7331
8277.9	3.1904
8279.4	2.7067
8281.0	3.51
8282.5	3.7524
8284.1	3.9626
8285.6	4.1387
8287.2	3.9261
8288.7	4.4404
8290.3	2.7571
8291.8	3.5227
8293.4	2.9452
8294.9	4.1457
8296.4	5.8882
8298.0	3.8163
8299.5	3.3567
8301.1	3.4386
8302.6	2.7941
8304.2	3.5072
8305.7	3.5277
8307.3	4.3313
8308.8	2.7011
8310.4	4.1956
8311.9	3.6425
8313.4	3.142
8315.0	4.0073
8316.5	3.1326
8318.1	2.6663
8319.6	3.1644
8321.2	3.9041
8322.7	2.8128
8324.3	3.6149
8325.8	3.1673
8327.4	3.6753
8328.9	3.7489
8330.5	3.3702
8332.0	3.3272
8333.5	3.8066
8335.1	3.7837
8336.6	3.2894
8338.2	3.0573
8339.7	3.7758
8341.3	2.5025
8342.8	4.4933
8344.4	3.2767
8345.9	3.5851
8347.5	2.8104
8349.0	3.6145
8350.5	2.9095
8352.1	2.7557
8353.6	3.6382
8355.2	2.8498
8356.7	3.5291
8358.3	3.1587
8359.8	3.2361
8361.4	3.834
8362.9	3.9288
8364.5	2.7692
8366.0	3.9126
8367.6	4.0736
8369.1	3.0397
8370.6	3.2021
8372.2	3.5761
8373.7	2.9367
8375.3	3.3148
8376.8	3.5826
8378.4	2.8288
8379.9	3.3537
8381.5	3.8675
8383.0	2.6598
8384.6	3.6647
8386.1	3.157
8387.6	2.5936
8389.2	3.5609
8390.7	4.2466
8392.3	2.8271
8393.8	4.3267
8395.4	3.4952
8396.9	3.3968
8398.5	3.4483
8400.0	1.9498
8401.6	3.5087
8403.1	2.9688
8404.7	3.1153
8406.2	3.8432
8407.7	3.1198
8409.3	3.4232
8410.8	3.8732
8412.4	1.7665
8413.9	3.3881
8415.5	2.6625
8417.0	2.1869
8418.6	2.6818
8420.1	2.9903
8421.7	3.6649
8423.2	3.0535
8424.8	3.2386
8426.3	2.5959
8427.8	3.2591
8429.4	4.1341
8430.9	3.9016
8432.5	4.0517
8434.0	3.101
8435.6	3.2392
8437.1	3.458
8438.7	3.499
8440.2	3.6412
8441.8	3.5242
8443.3	3.2335
8444.9	3.639
8446.4	3.9898
8447.9	2.8238
8449.5	2.3181
8451.0	3.954
8452.6	1.9048
8454.1	2.141
8455.7	2.7433
8457.2	2.8651
8458.8	2.3576
8460.3	3.3385
8461.9	4.3812
8463.4	4.7452
8465.0	3.3959
8466.5	3.0975
8468.0	2.2775
8469.6	3.0951
8471.1	2.8164
8472.7	1.9545
8474.2	3.3163
8475.8	2.8598
8477.3	2.0118
8478.9	2.409
8480.4	2.5172
8482.0	3.3378
8483.5	3.0694
8485.1	3.2989
8486.6	2.2145
8488.2	3.5827
8489.7	4.0586
8491.2	2.3392
8492.8	2.0999
8494.3	3.6772
8495.9	2.8
8497.4	2.9718
8499.0	3.7899
8500.5	3.0819
8502.1	2.896
8503.6	2.2702
8505.2	3.1401
8506.7	1.9454
8508.3	3.8568
8509.8	1.6212
8511.3	2.1055
8512.9	3.3272
8514.4	2.3996
8516.0	3.044
8517.5	2.3139
8519.1	2.0475
8520.6	2.5085
8522.2	2.2649
8523.7	1.8636
8525.3	2.608
8526.8	2.0086
8528.4	2.7713
8529.9	1.6646
8531.5	2.6797
8533.0	1.8146
8534.5	1.4753
8536.1	3.2054
8537.6	2.3561
8539.2	2.2639
8540.7	1.6464
8542.3	2.0567
8543.8	2.3998
8545.4	2.3633
8546.9	2.2433
8548.5	1.8534
8550.0	2.1278
8551.6	1.6195
8553.1	1.7501
8554.6	2.45
8556.2	1.6343
8557.7	2.3278
8559.3	2.0747
8560.8	1.4226
8562.4	1.3062
8563.9	1.2089
8565.5	2.0993
8567.0	1.6519
8568.6	2.45
8570.1	2.0232
8571.7	0.65693
8573.2	1.8961
8574.8	1.0851
8576.3	1.8585
8577.8	1.7186
8579.4	0.79721
8580.9	1.678
8582.5	0.73888
8584.0	1.622
8585.6	1.5973
8587.1	1.0549
8588.7	1.4569
8590.2	1.0943
8591.8	1.4971
8593.3	0.96189
8594.9	0.6763
8596.4	1.1444
8598.0	0.87836
8599.5	0.77703
8601.0	1.3464
8602.6	0.94796
8604.1	1.008
8605.7	0.90737
8607.2	1.5662
8608.8	1.1533
8610.3	1.576
8611.9	0.57389
8613.4	0.68051
8615.0	1.0685
8616.5	0.14448
8618.1	0.42952
8619.6	0.95327
8621.2	1.2888
8622.7	1.9799
8624.2	2.5082
8625.8	1.5641
8627.3	1.4317
8628.9	0.66129
8630.4	1.2218
8632.0	-0.60223
8633.5	2.207
8635.1	0.93437
8636.6	0.92476
8638.2	2.1169
8639.7	0.72328
8641.3	1.5488
8642.8	-0.14149
8644.4	0.54756
8645.9	-0.47254
8647.5	0.65329
8649.0	2.5658
8650.5	1.0787
8652.1	0.55209
8653.6	0.61301
8655.2	-0.3009
8656.7	3.0544
8658.3	0.58608
8659.8	0.93725
8661.4	2.0112
8662.9	1.1271
8664.5	1.0932
8666.0	1.1604
8667.6	1.7782
8669.1	1.4887
8670.7	1.3926
8672.2	2.2705
8673.7	-0.10825
8675.3	1.2388
8676.8	1.3222
8678.4	0.62153
8679.9	0.49975
8681.5	0.27478
8683.0	1.5861
8684.6	0.050505
8686.1	1.3028
8687.7	0.5854
8689.2	0.33548
8690.8	1.0687
8692.3	0.66647
8693.9	0.80165
8695.4	1.4172
8697.0	0.46719
8698.5	1.6584
8700.0	1.0283
8701.6	0.9234
8703.1	0.82205
8704.7	0.97313
8706.2	0.98889
8707.8	0.035977
8709.3	1.44
8710.9	0.35159
8712.4	1.4827
8714.0	1.521
8715.5	0.45342
8717.1	1.0328
8718.6	1.5746
8720.2	0.99122
8721.7	1.6677
8723.3	1.1395
8724.8	1.9682
8726.3	0.78339
8727.9	1.0343
8729.4	1.6758
8731.0	0.81901
8732.5	1.1288
8734.1	0.89221
8735.6	0.58632
8737.2	1.3394
8738.7	0.96713
8740.3	1.4675
8741.8	1.1437
8743.4	0.87604
8744.9	0.4124
8746.5	0.60516
8748.0	1.7345
8749.6	0.78048
8751.1	1.2288
8752.6	1.2027
8754.2	0.6609
8755.7	2.1343
8757.3	1.3424
8758.8	-0.18727
8760.4	0.21792
8761.9	0.34687
8763.5	1.2271
8765.0	-0.083229
8766.6	1.9055
8768.1	0.11111
8769.7	2.3632
8771.2	2.4699
8772.8	-0.14494
8774.3	1.4529
8775.9	1.0622
8777.4	0.29659
8778.9	1.3183
8780.5	0.91645
8782.0	0.026701
8783.6	1.1339
8785.1	0.96321
8786.7	0.091715
8788.2	0.815
8789.8	1.9955
8791.3	0.96753
8792.9	1.5805
8794.4	1.0618
8796.0	1.0904
8797.5	1.9194
8799.1	0.94473
8800.6	1.5502
8802.2	1.5045
8803.7	1.5572
8805.2	1.3085
8806.8	0.64304
8808.3	1.3162
8809.9	0.48771
8811.4	1.2147
8813.0	1.751
8814.5	0.6303
8816.1	1.6065
8817.6	0.96966
8819.2	1.2166
8820.7	0.14428
8822.3	0.91047
8823.8	1.1794
8825.4	0.35871
8826.9	1.399
8828.5	1.926
8830.0	1.4063
8831.5	1.9287
8833.1	1.7969
8834.6	2.6191
8836.2	2.4853
8837.7	1.8445
8839.3	1.4653
8840.8	1.1981
8842.4	1.6376
8843.9	0.83795
8845.5	2.2794
8847.0	2.399
8848.6	1.5116
8850.1	1.8437
8851.7	1.3616
8853.2	0.87175
8854.8	1.6775
8856.3	0.60626
8857.9	1.6121
8859.4	1.6509
8860.9	1.5685
8862.5	1.7185
8864.0	1.8404
8865.6	3.033
8867.1	1.9914
8868.7	2.4166
8870.2	1.6429
8871.8	0.048453
8873.3	2.5682
8874.9	1.1188
8876.4	1.597
8878.0	1.527
8879.5	1.6517
8881.1	1.2485
8882.6	1.3065
8884.2	2.4869
8885.7	1.8741
8887.2	3.1965
8888.8	1.1379
8890.3	0.44398
8891.9	2.3165
8893.4	1.3104
8895.0	1.1481
8896.5	1.9543
8898.1	1.1087
8899.6	2.6479
8901.2	2.4912
8902.7	1.8643
8904.3	1.6607
8905.8	1.4237
8907.4	3.0944
8908.9	1.0472
8910.5	2.2723
8912.0	1.3089
8913.6	0.8913
8915.1	2.5002
8916.6	2.2404
8918.2	2.9505
8919.7	1.2732
8921.3	3.4704
8922.8	2.8971
8924.4	1.6265
8925.9	2.2898
8927.5	1.2813
8929.0	2.5687
8930.6	2.3187
8932.1	1.7321
8933.7	2.4636
8935.2	2.87
8936.8	1.0504
8938.3	2.8459
8939.9	2.1601
8941.4	2.2552
8943.0	3.658
8944.5	2.1752
8946.0	1.9934
8947.6	2.559
8949.1	2.395
8950.7	1.351
8952.2	2.16
8953.8	2.5996
8955.3	1.8791
8956.9	3.826
8958.4	0.05562
8960.0	1.2311
8961.5	1.6081
8963.1	1.7303
8964.6	2.4147
8966.2	2.0538
8967.7	3.5873
8969.3	1.6438
8970.8	2.1705
8972.4	3.3301
8973.9	1.7761
8975.4	3.7605
8977.0	3.0119
8978.5	2.4339
8980.1	3.0592
8981.6	3.1039
8983.2	3.7941
8984.7	19.64
8986.3	18.914
8987.8	8.4744
8989.4	2.0071
8990.9	4.0753
8992.5	3.0056
8994.0	2.6412
8995.6	3.6144
8997.1	2.3124
8998.7	3.3873
9000.2	1.4975
9001.7	2.1325
9003.3	2.6215
9004.8	2.8258
9006.4	3.4978
9007.9	2.4723
9009.5	4.7342
9011.0	2.3854
9012.6	3.0685
9014.1	3.4009
9015.7	2.6947
9017.2	3.2396
9018.8	3.9676
9020.3	3.548
9021.9	2.7238
9023.4	3.3941
9025.0	4.3219
9026.5	3.2479
9028.1	3.7682
9029.6	3.4068
9031.1	3.171
9032.7	4.057
9034.2	3.9914
9035.8	4.6541
9037.3	3.3216
9038.9	2.6877
9040.4	4.3277
9042.0	3.331
9043.5	4.453
9045.1	3.6936
9046.6	3.448
9048.2	3.9944
9049.7	2.1804
9051.3	3.0616
9052.8	4.2114
9054.4	3.4511
9055.9	4.3465
9057.5	3.4944
9059.0	3.4316
9060.5	4.1453
9062.1	4.0322
9063.6	3.2407
9065.2	3.3947
9066.7	3.9704
9068.3	2.2578
9069.8	4.0703
9071.4	5.048
9072.9	3.2285
9074.5	5.3159
9076.0	3.3378
9077.6	3.3712
9079.1	4.8246
9080.7	4.2862
9082.2	4.6701
9083.8	3.816
9085.3	4.6529
9086.9	4.389
9088.4	3.3433
9089.9	5.0835
9091.5	2.8154
9093.0	4.1442
9094.6	4.5591
9096.1	3.5589
9097.7	4.1901
9099.2	4.1611
9100.8	3.989
9102.3	2.4182
9103.9	3.7278
9105.4	3.671
9107.0	4.3169
9108.5	5.1364
9110.1	4.0261
9111.6	4.8699
9113.2	5.2896
9114.7	2.9327
9116.3	3.5772
9117.8	3.6516
9119.3	4.3654
9120.9	4.5122
9122.4	4.6273
9124.0	4.6755
9125.5	3.1868
9127.1	4.551
9128.6	2.5588
9130.2	3.7182
9131.7	3.1847
9133.3	2.0219
9134.8	4.582
9136.4	3.3655
9137.9	4.4437
9139.5	3.9535
9141.0	4.5676
9142.6	5.3048
9144.1	4.0608
9145.6	5.5528
9147.2	4.1483
9148.7	3.8079
9150.3	4.7023
9151.8	2.5898
9153.4	3.2149
9154.9	3.3728
9156.5	3.9849
9158.0	4.0587
9159.6	3.6454
9161.1	4.2711
9162.7	2.8156
9164.2	3.2794
9165.8	4.2574
9167.3	3.2959
9168.9	4.342
9170.4	3.7803
9172.0	2.8214
9173.5	3.5713
9175.0	3.479
9176.6	3.9286
9178.1	4.0183
9179.7	4.2315
9181.2	3.7031
9182.8	4.213
9184.3	4.7494
9185.9	3.8847
9187.4	4.5665
9189.0	4.5255
9190.5	4.0427
9192.1	4.6125
9193.6	3.8648
9195.2	3.7118
9196.7	3.6679
9198.3	3.2139
9199.8	4.2813
9201.3	3.7969
9202.9	4.4585
9204.4	3.2301
9206.0	4.4042
9207.5	5.4348
9209.1	2.5803
9210.6	4.9691
9212.2	3.3622
9213.7	3.5778
9215.3	3.3917
9216.8	3.0827
9218.4	3.9288
9219.9	3.1924
9221.5	5.0517
9223.0	3.9336
9224.6	4.1869
9226.1	5.5189
9227.7	2.678
9229.2	4.1258
9230.7	4.3997
9232.3	3.0354
9233.8	3.9024
9235.4	3.3828
9236.9	3.6362
9238.5	3.9975
9240.0	3.4944
9241.6	3.2057
9243.1	2.9101
9244.7	4.405
9246.2	2.6406
9247.8	3.3209
9249.3	4.4163
9250.9	2.7907
9252.4	3.8199
9254.0	3.4636
9255.5	3.4587
9257.0	3.8163
9258.6	3.3534
9260.1	3.2208
9261.7	2.8326
9263.2	3.9333
9264.8	2.9269
9266.3	3.4666
9267.9	3.5484
9269.4	2.6138
9271.0	3.0141
9272.5	3.0366
9274.1	3.2914
9275.6	3.2468
9277.2	2.8275
9278.7	3.111
9280.3	2.4094
9281.8	2.9516
9283.3	3.7211
9284.9	2.7317
9286.4	3.8499
9288.0	3.4489
9289.5	2.8742
9291.1	4.4626
9292.6	2.6754
9294.2	4.1535
9295.7	4.22
9297.3	1.9963
9298.8	2.4484
9300.4	2.9889
9301.9	3.4823
9303.5	2.2019
9305.0	3.9786
9306.6	3.0697
9308.1	4.1913
9309.6	7.8352
9311.2	3.1178
9312.7	3.9087
9314.3	3.984
9315.8	0.71502
9317.4	2.6334
9318.9	2.1396
9320.5	5.3304
9322.0	0.25644
9323.6	4.2492
9325.1	2.7797
9326.7	1.8273
9328.2	1.7767
9329.8	2.5766
9331.3	1.326
9332.9	4.529
9334.4	-1.0698
9335.9	3.4041
9337.5	2.8027
9339.0	1.8067
9340.6	3.231
9342.1	0.8472
9343.7	5.0412
9345.2	1.9619
9346.8	5.1397
9348.3	3.2731
9349.9	1.245
9351.4	4.2052
9353.0	1.8065
9354.5	3.6791
9356.1	1.8633
9357.6	3.7774
9359.1	2.9599
9360.7	3.9635
9362.2	3.677
9363.8	1.0789
9365.3	2.2315
9366.9	2.4014
9368.4	3.2144
9370.0	3.6668
9371.5	2.777
9373.1	5.1789
9374.6	3.8345
9376.2	8.0129
9377.7	-3.2488
9379.3	5.5263
9380.8	3.5328
9382.4	2.6439
9383.9	2.1877
9385.4	4.6045
9387.0	3.0633
9388.5	3.2993
9390.1	3.9782
9391.6	2.2765
9393.2	3.5554
9394.7	2.8128
9396.3	2.9058
9397.8	2.9857
9399.4	3.94
9400.9	4.7292
9402.5	2.9525
9404.0	3.9147
9405.6	3.429
9407.1	2.6739
9408.6	4.3096
9410.2	2.3319
9411.7	4.2972
9413.3	4.2633
9414.8	1.2621
9416.4	3.9399
9417.9	2.6101
9419.5	3.6186
9421.0	3.9216
9422.6	5.0707
9424.1	2.0977
9425.7	1.9166
9427.2	5.3146
9428.8	2.2144
9430.3	3.2932
9431.8	2.6254
9433.4	2.7538
9434.9	0.7223
9436.5	5.2665
9438.0	0.046328
9439.6	1.5184
9441.1	2.7286
9442.7	2.6015
9444.2	0.91892
9445.8	2.2696
9447.3	4.0396
9448.9	3.4564
9450.4	3.2509
9452.0	2.5905
9453.5	2.6241
9455.0	2.2709
9456.6	5.7301
9458.1	1.2336
9459.7	3.8331
9461.2	3.6499
9462.8	1.5174
9464.3	2.0401
9465.9	2.2865
9467.4	2.3392
9469.0	3.6612
9470.5	1.603
9472.1	3.7698
9473.6	5.4141
9475.2	5.5134
9476.7	3.0329
9478.2	2.6378
9479.8	3.7077
9481.3	2.3211
9482.9	2.2743
9484.4	3.1722
9486.0	3.0322
9487.5	4.2641
9489.1	3.2188
9490.6	2.9769
9492.2	2.7904
9493.7	1.7427
9495.3	2.9374
9496.8	3.0895
9498.3	2.31
9499.9	1.6459
9501.4	3.1581
9503.0	2.3232
9504.5	3.897
9506.1	2.6275
9507.6	2.9918
9509.2	1.6238
9510.7	2.1341
9512.3	1.6372
9513.8	2.5049
9515.4	2.3391
9516.9	1.3592
9518.5	2.6633
9520.0	1.1294
9521.5	1.7252
9523.1	1.3689
9524.6	2.3948
9526.2	3.2373
9527.7	1.1649
9529.3	2.1601
9530.8	1.2778
9532.4	0.44
9533.9	2.4689
9535.5	1.7839
9537.0	1.4436
9538.6	0.92636
9540.1	2.0012
9541.6	1.7879
9543.2	1.0202
9544.7	3.4222
9546.3	1.3047
9547.8	1.0059
9549.4	3.6251
9550.9	1.9506
9552.5	2.4137
9554.0	0.96831
9555.6	1.7386
9557.1	2.5045
9558.7	1.9914
9560.2	2.433
9561.7	1.1415
9563.3	1.982
9564.8	1.7427
9566.4	1.8144
9567.9	-0.41878
9569.5	1.4994
9571.0	2.3171
9572.6	3.0873
9574.1	1.212
9575.7	2.0846
9577.2	1.9441
9578.8	1.5863
9580.3	1.4583
9581.8	2.4643
9583.4	1.6888
9584.9	1.2249
9586.5	2.3371
9588.0	0.73002
9589.6	0.76168
9591.1	1.8044
9592.7	2.2291
9594.2	2.847
9595.8	0.99381
9597.3	1.8704
9598.9	1.3938
9600.4	2.3154
9601.9	2.3514
9603.5	1.7085
9605.0	4.2318
9606.6	2.3836
9608.1	1.5319
9609.7	2.7198
9611.2	2.347
9612.8	2.7969
9614.3	2.6007
9615.9	2.235
9617.4	3.3206
9618.9	1.1116
9620.5	-0.01118
9622.0	1.5484
9623.6	2.22
9625.1	1.9723
9626.7	1.0802
9628.2	2.7843
9629.8	1.8356
9631.3	1.5805
9632.9	3.4404
9634.4	1.8631
9636.0	2.7458
9637.5	1.9464
9639.0	2.446
9640.6	1.9971
9642.1	2.0527
9643.7	2.6607
9645.2	2.5915
9646.8	3.6463
9648.3	1.5062
9649.9	1.4202
9651.4	2.3965
9653.0	0.52706
9654.5	2.7598
9656.0	2.6888
9657.6	1.5384
9659.1	2.6172
9660.7	1.79
9662.2	3.0974
9663.8	2.1985
9665.3	2.5408
9666.9	1.4822
9668.4	2.5314
9670.0	3.6669
9671.5	2.2801
9673.0	2.868
9674.6	2.9832
9676.1	2.868
9677.7	2.396
9679.3	2.6214
9680.8	3.1201
9682.3	3.5777
9683.9	2.9259
9685.4	3.3953
9687.0	0.61929
9688.5	2.7791
9690.1	2.773
9691.6	2.1959
9693.1	2.8717
9694.7	1.7876
9696.2	2.1036
9697.8	1.5209
9699.3	3.0095
9700.9	2.4484
9702.4	2.8741
9704.0	4.4648
9705.5	1.4403
9707.1	3.2238
9708.6	3.609
9710.1	1.1419
9711.7	1.7238
9713.2	2.674
9714.8	2.7771
9716.3	2.875
9717.9	2.0891
9719.4	3.4543
9721.0	0.68762
9722.5	2.2285
9724.1	1.8539
9725.6	2.8028
9727.1	3.9647
9728.7	1.8633
9730.2	2.5353
9731.8	2.1137
9733.3	2.4809
9734.9	2.2974
9736.4	0.38977
9738.0	3.0516
9739.5	2.0393
9741.0	3.3911
9742.6	1.4724
9744.1	2.1476
9745.7	3.4857
9747.2	1.6996
9748.8	2.086
9750.3	2.6497
9751.9	1.4948
9753.4	1.6069
9755.0	2.1707
9756.5	2.0678
9758.0	2.0298
9759.6	2.1598
9761.1	1.7948
9762.7	1.6505
9764.2	2.84
9765.8	2.0497
9767.3	1.409
9768.9	3.1364
9770.4	1.6341
9772.0	1.7346
9773.5	1.9337
9775.0	2.2272
9776.6	2.2828
9778.1	1.2959
9779.7	2.2878
9781.2	1.3173
9782.8	2.3803
9784.3	2.5952
9785.9	1.7826
9787.4	3.116
9788.9	1.9771
9790.5	1.6972
9792.0	2.276
9793.6	1.6999
9795.1	2.2567
9796.7	2.0089
9798.2	3.2739
9799.8	2.3146
9801.3	3.4474
9802.8	3.8234
9804.4	1.5523
9805.9	2.9166
9807.5	3.1746
9809.0	2.247
9810.6	3.8163
9812.1	0.81114
9813.7	1.8428
9815.2	2.8141
9816.8	3.2291
9818.3	2.1828
9819.8	1.6985
9821.4	3.0116
9822.9	1.5814
9824.5	3.2466
9826.0	2.0368
9827.6	1.1674
9829.1	3.5054
9830.7	2.1315
9832.2	2.9348
9833.7	2.3559
9835.3	2.1171
9836.8	3.1477
9838.4	2.7966
9839.9	2.9594
9841.5	1.2678
9843.0	1.5715
9844.6	2.639
9846.1	1.5393
9847.6	2.8126
9849.2	3.8616
9850.7	2.0087
9852.3	3.2087
9853.8	2.57
9855.4	3.0167
9856.9	3.3265
9858.5	2.9265
9860.0	2.5051
9861.5	2.6337
9863.1	2.4917
9864.6	1.2514
9866.2	2.1358
9867.7	0.32736
9869.3	1.1911
9870.8	3.6018
9872.4	3.8077
9873.9	3.0708
9875.4	2.5495
9877.0	2.7674
9878.5	2.3646
9880.1	2.4318
9881.6	2.9029
9883.2	2.4769
9884.7	2.2452
9886.3	3.2291
9887.8	2.1193
9889.3	3.1111
9890.9	1.9523
9892.4	0.92923
9894.0	2.8142
9895.5	2.7771
9897.1	1.6301
9898.6	1.8042
9900.2	2.4367
9901.7	2.0351
9903.2	2.7158
9904.8	3.4593
9906.3	1.1827
9907.9	1.646
9909.4	2.9825
9911.0	0.82588
9912.5	0.69962
9914.0	1.2137
9915.6	2.7015
9917.1	4.3037
9918.7	3.1343
9920.2	3.3283
9921.8	1.9974
9923.3	3.3727
9924.9	2.5721
9926.4	1.7828
9927.9	2.5825
9929.5	1.1503
9931.0	2.1506
9932.6	2.2818
9934.1	2.2406
9935.7	3.1892
9937.2	1.682
9938.7	1.3322
9940.3	0.94042
9941.8	1.3123
9943.4	-0.15865
9944.9	2.0037
9946.5	3.7413
9948.0	4.0639
9949.6	3.4036
9951.1	3.3363
9952.6	3.2083
9954.2	5.38
9955.7	4.8488
9957.3	4.1027
9958.8	1.7083
9960.4	2.9814
9961.9	2.444
9963.4	0.41824
9965.0	2.1132
9966.5	0.78918
9968.1	2.9719
9969.6	3.0878
9971.2	1.6319
9972.7	2.471
9974.3	1.3997
9975.8	3.2125
9977.3	2.6727
9978.9	3.0619
9980.4	4.0287
9982.0	1.1229
9983.5	2.1381
9985.1	2.2111
9986.6	0.83576
9988.1	2.1452
9989.7	2.4731
9991.2	3.4769
9992.8	2.7939
9994.3	2.7577
9995.9	3.1591
9997.4	3.4049
9998.9	2.8976
10000.0	0.41451
10002.0	1.1931
10004.0	1.8339
10005.0	1.4167
10007.0	4.2122
10008.0	3.0643
10010.0	1.435
10011.0	0.50698
10013.0	-1.1234
10014.0	2.9992
10016.0	3.4144
10017.0	2.1015
10019.0	0.056217
10021.0	1.8298
10022.0	3.421
10024.0	2.6473
10025.0	1.6901
10027.0	2.8766
10028.0	1.6422
10030.0	3.8314
10031.0	2.5004
10033.0	2.1323
10034.0	3.298
10036.0	2.8514
10038.0	2.6164
10039.0	1.8907
10041.0	3.3484
10042.0	1.5183
10044.0	1.8019
10045.0	2.4971
10047.0	0.75994
10048.0	2.4777
10050.0	2.4675
10051.0	2.4136
10053.0	3.3925
10054.0	1.3715
10056.0	0.91261
10058.0	2.0146
10059.0	3.3805
10061.0	2.2299
10062.0	0.20829
10064.0	3.5476
10065.0	1.9541
10067.0	2.3403
10068.0	3.5079
10070.0	2.7202
10071.0	3.5057
10073.0	1.7397
10075.0	1.6696
10076.0	0.9532
10078.0	3.5698
10079.0	3.5339
10081.0	1.2399
10082.0	2.7972
10084.0	0.51521
10085.0	1.7669
10087.0	2.9734
10088.0	2.2803
10090.0	4.3564
10092.0	3.2306
10093.0	2.9586
10095.0	2.7501
10096.0	3.0254
10098.0	2.9786
10099.0	1.7197
10101.0	5.5851
10102.0	3.3146
10104.0	0.45766
10105.0	3.991
10107.0	2.0982
10108.0	2.98
10110.0	2.1456
10112.0	2.0246
10113.0	2.755
10115.0	2.0842
10116.0	2.7128
10118.0	1.9009
10119.0	2.4315
10121.0	0.95929
10122.0	-0.64774
10124.0	1.3136
10125.0	0.36866
10127.0	1.3789
10129.0	2.9356
10130.0	1.3217
10132.0	2.6147
10133.0	1.9298
10135.0	1.5404
10136.0	1.3123
10138.0	2.6065
10139.0	3.7653
10141.0	1.0123
10142.0	3.2505
10144.0	3.4653
10145.0	1.8241
10147.0	3.2529
10149.0	3.6688
10150.0	4.1796
10152.0	3.1683
10153.0	3.1076
10155.0	2.5863
10156.0	2.1579
10158.0	2.4328
10159.0	0.39337
10161.0	1.8469
10162.0	3.4855
10164.0	1.7151
10166.0	5.1915
10167.0	2.2493
10169.0	1.9153
10170.0	4.625
10172.0	4.1358
10173.0	0.023707
10175.0	-1.9185
10176.0	2.1781
10178.0	1.53
10179.0	2.4632
10181.0	4.3806
10182.0	2.3355
10184.0	5.9397
10186.0	5.0782
10187.0	3.7829
10189.0	5.6024
10190.0	3.5292
10192.0	1.7672
10193.0	0.58189
10195.0	2.4934
10196.0	1.5581
10198.0	1.3361
10199.0	3.217
10201.0	0.20185
10203.0	2.4127
10204.0	1.3459
10206.0	-0.18122
10207.0	4.1014
10209.0	7.8893
10210.0	5.6398
10212.0	-0.088687
10213.0	0.32227
10215.0	-1.4021
10216.0	-0.013462
10218.0	4.7553
10219.0	0.96732
10221.0	3.4777
10223.0	5.5323
10224.0	0.10928
10226.0	3.2214
10227.0	4.9514
10229.0	3.139
10230.0	3.4864
10232.0	3.247
10233.0	2.873
10235.0	1.8549
10236.0	2.7074
10238.0	1.0203
10240.0	3.3256
10241.0	5.1737
10243.0	-1.5169
10244.0	2.0164
10246.0	4.367
10247.0	0.56874
10249.0	0.78986
10250.0	2.0358
10252.0	4.1314
10253.0	2.126
10255.0	3.5998
10256.0	3.4187
10258.0	1.1078
10260.0	4.7031
10261.0	0.22706
10263.0	-1.389
10264.0	5.1511
10266.0	1.795
10267.0	1.9093
10269.0	2.9996
10270.0	3.7297
10272.0	3.0389
10273.0	0.81222
10275.0	0.58299
10276.0	0.6975
10278.0	6.0164
10280.0	1.4044
10281.0	-0.20177
10283.0	12.972
10284.0	3.0841
10286.0	3.8066
10287.0	9.7632
10289.0	7.6043
10290.0	3.8385
10292.0	-0.34391
10293.0	-0.55548
10295.0	-2.532
10297.0	1.6778
10298.0	-2.1543
10300.0	-4.5124
10301.0	3.3003
10303.0	-1.2668
10304.0	-2.0394
10306.0	4.9311
10307.0	3.1714
10309.0	0.55178
10310.0	5.5928
10312.0	3.5004
10313.0	-0.26751
10315.0	3.3344
10317.0	4.3472
10318.0	-2.0764
10320.0	6.2049
10321.0	3.2219
10323.0	2.3829
10324.0	7.9505
10326.0	2.0935
10327.0	1.5439
10329.0	5.0661
10330.0	7.763
10332.0	3.9453
10333.0	1.2871
10335.0	7.5377
10337.0	-0.46093
10338.0	3.9576
10340.0	5.5101
10341.0	-0.69307
10343.0	5.0838
10344.0	3.7648
10346.0	-2.8065
10347.0	-1.0851
10349.0	1.6807
10350.0	-0.96754
10352.0	1.1918
10353.0	6.9731
10355.0	2.1213
10357.0	6.2367
10358.0	6.385
10360.0	-3.8961
10361.0	8.0792
10363.0	4.3519
10364.0	-0.34633
10366.0	3.3952
10367.0	-1.7201
10369.0	0.0402
10370.0	1.3784
10372.0	3.8112
10374.0	0.69654
10375.0	3.1336
10377.0	7.4483
10378.0	-3.9518
10380.0	2.3829
10381.0	4.32
10383.0	-2.8649
10384.0	2.4444
10386.0	2.6126
10387.0	1.4772
10389.0	-3.5722
10390.0	6.2605
10392.0	0.52058
10394.0	-4.9733
10395.0	6.1074
10397.0	0.7586
10398.0	-0.42976
10400.0	5.6586
10401.0	-4.4475
10403.0	3.072
10404.0	4.3874
10406.0	0.88282
10407.0	0.37079
10409.0	0.13021
10410.0	3.5113
10412.0	0.21757
10414.0	1.9001
10415.0	1.7564
10417.0	0.53
10418.0	8.8906
10420.0	-1.0576
10421.0	4.6586
10423.0	5.1724
10424.0	-0.95908
10426.0	1.9959
10427.0	0.65305
10429.0	1.544
10430.0	2.1324
10432.0	3.4973
10434.0	-2.6049
10435.0	-2.3978
10437.0	6.1073
10438.0	2.2217
10440.0	-4.0209
10441.0	7.7112
10443.0	3.12
10444.0	3.1425
10446.0	4.1496
10447.0	-0.41131
10449.0	-0.089715
10450.0	-3.5449
10452.0	4.0943
10454.0	0.13437
10455.0	7.8
10457.0	3.7617
10458.0	-4.7367
10460.0	6.2357
10461.0	1.2828
10463.0	5.265
10464.0	1.4756
10466.0	-4.4452
10467.0	5.4266
10469.0	-2.8232
10470.0	4.5635
10472.0	-5.0148
10474.0	-0.42772
10475.0	8.9283
10477.0	-7.7892
10478.0	11.468
10480.0	-2.3002
10481.0	-3.2705
10483.0	3.8581
10484.0	2.1225
10486.0	5.2414
10487.0	1.6653
10489.0	7.3172
10490.0	1.3825
10492.0	2.758
10494.0	3.7424
10495.0	-6.4906
10497.0	12.106
10498.0	0.97128
