   5.8744426e+03   9.6144643e-01
   5.8744671e+03   9.5863929e-01
   5.8744916e+03   1.0462123e+00
   5.8745161e+03   9.8050618e-01
   5.8745406e+03   9.5026674e-01
   5.8745651e+03   1.0292089e+00
   5.8745896e+03   1.0622784e+00
   5.8746141e+03   9.3152053e-01
   5.8746386e+03   1.1236209e+00
   5.8746631e+03   9.2727022e-01
   5.8746876e+03   9.6604524e-01
   5.8747121e+03   1.0755015e+00
   5.8747366e+03   9.8116814e-01
   5.8747611e+03   1.0518884e+00
   5.8747856e+03   9.5825592e-01
   5.8748100e+03   9.9538625e-01
   5.8748345e+03   9.6293541e-01
   5.8748590e+03   1.1469730e+00
   5.8748835e+03   8.9104285e-01
   5.8749080e+03   1.0209119e+00
   5.8749324e+03   1.0721878e+00
   5.8749569e+03   9.6321687e-01
   5.8749814e+03   9.6573548e-01
   5.8750059e+03   9.7999956e-01
   5.8750303e+03   9.1378468e-01
   5.8750548e+03   1.1070423e+00
   5.8750793e+03   1.0134014e+00
   5.8751037e+03   9.8212270e-01
   5.8751282e+03   9.7428082e-01
   5.8751527e+03   9.8095006e-01
   5.8751771e+03   1.0391571e+00
   5.8752016e+03   1.0944747e+00
   5.8752261e+03   9.4144230e-01
   5.8752505e+03   8.5178587e-01
   5.8752750e+03   1.0780015e+00
   5.8752995e+03   9.5265067e-01
   5.8753239e+03   9.7409064e-01
   5.8753484e+03   8.9887378e-01
   5.8753728e+03   9.7354873e-01
   5.8753973e+03   9.9015127e-01
   5.8754217e+03   1.0509672e+00
   5.8754462e+03   1.0587570e+00
   5.8754706e+03   1.0428256e+00
   5.8754951e+03   1.0557375e+00
   5.8755195e+03   9.4334481e-01
   5.8755440e+03   9.9173437e-01
   5.8755684e+03   9.8276271e-01
   5.8755928e+03   1.0286039e+00
   5.8756173e+03   1.1067766e+00
   5.8756417e+03   1.0146132e+00
   5.8756662e+03   1.0200097e+00
   5.8756906e+03   1.0152943e+00
   5.8757150e+03   1.0355802e+00
   5.8757395e+03   9.3352823e-01
   5.8757639e+03   1.0672239e+00
   5.8757883e+03   9.9592230e-01
   5.8758128e+03   8.3955846e-01
   5.8758372e+03   9.6645030e-01
   5.8758616e+03   9.8776071e-01
   5.8758860e+03   8.8637526e-01
   5.8759105e+03   9.4122026e-01
   5.8759349e+03   9.8344075e-01
   5.8759593e+03   8.7534657e-01
   5.8759837e+03   1.0504942e+00
   5.8760081e+03   9.7679471e-01
   5.8760326e+03   1.0410057e+00
   5.8760570e+03   9.7161808e-01
   5.8760814e+03   9.8886276e-01
   5.8761058e+03   1.0452029e+00
   5.8761302e+03   9.7136476e-01
   5.8761546e+03   1.1021709e+00
   5.8761790e+03   1.0446252e+00
   5.8762034e+03   1.0231195e+00
   5.8762279e+03   1.0268659e+00
   5.8762523e+03   9.3619626e-01
   5.8762767e+03   1.0157411e+00
   5.8763011e+03   8.9252642e-01
   5.8763255e+03   1.0546784e+00
   5.8763499e+03   9.7951912e-01
   5.8763743e+03   1.0515144e+00
   5.8763987e+03   1.0550865e+00
   5.8764231e+03   8.9617866e-01
   5.8764475e+03   1.0303474e+00
   5.8764719e+03   1.0175165e+00
   5.8764962e+03   9.4872779e-01
   5.8765206e+03   9.4062681e-01
   5.8765450e+03   9.9455965e-01
   5.8765694e+03   1.0909746e+00
   5.8765938e+03   1.0947010e+00
   5.8766182e+03   1.0257682e+00
   5.8766426e+03   9.5922456e-01
   5.8766670e+03   1.0388979e+00
   5.8766913e+03   9.8797317e-01
   5.8767157e+03   9.8464597e-01
   5.8767401e+03   1.0212991e+00
   5.8767645e+03   9.7243888e-01
   5.8767888e+03   9.8009600e-01
   5.8768132e+03   1.1686476e+00
   5.8768376e+03   9.6765583e-01
   5.8768620e+03   1.0130175e+00
   5.8768863e+03   1.0039947e+00
   5.8769107e+03   9.5049123e-01
   5.8769351e+03   1.0476874e+00
   5.8769594e+03   1.0463729e+00
   5.8769838e+03   9.0250626e-01
   5.8770082e+03   1.0096141e+00
   5.8770325e+03   8.9592481e-01
   5.8770569e+03   1.0097402e+00
   5.8770812e+03   1.0438412e+00
   5.8771056e+03   1.1442813e+00
   5.8771300e+03   1.0301707e+00
   5.8771543e+03   1.0471156e+00
   5.8771787e+03   9.2806238e-01
   5.8772030e+03   9.7027649e-01
   5.8772274e+03   1.0893362e+00
   5.8772517e+03   1.0576079e+00
   5.8772761e+03   1.0824035e+00
   5.8773004e+03   9.5600000e-01
   5.8773248e+03   9.9677199e-01
   5.8773491e+03   8.9147849e-01
   5.8773735e+03   1.2017379e+00
   5.8773978e+03   1.0161276e+00
   5.8774221e+03   1.0145634e+00
   5.8774465e+03   1.1172782e+00
   5.8774708e+03   1.0291784e+00
   5.8774952e+03   9.5040175e-01
   5.8775195e+03   8.7689345e-01
   5.8775438e+03   1.0377837e+00
   5.8775682e+03   1.0644271e+00
   5.8775925e+03   1.0139476e+00
   5.8776168e+03   9.7695930e-01
   5.8776411e+03   1.0629197e+00
   5.8776655e+03   9.2958516e-01
   5.8776898e+03   9.8951488e-01
   5.8777141e+03   9.5136609e-01
   5.8777384e+03   9.4967011e-01
   5.8777628e+03   1.0139626e+00
   5.8777871e+03   9.2163753e-01
   5.8778114e+03   8.8724357e-01
   5.8778357e+03   1.0040371e+00
   5.8778600e+03   9.7081747e-01
   5.8778844e+03   9.2142514e-01
   5.8779087e+03   9.7945185e-01
   5.8779330e+03   9.4901826e-01
   5.8779573e+03   1.0046226e+00
   5.8779816e+03   9.6339151e-01
   5.8780059e+03   9.1789012e-01
   5.8780302e+03   1.0314670e+00
   5.8780545e+03   9.4017739e-01
   5.8780788e+03   1.0765519e+00
   5.8781031e+03   9.7701755e-01
   5.8781274e+03   1.0035216e+00
   5.8781517e+03   1.0852059e+00
   5.8781760e+03   1.1112669e+00
   5.8782003e+03   8.7229273e-01
   5.8782246e+03   9.3696849e-01
   5.8782489e+03   1.0955518e+00
   5.8782732e+03   1.0228969e+00
   5.8782975e+03   1.1238625e+00
   5.8783218e+03   1.0065825e+00
   5.8783461e+03   9.7736570e-01
   5.8783704e+03   1.0076137e+00
   5.8783947e+03   9.5212522e-01
   5.8784189e+03   1.0120004e+00
   5.8784432e+03   9.1010293e-01
   5.8784675e+03   9.8408412e-01
   5.8784918e+03   9.7844492e-01
   5.8785161e+03   1.0320761e+00
   5.8785403e+03   1.0773972e+00
   5.8785646e+03   1.0870464e+00
   5.8785889e+03   8.8106696e-01
   5.8786132e+03   1.1043716e+00
   5.8786374e+03   1.0347726e+00
   5.8786617e+03   8.5801526e-01
   5.8786860e+03   9.5139415e-01
   5.8787103e+03   1.0822123e+00
   5.8787345e+03   1.0285554e+00
   5.8787588e+03   9.4256321e-01
   5.8787831e+03   1.0442514e+00
   5.8788073e+03   1.0974453e+00
   5.8788316e+03   9.8608838e-01
   5.8788558e+03   1.0871399e+00
   5.8788801e+03   9.9751823e-01
   5.8789044e+03   1.1489338e+00
   5.8789286e+03   1.0406793e+00
   5.8789529e+03   1.0616117e+00
   5.8789771e+03   1.2281524e+00
   5.8790014e+03   9.5007137e-01
   5.8790256e+03   9.9946552e-01
   5.8790499e+03   1.0476707e+00
   5.8790741e+03   1.0197003e+00
   5.8790984e+03   1.1027077e+00
   5.8791226e+03   9.3077431e-01
   5.8791469e+03   8.7940389e-01
   5.8791711e+03   9.9974168e-01
   5.8791953e+03   9.6453968e-01
   5.8792196e+03   9.2813950e-01
   5.8792438e+03   1.0016930e+00
   5.8792681e+03   1.0133632e+00
   5.8792923e+03   9.6495957e-01
   5.8793165e+03   9.9491546e-01
   5.8793408e+03   1.0435734e+00
   5.8793650e+03   9.7208202e-01
   5.8793892e+03   8.9924729e-01
   5.8794134e+03   1.0033821e+00
   5.8794377e+03   9.9386308e-01
   5.8794619e+03   9.7476121e-01
   5.8794861e+03   9.5694201e-01
   5.8795103e+03   9.7541732e-01
   5.8795346e+03   1.0038275e+00
   5.8795588e+03   8.9146280e-01
   5.8795830e+03   1.0338582e+00
   5.8796072e+03   1.0421116e+00
   5.8796314e+03   9.3483550e-01
   5.8796557e+03   9.5428449e-01
   5.8796799e+03   1.0124996e+00
   5.8797041e+03   9.4293878e-01
   5.8797283e+03   1.0113376e+00
   5.8797525e+03   1.0266947e+00
   5.8797767e+03   9.7509817e-01
   5.8798009e+03   1.0062683e+00
   5.8798251e+03   9.4256910e-01
   5.8798493e+03   1.0749320e+00
   5.8798735e+03   1.1456223e+00
   5.8798977e+03   1.0924750e+00
   5.8799219e+03   9.9518191e-01
   5.8799461e+03   9.1936531e-01
   5.8799703e+03   9.8175161e-01
   5.8799945e+03   1.0561067e+00
   5.8800187e+03   9.8629849e-01
   5.8800429e+03   1.0032558e+00
   5.8800671e+03   1.0072150e+00
   5.8800913e+03   9.5675882e-01
   5.8801155e+03   1.0078637e+00
   5.8801397e+03   1.0297483e+00
   5.8801639e+03   1.1294817e+00
   5.8801880e+03   1.0386129e+00
   5.8802122e+03   9.4695799e-01
   5.8802364e+03   1.0052333e+00
   5.8802606e+03   9.4242487e-01
   5.8802848e+03   9.6397771e-01
   5.8803089e+03   9.7898587e-01
   5.8803331e+03   1.0456496e+00
   5.8803573e+03   9.9060085e-01
   5.8803815e+03   1.0922298e+00
   5.8804056e+03   1.0119820e+00
   5.8804298e+03   9.7025877e-01
   5.8804540e+03   1.1185799e+00
   5.8804782e+03   1.0706121e+00
   5.8805023e+03   8.7246471e-01
   5.8805265e+03   1.0105817e+00
   5.8805506e+03   9.4120534e-01
   5.8805748e+03   9.8779957e-01
   5.8805990e+03   9.4087113e-01
   5.8806231e+03   1.0416085e+00
   5.8806473e+03   1.0695830e+00
   5.8806714e+03   1.0011042e+00
   5.8806956e+03   9.1207684e-01
   5.8807198e+03   1.0415718e+00
   5.8807439e+03   1.0744462e+00
   5.8807681e+03   9.5767009e-01
   5.8807922e+03   9.8678850e-01
   5.8808164e+03   9.2968614e-01
   5.8808405e+03   1.0296948e+00
   5.8808647e+03   1.0742981e+00
   5.8808888e+03   1.0200162e+00
   5.8809129e+03   1.0158374e+00
   5.8809371e+03   1.0155756e+00
   5.8809612e+03   1.0368648e+00
   5.8809854e+03   1.0290886e+00
   5.8810095e+03   9.2736851e-01
   5.8810336e+03   9.2778672e-01
   5.8810578e+03   1.0130072e+00
   5.8810819e+03   9.7520638e-01
   5.8811060e+03   9.9952941e-01
   5.8811302e+03   9.8207423e-01
   5.8811543e+03   1.0319363e+00
   5.8811784e+03   9.7884236e-01
   5.8812026e+03   9.9979692e-01
   5.8812267e+03   1.0266049e+00
   5.8812508e+03   1.0441844e+00
   5.8812749e+03   8.9016131e-01
   5.8812990e+03   1.0606696e+00
   5.8813232e+03   1.0395168e+00
   5.8813473e+03   9.4537459e-01
   5.8813714e+03   1.0015433e+00
   5.8813955e+03   9.7500564e-01
   5.8814196e+03   1.0268212e+00
   5.8814437e+03   9.9847538e-01
   5.8814679e+03   9.8756047e-01
   5.8814920e+03   9.9164851e-01
   5.8815161e+03   9.2409454e-01
   5.8815402e+03   1.0727487e+00
   5.8815643e+03   9.7650048e-01
   5.8815884e+03   1.0472457e+00
   5.8816125e+03   9.1504730e-01
   5.8816366e+03   1.0706954e+00
   5.8816607e+03   9.5148925e-01
   5.8816848e+03   9.4441739e-01
   5.8817089e+03   1.0022918e+00
   5.8817330e+03   9.9935560e-01
   5.8817571e+03   9.3963482e-01
   5.8817812e+03   1.0470660e+00
   5.8818053e+03   9.3407089e-01
   5.8818294e+03   1.1370032e+00
   5.8818535e+03   8.9983222e-01
   5.8818775e+03   8.9498036e-01
   5.8819016e+03   1.0541311e+00
   5.8819257e+03   9.5083214e-01
   5.8819498e+03   9.1768410e-01
   5.8819739e+03   9.6834863e-01
   5.8819980e+03   1.0352575e+00
   5.8820220e+03   1.1066684e+00
   5.8820461e+03   9.8734292e-01
   5.8820702e+03   9.2508960e-01
   5.8820943e+03   9.8855158e-01
   5.8821183e+03   1.1076131e+00
   5.8821424e+03   9.5443878e-01
   5.8821665e+03   8.9808068e-01
   5.8821906e+03   9.6810970e-01
   5.8822146e+03   9.9947762e-01
   5.8822387e+03   1.0010117e+00
   5.8822628e+03   9.7560021e-01
   5.8822868e+03   9.8892521e-01
   5.8823109e+03   9.2458397e-01
   5.8823349e+03   9.6840525e-01
   5.8823590e+03   9.9357978e-01
   5.8823831e+03   1.0317582e+00
   5.8824071e+03   1.0865443e+00
   5.8824312e+03   8.8855352e-01
   5.8824552e+03   9.3340158e-01
   5.8824793e+03   9.8667480e-01
   5.8825033e+03   1.0337319e+00
   5.8825274e+03   9.0268532e-01
   5.8825514e+03   8.7965115e-01
   5.8825755e+03   1.0118823e+00
   5.8825995e+03   1.1133933e+00
   5.8826236e+03   9.7619224e-01
   5.8826476e+03   1.0944362e+00
   5.8826717e+03   9.7417383e-01
   5.8826957e+03   9.3979748e-01
   5.8827197e+03   9.9961284e-01
   5.8827438e+03   1.0658538e+00
   5.8827678e+03   1.1153522e+00
   5.8827918e+03   9.4005199e-01
   5.8828159e+03   1.0600159e+00
   5.8828399e+03   9.7450930e-01
   5.8828639e+03   9.8257227e-01
   5.8828880e+03   1.0926213e+00
   5.8829120e+03   9.1657059e-01
   5.8829360e+03   8.7262390e-01
   5.8829600e+03   9.9607463e-01
   5.8829841e+03   1.0205079e+00
   5.8830081e+03   8.9166999e-01
   5.8830321e+03   1.1174382e+00
   5.8830561e+03   1.0527271e+00
   5.8830801e+03   1.0775106e+00
   5.8831042e+03   1.0019304e+00
   5.8831282e+03   1.0609316e+00
   5.8831522e+03   9.8895422e-01
   5.8831762e+03   1.0142623e+00
   5.8832002e+03   1.0796899e+00
   5.8832242e+03   1.0369237e+00
   5.8832482e+03   1.0599920e+00
   5.8832722e+03   9.5061026e-01
   5.8832962e+03   1.0962568e+00
   5.8833202e+03   7.6312042e-01
   5.8833443e+03   1.0006732e+00
   5.8833683e+03   1.0471449e+00
   5.8833923e+03   1.0300735e+00
   5.8834163e+03   8.9585789e-01
   5.8834402e+03   9.3898193e-01
   5.8834642e+03   9.9289242e-01
   5.8834882e+03   1.0287365e+00
   5.8835122e+03   1.0783633e+00
   5.8835362e+03   1.0665787e+00
   5.8835602e+03   1.0381333e+00
   5.8835842e+03   1.1386093e+00
   5.8836082e+03   9.5370215e-01
   5.8836322e+03   1.1004479e+00
   5.8836562e+03   9.7070879e-01
   5.8836801e+03   1.0307562e+00
   5.8837041e+03   1.0579948e+00
   5.8837281e+03   1.0519119e+00
   5.8837521e+03   1.0279942e+00
   5.8837761e+03   9.5552284e-01
   5.8838000e+03   9.6752316e-01
   5.8838240e+03   9.9418311e-01
   5.8838480e+03   9.1915754e-01
   5.8838719e+03   9.2319334e-01
   5.8838959e+03   9.3227832e-01
   5.8839199e+03   9.3845866e-01
   5.8839439e+03   9.2234833e-01
   5.8839678e+03   8.8780990e-01
   5.8839918e+03   1.0361018e+00
   5.8840157e+03   9.8362230e-01
   5.8840397e+03   9.4222121e-01
   5.8840637e+03   1.0259691e+00
   5.8840876e+03   9.8902003e-01
   5.8841116e+03   9.9149662e-01
   5.8841355e+03   1.0357234e+00
   5.8841595e+03   1.0200187e+00
   5.8841835e+03   1.1342862e+00
   5.8842074e+03   1.0126746e+00
   5.8842314e+03   1.0030594e+00
   5.8842553e+03   1.0504553e+00
   5.8842793e+03   1.0625119e+00
   5.8843032e+03   9.3057208e-01
   5.8843271e+03   1.0407149e+00
   5.8843511e+03   1.0694789e+00
   5.8843750e+03   1.0058863e+00
   5.8843990e+03   1.1220588e+00
   5.8844229e+03   9.4716252e-01
   5.8844468e+03   8.9327751e-01
   5.8844708e+03   9.6899679e-01
   5.8844947e+03   9.8165809e-01
   5.8845186e+03   8.9409406e-01
   5.8845426e+03   1.0918494e+00
   5.8845665e+03   9.6483655e-01
   5.8845904e+03   8.9343768e-01
   5.8846144e+03   1.0030226e+00
   5.8846383e+03   1.0009048e+00
   5.8846622e+03   1.0505281e+00
   5.8846861e+03   9.7422314e-01
   5.8847101e+03   1.0495231e+00
   5.8847340e+03   1.0702528e+00
   5.8847579e+03   1.0095262e+00
   5.8847818e+03   8.9611913e-01
   5.8848057e+03   1.0727934e+00
   5.8848297e+03   9.1557413e-01
   5.8848536e+03   1.0428798e+00
   5.8848775e+03   9.8775814e-01
   5.8849014e+03   9.6521429e-01
   5.8849253e+03   1.1407809e+00
   5.8849492e+03   1.0002444e+00
   5.8849731e+03   9.8071492e-01
   5.8849970e+03   9.5252728e-01
   5.8850209e+03   1.0707663e+00
   5.8850448e+03   1.0009585e+00
   5.8850687e+03   1.1232033e+00
   5.8850926e+03   1.0105051e+00
   5.8851165e+03   9.5860422e-01
   5.8851404e+03   1.0431275e+00
   5.8851643e+03   9.4493450e-01
   5.8851882e+03   1.0882083e+00
   5.8852121e+03   1.0002334e+00
   5.8852360e+03   1.0060741e+00
   5.8852599e+03   1.0402388e+00
   5.8852838e+03   8.2405850e-01
   5.8853077e+03   9.9389068e-01
   5.8853315e+03   9.3766354e-01
   5.8853554e+03   9.2690595e-01
   5.8853793e+03   9.9022030e-01
   5.8854032e+03   1.0067693e+00
   5.8854271e+03   1.0118469e+00
   5.8854510e+03   1.0427280e+00
   5.8854748e+03   9.9094374e-01
   5.8854987e+03   1.0465841e+00
   5.8855226e+03   9.7855967e-01
   5.8855464e+03   1.0051016e+00
   5.8855703e+03   8.7961995e-01
   5.8855942e+03   9.9902881e-01
   5.8856181e+03   9.6358107e-01
   5.8856419e+03   9.4435967e-01
   5.8856658e+03   9.5235136e-01
   5.8856897e+03   9.9135967e-01
   5.8857135e+03   1.0026346e+00
   5.8857374e+03   1.0740311e+00
   5.8857612e+03   9.5535328e-01
   5.8857851e+03   1.0403678e+00
   5.8858090e+03   1.0086651e+00
   5.8858328e+03   1.0665770e+00
   5.8858567e+03   1.0855542e+00
   5.8858805e+03   1.0217781e+00
   5.8859044e+03   1.0736492e+00
   5.8859282e+03   1.0702503e+00
   5.8859521e+03   1.0728201e+00
   5.8859759e+03   1.0950754e+00
   5.8859998e+03   1.0326874e+00
   5.8860236e+03   1.0236970e+00
   5.8860474e+03   1.1289634e+00
   5.8860713e+03   9.3640020e-01
   5.8860951e+03   9.8566214e-01
   5.8861190e+03   1.0666768e+00
   5.8861428e+03   9.7288680e-01
   5.8861666e+03   1.1145107e+00
   5.8861905e+03   1.0128613e+00
   5.8862143e+03   1.2002460e+00
   5.8862381e+03   1.0570495e+00
   5.8862620e+03   1.0510556e+00
   5.8862858e+03   1.1260785e+00
   5.8863096e+03   9.5112512e-01
   5.8863334e+03   9.2533551e-01
   5.8863573e+03   1.0329798e+00
   5.8863811e+03   1.0467354e+00
   5.8864049e+03   1.0191418e+00
   5.8864287e+03   1.0434059e+00
   5.8864526e+03   1.0204555e+00
   5.8864764e+03   1.0639861e+00
   5.8865002e+03   9.8475347e-01
   5.8865240e+03   1.0016644e+00
   5.8865478e+03   1.0425916e+00
   5.8865716e+03   1.1157072e+00
   5.8865954e+03   8.7930588e-01
   5.8866192e+03   9.8920407e-01
   5.8866431e+03   1.0107957e+00
   5.8866669e+03   1.0423429e+00
   5.8866907e+03   1.0698030e+00
   5.8867145e+03   1.1214129e+00
   5.8867383e+03   1.1287222e+00
   5.8867621e+03   1.1051389e+00
   5.8867859e+03   1.0721953e+00
   5.8868097e+03   9.5009741e-01
   5.8868335e+03   1.1338710e+00
   5.8868573e+03   8.7352976e-01
   5.8868810e+03   9.9042198e-01
   5.8869048e+03   7.8353174e-01
   5.8869286e+03   1.0039902e+00
   5.8869524e+03   9.9201712e-01
   5.8869762e+03   9.2892217e-01
   5.8870000e+03   1.0207690e+00
   5.8870238e+03   9.4509384e-01
   5.8870476e+03   1.0097226e+00
   5.8870713e+03   1.0531910e+00
   5.8870951e+03   9.7914065e-01
   5.8871189e+03   9.5494296e-01
   5.8871427e+03   1.0368682e+00
   5.8871664e+03   1.0315031e+00
   5.8871902e+03   9.6126913e-01
   5.8872140e+03   9.8839655e-01
   5.8872378e+03   8.4538396e-01
   5.8872615e+03   1.1351561e+00
   5.8872853e+03   1.0683670e+00
   5.8873091e+03   9.6234390e-01
   5.8873328e+03   1.0690415e+00
   5.8873566e+03   1.0912283e+00
   5.8873804e+03   9.6313762e-01
   5.8874041e+03   9.3610623e-01
   5.8874279e+03   1.0637514e+00
   5.8874516e+03   9.2520223e-01
   5.8874754e+03   9.7654873e-01
   5.8874992e+03   9.6475220e-01
   5.8875229e+03   1.0362656e+00
   5.8875467e+03   9.0937183e-01
   5.8875704e+03   9.5934881e-01
   5.8875942e+03   9.1722408e-01
   5.8876179e+03   1.0002759e+00
   5.8876417e+03   1.0565385e+00
   5.8876654e+03   9.9904584e-01
   5.8876891e+03   9.9449798e-01
   5.8877129e+03   8.3881073e-01
   5.8877366e+03   9.7399616e-01
   5.8877604e+03   9.2033863e-01
   5.8877841e+03   9.8251296e-01
   5.8878078e+03   1.0077124e+00
   5.8878316e+03   9.7069363e-01
   5.8878553e+03   1.0245341e+00
   5.8878791e+03   1.0638617e+00
   5.8879028e+03   9.5910761e-01
   5.8879265e+03   1.0207944e+00
   5.8879502e+03   9.1510046e-01
   5.8879740e+03   1.0302243e+00
   5.8879977e+03   9.9807033e-01
   5.8880214e+03   1.0287233e+00
   5.8880451e+03   1.0078284e+00
   5.8880689e+03   1.0482620e+00
   5.8880926e+03   1.0272048e+00
   5.8881163e+03   9.1492093e-01
   5.8881400e+03   9.5796642e-01
   5.8881637e+03   9.9882538e-01
   5.8881874e+03   9.8816823e-01
   5.8882112e+03   8.4970909e-01
   5.8882349e+03   1.0289484e+00
   5.8882586e+03   1.0574910e+00
   5.8882823e+03   9.9497304e-01
   5.8883060e+03   1.0214861e+00
   5.8883297e+03   1.0055092e+00
   5.8883534e+03   9.5331841e-01
   5.8883771e+03   9.8816531e-01
   5.8884008e+03   9.3691497e-01
   5.8884245e+03   9.5506230e-01
   5.8884482e+03   9.7567773e-01
   5.8884719e+03   1.0701391e+00
   5.8884956e+03   1.0636589e+00
   5.8885193e+03   1.0434965e+00
   5.8885430e+03   9.7130367e-01
   5.8885667e+03   8.6673367e-01
   5.8885904e+03   9.7375516e-01
   5.8886141e+03   9.2777270e-01
   5.8886377e+03   1.0570178e+00
   5.8886614e+03   8.6852380e-01
   5.8886851e+03   8.9350666e-01
   5.8887088e+03   9.4237107e-01
   5.8887325e+03   8.8962734e-01
   5.8887562e+03   9.9402950e-01
   5.8887798e+03   1.0447888e+00
   5.8888035e+03   1.0825634e+00
   5.8888272e+03   9.9971538e-01
   5.8888509e+03   9.5547763e-01
   5.8888745e+03   1.0785084e+00
   5.8888982e+03   9.5319920e-01
   5.8889219e+03   9.9054749e-01
   5.8889455e+03   9.7170010e-01
   5.8889692e+03   7.7526546e-01
   5.8889929e+03   1.0509513e+00
   5.8890165e+03   1.0272378e+00
   5.8890402e+03   9.5896164e-01
   5.8890639e+03   9.3517586e-01
   5.8890875e+03   9.4564500e-01
   5.8891112e+03   9.6238999e-01
   5.8891348e+03   9.4540211e-01
   5.8891585e+03   1.0005870e+00
   5.8891821e+03   1.0732401e+00
   5.8892058e+03   1.0968830e+00
   5.8892294e+03   1.0523860e+00
   5.8892531e+03   1.0757464e+00
   5.8892767e+03   9.6717347e-01
   5.8893004e+03   1.0662977e+00
   5.8893240e+03   1.0304866e+00
   5.8893477e+03   1.0569220e+00
   5.8893713e+03   9.8077359e-01
   5.8893950e+03   1.0226832e+00
   5.8894186e+03   1.0329009e+00
   5.8894422e+03   9.1967407e-01
   5.8894659e+03   1.0890398e+00
   5.8894895e+03   9.1118640e-01
   5.8895131e+03   9.7651062e-01
   5.8895368e+03   9.6240400e-01
   5.8895604e+03   1.0098382e+00
   5.8895840e+03   1.1318363e+00
   5.8896077e+03   9.9408159e-01
   5.8896313e+03   9.7868720e-01
   5.8896549e+03   1.0491175e+00
   5.8896785e+03   1.0725025e+00
   5.8897021e+03   1.0285582e+00
   5.8897258e+03   9.6394191e-01
   5.8897494e+03   9.6830339e-01
   5.8897730e+03   9.9357678e-01
   5.8897966e+03   1.0128830e+00
   5.8898202e+03   9.6963440e-01
   5.8898438e+03   9.1306534e-01
   5.8898675e+03   9.6674257e-01
   5.8898911e+03   1.0105297e+00
   5.8899147e+03   9.8491646e-01
   5.8899383e+03   9.6028094e-01
   5.8899619e+03   8.9566993e-01
   5.8899855e+03   9.0373640e-01
   5.8900091e+03   9.9389805e-01
   5.8900327e+03   9.6250070e-01
   5.8900563e+03   9.6144431e-01
   5.8900799e+03   1.0648348e+00
   5.8901035e+03   8.7729206e-01
   5.8901271e+03   9.2725885e-01
   5.8901507e+03   1.0416048e+00
   5.8901743e+03   1.0754329e+00
   5.8901979e+03   9.4032965e-01
   5.8902215e+03   9.7614371e-01
   5.8902450e+03   9.6843245e-01
   5.8902686e+03   1.1006939e+00
   5.8902922e+03   9.0732889e-01
   5.8903158e+03   1.0827677e+00
   5.8903394e+03   8.7742262e-01
   5.8903630e+03   9.9620110e-01
   5.8903866e+03   8.7973227e-01
   5.8904101e+03   9.6941477e-01
   5.8904337e+03   8.8430488e-01
   5.8904573e+03   1.0219813e+00
   5.8904809e+03   8.9170757e-01
   5.8905044e+03   8.2162668e-01
   5.8905280e+03   7.1662246e-01
   5.8905516e+03   5.5405747e-01
   5.8905751e+03   5.0860139e-01
   5.8905987e+03   3.6223036e-01
   5.8906223e+03   3.0080390e-01
   5.8906458e+03   2.8662320e-01
   5.8906694e+03   4.8162718e-01
   5.8906930e+03   6.5232024e-01
   5.8907165e+03   7.1481681e-01
   5.8907401e+03   9.2640557e-01
   5.8907636e+03   9.1730589e-01
   5.8907872e+03   8.2666747e-01
   5.8908107e+03   9.0268352e-01
   5.8908343e+03   8.2615597e-01
   5.8908578e+03   8.9710139e-01
   5.8908814e+03   9.9402348e-01
   5.8909049e+03   8.6389975e-01
   5.8909285e+03   9.6954251e-01
   5.8909520e+03   9.8153877e-01
   5.8909756e+03   8.8323970e-01
   5.8909991e+03   8.8492571e-01
   5.8910227e+03   9.2075070e-01
   5.8910462e+03   8.2594883e-01
   5.8910697e+03   8.5244533e-01
   5.8910933e+03   7.3472008e-01
   5.8911168e+03   6.3556448e-01
   5.8911403e+03   7.1178025e-01
   5.8911639e+03   6.6578373e-01
   5.8911874e+03   4.9118345e-01
   5.8912109e+03   4.2704103e-01
   5.8912345e+03   4.5281175e-01
   5.8912580e+03   6.1491097e-01
   5.8912815e+03   7.2077310e-01
   5.8913050e+03   8.8747671e-01
   5.8913286e+03   9.2433330e-01
   5.8913521e+03   9.8693493e-01
   5.8913756e+03   1.2593806e+00
   5.8913991e+03   8.7254868e-01
   5.8914226e+03   9.6915988e-01
   5.8914461e+03   9.8050183e-01
   5.8914697e+03   7.7079889e-01
   5.8914932e+03   9.1839365e-01
   5.8915167e+03   8.3971400e-01
   5.8915402e+03   8.7058465e-01
   5.8915637e+03   8.5584357e-01
   5.8915872e+03   8.5318527e-01
   5.8916107e+03   8.9909339e-01
   5.8916342e+03   9.7237778e-01
   5.8916577e+03   9.4443730e-01
   5.8916812e+03   1.0859247e+00
   5.8917047e+03   9.7911195e-01
   5.8917282e+03   1.0223643e+00
   5.8917517e+03   1.0358448e+00
   5.8917752e+03   9.4072547e-01
   5.8917987e+03   9.9265728e-01
   5.8918222e+03   9.7030838e-01
   5.8918457e+03   9.5203091e-01
   5.8918692e+03   1.0409570e+00
   5.8918926e+03   1.0632127e+00
   5.8919161e+03   1.0614570e+00
   5.8919396e+03   1.0954463e+00
   5.8919631e+03   1.0875921e+00
   5.8919866e+03   1.0846244e+00
   5.8920100e+03   1.1006708e+00
   5.8920335e+03   1.0019988e+00
   5.8920570e+03   1.0253678e+00
   5.8920805e+03   1.1452855e+00
   5.8921040e+03   9.1329822e-01
   5.8921274e+03   1.0911628e+00
   5.8921509e+03   9.2079723e-01
   5.8921744e+03   9.8383842e-01
   5.8921978e+03   1.1438422e+00
   5.8922213e+03   1.0134422e+00
   5.8922448e+03   9.3201617e-01
   5.8922682e+03   1.1038529e+00
   5.8922917e+03   1.1881884e+00
   5.8923152e+03   1.1216563e+00
   5.8923386e+03   9.5679207e-01
   5.8923621e+03   1.0089912e+00
   5.8923855e+03   1.0721859e+00
   5.8924090e+03   1.2038151e+00
   5.8924324e+03   1.0278853e+00
   5.8924559e+03   9.9037000e-01
   5.8924793e+03   1.0939850e+00
   5.8925028e+03   9.7186554e-01
   5.8925262e+03   9.5764711e-01
   5.8925497e+03   9.3422407e-01
   5.8925731e+03   9.5418598e-01
   5.8925966e+03   9.3255488e-01
   5.8926200e+03   1.0777091e+00
   5.8926434e+03   1.0822171e+00
   5.8926669e+03   9.7717549e-01
   5.8926903e+03   9.7211903e-01
   5.8927138e+03   1.0940974e+00
   5.8927372e+03   9.9822829e-01
   5.8927606e+03   1.0194856e+00
   5.8927841e+03   1.0778746e+00
   5.8928075e+03   9.5589296e-01
   5.8928309e+03   9.5465557e-01
   5.8928543e+03   1.0165534e+00
   5.8928778e+03   9.4687984e-01
   5.8929012e+03   9.9499763e-01
   5.8929246e+03   1.1069018e+00
   5.8929480e+03   1.0875491e+00
   5.8929715e+03   9.6494790e-01
   5.8929949e+03   9.5179110e-01
   5.8930183e+03   1.0727077e+00
   5.8930417e+03   9.4689486e-01
   5.8930651e+03   1.0383051e+00
   5.8930885e+03   8.4956292e-01
   5.8931119e+03   1.1182870e+00
   5.8931354e+03   9.6182891e-01
   5.8931588e+03   1.0746838e+00
   5.8931822e+03   1.1095249e+00
   5.8932056e+03   8.9875257e-01
   5.8932290e+03   9.2717506e-01
   5.8932524e+03   1.0886856e+00
   5.8932758e+03   1.0315517e+00
   5.8932992e+03   9.5866021e-01
   5.8933226e+03   1.0470060e+00
   5.8933460e+03   9.5028408e-01
   5.8933694e+03   9.2020010e-01
   5.8933928e+03   1.1096288e+00
   5.8934161e+03   9.7534424e-01
   5.8934395e+03   1.0882432e+00
   5.8934629e+03   1.0433979e+00
   5.8934863e+03   1.0300822e+00
   5.8935097e+03   1.0386494e+00
   5.8935331e+03   1.1049812e+00
   5.8935565e+03   8.7654517e-01
   5.8935799e+03   1.0625534e+00
   5.8936032e+03   1.0172957e+00
   5.8936266e+03   1.0047329e+00
   5.8936500e+03   8.6086703e-01
   5.8936734e+03   1.0078965e+00
   5.8936967e+03   9.9262275e-01
   5.8937201e+03   8.7186753e-01
   5.8937435e+03   1.1325364e+00
   5.8937669e+03   1.0156055e+00
   5.8937902e+03   9.9111988e-01
   5.8938136e+03   1.0174021e+00
   5.8938370e+03   1.1011055e+00
   5.8938603e+03   9.6666469e-01
   5.8938837e+03   9.0951937e-01
   5.8939070e+03   1.0103366e+00
   5.8939304e+03   9.2736142e-01
   5.8939538e+03   8.6491395e-01
   5.8939771e+03   9.7891412e-01
   5.8940005e+03   1.1016284e+00
   5.8940238e+03   9.6874308e-01
   5.8940472e+03   9.5760275e-01
   5.8940705e+03   1.1255715e+00
   5.8940939e+03   9.3491524e-01
   5.8941172e+03   9.8704600e-01
   5.8941406e+03   1.0620854e+00
   5.8941639e+03   1.0495376e+00
   5.8941873e+03   1.1444750e+00
   5.8942106e+03   1.0503514e+00
   5.8942339e+03   9.3198932e-01
   5.8942573e+03   9.8460197e-01
   5.8942806e+03   9.4070084e-01
   5.8943040e+03   1.0944126e+00
   5.8943273e+03   1.0349778e+00
   5.8943506e+03   9.9010743e-01
   5.8943740e+03   1.0702583e+00
   5.8943973e+03   8.6277283e-01
   5.8944206e+03   8.8033314e-01
   5.8944439e+03   1.0006143e+00
   5.8944673e+03   1.1195610e+00
   5.8944906e+03   1.1396124e+00
   5.8945139e+03   9.5412570e-01
   5.8945372e+03   9.4821460e-01
   5.8945606e+03   9.8530370e-01
   5.8945839e+03   9.6099594e-01
   5.8946072e+03   9.2222196e-01
   5.8946305e+03   9.6052544e-01
   5.8946538e+03   1.0721598e+00
   5.8946771e+03   1.2565924e+00
   5.8947004e+03   8.8104485e-01
   5.8947238e+03   1.1217928e+00
   5.8947471e+03   1.0152067e+00
   5.8947704e+03   9.9829433e-01
   5.8947937e+03   1.0982984e+00
   5.8948170e+03   9.3095306e-01
   5.8948403e+03   1.0751279e+00
   5.8948636e+03   9.2641977e-01
   5.8948869e+03   9.5145534e-01
   5.8949102e+03   1.0176300e+00
   5.8949335e+03   9.3504600e-01
   5.8949568e+03   1.0516685e+00
   5.8949801e+03   8.9763240e-01
   5.8950034e+03   9.8873202e-01
   5.8950267e+03   1.0737422e+00
   5.8950499e+03   1.0740367e+00
   5.8950732e+03   9.5550375e-01
   5.8950965e+03   9.9147088e-01
   5.8951198e+03   9.8838952e-01
   5.8951431e+03   9.0905168e-01
   5.8951664e+03   8.6142460e-01
   5.8951896e+03   1.1419738e+00
   5.8952129e+03   1.1311968e+00
   5.8952362e+03   1.1592587e+00
   5.8952595e+03   1.0863337e+00
   5.8952828e+03   9.4046970e-01
   5.8953060e+03   9.7474834e-01
   5.8953293e+03   1.0543873e+00
   5.8953526e+03   9.8532885e-01
   5.8953758e+03   9.3352893e-01
   5.8953991e+03   8.7734785e-01
   5.8954224e+03   1.1031006e+00
   5.8954456e+03   1.1177640e+00
   5.8954689e+03   9.5525465e-01
   5.8954922e+03   1.0383342e+00
   5.8955154e+03   9.9442966e-01
   5.8955387e+03   1.0301475e+00
   5.8955619e+03   1.0710224e+00
   5.8955852e+03   1.0870536e+00
   5.8956084e+03   9.7921349e-01
   5.8956317e+03   9.7709336e-01
   5.8956549e+03   8.4454704e-01
   5.8956782e+03   9.3788207e-01
   5.8957014e+03   1.0044269e+00
   5.8957247e+03   1.0115184e+00
   5.8957479e+03   1.0860757e+00
   5.8957712e+03   1.0555000e+00
   5.8957944e+03   8.8576444e-01
   5.8958177e+03   1.1876621e+00
   5.8958409e+03   1.0695567e+00
   5.8958641e+03   1.1133914e+00
   5.8958874e+03   9.6380189e-01
   5.8959106e+03   1.1089949e+00
   5.8959338e+03   9.1834946e-01
   5.8959571e+03   1.0233931e+00
   5.8959803e+03   1.0740608e+00
   5.8960035e+03   1.1482199e+00
   5.8960268e+03   9.2367185e-01
   5.8960500e+03   1.0603249e+00
   5.8960732e+03   8.8486667e-01
   5.8960964e+03   9.6430928e-01
   5.8961197e+03   1.0185822e+00
   5.8961429e+03   1.0176736e+00
   5.8961661e+03   9.9405782e-01
   5.8961893e+03   1.0340501e+00
   5.8962125e+03   9.5750416e-01
   5.8962357e+03   1.0457184e+00
   5.8962590e+03   9.4291774e-01
   5.8962822e+03   1.0790759e+00
   5.8963054e+03   9.4606653e-01
   5.8963286e+03   1.1441565e+00
   5.8963518e+03   1.0282571e+00
   5.8963750e+03   9.3693492e-01
   5.8963982e+03   1.0366943e+00
   5.8964214e+03   9.1555300e-01
   5.8964446e+03   1.0020253e+00
   5.8964678e+03   1.0320429e+00
   5.8964910e+03   9.6273799e-01
   5.8965142e+03   7.0554245e-01
   5.8965374e+03   7.1282583e-01
   5.8965606e+03   5.7630312e-01
   5.8965838e+03   5.7049761e-01
   5.8966070e+03   5.0483071e-01
   5.8966302e+03   5.9239893e-01
   5.8966533e+03   7.5846100e-01
   5.8966765e+03   8.1511173e-01
   5.8966997e+03   9.3826382e-01
   5.8967229e+03   9.3930184e-01
   5.8967461e+03   8.9749344e-01
   5.8967693e+03   8.3677061e-01
   5.8967924e+03   9.0289046e-01
   5.8968156e+03   1.0437482e+00
   5.8968388e+03   1.0865824e+00
   5.8968620e+03   9.8842555e-01
   5.8968851e+03   9.0210815e-01
   5.8969083e+03   1.0185473e+00
   5.8969315e+03   8.8499623e-01
   5.8969546e+03   8.3418073e-01
   5.8969778e+03   1.0187281e+00
   5.8970010e+03   7.2757681e-01
   5.8970241e+03   8.9269636e-01
   5.8970473e+03   6.9853737e-01
   5.8970705e+03   8.2868897e-01
   5.8970936e+03   8.5896995e-01
   5.8971168e+03   8.3889102e-01
   5.8971399e+03   7.9993721e-01
   5.8971631e+03   6.9871141e-01
   5.8971863e+03   6.9369135e-01
   5.8972094e+03   6.8357126e-01
   5.8972326e+03   7.5757619e-01
   5.8972557e+03   8.2402797e-01
   5.8972789e+03   7.8577902e-01
   5.8973020e+03   8.0289096e-01
   5.8973251e+03   1.0750767e+00
   5.8973483e+03   9.7630165e-01
   5.8973714e+03   1.1164393e+00
   5.8973946e+03   9.0509975e-01
   5.8974177e+03   1.1015061e+00
   5.8974408e+03   1.0605296e+00
   5.8974640e+03   8.5531735e-01
   5.8974871e+03   1.0427058e+00
   5.8975102e+03   8.8695881e-01
   5.8975334e+03   9.9306879e-01
   5.8975565e+03   9.8933547e-01
   5.8975796e+03   9.0621348e-01
   5.8976028e+03   9.1796255e-01
   5.8976259e+03   1.0340116e+00
   5.8976490e+03   1.0512919e+00
   5.8976721e+03   1.0016359e+00
   5.8976953e+03   1.0414529e+00
   5.8977184e+03   9.6092194e-01
   5.8977415e+03   8.6941059e-01
   5.8977646e+03   1.0511528e+00
   5.8977877e+03   9.7405297e-01
   5.8978108e+03   9.5259070e-01
   5.8978340e+03   1.1139064e+00
   5.8978571e+03   9.7420621e-01
   5.8978802e+03   1.0460877e+00
   5.8979033e+03   9.9798919e-01
   5.8979264e+03   8.8379980e-01
   5.8979495e+03   1.0171442e+00
   5.8979726e+03   1.0062999e+00
   5.8979957e+03   1.0323138e+00
   5.8980188e+03   9.3302044e-01
   5.8980419e+03   9.3425586e-01
   5.8980650e+03   9.7696449e-01
   5.8980881e+03   1.0618795e+00
   5.8981112e+03   1.0934869e+00
   5.8981343e+03   1.0545739e+00
   5.8981574e+03   1.0207504e+00
   5.8981805e+03   1.0290449e+00
   5.8982036e+03   1.0468941e+00
   5.8982266e+03   1.0198249e+00
   5.8982497e+03   9.4946298e-01
   5.8982728e+03   9.9127529e-01
   5.8982959e+03   8.8786994e-01
   5.8983190e+03   1.1037464e+00
   5.8983421e+03   1.0696683e+00
   5.8983651e+03   1.0352977e+00
   5.8983882e+03   8.9918953e-01
   5.8983940e+03   1.0481279e+00
   5.8984217e+03   8.6575575e-01
   5.8984494e+03   8.9466252e-01
   5.8984771e+03   1.0011956e+00
   5.8985048e+03   1.0694787e+00
   5.8985325e+03   1.1066288e+00
   5.8985601e+03   1.0326140e+00
   5.8985878e+03   9.4494809e-01
   5.8986155e+03   8.6830095e-01
   5.8986432e+03   9.6799517e-01
   5.8986709e+03   1.0237439e+00
   5.8986985e+03   1.0460402e+00
   5.8987262e+03   9.7227471e-01
   5.8987539e+03   9.8475204e-01
   5.8987816e+03   9.5430468e-01
   5.8988093e+03   9.5046135e-01
   5.8988369e+03   1.0218002e+00
   5.8988646e+03   9.5317452e-01
   5.8988923e+03   8.8988292e-01
   5.8989200e+03   1.0487972e+00
   5.8989476e+03   8.2900182e-01
   5.8989753e+03   1.0623612e+00
   5.8990030e+03   1.0166330e+00
   5.8990306e+03   1.0242017e+00
   5.8990583e+03   9.2380829e-01
   5.8990860e+03   1.0013119e+00
   5.8991137e+03   1.0165050e+00
   5.8991413e+03   9.5460980e-01
   5.8991690e+03   9.5775612e-01
   5.8991967e+03   9.9420556e-01
   5.8992243e+03   9.2885328e-01
   5.8992520e+03   1.0189327e+00
   5.8992797e+03   1.0304445e+00
   5.8993073e+03   1.1009703e+00
   5.8993350e+03   1.0306083e+00
   5.8993627e+03   1.0072243e+00
   5.8993903e+03   1.0224307e+00
   5.8994180e+03   1.1052369e+00
   5.8994457e+03   8.8193671e-01
   5.8994733e+03   1.0069223e+00
   5.8995010e+03   1.0202018e+00
   5.8995287e+03   8.7080587e-01
   5.8995563e+03   1.0043224e+00
   5.8995840e+03   9.4128657e-01
   5.8996116e+03   1.0047139e+00
   5.8996393e+03   9.2743825e-01
   5.8996670e+03   1.0539666e+00
   5.8996946e+03   1.0715155e+00
   5.8997223e+03   8.8548095e-01
   5.8997499e+03   9.9580142e-01
   5.8997776e+03   1.1066881e+00
   5.8998052e+03   1.0212458e+00
   5.8998329e+03   9.3825791e-01
   5.8998605e+03   9.7640102e-01
   5.8998882e+03   1.0067114e+00
   5.8999159e+03   9.3969903e-01
   5.8999435e+03   1.0401515e+00
   5.8999712e+03   1.0762908e+00
   5.8999988e+03   9.3260122e-01
   5.9000265e+03   8.9481185e-01
   5.9000541e+03   9.8659145e-01
   5.9000818e+03   1.0072041e+00
   5.9001094e+03   1.0170637e+00
   5.9001371e+03   1.0358769e+00
   5.9001647e+03   9.3911446e-01
   5.9001924e+03   1.0006333e+00
   5.9002200e+03   9.6203451e-01
   5.9002477e+03   1.0526834e+00
   5.9002753e+03   1.1021317e+00
   5.9003029e+03   1.0788569e+00
   5.9003306e+03   1.0098273e+00
   5.9003582e+03   1.0138585e+00
   5.9003859e+03   1.0137195e+00
   5.9004135e+03   9.6366837e-01
   5.9004412e+03   8.7580687e-01
   5.9004688e+03   9.5788551e-01
   5.9004964e+03   1.0467882e+00
   5.9005241e+03   9.7898301e-01
   5.9005517e+03   9.4316571e-01
   5.9005794e+03   9.0099200e-01
   5.9006070e+03   1.0153930e+00
   5.9006346e+03   9.9347098e-01
   5.9006623e+03   9.3282540e-01
   5.9006899e+03   9.7282468e-01
   5.9007176e+03   1.0715310e+00
   5.9007452e+03   1.0518764e+00
   5.9007728e+03   8.5339642e-01
   5.9008005e+03   1.0232666e+00
   5.9008281e+03   9.5723405e-01
   5.9008557e+03   1.0300595e+00
   5.9008834e+03   9.9623133e-01
   5.9009110e+03   1.0340413e+00
   5.9009386e+03   1.1612851e+00
   5.9009663e+03   9.9051111e-01
   5.9009939e+03   1.0239959e+00
   5.9010215e+03   1.0295025e+00
   5.9010491e+03   9.3660454e-01
   5.9010768e+03   9.7742286e-01
   5.9011044e+03   1.0574671e+00
   5.9011320e+03   9.9851699e-01
   5.9011597e+03   9.8065342e-01
   5.9011873e+03   9.0298782e-01
   5.9012149e+03   9.6281960e-01
   5.9012425e+03   1.1208021e+00
   5.9012702e+03   9.1489335e-01
   5.9012978e+03   9.9104511e-01
   5.9013254e+03   9.1176529e-01
   5.9013530e+03   9.9932314e-01
   5.9013806e+03   1.0155841e+00
   5.9014083e+03   9.7014326e-01
   5.9014359e+03   1.0022655e+00
   5.9014635e+03   9.0530683e-01
   5.9014911e+03   9.6480579e-01
   5.9015188e+03   9.0823295e-01
   5.9015464e+03   9.8123727e-01
   5.9015740e+03   1.0140959e+00
   5.9016016e+03   1.0002224e+00
   5.9016292e+03   1.1151155e+00
   5.9016568e+03   9.3155739e-01
   5.9016845e+03   9.7967851e-01
   5.9017121e+03   9.9063556e-01
   5.9017397e+03   1.0543817e+00
   5.9017673e+03   9.3124982e-01
   5.9017949e+03   1.0725964e+00
   5.9018225e+03   9.8356719e-01
   5.9018501e+03   9.2427445e-01
   5.9018777e+03   9.7747769e-01
   5.9019053e+03   1.0199850e+00
   5.9019330e+03   9.4065031e-01
   5.9019606e+03   1.0013076e+00
   5.9019882e+03   8.8519041e-01
   5.9020158e+03   1.2074066e+00
   5.9020434e+03   1.0023617e+00
   5.9020710e+03   1.0051491e+00
   5.9020986e+03   1.1606656e+00
   5.9021262e+03   1.1444671e+00
   5.9021538e+03   1.0255474e+00
   5.9021814e+03   9.4358979e-01
   5.9022090e+03   9.6278857e-01
   5.9022366e+03   9.0794089e-01
   5.9022642e+03   1.0128601e+00
   5.9022918e+03   1.0120376e+00
   5.9023194e+03   1.0438168e+00
   5.9023470e+03   9.6276023e-01
   5.9023746e+03   1.0343030e+00
   5.9024022e+03   1.0390383e+00
   5.9024298e+03   9.3801090e-01
   5.9024574e+03   1.0229436e+00
   5.9024850e+03   1.0092432e+00
   5.9025126e+03   1.0933445e+00
   5.9025402e+03   1.0222356e+00
   5.9025678e+03   1.0144042e+00
   5.9025954e+03   1.1229774e+00
   5.9026230e+03   1.1184260e+00
   5.9026506e+03   1.0125656e+00
   5.9026782e+03   9.0254621e-01
   5.9027058e+03   1.0382966e+00
   5.9027334e+03   1.1038129e+00
   5.9027610e+03   1.0516552e+00
   5.9027886e+03   9.6181837e-01
   5.9028161e+03   8.8102467e-01
   5.9028437e+03   9.4389020e-01
   5.9028713e+03   1.0239402e+00
   5.9028989e+03   8.8256809e-01
   5.9029265e+03   9.0517294e-01
   5.9029541e+03   9.5888538e-01
   5.9029817e+03   8.8159580e-01
   5.9030093e+03   1.0635222e+00
   5.9030368e+03   9.8813782e-01
   5.9030644e+03   1.1074557e+00
   5.9030920e+03   1.0705406e+00
   5.9031196e+03   1.0668815e+00
   5.9031472e+03   9.9557806e-01
   5.9031747e+03   1.0780611e+00
   5.9032023e+03   9.9572353e-01
   5.9032299e+03   1.0529644e+00
   5.9032575e+03   9.9437763e-01
   5.9032851e+03   1.0497939e+00
   5.9033126e+03   1.0079620e+00
   5.9033402e+03   1.0451301e+00
   5.9033678e+03   1.0965820e+00
   5.9033954e+03   9.8030938e-01
   5.9034230e+03   8.5490967e-01
   5.9034505e+03   1.0514668e+00
   5.9034781e+03   1.0456926e+00
   5.9035057e+03   1.0286616e+00
   5.9035333e+03   1.0000649e+00
   5.9035608e+03   9.5768381e-01
   5.9035884e+03   9.5332499e-01
   5.9036160e+03   9.9988317e-01
   5.9036435e+03   1.0243735e+00
   5.9036711e+03   1.0580977e+00
   5.9036987e+03   1.1280534e+00
   5.9037262e+03   1.0040463e+00
   5.9037538e+03   9.0616700e-01
   5.9037814e+03   1.0808004e+00
   5.9038089e+03   1.0837356e+00
   5.9038365e+03   9.9145678e-01
   5.9038641e+03   8.3473508e-01
   5.9038916e+03   9.9276739e-01
   5.9039192e+03   1.0174927e+00
   5.9039468e+03   9.2919490e-01
   5.9039743e+03   1.0267481e+00
   5.9040019e+03   1.0266258e+00
   5.9040295e+03   1.1180671e+00
   5.9040570e+03   1.0460820e+00
   5.9040846e+03   1.0270420e+00
   5.9041121e+03   9.0936887e-01
   5.9041397e+03   1.0220189e+00
   5.9041673e+03   1.0022190e+00
   5.9041948e+03   1.0245527e+00
   5.9042224e+03   9.8632269e-01
   5.9042499e+03   1.0299310e+00
   5.9042775e+03   1.0029389e+00
   5.9043050e+03   1.0672051e+00
   5.9043326e+03   1.0142259e+00
   5.9043601e+03   1.1466388e+00
   5.9043877e+03   1.0212467e+00
   5.9044153e+03   9.5090283e-01
   5.9044428e+03   1.0238914e+00
   5.9044704e+03   1.0178209e+00
   5.9044979e+03   9.0896051e-01
   5.9045255e+03   9.5074206e-01
   5.9045530e+03   9.6539957e-01
   5.9045806e+03   1.0387092e+00
   5.9046081e+03   1.0680590e+00
   5.9046357e+03   1.0041477e+00
   5.9046632e+03   1.0760922e+00
   5.9046907e+03   1.0170453e+00
   5.9047183e+03   1.0000632e+00
   5.9047458e+03   1.0346971e+00
   5.9047734e+03   1.0032214e+00
   5.9048009e+03   9.7397276e-01
   5.9048285e+03   1.0040519e+00
   5.9048560e+03   9.9773055e-01
   5.9048836e+03   9.9348785e-01
   5.9049111e+03   1.0311803e+00
   5.9049386e+03   1.0122849e+00
   5.9049662e+03   9.9917599e-01
   5.9049937e+03   9.9945412e-01
   5.9050212e+03   9.7632051e-01
   5.9050488e+03   9.9638563e-01
   5.9050763e+03   1.0261245e+00
   5.9051039e+03   9.0773877e-01
   5.9051314e+03   1.0143709e+00
   5.9051589e+03   1.0505341e+00
   5.9051865e+03   9.4845928e-01
   5.9052140e+03   1.0498165e+00
   5.9052415e+03   9.4424662e-01
   5.9052691e+03   1.0294735e+00
   5.9052966e+03   9.6813262e-01
   5.9053241e+03   9.3347019e-01
   5.9053517e+03   1.0605153e+00
   5.9053792e+03   9.7370888e-01
   5.9054067e+03   1.0455457e+00
   5.9054342e+03   9.8677645e-01
   5.9054618e+03   9.9822882e-01
   5.9054893e+03   9.9716309e-01
   5.9055168e+03   9.9144917e-01
   5.9055443e+03   1.0174814e+00
   5.9055719e+03   1.1076149e+00
   5.9055994e+03   9.8913534e-01
   5.9056269e+03   1.0813060e+00
   5.9056544e+03   9.5160839e-01
   5.9056820e+03   1.0203374e+00
   5.9057095e+03   9.2355000e-01
   5.9057370e+03   1.0069730e+00
   5.9057645e+03   9.4530533e-01
   5.9057921e+03   9.6058378e-01
   5.9058196e+03   9.9533003e-01
   5.9058471e+03   9.5546307e-01
   5.9058746e+03   9.9627585e-01
   5.9059021e+03   9.3237695e-01
   5.9059296e+03   1.0947753e+00
   5.9059572e+03   9.6302605e-01
   5.9059847e+03   9.6325411e-01
   5.9060122e+03   1.0942178e+00
   5.9060397e+03   1.0345226e+00
   5.9060672e+03   1.1035794e+00
   5.9060947e+03   8.7649264e-01
   5.9061222e+03   9.6098335e-01
   5.9061497e+03   1.0327383e+00
   5.9061773e+03   9.4205912e-01
   5.9062048e+03   1.0020655e+00
   5.9062323e+03   1.0055710e+00
   5.9062598e+03   9.7342500e-01
   5.9062873e+03   8.7996017e-01
   5.9063148e+03   1.0730990e+00
   5.9063423e+03   1.0586150e+00
   5.9063698e+03   9.7225660e-01
   5.9063973e+03   1.1019055e+00
   5.9064248e+03   1.0079567e+00
   5.9064523e+03   9.1730216e-01
   5.9064798e+03   1.0324224e+00
   5.9065073e+03   1.0126454e+00
   5.9065348e+03   1.0676149e+00
   5.9065623e+03   8.7235297e-01
   5.9065898e+03   9.7619145e-01
   5.9066173e+03   1.0042606e+00
   5.9066448e+03   1.0347059e+00
   5.9066723e+03   1.0903983e+00
   5.9066998e+03   8.9805751e-01
   5.9067273e+03   1.1098416e+00
   5.9067548e+03   9.0578996e-01
   5.9067823e+03   1.1085945e+00
   5.9068098e+03   1.0963065e+00
   5.9068373e+03   1.0695944e+00
   5.9068648e+03   9.4517940e-01
   5.9068923e+03   9.6451074e-01
   5.9069198e+03   9.2454504e-01
   5.9069473e+03   1.0113643e+00
   5.9069748e+03   1.0961467e+00
   5.9070023e+03   1.0488285e+00
   5.9070297e+03   1.0076874e+00
   5.9070572e+03   9.0764569e-01
   5.9070847e+03   8.9757925e-01
   5.9071122e+03   9.3243994e-01
   5.9071397e+03   1.0651127e+00
   5.9071672e+03   9.8326941e-01
   5.9071947e+03   9.6886753e-01
   5.9072221e+03   1.0149261e+00
   5.9072496e+03   1.0381140e+00
   5.9072771e+03   1.0665369e+00
   5.9073046e+03   9.3372563e-01
   5.9073321e+03   1.0722916e+00
   5.9073596e+03   9.7823931e-01
   5.9073870e+03   1.0555067e+00
   5.9074145e+03   9.4684253e-01
   5.9074420e+03   1.0663815e+00
   5.9074695e+03   9.9660734e-01
   5.9074970e+03   1.0458220e+00
   5.9075244e+03   9.8877237e-01
   5.9075519e+03   9.7589919e-01
   5.9075794e+03   1.0447612e+00
   5.9076069e+03   9.4321693e-01
   5.9076343e+03   9.7756984e-01
   5.9076618e+03   1.0022110e+00
   5.9076893e+03   9.7231008e-01
   5.9077168e+03   9.5751504e-01
   5.9077442e+03   9.8959698e-01
   5.9077717e+03   9.9278531e-01
   5.9077992e+03   1.0498165e+00
   5.9078266e+03   1.0487651e+00
   5.9078541e+03   1.0065420e+00
   5.9078816e+03   9.7893563e-01
   5.9079090e+03   1.0217612e+00
   5.9079365e+03   9.9108067e-01
   5.9079640e+03   1.0401155e+00
   5.9079914e+03   9.3501240e-01
   5.9080189e+03   8.9351905e-01
