@TELESCOPE VLT
@REFERENCE Balland etal (2009)
@REDSHIFT 0.348
@SPECTRUM spectrum_04D2ac_395.dat
@SN-NAME 04D2ac
@UNITS 1.e-16 erg/s/cm2/A
@SURVEY SNLS
@PHASE 1.310
#
# XPIX :
# WAVE :
# SN_SPEC :
# SN_ERR :
#end
       4149.707            0.00000        1.83609
       4152.181            0.00000        1.21770
       4154.655            0.00000        1.48404
       4157.130            0.00000        1.26702
       4159.605            0.00000        1.19130
       4162.081            0.00000        1.57291
       4164.557            0.00000        1.21021
       4167.034            0.00000        1.45143
       4169.510            0.00000        1.40043
       4171.988            0.00000        1.38735
       4174.465           -0.29250        1.04133
       4176.944           -0.54730        0.88714
       4179.422            0.57990        0.76178
       4181.901            0.06690        0.61694
       4184.381           -0.29080        0.54861
       4186.861            0.17700        0.47843
       4189.341            1.22670        0.51232
       4191.822           -0.37130        0.37319
       4194.303           -0.16020        0.32881
       4196.784            0.14720        0.28775
       4199.266           -0.12540        0.26153
       4201.749           -0.08210        0.23285
       4204.231            0.13110        0.19795
       4206.714            0.05750        0.18090
       4209.198           -0.15590        0.16375
       4211.682           -0.02860        0.13921
       4214.167            0.10340        0.12769
       4216.651            0.00860        0.11409
       4219.137            0.06410        0.10209
       4221.623           -0.05540        0.09327
       4224.108           -0.01050        0.08835
       4226.595           -0.03560        0.08103
       4229.082           -0.04240        0.07403
       4231.569            0.01740        0.06879
       4234.057            0.03100        0.06572
       4236.545            0.09650        0.05907
       4239.034           -0.02870        0.05820
       4241.523           -0.09390        0.05511
       4244.012            0.00900        0.05244
       4246.502            0.11680        0.04974
       4248.992           -0.03790        0.04780
       4251.483           -0.03540        0.04564
       4253.974           -0.02870        0.04359
       4256.465            0.06460        0.04104
       4258.957           -0.06990        0.04048
       4261.449           -0.02800        0.03882
       4263.942            0.01670        0.03734
       4266.435            0.01810        0.03598
       4268.928           -0.00080        0.03451
       4271.422            0.04710        0.03357
       4273.917            0.00310        0.03250
       4276.411           -0.00400        0.03168
       4278.906            0.03690        0.03121
       4281.401            0.01380        0.02963
       4283.897            0.02210        0.02838
       4286.394            0.05460        0.02751
       4288.890            0.01290        0.02753
       4291.387           -0.02250        0.02659
       4293.885            0.00990        0.02575
       4296.383            0.00150        0.02485
       4298.881           -0.00540        0.02394
       4301.379           -0.00570        0.02316
       4303.878            0.00420        0.02269
       4306.378           -0.01430        0.02234
       4308.878            0.03250        0.02188
       4311.378            0.04730        0.02220
       4313.878            0.02760        0.02184
       4316.379            0.01850        0.02158
       4318.881            0.04570        0.02094
       4321.383            0.01870        0.02084
       4323.885            0.02200        0.02036
       4326.387            0.00220        0.01970
       4328.891            0.01420        0.01959
       4331.394            0.05310        0.01900
       4333.897            0.03510        0.01878
       4336.402           -0.01370        0.01811
       4338.906            0.02630        0.01815
       4341.411            0.02010        0.01813
       4343.917            0.03730        0.01786
       4346.422            0.01670        0.01745
       4348.928           -0.01390        0.01734
       4351.435            0.03200        0.01751
       4353.941            0.02820        0.01742
       4356.449            0.04250        0.01710
       4358.956            0.01430        0.01693
       4361.464            0.02250        0.01685
       4363.973            0.03480        0.01674
       4366.481            0.02970        0.01653
       4368.991            0.01950        0.01642
       4371.500            0.00270        0.01643
       4374.010            0.01440        0.01610
       4376.521            0.05080        0.01608
       4379.031            0.00480        0.01568
       4381.542            0.03110        0.01542
       4384.053            0.05230        0.01545
       4386.565            0.02530        0.01505
       4389.078            0.02110        0.01475
       4391.590            0.01550        0.01448
       4394.103            0.01020        0.01460
       4396.616            0.00770        0.01469
       4399.130            0.02160        0.01453
       4401.644            0.00700        0.01458
       4404.159            0.02360        0.01466
       4406.673            0.03510        0.01464
       4409.188            0.05090        0.01473
       4411.704            0.02020        0.01453
       4414.220            0.03250        0.01456
       4416.737            0.02810        0.01439
       4419.253            0.04420        0.01445
       4421.771            0.00200        0.01402
       4424.288            0.03250        0.01415
       4426.806            0.02570        0.01388
       4429.324            0.00440        0.01378
       4431.842            0.04050        0.01379
       4434.361            0.00730        0.01346
       4436.881            0.02030        0.01348
       4439.400           -0.00100        0.01347
       4441.920            0.00740        0.01325
       4444.441            0.04620        0.01337
       4446.961            0.05830        0.01343
       4449.483            0.01400        0.01328
       4452.004            0.01840        0.01305
       4454.526            0.01260        0.01305
       4457.048            0.00780        0.01298
       4459.571            0.02460        0.01280
       4462.094            0.04800        0.01322
       4464.618            0.01280        0.01276
       4467.141            0.01790        0.01279
       4469.665            0.02950        0.01291
       4472.190            0.03950        0.01300
       4474.714            0.01790        0.01285
       4477.240            0.03070        0.01278
       4479.765            0.04060        0.01299
       4482.291            0.01490        0.01278
       4484.817            0.03120        0.01274
       4487.344            0.00290        0.01250
       4489.871            0.01290        0.01268
       4492.398            0.05290        0.01278
       4494.926            0.02970        0.01252
       4497.454            0.00490        0.01252
       4499.982            0.00580        0.01338
       4502.511            0.00140        0.01291
       4505.041            0.00920        0.01247
       4507.570            0.02540        0.01259
       4510.100            0.01970        0.01237
       4512.630            0.02400        0.01248
       4515.161            0.03270        0.01250
       4517.691            0.02540        0.01253
       4520.223            0.03240        0.01243
       4522.754            0.05710        0.01251
       4525.286            0.03190        0.01245
       4527.818            0.02450        0.01228
       4530.351            0.03820        0.01234
       4532.884            0.03290        0.01239
       4535.417            0.02620        0.01241
       4537.951            0.00700        0.01234
       4540.485            0.04410        0.01251
       4543.020            0.03630        0.01236
       4545.555            0.00350        0.01225
       4548.090            0.00850        0.01208
       4550.625            0.02430        0.01220
       4553.161            0.03000        0.01208
       4555.697            0.01140        0.01195
       4558.233            0.03240        0.01196
       4560.771            0.01960        0.01192
       4563.308            0.02020        0.01186
       4565.845            0.01660        0.01177
       4568.383            0.03140        0.01183
       4570.921            0.03460        0.01179
       4573.460            0.03560        0.01177
       4575.999            0.02700        0.01163
       4578.538            0.05460        0.01189
       4581.078            0.03450        0.01176
       4583.618            0.02370        0.01167
       4586.158            0.05100        0.01165
       4588.699            0.02690        0.01153
       4591.240            0.02700        0.01154
       4593.781            0.03260        0.01147
       4596.323            0.04880        0.01137
       4598.865            0.04410        0.01141
       4601.407            0.02940        0.01128
       4603.950            0.03900        0.01132
       4606.493            0.03960        0.01121
       4609.036            0.02430        0.01134
       4611.580            0.03900        0.01137
       4614.124            0.03070        0.01123
       4616.668            0.03430        0.01118
       4619.213            0.04330        0.01132
       4621.758            0.03530        0.01121
       4624.304            0.02120        0.01117
       4626.849            0.02720        0.01111
       4629.395            0.02850        0.01107
       4631.941            0.00670        0.01088
       4634.488            0.03200        0.01093
       4637.035            0.04190        0.01100
       4639.583            0.03870        0.01105
       4642.130            0.02570        0.01095
       4644.679            0.03380        0.01074
       4647.227            0.03450        0.01074
       4649.776            0.03830        0.01089
       4652.325            0.03780        0.01096
       4654.874            0.03160        0.01097
       4657.424            0.02940        0.01094
       4659.974            0.02620        0.01090
       4662.524            0.03990        0.01097
       4665.075            0.01790        0.01085
       4667.626            0.00940        0.01082
       4670.177            0.03560        0.01085
       4672.729            0.03500        0.01092
       4675.281            0.06590        0.01104
       4677.833            0.03360        0.01084
       4680.386            0.03800        0.01089
       4682.939            0.04930        0.01080
       4685.492            0.05780        0.01085
       4688.045            0.01950        0.01059
       4690.600            0.04300        0.01079
       4693.154            0.05380        0.01080
       4695.708            0.02130        0.01042
       4698.263            0.02810        0.01044
       4700.818            0.03860        0.01043
       4703.374            0.01990        0.01032
       4705.930            0.04390        0.01044
       4708.486            0.03970        0.01040
       4711.042            0.02670        0.01038
       4713.600            0.03570        0.01038
       4716.157            0.06710        0.01063
       4718.714            0.05490        0.01051
       4721.272            0.02540        0.01044
       4723.830            0.03840        0.01100
       4726.389            0.03250        0.01101
       4728.947            0.00990        0.01026
       4731.506            0.03530        0.01020
       4734.065            0.03950        0.01022
       4736.625            0.03110        0.01016
       4739.185            0.04520        0.01021
       4741.746            0.06140        0.01024
       4744.306            0.02620        0.01008
       4746.867            0.03170        0.01011
       4749.428            0.04550        0.01017
       4751.990            0.06360        0.01012
       4754.552            0.03890        0.01001
       4757.114            0.04660        0.01001
       4759.677            0.05160        0.00996
       4762.239            0.03860        0.00987
       4764.803            0.04670        0.00994
       4767.366            0.04680        0.00991
       4769.930            0.03570        0.01001
       4772.494            0.05030        0.00991
       4775.058            0.03900        0.00998
       4777.623            0.03800        0.00993
       4780.188            0.02600        0.00993
       4782.753            0.02370        0.00994
       4785.318            0.01930        0.00970
       4787.885            0.04420        0.00981
       4790.451            0.03950        0.00987
       4793.017            0.03320        0.00972
       4795.584            0.03700        0.00974
       4798.151            0.04700        0.00988
       4800.719            0.05590        0.00985
       4803.286            0.04940        0.00982
       4805.854            0.02890        0.00973
       4808.423            0.01620        0.00969
       4810.991            0.04900        0.00986
       4813.560            0.02530        0.00985
       4816.129            0.04250        0.00992
       4818.699            0.04780        0.00999
       4821.269            0.03740        0.01003
       4823.839            0.03240        0.00997
       4826.410            0.04620        0.01003
       4828.980            0.02140        0.01001
       4831.551            0.03130        0.00994
       4834.123            0.00870        0.00986
       4836.694            0.03940        0.00985
       4839.266            0.04120        0.00986
       4841.838            0.05290        0.00982
       4844.411            0.03930        0.00976
       4846.984            0.03220        0.00979
       4849.557            0.02720        0.00972
       4852.130            0.04930        0.00955
       4854.704            0.03710        0.00948
       4857.278            0.03800        0.00934
       4859.853            0.04370        0.00925
       4862.427            0.03940        0.00924
       4865.002            0.01970        0.00928
       4867.577            0.02330        0.00925
       4870.152            0.02920        0.00920
       4872.728            0.02190        0.00928
       4875.304            0.02420        0.00935
       4877.881            0.04340        0.00938
       4880.458            0.02110        0.00944
       4883.034            0.03280        0.00948
       4885.611            0.03230        0.00944
       4888.189            0.00880        0.00938
       4890.767            0.02490        0.00942
       4893.345            0.02850        0.00940
       4895.923            0.03980        0.00936
       4898.502            0.02810        0.00929
       4901.081            0.02680        0.00927
       4903.660            0.03110        0.00938
       4906.240            0.03820        0.00920
       4908.819            0.02200        0.00923
       4911.399            0.02610        0.00918
       4913.980            0.02670        0.00910
       4916.561            0.01760        0.00906
       4919.142            0.02490        0.00898
       4921.723            0.02150        0.00904
       4924.304            0.02360        0.00907
       4926.886            0.01390        0.00896
       4929.468            0.02190        0.00902
       4932.051            0.02160        0.00913
       4934.633            0.00900        0.00909
       4937.216            0.02320        0.00905
       4939.799            0.03170        0.00905
       4942.383            0.02510        0.00908
       4944.967            0.01220        0.00905
       4947.551            0.02660        0.00911
       4950.135            0.01400        0.00900
       4952.720            0.02870        0.00909
       4955.305            0.00830        0.00909
       4957.890            0.02080        0.00915
       4960.475            0.03160        0.00907
       4963.061            0.03440        0.00909
       4965.647            0.03290        0.00922
       4968.233            0.01880        0.00927
       4970.820            0.01410        0.00924
       4973.407            0.02670        0.00924
       4975.994            0.01780        0.00916
       4978.581            0.01390        0.00919
       4981.169            0.04160        0.00924
       4983.757            0.02450        0.00913
       4986.345            0.02210        0.00912
       4988.934            0.02130        0.00914
       4991.522            0.01650        0.00908
       4994.111            0.03330        0.00904
       4996.701            0.05130        0.00917
       4999.290            0.03110        0.00902
       5001.880            0.02030        0.00901
       5004.470            0.01820        0.00900
       5007.061            0.03870        0.00892
       5009.651            0.03380        0.00886
       5012.242            0.02500        0.00880
       5014.833           -0.00190        0.00878
       5017.425            0.01350        0.00899
       5020.017            0.03230        0.00878
       5022.608            0.03400        0.00873
       5025.201            0.02660        0.00879
       5027.793            0.01930        0.00876
       5030.386            0.02370        0.00881
       5032.979            0.04350        0.00876
       5035.572            0.01080        0.00864
       5038.166            0.01740        0.00868
       5040.760            0.01420        0.00870
       5043.354            0.03120        0.00863
       5045.948            0.02720        0.00863
       5048.543            0.01760        0.00860
       5051.138            0.01480        0.00865
       5053.733            0.03070        0.00859
       5056.329            0.03290        0.00855
       5058.924            0.04020        0.00875
       5061.521            0.04060        0.00865
       5064.117            0.03520        0.00854
       5066.713            0.01630        0.00865
       5069.310            0.01560        0.00855
       5071.907            0.02680        0.00848
       5074.504            0.03760        0.00856
       5077.102            0.03130        0.00847
       5079.699            0.01100        0.00847
       5082.297            0.05090        0.00855
       5084.896            0.03840        0.00857
       5087.494            0.03940        0.00854
       5090.093            0.02830        0.00857
       5092.692            0.03710        0.00855
       5095.292            0.04120        0.00853
       5097.891            0.04970        0.00858
       5100.491            0.03310        0.00854
       5103.091            0.03580        0.00850
       5105.691            0.04670        0.00849
       5108.292            0.03360        0.00858
       5110.893            0.03100        0.00850
       5113.494            0.01470        0.00844
       5116.096            0.03200        0.00843
       5118.697            0.05030        0.00851
       5121.299            0.05350        0.00853
       5123.901            0.03380        0.00847
       5126.503            0.06120        0.00856
       5129.106            0.02770        0.00853
       5131.709            0.05740        0.00853
       5134.312            0.05480        0.00861
       5136.916            0.03700        0.00865
       5139.519            0.04170        0.00861
       5142.123            0.04640        0.00863
       5144.727            0.05040        0.00863
       5147.332            0.02400        0.00856
       5149.936            0.03470        0.00856
       5152.541            0.02940        0.00860
       5155.146            0.03520        0.00864
       5157.751            0.04920        0.00865
       5160.357            0.04090        0.00847
       5162.963            0.03390        0.00840
       5165.569            0.04760        0.00833
       5168.176            0.03840        0.00819
       5170.782            0.03490        0.00818
       5173.389            0.05750        0.00820
       5175.996            0.04520        0.00819
       5178.604            0.04370        0.00808
       5181.211            0.05400        0.00819
       5183.819            0.05370        0.00837
       5186.427            0.03830        0.00828
       5189.035            0.06590        0.00844
       5191.644            0.05880        0.00859
       5194.253            0.06000        0.00890
       5196.862            0.06810        0.00899
       5199.471            0.04560        0.00885
       5202.081            0.05710        0.00889
       5204.690            0.05990        0.00889
       5207.300            0.04820        0.00866
       5209.911            0.04350        0.00848
       5212.521            0.05490        0.00836
       5215.132            0.04720        0.00841
       5217.743            0.04180        0.00852
       5220.354            0.04490        0.00839
       5222.965            0.05350        0.00839
       5225.577            0.04820        0.00834
       5228.189            0.03550        0.00838
       5230.801            0.06750        0.00843
       5233.414            0.03880        0.00845
       5236.026            0.05670        0.00836
       5238.639            0.04840        0.00841
       5241.252            0.04830        0.00846
       5243.865            0.05900        0.00848
       5246.479            0.05790        0.00839
       5249.093            0.04690        0.00831
       5251.707            0.04550        0.00841
       5254.321            0.05200        0.00840
       5256.936            0.05020        0.00832
       5259.550            0.06110        0.00826
       5262.165            0.07060        0.00825
       5264.780            0.06480        0.00809
       5267.396            0.06380        0.00802
       5270.011            0.03950        0.00805
       5272.627            0.06470        0.00813
       5275.243            0.04310        0.00815
       5277.859            0.05390        0.00816
       5280.476            0.05350        0.00819
       5283.093            0.04580        0.00815
       5285.710            0.06400        0.00819
       5288.327            0.03430        0.00821
       5290.945            0.05240        0.00818
       5293.562            0.05180        0.00820
       5296.180            0.04130        0.00822
       5298.798            0.06090        0.00824
       5301.417            0.04850        0.00829
       5304.035            0.03650        0.00823
       5306.654            0.03670        0.00835
       5309.273            0.05230        0.00832
       5311.893            0.04160        0.00835
       5314.512            0.05020        0.00831
       5317.132            0.05020        0.00833
       5319.752            0.04190        0.00829
       5322.372            0.05200        0.00824
       5324.992            0.04240        0.00825
       5327.613            0.05120        0.00836
       5330.234            0.04730        0.00832
       5332.855            0.04440        0.00836
       5335.476            0.04680        0.00826
       5338.098            0.03450        0.00834
       5340.719            0.04170        0.00825
       5343.341            0.03460        0.00816
       5345.963            0.04570        0.00817
       5348.586            0.03990        0.00818
       5351.208            0.05000        0.00813
       5353.831            0.05620        0.00811
       5356.454            0.05000        0.00819
       5359.078            0.04730        0.00816
       5361.701            0.03310        0.00802
       5364.325            0.06890        0.00808
       5366.949            0.05550        0.00795
       5369.573            0.03300        0.00795
       5372.197            0.04470        0.00799
       5374.822            0.07390        0.00801
       5377.446            0.07320        0.00802
       5380.071            0.06410        0.00803
       5382.697            0.04730        0.00809
       5385.322            0.04680        0.00800
       5387.948            0.07000        0.00803
       5390.574            0.04600        0.00795
       5393.200            0.06020        0.00793
       5395.826            0.05700        0.00796
       5398.452            0.05630        0.00797
       5401.079            0.06330        0.00775
       5403.706            0.06650        0.00781
       5406.333            0.05550        0.00785
       5408.960            0.05480        0.00787
       5411.588            0.05500        0.00771
       5414.216            0.05490        0.00787
       5416.844            0.06610        0.00784
       5419.472            0.06510        0.00790
       5422.100            0.04970        0.00788
       5424.729            0.06740        0.00792
       5427.357            0.07060        0.00794
       5429.987            0.05400        0.00787
       5432.616            0.07790        0.00795
       5435.245            0.08000        0.00797
       5437.875            0.06280        0.00794
       5440.505            0.07100        0.00811
       5443.135            0.07370        0.00813
       5445.765            0.04350        0.00803
       5448.396            0.06810        0.00795
       5451.026            0.07200        0.00788
       5453.657            0.08180        0.00786
       5456.288            0.05080        0.00795
       5458.919            0.06450        0.00792
       5461.551            0.05910        0.00792
       5464.183            0.05950        0.00791
       5466.814            0.06450        0.00794
       5469.446            0.06360        0.00790
       5472.079            0.06960        0.00779
       5474.711            0.05060        0.00784
       5477.344            0.06370        0.00781
       5479.977            0.06200        0.00782
       5482.610            0.06320        0.00784
       5485.243            0.07190        0.00783
       5487.876            0.06910        0.00786
       5490.510            0.06780        0.00789
       5493.144            0.07140        0.00793
       5495.778            0.07510        0.00785
       5498.413            0.06820        0.00789
       5501.047            0.05990        0.00792
       5503.682            0.08240        0.00804
       5506.317            0.06320        0.00791
       5508.952            0.06400        0.00789
       5511.587            0.05890        0.00786
       5514.223            0.05140        0.00790
       5516.858            0.04910        0.00792
       5519.494            0.06430        0.00785
       5522.130            0.06400        0.00786
       5524.767            0.04440        0.00782
       5527.403            0.04330        0.00792
       5530.040            0.06050        0.00787
       5532.676            0.06490        0.00788
       5535.313            0.05640        0.00793
       5537.951            0.06390        0.00799
       5540.588            0.05670        0.00809
       5543.226            0.03790        0.00808
       5545.864            0.05540        0.00807
       5548.501            0.05960        0.00812
       5551.140            0.05250        0.00810
       5553.778            0.04380        0.00798
       5556.417            0.05650        0.00799
       5559.056            0.03720        0.00808
       5561.694            0.07180        0.00809
       5564.333            0.08470        0.00813
       5566.973            0.05580        0.00866
       5569.612            0.06250        0.01592
       5572.252            0.06170        0.02372
       5574.892            0.04890        0.02443
       5577.532            0.02090        0.02445
       5580.172            0.04360        0.02439
       5582.813            0.09190        0.02437
       5585.454            0.02560        0.02200
       5588.095            0.04790        0.01178
       5590.735            0.05490        0.00799
       5593.377            0.05710        0.00800
       5596.018            0.05580        0.00791
       5598.660            0.06390        0.00807
       5601.302            0.05360        0.00810
       5603.943            0.04930        0.00802
       5606.585            0.04250        0.00812
       5609.228            0.04290        0.00805
       5611.871            0.04360        0.00809
       5614.513            0.06980        0.00799
       5617.156            0.04600        0.00800
       5619.799            0.06140        0.00797
       5622.442            0.04620        0.00799
       5625.086            0.05680        0.00800
       5627.729            0.04730        0.00792
       5630.374            0.05610        0.00791
       5633.017            0.04920        0.00787
       5635.662            0.07220        0.00787
       5638.306            0.05400        0.00785
       5640.950            0.05170        0.00790
       5643.595            0.05090        0.00787
       5646.240            0.06690        0.00784
       5648.885            0.04690        0.00783
       5651.530            0.06770        0.00785
       5654.176            0.06000        0.00785
       5656.821            0.04710        0.00771
       5659.467            0.05140        0.00775
       5662.113            0.06320        0.00774
       5664.759            0.05240        0.00781
       5667.405            0.06150        0.00776
       5670.052            0.05890        0.00782
       5672.699            0.04090        0.00789
       5675.345            0.05330        0.00797
       5677.993            0.04800        0.00789
       5680.640            0.04480        0.00782
       5683.287            0.03240        0.00790
       5685.935            0.05300        0.00788
       5688.582            0.03650        0.00790
       5691.230            0.06040        0.00793
       5693.878            0.06330        0.00795
       5696.526            0.04090        0.00794
       5699.175            0.03640        0.00792
       5701.823            0.05220        0.00791
       5704.472            0.04300        0.00786
       5707.121            0.02920        0.00779
       5709.770            0.04560        0.00780
       5712.419            0.03190        0.00786
       5715.069            0.04520        0.00786
       5717.719            0.04510        0.00784
       5720.368            0.04460        0.00795
       5723.019            0.03930        0.00785
       5725.668            0.04380        0.00793
       5728.319            0.03480        0.00794
       5730.969            0.02140        0.00785
       5733.620            0.03900        0.00786
       5736.271            0.02660        0.00783
       5738.922            0.03650        0.00781
       5741.573            0.04510        0.00785
       5744.224            0.04520        0.00780
       5746.875            0.02850        0.00774
       5749.527            0.03630        0.00780
       5752.179            0.02880        0.00777
       5754.831            0.02240        0.00767
       5757.483            0.02510        0.00776
       5760.135            0.03980        0.00776
       5762.788            0.03420        0.00773
       5765.440            0.03770        0.00783
       5768.093            0.04230        0.00773
       5770.747            0.05050        0.00783
       5773.399            0.01990        0.00813
       5776.053            0.02570        0.00775
       5778.706            0.02720        0.00772
       5781.360            0.04620        0.00772
       5784.014            0.02840        0.00804
       5786.667            0.03200        0.00836
       5789.322            0.04240        0.00768
       5791.976            0.03180        0.00772
       5794.630            0.02710        0.00772
       5797.285            0.03610        0.00778
       5799.940            0.00580        0.00773
       5802.595            0.02300        0.00801
       5805.250            0.03310        0.00780
       5807.905            0.01970        0.00778
       5810.561            0.03630        0.00771
       5813.216            0.02170        0.00785
       5815.872            0.02380        0.00786
       5818.528            0.03630        0.00778
       5821.184            0.02560        0.00783
       5823.840            0.02990        0.00781
       5826.496            0.04070        0.00786
       5829.153            0.03260        0.00788
       5831.810            0.04020        0.00785
       5834.466            0.02520        0.00782
       5837.123            0.03500        0.00793
       5839.780            0.03560        0.00787
       5842.438            0.04800        0.00783
       5845.095            0.03630        0.00780
       5847.753            0.02730        0.00783
       5850.411            0.02500        0.00778
       5853.068            0.04270        0.00784
       5855.727            0.03250        0.00780
       5858.385            0.04570        0.00798
       5861.043            0.04590        0.00839
       5863.702            0.02990        0.00852
       5866.360            0.04380        0.00862
       5869.019            0.04050        0.00868
       5871.678            0.04010        0.00868
       5874.337            0.03660        0.00865
       5876.997            0.03380        0.00829
       5879.656            0.03300        0.00832
       5882.315            0.05100        0.00942
       5884.976            0.04940        0.01047
       5887.635            0.05540        0.01097
       5890.295            0.02520        0.01168
       5892.956            0.01540        0.01180
       5895.616            0.05080        0.01172
       5898.276            0.06600        0.01117
       5900.937            0.03610        0.00985
       5903.598            0.04280        0.00935
       5906.259            0.04400        0.00849
       5908.920            0.02380        0.00855
       5911.581            0.04430        0.00866
       5914.243            0.04290        0.00856
       5916.904            0.04770        0.00851
       5919.566            0.05440        0.00869
       5922.228            0.05270        0.00861
       5924.890            0.04880        0.00846
       5927.552            0.05380        0.00866
       5930.214            0.04540        0.00867
       5932.876            0.04440        0.00854
       5935.539            0.04790        0.00845
       5938.202            0.03910        0.00852
       5940.865            0.02840        0.00843
       5943.528            0.05680        0.00823
       5946.191            0.07290        0.00841
       5948.854            0.04890        0.00853
       5951.518            0.04630        0.00850
       5954.181            0.06840        0.00850
       5956.845            0.06740        0.00844
       5959.509            0.04670        0.00844
       5962.173            0.05260        0.00828
       5964.837            0.04630        0.00804
       5967.501            0.06220        0.00804
       5970.166            0.04890        0.00820
       5972.830            0.06710        0.00827
       5975.495            0.04810        0.00829
       5978.160            0.05770        0.00823
       5980.825            0.07420        0.00818
       5983.490            0.03540        0.00803
       5986.155            0.05690        0.00799
       5988.821            0.05700        0.00782
       5991.486            0.05230        0.00786
       5994.152            0.07120        0.00796
       5996.818            0.05700        0.00791
       5999.484            0.08100        0.00800
       6002.150            0.05940        0.00796
       6004.816            0.05240        0.00794
       6007.482            0.06020        0.00790
       6010.149            0.03940        0.00776
       6012.816            0.04210        0.00770
       6015.482            0.05400        0.00788
       6018.149            0.04480        0.00775
       6020.816            0.04570        0.00758
       6023.484            0.05370        0.00771
       6026.151            0.06540        0.00776
       6028.818            0.05530        0.00775
       6031.486            0.05430        0.00776
       6034.154            0.06270        0.00786
       6036.822            0.05270        0.00767
       6039.490            0.07070        0.00771
       6042.158            0.05950        0.00767
       6044.826            0.05480        0.00762
       6047.495            0.05510        0.00756
       6050.164            0.05430        0.00760
       6052.832            0.05150        0.00759
       6055.501            0.06080        0.00755
       6058.170            0.05740        0.00761
       6060.839            0.07210        0.00765
       6063.508            0.06070        0.00756
       6066.178            0.05090        0.00752
       6068.847            0.07240        0.00770
       6071.517            0.06890        0.00761
       6074.187            0.07450        0.00764
       6076.856            0.06200        0.00751
       6079.526            0.05850        0.00748
       6082.196            0.06110        0.00750
       6084.867            0.05850        0.00743
       6087.537            0.05700        0.00744
       6090.208            0.05630        0.00735
       6092.878            0.06070        0.00744
       6095.549            0.05890        0.00744
       6098.220            0.05150        0.00746
       6100.891            0.05180        0.00742
       6103.562            0.04460        0.00743
       6106.233            0.05620        0.00751
       6108.905            0.04910        0.00738
       6111.576            0.06500        0.00744
       6114.248            0.03900        0.00732
       6116.920            0.03800        0.00732
       6119.592            0.05250        0.00738
       6122.264            0.06140        0.00740
       6124.936            0.04690        0.00735
       6127.608            0.05160        0.00737
       6130.281            0.03760        0.00734
       6132.953            0.04470        0.00748
       6135.626            0.04700        0.00759
       6138.299            0.05970        0.00773
       6140.972            0.06260        0.00778
       6143.645            0.05320        0.00774
       6146.318            0.06460        0.00773
       6148.991            0.05210        0.00770
       6151.665            0.04630        0.00769
       6154.338            0.07170        0.00772
       6157.012            0.05880        0.00762
       6159.686            0.06340        0.00759
       6162.359            0.05740        0.00762
       6165.033            0.03790        0.00765
       6167.708            0.07040        0.00771
       6170.382            0.05980        0.00767
       6173.056            0.04900        0.00770
       6175.731            0.04260        0.00765
       6178.405            0.06280        0.00773
       6181.080            0.06400        0.00761
       6183.755            0.05610        0.00738
       6186.430            0.05010        0.00745
       6189.105            0.05950        0.00753
       6191.780            0.05220        0.00743
       6194.456            0.05100        0.00742
       6197.131            0.04850        0.00754
       6199.807            0.05330        0.00763
       6202.482            0.05920        0.00791
       6205.158            0.04670        0.00794
       6207.834            0.03410        0.00759
       6210.510            0.03690        0.00757
       6213.187            0.05990        0.00757
       6215.862            0.05870        0.00769
       6218.539            0.02920        0.00752
       6221.215            0.05440        0.00768
       6223.892            0.04800        0.00762
       6226.569            0.04840        0.00775
       6229.246            0.04090        0.00832
       6231.923            0.05230        0.00860
       6234.600            0.05590        0.00875
       6237.277            0.03320        0.00882
       6239.954            0.03250        0.00901
       6242.632            0.04510        0.00893
       6245.309            0.04380        0.00834
       6247.987            0.05070        0.00789
       6250.665            0.02880        0.00809
       6253.342            0.05980        0.00847
       6256.021            0.03870        0.00845
       6258.699            0.04840        0.00863
       6261.377            0.02950        0.00867
       6264.055            0.03680        0.00878
       6266.733            0.04000        0.00850
       6269.412            0.06200        0.00809
       6272.091            0.03300        0.00810
       6274.770           -0.03140        0.00794
       6277.448            0.02900        0.00774
       6280.127            0.04610        0.00821
       6282.807            0.02150        0.00874
       6285.486            0.02880        0.00846
       6288.165            0.03330        0.00833
       6290.844            0.03600        0.00922
       6293.524            0.06960        0.01532
       6296.204            0.01220        0.01754
       6298.883            0.02020        0.01755
       6301.563            0.06430        0.01791
       6304.243            0.05860        0.01785
       6306.923            0.05440        0.01762
       6309.604            0.05330        0.01402
       6312.284            0.04480        0.00885
       6314.964            0.04460        0.00840
       6317.645            0.02620        0.00780
       6320.325            0.04670        0.00777
       6323.006            0.03770        0.00813
       6325.687            0.02380        0.00838
       6328.368            0.04720        0.00845
       6331.049            0.02630        0.00827
       6333.730            0.02440        0.00805
       6336.411            0.04040        0.00815
       6339.092            0.03010        0.00776
       6341.774            0.02600        0.00750
       6344.456            0.03140        0.00748
       6347.137            0.03600        0.00767
       6349.819            0.04730        0.00799
       6352.501            0.03000        0.00806
       6355.183            0.03590        0.00877
       6357.865            0.03160        0.01128
       6360.547            0.02770        0.01175
       6363.229            0.03840        0.01179
       6365.912            0.03500        0.01156
       6368.594            0.03660        0.01137
       6371.277            0.01660        0.01112
       6373.959            0.04280        0.00873
       6376.642            0.02020        0.00736
       6379.325            0.03540        0.00754
       6382.008            0.04160        0.00764
       6384.691            0.01940        0.00761
       6387.375            0.03840        0.00771
       6390.058            0.04760        0.00760
       6392.741            0.02720        0.00748
       6395.424            0.05360        0.00746
       6398.108            0.04800        0.00724
       6400.792            0.04920        0.00732
       6403.476            0.03590        0.00713
       6406.160            0.02240        0.00707
       6408.844            0.03400        0.00722
       6411.527            0.03960        0.00726
       6414.212            0.02560        0.00726
       6416.896            0.04370        0.00734
       6419.581            0.02770        0.00732
       6422.265            0.03030        0.00733
       6424.949            0.02860        0.00727
       6427.634            0.04770        0.00737
       6430.319            0.03250        0.00722
       6433.004            0.04190        0.00720
       6435.688            0.03010        0.00713
       6438.374            0.03280        0.00708
       6441.059            0.05020        0.00729
       6443.744            0.03670        0.00717
       6446.429            0.04160        0.00728
       6449.115            0.04040        0.00736
       6451.800            0.03430        0.00733
       6454.486            0.06860        0.00768
       6457.172            0.02950        0.00755
       6459.857            0.04240        0.00805
       6462.543            0.03840        0.00817
       6465.229            0.03870        0.00837
       6467.916            0.05590        0.00856
       6470.602            0.04720        0.00883
       6473.288            0.03840        0.00837
       6475.974            0.03760        0.00800
       6478.661            0.03850        0.00783
       6481.347            0.04550        0.00750
       6484.034            0.04870        0.00742
       6486.721            0.03480        0.00719
       6489.408            0.04970        0.00738
       6492.094            0.04080        0.00797
       6494.781            0.05260        0.00867
       6497.468            0.03060        0.00913
       6500.156            0.04420        0.00861
       6502.843            0.05370        0.00871
       6505.530            0.03830        0.00856
       6508.218            0.02970        0.00806
       6510.905            0.04390        0.00769
       6513.593            0.04400        0.00796
       6516.281            0.03920        0.00749
       6518.968            0.04370        0.00753
       6521.656            0.04990        0.00760
       6524.344            0.03400        0.00752
       6527.032            0.03510        0.00812
       6529.721            0.04090        0.00829
       6532.409            0.01580        0.00805
       6535.097            0.03490        0.00809
       6537.786            0.03170        0.00828
       6540.474            0.03780        0.00833
       6543.163            0.01950        0.00773
       6545.851            0.05350        0.00818
       6548.540            0.05140        0.00856
       6551.229            0.02690        0.00833
       6553.918            0.03030        0.00824
       6556.607            0.01530        0.00827
       6559.296            0.02690        0.00837
       6561.985            0.02120        0.00838
       6564.674            0.03860        0.00797
       6567.364            0.02470        0.00776
       6570.053            0.04630        0.00835
       6572.743            0.02790        0.00822
       6575.433            0.03530        0.00812
       6578.122            0.04500        0.00814
       6580.812            0.02380        0.00786
       6583.502            0.03420        0.00787
       6586.192            0.03770        0.00774
       6588.882            0.03500        0.00733
       6591.572            0.04080        0.00740
       6594.262            0.02760        0.00719
       6596.952            0.04420        0.00763
       6599.643            0.03620        0.00763
       6602.333            0.02470        0.00751
       6605.023            0.01870        0.00744
       6607.714            0.03350        0.00740
       6610.405            0.04110        0.00751
       6613.096            0.02770        0.00719
       6615.787            0.03340        0.00712
       6618.478            0.02110        0.00703
       6621.168            0.03220        0.00713
       6623.860            0.03230        0.00711
       6626.551            0.01090        0.00704
       6629.242            0.02550        0.00723
       6631.934            0.03910        0.00736
       6634.625            0.03790        0.00737
       6637.316            0.03120        0.00722
       6640.008            0.02820        0.00716
       6642.700            0.03260        0.00714
       6645.391            0.03670        0.00709
       6648.083            0.04710        0.00725
       6650.775            0.02770        0.00698
       6653.467            0.04250        0.00719
       6656.159            0.02750        0.00704
       6658.851            0.02410        0.00716
       6661.543            0.03240        0.00719
       6664.235            0.03110        0.00709
       6666.928            0.04220        0.00725
       6669.620            0.04020        0.00724
       6672.313            0.03080        0.00702
       6675.005            0.03730        0.00710
       6677.698            0.03700        0.00702
       6680.391            0.04340        0.00715
       6683.083            0.02970        0.00712
       6685.776            0.02430        0.00694
       6688.469            0.04070        0.00716
       6691.163            0.03160        0.00705
       6693.855            0.05110        0.00740
       6696.549            0.04240        0.00726
       6699.242            0.04850        0.00734
       6701.936            0.04110        0.00735
       6704.628            0.04640        0.00739
       6707.322            0.01520        0.00705
       6710.016            0.02850        0.00722
       6712.709            0.03940        0.00728
       6715.403            0.02550        0.00710
       6718.097            0.02690        0.00713
       6720.791            0.04570        0.00735
       6723.484            0.02110        0.00715
       6726.178            0.03740        0.00721
       6728.873            0.00980        0.00703
       6731.567            0.03980        0.00729
       6734.261            0.02950        0.00709
       6736.955            0.01710        0.00702
       6739.649            0.03080        0.00717
       6742.344            0.04420        0.00734
       6745.039            0.04080        0.00720
       6747.733            0.02980        0.00714
       6750.428            0.02030        0.00690
       6753.122            0.04130        0.00721
       6755.817            0.05200        0.00741
       6758.512            0.04590        0.00723
       6761.207            0.01580        0.00681
       6763.902            0.02830        0.00692
       6766.597            0.02700        0.00689
       6769.292            0.02730        0.00685
       6771.987            0.03150        0.00696
       6774.682            0.03250        0.00696
       6777.378            0.04650        0.00710
       6780.073            0.02040        0.00688
       6782.769            0.02160        0.00696
       6785.464            0.02240        0.00690
       6788.160            0.04010        0.00710
       6790.855            0.03050        0.00689
       6793.551            0.03410        0.00695
       6796.247            0.03170        0.00707
       6798.943            0.04580        0.00712
       6801.639            0.03580        0.00697
       6804.334            0.04840        0.00721
       6807.031            0.03040        0.00695
       6809.727            0.05000        0.00725
       6812.423            0.03500        0.00705
       6815.119            0.03730        0.00700
       6817.815            0.03660        0.00708
       6820.512            0.04360        0.00755
       6823.208            0.03520        0.00846
       6825.905            0.05980        0.00935
       6828.602            0.03380        0.00973
       6831.298            0.03940        0.00997
       6833.995            0.01490        0.00988
       6836.691            0.04230        0.01008
       6839.389            0.04660        0.00954
       6842.085            0.04030        0.00888
       6844.782            0.05530        0.00816
       6847.479            0.03780        0.00755
       6850.176            0.06000        0.00786
       6852.874            0.04250        0.00738
       6855.571            0.04340        0.00794
       6858.268            0.03410        0.00954
       6860.965            0.03980        0.00991
       6863.663            0.05460        0.01058
       6866.360            0.03690        0.01113
       6869.058            0.03120        0.01151
       6871.755            0.04490        0.01149
       6874.453            0.04160        0.00963
       6877.151            0.04230        0.00871
       6879.849            0.04630        0.00851
       6882.546            0.05200        0.00861
       6885.244            0.03610        0.00862
       6887.942            0.04620        0.00888
       6890.641            0.04150        0.00868
       6893.338            0.04590        0.00874
       6896.037            0.05590        0.00917
       6898.735            0.03930        0.00864
       6901.433            0.03210        0.00821
       6904.131            0.02990        0.00827
       6906.830            0.02380        0.00858
       6909.528            0.03370        0.00855
       6912.227            0.04270        0.00833
       6914.925            0.04100        0.00855
       6917.624            0.04180        0.00937
       6920.323            0.03950        0.00936
       6923.021            0.03610        0.00897
       6925.720            0.02890        0.00859
       6928.419            0.05420        0.00894
       6931.118            0.03280        0.00854
       6933.817            0.03360        0.00811
       6936.516            0.04160        0.00793
       6939.215            0.04710        0.00810
       6941.914            0.04310        0.00880
       6944.613            0.05180        0.00958
       6947.312            0.04790        0.00950
       6950.012            0.03630        0.00896
       6952.711            0.03370        0.00877
       6955.411            0.01750        0.00868
       6958.110            0.03790        0.00833
       6960.810            0.04120        0.00768
       6963.509            0.03920        0.00766
       6966.209            0.04000        0.00784
       6968.909            0.03350        0.00782
       6971.608            0.02740        0.00817
       6974.308            0.03930        0.00860
       6977.008            0.05020        0.00876
       6979.708            0.06220        0.00887
       6982.408            0.05360        0.00853
       6985.108            0.04120        0.00823
       6987.808            0.03470        0.00777
       6990.508            0.03150        0.00725
       6993.208            0.03090        0.00719
       6995.909            0.02710        0.00726
       6998.609            0.04600        0.00765
       7001.310            0.02860        0.00739
       7004.010            0.05780        0.00819
       7006.710            0.05630        0.00832
       7009.411            0.04500        0.00804
       7012.111            0.03290        0.00771
       7014.812            0.06060        0.00818
       7017.513            0.02850        0.00745
       7020.213            0.02680        0.00735
       7022.914            0.04410        0.00736
       7025.615            0.03380        0.00707
       7028.316            0.02370        0.00693
       7031.017            0.02980        0.00707
       7033.718            0.03270        0.00710
       7036.419            0.03190        0.00714
       7039.120            0.02810        0.00725
       7041.821            0.02830        0.00755
       7044.522            0.03730        0.00779
       7047.224            0.02170        0.00776
       7049.925            0.04990        0.00821
       7052.626            0.04390        0.00798
       7055.328            0.04010        0.00786
       7058.029            0.05040        0.00795
       7060.730            0.05600        0.00801
       7063.432            0.05200        0.00782
       7066.134            0.04980        0.00784
       7068.835            0.03940        0.00773
       7071.537            0.03630        0.00760
       7074.239            0.03440        0.00754
       7076.940            0.03060        0.00759
       7079.642            0.03580        0.00755
       7082.344            0.03930        0.00768
       7085.046            0.03620        0.00767
       7087.748            0.03120        0.00757
       7090.450            0.04420        0.00774
       7093.152            0.04250        0.00766
       7095.854            0.03480        0.00751
       7098.557            0.03260        0.00733
       7101.259            0.03590        0.00718
       7103.961            0.03980        0.00740
       7106.663            0.02230        0.00702
       7109.366            0.03960        0.00740
       7112.068            0.04500        0.00751
       7114.771            0.03180        0.00726
       7117.473            0.03600        0.00722
       7120.176            0.02140        0.00707
       7122.878            0.05670        0.00787
       7125.581            0.04480        0.00765
       7128.284            0.04810        0.00771
       7130.986            0.03500        0.00755
       7133.689            0.03870        0.00760
       7136.392            0.04130        0.00770
       7139.095            0.04130        0.00782
       7141.797            0.02660        0.00753
       7144.500            0.04550        0.00794
       7147.204            0.03400        0.00781
       7149.907            0.04120        0.00791
       7152.609            0.03190        0.00766
       7155.313            0.03700        0.00764
       7158.016            0.06140        0.00838
       7160.719            0.02750        0.00747
       7163.422            0.03240        0.00761
       7166.126            0.03050        0.00790
       7168.829            0.01670        0.00778
       7171.533            0.04210        0.00821
       7174.236            0.04130        0.00834
       7176.939            0.05500        0.00888
       7179.643            0.03930        0.00828
       7182.347            0.04620        0.00863
       7185.050            0.01790        0.00788
       7187.754            0.02260        0.00785
       7190.458            0.02720        0.00787
       7193.161            0.04370        0.00821
       7195.865            0.03370        0.00802
       7198.569            0.03420        0.00783
       7201.273            0.04470        0.00815
       7203.977            0.04760        0.00827
       7206.681            0.01340        0.00741
       7209.385            0.04500        0.00788
       7212.089            0.02220        0.00729
       7214.792            0.03270        0.00743
       7217.497            0.04120        0.00771
       7220.201            0.03320        0.00767
       7222.905            0.04910        0.00834
       7225.609            0.02410        0.00796
       7228.314            0.03220        0.00788
       7231.018            0.03460        0.00892
       7233.723            0.04130        0.01103
       7236.427            0.05220        0.01258
       7239.131            0.01890        0.01365
       7241.836            0.00920        0.01415
       7244.540            0.02350        0.01433
       7247.245            0.03080        0.01429
       7249.949            0.04630        0.01346
       7252.654            0.03440        0.01190
       7255.359            0.04490        0.01037
       7258.063            0.03940        0.00927
       7260.768            0.03760        0.00917
       7263.473            0.03290        0.00907
       7266.178            0.03230        0.00894
       7268.883            0.01320        0.01060
       7271.587            0.02480        0.01273
       7274.292            0.05850        0.01378
       7276.998            0.01970        0.01359
       7279.703            0.01440        0.01409
       7282.408           -0.00100        0.01387
       7285.113            0.05060        0.01320
       7287.818            0.05380        0.01144
       7290.523            0.04180        0.01090
       7293.228            0.04920        0.01042
       7295.934            0.03180        0.00939
       7298.639            0.03670        0.00991
       7301.344            0.03370        0.00984
       7304.049            0.02340        0.00967
       7306.755            0.04460        0.01020
       7309.460            0.02160        0.01138
       7312.166            0.03560        0.01241
       7314.871            0.03850        0.01209
       7317.577            0.03310        0.01171
       7320.282            0.02580        0.01178
       7322.988            0.03640        0.01238
       7325.694            0.02290        0.01131
       7328.399            0.02370        0.00967
       7331.105            0.02370        0.00988
       7333.811            0.07460        0.01273
       7336.517            0.04920        0.01338
       7339.223            0.03520        0.01286
       7341.928            0.03800        0.01226
       7344.634            0.03020        0.01217
       7347.340            0.02280        0.01196
       7350.046            0.03680        0.01114
       7352.752            0.03320        0.00976
       7355.458            0.02980        0.00959
       7358.164            0.02940        0.00958
       7360.870            0.05520        0.01095
       7363.576            0.04280        0.01204
       7366.283            0.03380        0.01220
       7368.989            0.01380        0.01160
       7371.695            0.01890        0.01116
       7374.401            0.04240        0.01148
       7377.107            0.01450        0.01068
       7379.814            0.02430        0.00904
       7382.520            0.03110        0.00824
       7385.227            0.04410        0.00900
       7387.933            0.02820        0.00907
       7390.640            0.01950        0.00895
       7393.346            0.02170        0.00955
       7396.053            0.03880        0.01094
       7398.759            0.05580        0.01142
       7401.466            0.02480        0.01050
       7404.172            0.04130        0.01045
       7406.879            0.03500        0.01037
       7409.586            0.03500        0.00982
       7412.292            0.03170        0.00875
       7414.999            0.02800        0.00795
       7417.706            0.02970        0.00803
       7420.413            0.02790        0.00799
       7423.120            0.05160        0.00896
       7425.827            0.00140        0.00832
       7428.533            0.02320        0.00855
       7431.240            0.04300        0.00949
       7433.947            0.06090        0.01039
       7436.654            0.04370        0.00991
       7439.361            0.03120        0.00943
       7442.068            0.04340        0.00953
       7444.775            0.03960        0.00928
       7447.483            0.03380        0.00877
       7450.190            0.02830        0.00801
       7452.897            0.02490        0.00787
       7455.604            0.02180        0.00798
       7458.312            0.04340        0.00857
       7461.019            0.04000        0.00894
       7463.726            0.01750        0.00890
       7466.433            0.03820        0.00970
       7469.141            0.03710        0.01001
       7471.848            0.02130        0.01003
       7474.556            0.04400        0.01074
       7477.263            0.04090        0.01105
       7479.971            0.03140        0.01092
       7482.678            0.02370        0.01037
       7485.385            0.04600        0.01054
       7488.093            0.03090        0.00997
       7490.801            0.03900        0.00979
       7493.508            0.03160        0.00891
       7496.216            0.01720        0.00844
       7498.923            0.03600        0.00854
       7501.631            0.04970        0.00882
       7504.339            0.04490        0.00857
       7507.047            0.03960        0.00843
       7509.755            0.03010        0.00817
       7512.462            0.03670        0.00848
       7515.170            0.01240        0.00893
       7517.878            0.02020        0.01055
       7520.586            0.03050        0.01167
       7523.294            0.03320        0.01188
       7526.002            0.03240        0.01206
       7528.710            0.03890        0.01210
       7531.418            0.01770        0.01144
       7534.126            0.03270        0.01048
       7536.834            0.00110        0.00928
       7539.542            0.03350        0.00916
       7542.250            0.03040        0.00861
       7544.958            0.03300        0.00862
       7547.667            0.03810        0.00875
       7550.375            0.03670        0.00886
       7553.083            0.01750        0.00876
       7555.791            0.02340        0.00914
       7558.499            0.02090        0.00882
       7561.208            0.03170        0.00924
       7563.916            0.04170        0.01023
       7566.624            0.02760        0.01078
       7569.333            0.02670        0.01080
       7572.041            0.03280        0.01094
       7574.750            0.01410        0.01064
       7577.458            0.02840        0.01085
       7580.167            0.02790        0.01080
       7582.875            0.02460        0.00986
       7585.583            0.04680        0.01006
       7588.292            0.04350        0.01053
       7591.000            0.03520        0.01172
       7593.709            0.03760        0.01410
       7596.417            0.05980        0.01752
       7599.126            0.02430        0.01831
       7601.835            0.03150        0.02104
       7604.543            0.01380        0.02176
       7607.252            0.02900        0.02062
       7609.961            0.05730        0.01938
       7612.670            0.00150        0.01549
       7615.379            0.02810        0.01429
       7618.087            0.02980        0.01364
       7620.796            0.03420        0.01442
       7623.505            0.03130        0.01576
       7626.214            0.02440        0.01615
       7628.923            0.02660        0.01630
       7631.632            0.01580        0.01559
       7634.341            0.02180        0.01509
       7637.050            0.01950        0.01392
       7639.759            0.03930        0.01305
       7642.468            0.05870        0.01283
       7645.177            0.03740        0.01186
       7647.886            0.06210        0.01256
       7650.595            0.05250        0.01174
       7653.304            0.03350        0.01125
       7656.013            0.03040        0.01118
       7658.722            0.02880        0.01098
       7661.432            0.02150        0.01071
       7664.141            0.03460        0.01065
       7666.850            0.02700        0.01016
       7669.559            0.03790        0.01003
       7672.269            0.00670        0.00913
       7674.978            0.03030        0.00917
       7677.687            0.02100        0.00898
       7680.396            0.03350        0.00922
       7683.105            0.02580        0.00904
       7685.815            0.05920        0.01035
       7688.524            0.01730        0.00927
       7691.234            0.02600        0.00941
       7693.943            0.02910        0.00972
       7696.652            0.03120        0.00978
       7699.362            0.03400        0.00966
       7702.072            0.04790        0.01023
       7704.781            0.03750        0.01119
       7707.491           -0.00840        0.01310
       7710.200            0.01090        0.01493
       7712.910            0.03220        0.01629
       7715.619            0.04220        0.01676
       7718.329           -0.01240        0.01670
       7721.039            0.02590        0.01642
       7723.749            0.03690        0.01506
       7726.458           -0.00040        0.01274
       7729.167            0.03240        0.01142
       7731.877            0.03190        0.01082
       7734.587            0.03420        0.01044
       7737.297            0.04200        0.01010
       7740.007            0.03550        0.01026
       7742.716            0.04080        0.01244
       7745.426            0.03490        0.01458
       7748.136            0.05300        0.01564
       7750.846            0.01140        0.01544
       7753.556            0.03990        0.01632
       7756.266            0.01740        0.01638
       7758.976           -0.00160        0.01507
       7761.686            0.03790        0.01319
       7764.396            0.05030        0.01275
       7767.105            0.04150        0.01310
       7769.815            0.02170        0.01270
       7772.525           -0.00480        0.01232
       7775.235            0.05790        0.01366
       7777.945            0.02850        0.01315
       7780.656            0.02500        0.01283
       7783.366            0.01000        0.01216
       7786.076            0.01870        0.01277
       7788.786            0.02530        0.01411
       7791.496            0.02050        0.01428
       7794.206            0.02720        0.01425
       7796.917            0.03200        0.01436
       7799.626            0.00780        0.01409
       7802.336            0.02060        0.01378
       7805.047            0.04160        0.01293
       7807.757            0.03340        0.01186
       7810.467            0.03780        0.01210
       7813.178            0.02390        0.01339
       7815.888            0.03030        0.01517
       7818.598            0.03640        0.01557
       7821.309            0.00810        0.01482
       7824.019            0.02780        0.01505
       7826.729            0.02630        0.01489
       7829.440            0.05360        0.01444
       7832.150            0.02030        0.01214
       7834.860            0.03190        0.01125
       7837.571            0.04610        0.01186
       7840.281            0.00190        0.01129
       7842.992            0.02210        0.01222
       7845.703            0.02220        0.01400
       7848.413            0.03700        0.01607
       7851.124            0.04330        0.01690
       7853.834            0.03650        0.01689
       7856.544            0.00080        0.01709
       7859.255            0.01800        0.01709
       7861.966            0.01910        0.01654
       7864.676            0.03820        0.01581
       7867.387            0.01670        0.01492
       7870.098            0.01250        0.01438
       7872.808            0.02310        0.01432
       7875.519            0.04160        0.01493
       7878.229           -0.00290        0.01424
       7880.940            0.05090        0.01458
       7883.651            0.02830        0.01439
       7886.362            0.02290        0.01480
       7889.072            0.05520        0.01513
       7891.783            0.00650        0.01364
       7894.494           -0.00020        0.01315
       7897.205            0.01570        0.01266
       7899.916            0.02130        0.01157
       7902.626            0.01170        0.01095
       7905.337            0.06540        0.01398
       7908.048            0.03190        0.01581
       7910.759            0.02060        0.01711
       7913.470            0.05810        0.01855
       7916.181            0.03920        0.01917
       7918.892            0.04670        0.01961
       7921.603            0.00230        0.01816
       7924.313            0.03130        0.01663
       7927.024            0.02490        0.01523
       7929.735            0.02670        0.01449
       7932.446            0.04060        0.01346
       7935.158            0.02850        0.01249
       7937.869            0.02720        0.01257
       7940.580            0.00550        0.01204
       7943.291            0.01900        0.01175
       7946.001            0.00860        0.01178
       7948.713            0.01830        0.01186
       7951.424            0.02840        0.01190
       7954.135            0.03810        0.01271
       7956.846            0.05190        0.01430
       7959.557            0.07270        0.01627
       7962.268            0.00090        0.01531
       7964.979            0.03460        0.01582
       7967.691            0.03710        0.01601
       7970.402            0.00660        0.01589
       7973.113            0.02880        0.01596
       7975.824            0.02380        0.01441
       7978.536           -0.01020        0.01316
       7981.247            0.05630        0.01404
       7983.958           -0.00600        0.01413
       7986.669           -0.01520        0.01556
       7989.380            0.02490        0.01666
       7992.092            0.01570        0.01624
       7994.803            0.01900        0.01625
       7997.515            0.03340        0.01645
       8000.226            0.04720        0.01608
       8002.937            0.03270        0.01406
       8005.648            0.04310        0.01246
       8008.360            0.01140        0.01169
       8011.071            0.02310        0.01214
       8013.783           -0.01130        0.01235
       8016.494            0.02170        0.01319
       8019.206            0.01920        0.01460
       8021.917            0.01700        0.01566
       8024.628            0.01500        0.01540
       8027.340           -0.01420        0.01509
       8030.052            0.01950        0.01498
       8032.763            0.02440        0.01459
       8035.475            0.01650        0.01317
       8038.186           -0.01960        0.01122
       8040.897            0.01570        0.01050
       8043.609            0.02510        0.01078
       8046.321           -0.00650        0.01093
       8049.032            0.02480        0.01153
       8051.744            0.00010        0.01158
       8054.456            0.00110        0.01217
       8057.167            0.00360        0.01317
       8059.879            0.00640        0.01323
       8062.590            0.00440        0.01286
       8065.302           -0.01210        0.01258
       8068.014           -0.00020        0.01248
       8070.726           -0.00430        0.01202
       8073.437            0.02940        0.01151
       8076.149            0.02240        0.01070
       8078.860            0.02560        0.01058
       8081.572           -0.01610        0.01072
       8084.284            0.02380        0.01081
       8086.996           -0.00520        0.01082
       8089.708           -0.00130        0.01093
       8092.419            0.01920        0.01143
       8095.131            0.01840        0.01155
       8097.843            0.01110        0.01178
       8100.555            0.01500        0.01196
       8103.267            0.01030        0.01174
       8105.979            0.02870        0.01197
       8108.690            0.02480        0.01176
       8111.402            0.02140        0.01155
       8114.114            0.01140        0.01069
       8116.826            0.01610        0.01062
       8119.538            0.00530        0.01031
       8122.250            0.02440        0.01083
       8124.961            0.03300        0.01105
       8127.673            0.01290        0.01082
       8130.385            0.04270        0.01172
       8133.097            0.01410        0.01129
       8135.810            0.00100        0.01134
       8138.521            0.01190        0.01166
       8141.233            0.00890        0.01176
       8143.945            0.02530        0.01199
       8146.657           -0.01200        0.01181
       8149.369            0.03160        0.01218
       8152.082            0.00570        0.01163
       8154.793            0.02030        0.01158
       8157.505            0.02980        0.01155
       8160.217            0.00050        0.01100
       8162.930           -0.00520        0.01126
       8165.642            0.00920        0.01096
       8168.354            0.03940        0.01183
       8171.066            0.01650        0.01112
       8173.778            0.01780        0.01125
       8176.490            0.02140        0.01124
       8179.202            0.00290        0.01140
       8181.915            0.01380        0.01124
       8184.626            0.02320        0.00923
