@TELESCOPE VLT
@REFERENCE Balland etal (2009)
@REDSHIFT 0.427
@SPECTRUM spectrum_05D2cb_775.dat
@SN-NAME 05D2cb
@UNITS 1.e-16 erg/s/cm2/A
@SURVEY SNLS
@PHASE -5.780
#
# XPIX :
# WAVE :
# SN_SPEC :
# SN_ERR :
#end
       4150.947            0.00000        4.63924
       4153.396            0.00000        2.16229
       4155.846            0.00000        2.59642
       4158.295            0.00000        2.55333
       4160.746            0.00000        4.03365
       4163.196            0.00000        2.65681
       4165.647            0.00000        2.42508
       4168.099            0.00000        2.29688
       4170.551            0.00000        2.80554
       4173.003            0.00000        2.16740
       4175.456            0.00000        3.04273
       4177.909            0.00000        2.47002
       4180.362            0.00000        2.06415
       4182.816           -1.29510        2.35312
       4185.271           -0.54560        1.71666
       4187.726           -1.62080        1.69085
       4190.181            0.20570        1.15831
       4192.637            1.24510        1.08846
       4195.093            0.18390        0.79315
       4197.549           -0.46330        0.66612
       4200.006           -0.39330        0.57100
       4202.463           -0.35370        0.49357
       4204.921           -0.24920        0.42412
       4207.379            0.27250        0.39187
       4209.838            0.43440        0.34857
       4212.297           -0.33570        0.30192
       4214.757            0.03490        0.25721
       4217.217           -0.07900        0.23244
       4219.677            0.28370        0.21436
       4222.138           -0.09510        0.18215
       4224.599            0.17270        0.16883
       4227.060           -0.05790        0.14165
       4229.522            0.07440        0.14161
       4231.984           -0.00840        0.12743
       4234.447            0.01110        0.11707
       4236.911            0.07540        0.10774
       4239.374           -0.08370        0.10332
       4241.838            0.07640        0.09736
       4244.303            0.05890        0.09099
       4246.767           -0.00020        0.08402
       4249.232           -0.11130        0.08275
       4251.698           -0.01960        0.08089
       4254.165            0.09340        0.07592
       4256.631           -0.04830        0.07149
       4259.098            0.10680        0.06871
       4261.565           -0.03620        0.06558
       4264.033           -0.10570        0.06359
       4266.500           -0.01070        0.06046
       4268.969            0.07440        0.05879
       4271.438            0.03470        0.05737
       4273.907           -0.00850        0.05481
       4276.377            0.02770        0.05294
       4278.847            0.02610        0.05222
       4281.318           -0.00440        0.05114
       4283.789            0.07850        0.04860
       4286.260           -0.03170        0.04635
       4288.732            0.00020        0.04492
       4291.204           -0.00070        0.04460
       4293.677           -0.00050        0.04254
       4296.149           -0.02500        0.04155
       4298.623            0.00490        0.04128
       4301.097            0.01840        0.03990
       4303.571            0.03130        0.03756
       4306.045            0.00600        0.03687
       4308.520            0.02660        0.03749
       4310.996            0.04080        0.03669
       4313.471            0.09390        0.03764
       4315.947            0.02000        0.03670
       4318.424            0.00490        0.03650
       4320.901            0.04590        0.03674
       4323.378            0.01350        0.03512
       4325.856           -0.02520        0.03370
       4328.334            0.03530        0.03414
       4330.812           -0.01990        0.03380
       4333.292            0.05440        0.03320
       4335.771            0.06800        0.03233
       4338.250            0.07130        0.03138
       4340.730           -0.02500        0.03100
       4343.211            0.04690        0.03045
       4345.692           -0.06460        0.03010
       4348.173           -0.02840        0.03044
       4350.655           -0.00040        0.02961
       4353.137            0.02250        0.02962
       4355.620           -0.01520        0.02938
       4358.103           -0.02830        0.02951
       4360.585            0.07720        0.02916
       4363.069            0.03880        0.02963
       4365.553            0.00730        0.02893
       4368.038           -0.01800        0.02845
       4370.522            0.05580        0.02763
       4373.008           -0.06770        0.02806
       4375.493            0.05000        0.02767
       4377.979            0.00670        0.02685
       4380.465            0.03090        0.02631
       4382.952            0.03900        0.02612
       4385.439           -0.00840        0.02576
       4387.927            0.04020        0.02531
       4390.415           -0.02950        0.02519
       4392.903            0.03130        0.02521
       4395.392            0.01650        0.02537
       4397.881           -0.02150        0.02508
       4400.370           -0.00530        0.02522
       4402.860            0.02010        0.02506
       4405.350            0.01520        0.02511
       4407.841            0.01400        0.02533
       4410.332            0.06330        0.02537
       4412.823            0.02340        0.02539
       4415.314           -0.01320        0.02505
       4417.807            0.02970        0.02523
       4420.299            0.01360        0.02514
       4422.792            0.01970        0.02496
       4425.285            0.00270        0.02477
       4427.779            0.03730        0.02401
       4430.273            0.07890        0.02408
       4432.767            0.00780        0.02395
       4435.262           -0.00430        0.02397
       4437.757            0.04650        0.02335
       4440.252            0.04340        0.02348
       4442.749           -0.01600        0.02335
       4445.245            0.04760        0.02340
       4447.741            0.01420        0.02283
       4450.238            0.03370        0.02254
       4452.735            0.06020        0.02226
       4455.233            0.01470        0.02187
       4457.731            0.02620        0.02191
       4460.230           -0.00790        0.02209
       4462.729            0.01570        0.02202
       4465.228           -0.01780        0.02176
       4467.728            0.04760        0.02179
       4470.228            0.01200        0.02176
       4472.728            0.00560        0.02187
       4475.229            0.02720        0.02176
       4477.729            0.03870        0.02166
       4480.231            0.03190        0.02139
       4482.733            0.02180        0.02138
       4485.235            0.01530        0.02104
       4487.738            0.06400        0.02126
       4490.241            0.03540        0.02144
       4492.744            0.02970        0.02137
       4495.248            0.01670        0.02121
       4497.751            0.04110        0.02110
       4500.256            0.00920        0.02125
       4502.761            0.01410        0.02117
       4505.266            0.01550        0.02126
       4507.771           -0.00970        0.02140
       4510.277           -0.02970        0.02092
       4512.783            0.03930        0.02086
       4515.290            0.04720        0.02056
       4517.797           -0.00200        0.02074
       4520.304            0.03540        0.02075
       4522.812            0.02040        0.02067
       4525.320            0.01070        0.02036
       4527.828            0.00860        0.02020
       4530.337            0.05750        0.02026
       4532.846            0.01030        0.02046
       4535.355            0.00800        0.02046
       4537.865            0.04630        0.02043
       4540.375            0.04580        0.02033
       4542.886            0.02220        0.02043
       4545.397            0.01180        0.02016
       4547.908            0.02090        0.02009
       4550.420            0.06000        0.01998
       4552.932            0.04590        0.01954
       4555.444            0.01180        0.01951
       4557.957           -0.00400        0.01977
       4560.470            0.00530        0.01958
       4562.983            0.01170        0.01962
       4565.497            0.00360        0.01965
       4568.011            0.04290        0.01962
       4570.525            0.00560        0.01944
       4573.041            0.03190        0.01946
       4575.556            0.03420        0.01925
       4578.071            0.01740        0.01917
       4580.587            0.05680        0.01933
       4583.103            0.02180        0.01907
       4585.620            0.02150        0.01891
       4588.137           -0.00220        0.01896
       4590.654            0.02440        0.01881
       4593.171            0.02960        0.01876
       4595.689            0.01600        0.01858
       4598.208            0.01430        0.01849
       4600.727           -0.00810        0.01843
       4603.246            0.02490        0.01850
       4605.765            0.08320        0.01837
       4608.285            0.04380        0.01845
       4610.805            0.02240        0.01850
       4613.325            0.00740        0.01841
       4615.846            0.05990        0.01840
       4618.367            0.02240        0.01823
       4620.889           -0.01430        0.01839
       4623.410           -0.00140        0.01823
       4625.932            0.05160        0.01818
       4628.455            0.03350        0.01840
       4630.978           -0.01300        0.01834
       4633.501            0.02060        0.01820
       4636.024            0.04370        0.01806
       4638.548           -0.00430        0.01777
       4641.072            0.04590        0.01772
       4643.597            0.03800        0.01762
       4646.122            0.02330        0.01762
       4648.647           -0.02810        0.01788
       4651.173            0.04520        0.01763
       4653.699            0.03590        0.01759
       4656.225            0.04610        0.01779
       4658.751            0.04350        0.01784
       4661.278           -0.01340        0.01800
       4663.806            0.00630        0.01764
       4666.333            0.02230        0.01761
       4668.861            0.00590        0.01767
       4671.390            0.04300        0.01755
       4673.918            0.01620        0.01752
       4676.447            0.04620        0.01755
       4678.977            0.02130        0.01746
       4681.506            0.00850        0.01753
       4684.036            0.01130        0.01742
       4686.566            0.02900        0.01749
       4689.097            0.01940        0.01745
       4691.628           -0.00540        0.01718
       4694.159            0.02780        0.01719
       4696.691            0.05640        0.01717
       4699.223            0.02710        0.01687
       4701.755            0.04970        0.01705
       4704.288            0.01910        0.01693
       4706.821           -0.01930        0.01660
       4709.354            0.01580        0.01689
       4711.888            0.00780        0.01691
       4714.421            0.03130        0.01697
       4716.956            0.03600        0.01697
       4719.491            0.00460        0.01711
       4722.025            0.03430        0.01681
       4724.561            0.01990        0.01679
       4727.096           -0.00310        0.01692
       4729.632            0.02250        0.01656
       4732.168            0.04720        0.01622
       4734.705            0.02830        0.01634
       4737.242            0.01450        0.01646
       4739.779           -0.00660        0.01643
       4742.317            0.02910        0.01643
       4744.854            0.01420        0.01648
       4747.393            0.02580        0.01649
       4749.932            0.01840        0.01644
       4752.470            0.02500        0.01614
       4755.010            0.00600        0.01622
       4757.549            0.03560        0.01610
       4760.089            0.00720        0.01618
       4762.629            0.01200        0.01585
       4765.169            0.00620        0.01600
       4767.710            0.02500        0.01590
       4770.251            0.01600        0.01608
       4772.793            0.03520        0.01605
       4775.334            0.01420        0.01597
       4777.877            0.00710        0.01599
       4780.419            0.04270        0.01597
       4782.962            0.04040        0.01603
       4785.505            0.03190        0.01571
       4788.048            0.03950        0.01580
       4790.592           -0.00360        0.01593
       4793.136            0.02110        0.01581
       4795.680            0.00620        0.01572
       4798.225            0.04030        0.01565
       4800.770            0.02740        0.01582
       4803.315            0.02940        0.01564
       4805.861            0.02310        0.01569
       4808.407            0.02470        0.01571
       4810.953            0.01880        0.01551
       4813.500           -0.01250        0.01567
       4816.046            0.00190        0.01596
       4818.594            0.01640        0.01600
       4821.141            0.04920        0.01585
       4823.689            0.01620        0.01583
       4826.237            0.01310        0.01601
       4828.786            0.00630        0.01569
       4831.334            0.04850        0.01581
       4833.883            0.04390        0.01594
       4836.433           -0.00910        0.01576
       4838.982            0.01250        0.01567
       4841.532            0.00630        0.01542
       4844.083            0.03170        0.01540
       4846.633           -0.00400        0.01538
       4849.184            0.03140        0.01537
       4851.735            0.03470        0.01526
       4854.287            0.02550        0.01484
       4856.838            0.03540        0.01470
       4859.391            0.03500        0.01476
       4861.943            0.03780        0.01459
       4864.496            0.00480        0.01546
       4867.049            0.03750        0.01458
       4869.603            0.01550        0.01463
       4872.156            0.01380        0.01458
       4874.710            0.02720        0.01499
       4877.264            0.02680        0.01463
       4879.819            0.00100        0.01507
       4882.374            0.00060        0.01497
       4884.929            0.01510        0.01500
       4887.484            0.01850        0.01487
       4890.041            0.01440        0.01491
       4892.597            0.01650        0.01483
       4895.153            0.00280        0.01462
       4897.709            0.01620        0.01482
       4900.267            0.03020        0.01483
       4902.824            0.02670        0.01481
       4905.381            0.01200        0.01481
       4907.939            0.01980        0.01476
       4910.498            0.01280        0.01459
       4913.056            0.04100        0.01456
       4915.615            0.02480        0.01422
       4918.174            0.03160        0.01437
       4920.733            0.02640        0.01416
       4923.293           -0.00020        0.01436
       4925.854            0.01060        0.01429
       4928.414            0.01680        0.01436
       4930.974            0.02040        0.01447
       4933.535            0.02680        0.01439
       4936.096            0.03320        0.01430
       4938.658            0.04380        0.01434
       4941.220            0.02700        0.01427
       4943.782            0.07190        0.01428
       4946.344            0.03120        0.01435
       4948.907            0.04570        0.01441
       4951.470            0.01390        0.01413
       4954.033            0.04810        0.01413
       4956.597            0.02950        0.01401
       4959.161            0.01120        0.01395
       4961.725            0.03060        0.01407
       4964.289            0.04680        0.01404
       4966.854            0.03120        0.01399
       4969.419            0.01230        0.01404
       4971.984            0.02680        0.01419
       4974.550            0.02470        0.01427
       4977.116            0.01720        0.01406
       4979.682            0.02180        0.01375
       4982.249            0.03010        0.01385
       4984.815            0.03750        0.01365
       4987.382            0.02680        0.01387
       4989.950            0.03710        0.01379
       4992.517            0.03420        0.01394
       4995.085            0.02740        0.01383
       4997.653            0.03040        0.01374
       5000.222            0.02420        0.01362
       5002.791            0.01640        0.01349
       5005.359            0.01020        0.01345
       5007.929            0.03720        0.01355
       5010.499            0.02820        0.01334
       5013.068            0.02960        0.01338
       5015.639            0.02630        0.01324
       5018.209            0.03480        0.01320
       5020.780            0.01540        0.01306
       5023.351            0.03660        0.01306
       5025.922            0.04290        0.01301
       5028.494            0.03640        0.01304
       5031.066            0.02310        0.01299
       5033.638            0.02780        0.01301
       5036.210            0.02160        0.01294
       5038.783            0.03230        0.01288
       5041.356            0.01670        0.01292
       5043.930            0.04700        0.01269
       5046.503            0.05500        0.01276
       5049.077            0.01710        0.01271
       5051.651            0.03350        0.01284
       5054.226            0.05200        0.01280
       5056.800            0.04710        0.01296
       5059.375            0.01490        0.01305
       5061.951            0.03010        0.01294
       5064.526            0.02660        0.01285
       5067.102            0.03300        0.01280
       5069.678            0.03130        0.01273
       5072.255            0.05120        0.01274
       5074.831            0.02120        0.01289
       5077.408            0.03220        0.01258
       5079.985            0.02510        0.01250
       5082.563            0.00740        0.01253
       5085.141            0.03410        0.01252
       5087.719            0.01490        0.01271
       5090.297            0.06480        0.01282
       5092.875            0.04140        0.01271
       5095.455            0.04140        0.01272
       5098.034            0.04060        0.01268
       5100.613            0.02670        0.01249
       5103.193            0.04280        0.01245
       5105.772            0.00750        0.01246
       5108.353            0.03030        0.01229
       5110.933            0.05270        0.01270
       5113.514            0.02890        0.01257
       5116.095            0.04460        0.01251
       5118.676            0.02350        0.01265
       5121.258            0.04250        0.01260
       5123.840            0.04210        0.01236
       5126.422            0.02540        0.01245
       5129.004            0.02160        0.01242
       5131.587            0.03720        0.01242
       5134.170            0.03970        0.01265
       5136.753            0.02940        0.01240
       5139.336            0.04070        0.01246
       5141.920            0.01900        0.01259
       5144.504            0.03000        0.01241
       5147.088            0.03840        0.01241
       5149.673            0.02360        0.01252
       5152.258            0.05050        0.01250
       5154.843            0.03050        0.01242
       5157.428            0.01230        0.01240
       5160.014            0.04180        0.01213
       5162.599            0.04360        0.01210
       5165.186            0.02930        0.01196
       5167.772            0.03840        0.01176
       5170.358            0.03800        0.01177
       5172.945            0.02820        0.01165
       5175.532            0.04340        0.01185
       5178.120            0.02080        0.01174
       5180.708            0.04040        0.01180
       5183.295            0.00060        0.01203
       5185.884            0.01110        0.01195
       5188.472            0.02410        0.01212
       5191.061            0.03150        0.01206
       5193.650            0.04060        0.01240
       5196.239            0.04450        0.01254
       5198.829            0.04010        0.01254
       5201.418            0.02600        0.01245
       5204.008            0.04670        0.01257
       5206.599            0.04330        0.01249
       5209.189            0.02610        0.01218
       5211.780           -0.00330        0.01198
       5214.371            0.04410        0.01211
       5216.962            0.05320        0.01217
       5219.554            0.04360        0.01216
       5222.146            0.01080        0.01213
       5224.737            0.02650        0.01206
       5227.330            0.02540        0.01200
       5229.922            0.02740        0.01187
       5232.515            0.03640        0.01197
       5235.108            0.03560        0.01222
       5237.702            0.02760        0.01208
       5240.295            0.01500        0.01204
       5242.889            0.03150        0.01199
       5245.483            0.02240        0.01199
       5248.078            0.01620        0.01181
       5250.672            0.02410        0.01181
       5253.267            0.02490        0.01194
       5255.862            0.04970        0.01209
       5258.458            0.03800        0.01192
       5261.053            0.03320        0.01191
       5263.649            0.02600        0.01133
       5266.245            0.02030        0.01123
       5268.841            0.04020        0.01139
       5271.438            0.03340        0.01134
       5274.035            0.03770        0.01162
       5276.632            0.01920        0.01170
       5279.229           -0.00380        0.01153
       5281.827            0.00380        0.01160
       5284.424            0.02150        0.01152
       5287.022           -0.00000        0.01153
       5289.621            0.02370        0.01152
       5292.220            0.02190        0.01157
       5294.818            0.02660        0.01169
       5297.417            0.01920        0.01148
       5300.017            0.00610        0.01141
       5302.616            0.02330        0.01149
       5305.216            0.00650        0.01171
       5307.816            0.03640        0.01158
       5310.417            0.06020        0.01165
       5313.017            0.07160        0.01163
       5315.618            0.10000        0.01150
       5318.219            0.07810        0.01156
       5320.820            0.08060        0.01140
       5323.421            0.07480        0.01134
       5326.023            0.03740        0.01137
       5328.625            0.02320        0.01148
       5331.228            0.02830        0.01139
       5333.830            0.01930        0.01138
       5336.433            0.04350        0.01140
       5339.036            0.03150        0.01134
       5341.639            0.03620        0.01143
       5344.242            0.03040        0.01115
       5346.846            0.04460        0.01124
       5349.450            0.02870        0.01134
       5352.054            0.02830        0.01123
       5354.658            0.03940        0.01147
       5357.263            0.03200        0.01124
       5359.868            0.02840        0.01132
       5362.473            0.01100        0.01128
       5365.078            0.01920        0.01110
       5367.684            0.02590        0.01112
       5370.290            0.00650        0.01100
       5372.896            0.02090        0.01098
       5375.502            0.00970        0.01108
       5378.108            0.02440        0.01113
       5380.715            0.02330        0.01107
       5383.322            0.01940        0.01110
       5385.929            0.01190        0.01110
       5388.537            0.03850        0.01092
       5391.145            0.03190        0.01088
       5393.752            0.02380        0.01081
       5396.360            0.04460        0.01079
       5398.969            0.01590        0.01085
       5401.577            0.03030        0.01083
       5404.186            0.03910        0.01073
       5406.795            0.03940        0.01077
       5409.405            0.02910        0.01074
       5412.014            0.03220        0.01057
       5414.624            0.00530        0.01078
       5417.234            0.02540        0.01081
       5419.844            0.02660        0.01074
       5422.455            0.02610        0.01084
       5425.065            0.04100        0.01091
       5427.676            0.03350        0.01078
       5430.287            0.04150        0.01072
       5432.898            0.01760        0.01074
       5435.510            0.02680        0.01076
       5438.122            0.00910        0.01089
       5440.734            0.03110        0.01065
       5443.346            0.03050        0.01072
       5445.959            0.04980        0.01081
       5448.572            0.02410        0.01080
       5451.185            0.03210        0.01070
       5453.798            0.02660        0.01075
       5456.411            0.02730        0.01083
       5459.025            0.02330        0.01078
       5461.639            0.02070        0.01079
       5464.252            0.03110        0.01079
       5466.867            0.04050        0.01079
       5469.481            0.01590        0.01059
       5472.096            0.03690        0.01077
       5474.711            0.02610        0.01057
       5477.326            0.03980        0.01070
       5479.942            0.03530        0.01076
       5482.557            0.05490        0.01064
       5485.173            0.05000        0.01070
       5487.789            0.02330        0.01207
       5490.406            0.04040        0.01191
       5493.022            0.05300        0.01069
       5495.639            0.05410        0.01078
       5498.256            0.02710        0.01081
       5500.873            0.02910        0.01090
       5503.490            0.02630        0.01076
       5506.108            0.02830        0.01076
       5508.726            0.04780        0.01086
       5511.344            0.03350        0.01076
       5513.962            0.02900        0.01091
       5516.581            0.05130        0.01082
       5519.199            0.05870        0.01082
       5521.818            0.05230        0.01088
       5524.438            0.04300        0.01083
       5527.057            0.04540        0.01068
       5529.676            0.03000        0.01080
       5532.296            0.04710        0.01062
       5534.916            0.02490        0.01069
       5537.536            0.04190        0.01097
       5540.157            0.02780        0.01097
       5542.777            0.03800        0.01102
       5545.398            0.04690        0.01109
       5548.019            0.05660        0.01117
       5550.641            0.03730        0.01102
       5553.262            0.03940        0.01092
       5555.884            0.02210        0.01078
       5558.505            0.03390        0.01088
       5561.128            0.05360        0.01110
       5563.750            0.01970        0.01109
       5566.373            0.03940        0.01109
       5568.996            0.04830        0.01221
       5571.618            0.04700        0.02244
       5574.242           -0.00420        0.02684
       5576.865            0.00550        0.02720
       5579.489            0.03800        0.02712
       5582.112            0.00360        0.02691
       5584.736            0.05460        0.01963
       5587.361            0.02860        0.01145
       5589.985            0.03600        0.01065
       5592.610            0.05600        0.01084
       5595.234            0.04010        0.01067
       5597.859            0.04440        0.01067
       5600.485            0.02440        0.01091
       5603.110            0.03460        0.01097
       5605.736            0.03130        0.01086
       5608.362            0.03410        0.01083
       5610.988            0.04540        0.01078
       5613.614            0.02000        0.01050
       5616.241            0.01080        0.01043
       5618.868            0.04510        0.01071
       5621.495            0.04780        0.01076
       5624.122            0.02080        0.01079
       5626.749            0.03410        0.01083
       5629.376            0.02680        0.01075
       5632.004            0.05110        0.01040
       5634.632            0.04800        0.01057
       5637.260            0.04510        0.01052
       5639.889            0.04060        0.01049
       5642.517            0.04490        0.01066
       5645.146            0.05150        0.01063
       5647.775            0.03340        0.01053
       5650.404            0.04060        0.01057
       5653.033            0.03380        0.01059
       5655.663            0.03900        0.01033
       5658.292            0.04000        0.01038
       5660.922            0.02960        0.01046
       5663.553            0.02870        0.01035
       5666.183            0.04650        0.01049
       5668.813            0.02010        0.01057
       5671.444            0.04240        0.01066
       5674.075            0.04540        0.01048
       5676.707            0.04250        0.01059
       5679.338            0.05360        0.01066
       5681.969            0.03940        0.01069
       5684.601            0.04830        0.01065
       5687.233            0.06550        0.01054
       5689.865            0.04500        0.01080
       5692.498            0.04610        0.01062
       5695.130            0.03140        0.01073
       5697.763            0.03350        0.01082
       5700.396            0.04250        0.01063
       5703.029            0.05070        0.01054
       5705.662            0.06060        0.01047
       5708.295            0.03380        0.01049
       5710.929            0.03370        0.01032
       5713.563            0.04920        0.01037
       5716.197            0.04020        0.01039
       5718.832            0.06230        0.01050
       5721.466            0.06730        0.01067
       5724.101            0.03030        0.01056
       5726.735            0.04710        0.01045
       5729.370            0.06240        0.01061
       5732.005            0.04090        0.01045
       5734.641            0.04190        0.01042
       5737.276            0.04050        0.01044
       5739.913            0.04390        0.01049
       5742.548            0.04140        0.01037
       5745.185            0.05660        0.01024
       5747.821            0.04630        0.01028
       5750.458            0.05730        0.01037
       5753.094            0.03510        0.01034
       5755.731            0.03730        0.01036
       5758.368            0.04860        0.01052
       5761.006            0.07410        0.01029
       5763.643            0.05460        0.01053
       5766.281            0.05340        0.01043
       5768.919            0.04850        0.01047
       5771.557            0.04900        0.01039
       5774.195            0.05050        0.01034
       5776.833            0.03620        0.01041
       5779.472            0.05420        0.01033
       5782.111            0.05340        0.01029
       5784.750            0.05620        0.01026
       5787.389            0.02790        0.01029
       5790.028            0.03730        0.01044
       5792.668            0.06700        0.01040
       5795.308            0.04170        0.01037
       5797.948            0.04400        0.01038
       5800.588            0.02760        0.01049
       5803.228            0.05570        0.01048
       5805.869            0.05710        0.01055
       5808.509            0.04880        0.01053
       5811.150            0.06130        0.01052
       5813.791            0.06540        0.01056
       5816.432            0.07780        0.01066
       5819.074            0.03560        0.01059
       5821.715            0.04820        0.01052
       5824.357            0.04730        0.01058
       5826.999            0.04020        0.01065
       5829.641            0.04870        0.01068
       5832.283            0.03560        0.01087
       5834.926            0.06580        0.01070
       5837.568            0.05470        0.01068
       5840.211            0.03760        0.01080
       5842.854            0.03750        0.01074
       5845.498            0.03020        0.01062
       5848.141            0.05680        0.01064
       5850.784            0.04240        0.01078
       5853.428            0.06030        0.01069
       5856.072            0.03140        0.01072
       5858.716            0.03120        0.01082
       5861.360            0.06470        0.01151
       5864.005            0.05910        0.01204
       5866.649            0.03160        0.01213
       5869.294            0.05760        0.01214
       5871.939            0.03640        0.01215
       5874.584            0.02070        0.01167
       5877.229            0.04920        0.01132
       5879.875            0.02900        0.01121
       5882.521            0.05560        0.01239
       5885.167            0.04660        0.01539
       5887.812            0.05110        0.01602
       5890.459            0.05110        0.01755
       5893.105            0.05170        0.01800
       5895.751            0.04860        0.01710
       5898.398            0.02230        0.01440
       5901.045            0.01210        0.01377
       5903.692            0.04530        0.01201
       5906.339            0.05060        0.01125
       5908.987            0.04950        0.01149
       5911.634            0.02500        0.01191
       5914.282            0.05160        0.01181
       5916.930            0.03720        0.01176
       5919.578            0.03070        0.01197
       5922.227            0.02820        0.01173
       5924.875            0.03870        0.01118
       5927.523            0.02050        0.01179
       5930.172            0.03690        0.01205
       5932.821            0.03930        0.01179
       5935.470            0.03130        0.01182
       5938.120            0.02820        0.01159
       5940.769            0.04500        0.01123
       5943.418            0.05320        0.01098
       5946.068            0.04510        0.01116
       5948.718            0.03350        0.01162
       5951.368            0.04850        0.01177
       5954.019            0.00420        0.01158
       5956.669            0.05130        0.01140
       5959.320            0.04340        0.01133
       5961.970            0.03570        0.01097
       5964.622            0.05630        0.01069
       5967.272            0.03480        0.01092
       5969.924            0.04070        0.01095
       5972.575            0.03600        0.01128
       5975.227            0.07060        0.01129
       5977.878            0.06600        0.01106
       5980.530            0.04570        0.01092
       5983.183            0.02630        0.01096
       5985.835            0.04240        0.01061
       5988.487            0.03690        0.01047
       5991.140            0.04570        0.01062
       5993.792            0.03530        0.01053
       5996.445            0.03410        0.01060
       5999.099            0.03650        0.01092
       6001.752            0.04830        0.01070
       6004.405            0.05390        0.01068
       6007.059            0.04830        0.01060
       6009.712            0.03350        0.01046
       6012.366            0.02940        0.01020
       6015.021            0.04000        0.01037
       6017.674            0.05270        0.01018
       6020.329            0.03680        0.01026
       6022.983            0.04160        0.01018
       6025.638            0.04370        0.01031
       6028.293            0.03840        0.01024
       6030.948            0.04950        0.01043
       6033.603            0.03440        0.01046
       6036.258            0.03460        0.01026
       6038.914            0.04550        0.01024
       6041.569            0.04250        0.01022
       6044.225            0.03440        0.01006
       6046.881            0.05660        0.01000
       6049.537            0.01510        0.01014
       6052.193            0.03210        0.01011
       6054.850            0.04160        0.01006
       6057.506            0.02360        0.01020
       6060.163            0.04400        0.01021
       6062.820            0.03030        0.01014
       6065.477            0.05350        0.01028
       6068.134            0.03400        0.01014
       6070.792            0.03960        0.01002
       6073.449            0.02360        0.01013
       6076.107            0.04550        0.00999
       6078.765            0.02460        0.00996
       6081.423            0.02480        0.00998
       6084.081            0.05230        0.01005
       6086.739            0.05410        0.00992
       6089.397            0.03360        0.01004
       6092.056            0.03890        0.00993
       6094.715            0.04360        0.00991
       6097.374            0.04180        0.01013
       6100.033            0.04030        0.01004
       6102.692            0.03280        0.01009
       6105.351            0.03280        0.01005
       6108.011            0.03400        0.01003
       6110.670            0.03280        0.01007
       6113.330            0.04430        0.00993
       6115.990            0.02040        0.00993
       6118.650            0.02770        0.00988
       6121.311            0.02760        0.00989
       6123.971            0.02860        0.00996
       6126.631            0.03250        0.00979
       6129.292            0.04470        0.00994
       6131.953           -0.00180        0.01004
       6134.614            0.03080        0.01022
       6137.275            0.02840        0.01033
       6139.936            0.04020        0.01041
       6142.598            0.02420        0.01054
       6145.259            0.04280        0.01045
       6147.921            0.04890        0.01043
       6150.583            0.03960        0.01036
       6153.245            0.04250        0.01000
       6155.907            0.04290        0.01011
       6158.569            0.05460        0.00993
       6161.232            0.04780        0.00995
       6163.895            0.03540        0.01006
       6166.557            0.04220        0.01036
       6169.220            0.03110        0.01049
       6171.883            0.03260        0.01057
       6174.546            0.02830        0.01078
       6177.209            0.03820        0.01045
       6179.873            0.04910        0.01025
       6182.537            0.02380        0.01003
       6185.201            0.05390        0.00986
       6187.864            0.05140        0.00997
       6190.528            0.02280        0.00995
       6193.192            0.03480        0.01000
       6195.857            0.05400        0.01009
       6198.521            0.02820        0.01023
       6201.186            0.03710        0.01022
       6203.851            0.03450        0.01012
       6206.516            0.02940        0.01023
       6209.181            0.02980        0.01023
       6211.846            0.03300        0.00987
       6214.511            0.03810        0.01003
       6217.177            0.03910        0.01025
       6219.842            0.04170        0.01038
       6222.508            0.04290        0.01019
       6225.174            0.05050        0.01027
       6227.840            0.04580        0.01044
       6230.506            0.05010        0.01130
       6233.172            0.04550        0.01182
       6235.839            0.03930        0.01211
       6238.505            0.03640        0.01254
       6241.172            0.03330        0.01230
       6243.839            0.06440        0.01109
       6246.506            0.02590        0.01067
       6249.173            0.04140        0.01025
       6251.840            0.04330        0.01101
       6254.508            0.03310        0.01158
       6257.175            0.06440        0.01165
       6259.843            0.05350        0.01210
       6262.511            0.03240        0.01226
       6265.179            0.04550        0.01144
       6267.847            0.05310        0.01073
       6270.515            0.04370        0.01079
       6273.183            0.02200        0.01030
       6275.852            0.03160        0.01024
       6278.521            0.03920        0.01014
       6281.189            0.05260        0.01087
       6283.858            0.04230        0.01139
       6286.527            0.04540        0.01137
       6289.196            0.03550        0.01139
       6291.865            0.02930        0.01206
       6294.535            0.01190        0.01571
       6297.205            0.01700        0.01692
       6299.874            0.02520        0.01720
       6302.544           -0.00210        0.01790
       6305.214            0.03240        0.01767
       6307.884            0.04960        0.01399
       6310.554            0.03280        0.01147
       6313.225            0.03420        0.01116
       6315.895            0.04180        0.01009
       6318.565            0.03350        0.01028
       6321.236            0.03300        0.01042
       6323.907            0.04390        0.01117
       6326.578            0.04560        0.01142
       6329.250            0.03960        0.01123
       6331.920            0.02960        0.01119
       6334.592            0.05570        0.01103
       6337.264            0.03460        0.01040
       6339.935            0.04070        0.00972
       6342.607            0.05570        0.01003
       6345.279            0.03810        0.01016
       6347.951            0.04460        0.01021
       6350.623            0.04380        0.01074
       6353.295            0.03190        0.01079
       6355.968            0.01780        0.01086
       6358.640            0.04400        0.01265
       6361.313            0.02580        0.01284
       6363.986            0.03900        0.01244
       6366.659            0.05330        0.01227
       6369.332            0.05250        0.01210
       6372.005            0.04290        0.01021
       6374.678            0.02780        0.00977
       6377.352            0.03100        0.00990
       6380.025            0.01780        0.00997
       6382.699            0.04510        0.01023
       6385.373            0.03800        0.01032
       6388.046            0.06540        0.01011
       6390.721            0.04680        0.01012
       6393.395            0.05570        0.00986
       6396.069            0.05140        0.00954
       6398.744            0.04860        0.00955
       6401.418            0.04660        0.00939
       6404.093            0.03390        0.00947
       6406.768            0.04030        0.00940
       6409.442            0.03530        0.00951
       6412.117            0.03190        0.00966
       6414.792            0.02910        0.00974
       6417.468            0.05040        0.00974
       6420.143            0.05680        0.00976
       6422.819            0.02180        0.00971
       6425.494            0.03750        0.00964
       6428.170            0.04470        0.00948
       6430.846            0.04740        0.00949
       6433.522            0.03970        0.00946
       6436.198            0.04230        0.00946
       6438.875            0.02980        0.00942
       6441.551            0.03600        0.00950
       6444.227            0.05440        0.00944
       6446.904            0.05020        0.00956
       6449.581            0.05070        0.00957
       6452.257            0.04290        0.00961
       6454.935            0.04630        0.00973
       6457.611            0.02990        0.00985
       6460.289            0.02930        0.01053
       6462.966            0.04800        0.01077
       6465.644            0.06570        0.01122
       6468.321            0.03720        0.01132
       6470.999            0.03590        0.01126
       6473.676            0.04420        0.01080
       6476.354            0.01970        0.01044
       6479.032            0.01890        0.00984
       6481.710            0.03970        0.00965
       6484.389            0.03080        0.00952
       6487.067            0.03280        0.00932
       6489.746            0.02990        0.00932
       6492.424            0.04790        0.01040
       6495.103            0.03570        0.01122
       6497.782            0.03010        0.01147
       6500.460            0.05530        0.01183
       6503.140            0.06230        0.01186
       6505.819            0.04690        0.01107
       6508.498            0.04270        0.01007
       6511.177            0.04390        0.00996
       6513.857            0.05590        0.00940
       6516.537            0.05890        0.00980
       6519.216            0.04040        0.00983
       6521.896            0.03310        0.00967
       6524.576            0.02670        0.00990
       6527.256            0.07140        0.01088
       6529.937            0.04580        0.01111
       6532.617            0.04460        0.01093
       6535.297            0.03840        0.01096
       6537.978            0.03680        0.01125
       6540.658            0.02240        0.01045
       6543.339            0.03150        0.00992
       6546.020            0.05000        0.01026
       6548.701            0.02740        0.01140
       6551.382            0.03820        0.01123
       6554.063            0.03910        0.01093
       6556.744            0.04010        0.01158
       6559.426            0.03060        0.01172
       6562.107            0.03600        0.01072
       6564.789            0.05300        0.01091
       6567.471            0.05120        0.01089
       6570.152            0.03700        0.01046
       6572.834            0.05540        0.01087
       6575.517            0.02990        0.01082
       6578.199            0.03550        0.01051
       6580.881            0.02650        0.01056
       6583.563            0.02580        0.01033
       6586.246            0.04800        0.00942
       6588.928            0.02100        0.00940
       6591.611            0.03010        0.00971
       6594.294            0.04640        0.00959
       6596.977            0.04170        0.00974
       6599.660            0.03650        0.01018
       6602.343            0.03900        0.01006
       6605.026            0.04190        0.00995
       6607.709            0.02300        0.00991
       6610.393            0.03080        0.00969
       6613.077            0.04080        0.00929
       6615.760            0.01500        0.00923
       6618.444            0.03520        0.00927
       6621.128            0.04840        0.00951
       6623.812            0.04430        0.00929
       6626.496            0.03040        0.00948
       6629.180            0.01860        0.00953
       6631.864            0.02140        0.00979
       6634.549            0.04750        0.00968
       6637.233            0.02880        0.00950
       6639.917            0.04690        0.00960
       6642.603            0.05050        0.00915
       6645.287            0.02770        0.00918
       6647.972            0.03340        0.00929
       6650.657            0.03730        0.00936
       6653.342            0.03170        0.00929
       6656.027            0.03750        0.00935
       6658.713            0.04130        0.00946
       6661.398            0.02420        0.00929
       6664.083            0.04210        0.00945
       6666.769            0.03310        0.00940
       6669.455            0.05310        0.00934
       6672.141            0.04450        0.00932
       6674.827            0.02480        0.00928
       6677.513            0.01480        0.00928
       6680.199            0.04540        0.00939
       6682.885            0.05110        0.00930
       6685.571            0.03980        0.00922
       6688.258            0.02960        0.00926
       6690.944            0.03390        0.00933
       6693.631            0.02030        0.00931
       6696.317            0.03750        0.00934
       6699.004            0.04140        0.00939
       6701.691            0.03090        0.00947
       6704.378            0.04760        0.00947
       6707.065            0.03110        0.00935
       6709.752            0.03530        0.00931
       6712.440            0.03480        0.00941
       6715.127            0.04020        0.00937
       6717.814            0.03520        0.00929
       6720.502            0.02490        0.00942
       6723.190            0.05550        0.00931
       6725.878            0.03620        0.00929
       6728.565            0.03410        0.00935
       6731.253            0.03080        0.00931
       6733.941            0.03260        0.00942
       6736.630            0.04090        0.00936
       6739.318            0.03930        0.00940
       6742.006            0.03730        0.00933
       6744.695            0.04200        0.00939
       6747.383            0.03970        0.00937
       6750.072            0.03160        0.00933
       6752.761            0.03410        0.00926
       6755.450            0.04170        0.00927
       6758.138            0.03970        0.00914
       6760.828            0.03800        0.00927
       6763.517            0.03140        0.00931
       6766.206            0.02670        0.00922
       6768.895            0.04480        0.00919
       6771.584            0.02510        0.00930
       6774.274            0.03800        0.00918
       6776.963            0.04680        0.00913
       6779.653            0.03650        0.00912
       6782.343            0.03900        0.00921
       6785.033            0.02960        0.00925
       6787.723            0.04380        0.00931
       6790.413            0.03260        0.00934
       6793.103            0.03910        0.00922
       6795.793            0.02830        0.00913
       6798.483            0.03200        0.00909
       6801.174            0.02970        0.00919
       6803.864            0.05460        0.00912
       6806.555            0.04650        0.00918
       6809.245            0.03080        0.00914
       6811.936            0.04010        0.00919
       6814.627            0.03780        0.00925
       6817.318            0.02080        0.00918
       6820.009            0.03800        0.00948
       6822.700            0.03340        0.01070
       6825.391            0.02560        0.01201
       6828.083            0.02800        0.01314
       6830.774            0.02500        0.01391
       6833.465            0.03560        0.01378
       6836.157            0.05310        0.01318
       6838.849            0.04340        0.01222
       6841.540            0.02620        0.01108
       6844.232            0.01680        0.00993
       6846.924            0.03250        0.00997
       6849.616            0.04630        0.00965
       6852.308            0.03500        0.00929
       6855.000            0.05030        0.00940
       6857.692            0.04250        0.01190
       6860.385            0.02480        0.01358
       6863.077            0.02470        0.01392
       6865.770            0.01970        0.01430
       6868.462            0.01080        0.01494
       6871.155            0.04650        0.01299
       6873.848            0.03350        0.01042
       6876.541            0.01400        0.01070
       6879.233            0.02300        0.01047
       6881.926            0.03420        0.01057
       6884.619            0.01740        0.01113
       6887.312            0.03450        0.01110
       6890.006            0.02940        0.01062
       6892.699            0.03560        0.01061
       6895.393            0.01870        0.01088
       6898.086            0.02670        0.01032
       6900.780            0.04650        0.01029
       6903.473            0.03680        0.01006
       6906.167            0.01670        0.01071
       6908.861            0.03860        0.01099
       6911.555            0.03960        0.01077
       6914.249            0.04530        0.01084
       6916.943            0.01590        0.01187
       6919.637            0.03820        0.01217
       6922.332            0.01650        0.01164
       6925.026            0.02730        0.01149
       6927.720            0.02470        0.01137
       6930.415            0.03590        0.01032
       6933.109            0.04090        0.00978
       6935.804            0.03760        0.01016
       6938.499            0.04870        0.01024
       6941.193            0.02980        0.01040
       6943.888            0.03180        0.01235
       6946.583            0.01880        0.01231
       6949.278            0.02010        0.01188
       6951.974            0.01800        0.01174
       6954.669            0.02130        0.01160
       6957.364            0.03380        0.01014
       6960.060            0.02920        0.00951
       6962.755            0.03210        0.00957
       6965.451            0.02870        0.01008
       6968.146            0.01570        0.01009
       6970.842            0.02710        0.01035
       6973.538            0.04210        0.01140
       6976.233            0.01860        0.01140
       6978.929            0.01920        0.01104
       6981.625            0.05160        0.01101
       6984.321            0.03120        0.01086
       6987.018            0.03760        0.00966
       6989.714            0.03380        0.00936
       6992.410            0.02420        0.00927
       6995.106            0.02900        0.00935
       6997.803            0.03370        0.00951
       7000.500            0.03910        0.00971
       7003.196            0.02100        0.00961
       7005.893            0.03600        0.01017
       7008.590            0.03430        0.01030
       7011.287            0.03390        0.01000
       7013.983            0.02090        0.00973
       7016.680            0.02800        0.00976
       7019.377            0.03360        0.00929
       7022.075            0.04670        0.00892
       7024.772            0.03750        0.00905
       7027.469            0.02240        0.00904
       7030.167            0.03640        0.00912
       7032.864            0.03770        0.00911
       7035.562            0.02700        0.00922
       7038.259            0.02160        0.00946
       7040.957            0.03850        0.00964
       7043.654            0.02600        0.00999
       7046.352            0.04550        0.01023
       7049.050            0.00050        0.01029
       7051.748            0.01560        0.01017
       7054.446            0.02750        0.01001
       7057.145            0.03190        0.00968
       7059.842            0.02040        0.00952
       7062.541            0.02230        0.00955
       7065.239            0.03710        0.00975
       7067.938            0.03510        0.00972
       7070.636            0.03560        0.00975
       7073.334            0.02380        0.00986
       7076.033            0.04140        0.00966
       7078.732            0.03700        0.00985
       7081.431            0.04030        0.00972
       7084.129            0.03350        0.00985
       7086.828            0.03490        0.00981
       7089.527            0.02060        0.00989
       7092.226            0.04380        0.00966
       7094.925            0.02370        0.00954
       7097.625            0.03930        0.00941
       7100.324            0.02910        0.00920
       7103.023            0.03620        0.00937
       7105.722            0.03990        0.00936
       7108.422            0.03380        0.00935
       7111.122            0.04090        0.00923
       7113.821            0.03660        0.00917
       7116.521            0.00980        0.00938
       7119.220            0.04750        0.00933
       7121.920            0.01270        0.00932
       7124.620            0.02530        0.00948
       7127.320            0.02460        0.00956
       7130.020            0.02690        0.00974
       7132.720            0.02750        0.00953
       7135.420            0.05010        0.00952
       7138.120            0.05530        0.00970
       7140.821            0.06950        0.00975
       7143.521            0.07270        0.01007
       7146.221            0.05800        0.01079
       7148.922            0.08710        0.00992
       7151.622            0.03500        0.00989
       7154.323            0.01720        0.00954
       7157.023            0.03050        0.00965
       7159.724            0.05050        0.00961
       7162.425            0.03280        0.00989
       7165.126            0.02580        0.00984
       7167.827            0.03460        0.00996
       7170.528            0.02650        0.00997
       7173.229            0.02570        0.01028
       7175.930            0.03010        0.01039
       7178.631            0.02240        0.01038
       7181.333            0.02370        0.01022
       7184.034            0.01580        0.01022
       7186.735            0.03460        0.01059
       7189.437            0.02280        0.01033
       7192.138            0.03330        0.01034
       7194.840            0.02050        0.01018
       7197.542            0.03480        0.01029
       7200.243            0.03900        0.01024
       7202.945            0.04300        0.01019
       7205.647            0.02660        0.01003
       7208.349            0.04560        0.00984
       7211.051            0.03870        0.00967
       7213.752            0.04540        0.00972
       7216.455            0.03640        0.00964
       7219.157            0.04010        0.00971
       7221.859            0.04770        0.00979
       7224.562            0.04640        0.00988
       7227.264            0.02140        0.01006
       7229.966            0.03920        0.01015
       7232.668            0.02160        0.01192
       7235.371            0.00450        0.01527
       7238.074            0.00580        0.01723
       7240.776            0.02470        0.01954
       7243.479            0.04050        0.01999
       7246.182            0.03020        0.01908
       7248.885            0.03970        0.01775
       7251.587            0.00390        0.01584
       7254.291            0.00720        0.01223
       7256.993            0.03690        0.01179
       7259.696            0.04400        0.01154
       7262.399            0.04140        0.01100
       7265.103            0.02540        0.01080
       7267.806            0.01720        0.01103
       7270.509            0.01720        0.01580
       7273.213            0.01740        0.01799
       7275.916            0.02200        0.01838
       7278.620            0.04670        0.01954
       7281.323            0.03770        0.02000
       7284.027            0.02920        0.01639
       7286.730            0.04360        0.01435
       7289.434            0.03230        0.01468
       7292.138            0.05350        0.01347
       7294.842            0.02900        0.01177
       7297.545            0.01860        0.01248
       7300.250            0.03280        0.01329
       7302.954            0.03270        0.01310
       7305.658            0.02520        0.01262
       7308.362            0.05480        0.01339
       7311.066            0.01820        0.01662
       7313.770            0.04170        0.01701
       7316.475            0.01570        0.01690
       7319.179            0.03430        0.01667
       7321.883            0.03890        0.01648
       7324.587            0.03080        0.01390
       7327.292            0.04460        0.01320
       7329.997            0.02490        0.01299
       7332.701            0.03030        0.01340
       7335.406            0.01420        0.01728
       7338.111            0.02810        0.01728
       7340.815            0.03170        0.01721
       7343.521            0.03270        0.01733
       7346.225            0.05620        0.01713
       7348.930            0.02580        0.01261
       7351.635            0.00980        0.01131
       7354.340            0.04100        0.01287
       7357.045            0.03380        0.01281
       7359.750            0.02400        0.01288
       7362.456            0.03740        0.01439
       7365.161            0.01190        0.01638
       7367.866            0.05460        0.01567
       7370.572            0.02520        0.01548
       7373.277            0.04280        0.01562
       7375.983            0.00810        0.01396
       7378.688            0.03370        0.01080
       7381.394            0.02490        0.01044
       7384.100            0.03970        0.01058
       7386.805            0.03000        0.01177
       7389.511            0.04100        0.01215
       7392.217            0.02800        0.01210
       7394.923            0.05650        0.01335
       7397.629            0.02670        0.01491
       7400.334            0.02970        0.01421
       7403.041            0.04330        0.01383
       7405.747            0.03620        0.01377
       7408.453            0.02790        0.01286
       7411.159            0.02600        0.01061
       7413.865            0.02680        0.01038
       7416.572            0.03180        0.01039
       7419.278            0.02770        0.01058
       7421.984            0.02930        0.01064
       7424.691            0.01880        0.01124
       7427.397            0.02930        0.01127
       7430.104            0.02330        0.01150
       7432.811            0.03460        0.01274
       7435.517            0.04320        0.01327
       7438.224            0.03420        0.01236
       7440.930            0.03980        0.01225
       7443.637            0.02570        0.01213
       7446.344            0.03130        0.01080
       7449.051            0.02370        0.01028
       7451.758            0.04550        0.01048
       7454.465            0.02890        0.01045
       7457.172            0.02120        0.01080
       7459.879            0.05200        0.01117
       7462.586            0.04660        0.01169
       7465.293            0.04600        0.01237
       7468.000            0.02950        0.01321
       7470.708            0.01720        0.01333
       7473.415            0.03510        0.01363
       7476.123            0.01950        0.01407
       7478.830            0.00970        0.01466
       7481.538            0.02540        0.01402
       7484.245            0.01860        0.01358
       7486.953            0.00770        0.01317
       7489.660            0.04960        0.01257
       7492.368            0.03040        0.01141
       7495.076            0.03000        0.01134
       7497.783            0.01560        0.01127
       7500.491            0.01060        0.01090
       7503.199            0.02900        0.01072
       7505.907            0.05030        0.01055
       7508.615            0.03950        0.01054
       7511.323            0.01200        0.01062
       7514.031            0.03320        0.01083
       7516.739            0.03850        0.01255
       7519.447            0.04210        0.01577
       7522.155            0.01300        0.01601
       7524.863            0.01380        0.01668
       7527.572            0.04600        0.01683
       7530.280            0.01960        0.01568
       7532.988            0.02630        0.01269
       7535.697            0.05290        0.01226
       7538.405            0.02610        0.01137
       7541.114            0.01590        0.01083
       7543.822            0.03560        0.01079
       7546.531            0.03030        0.01079
       7549.240            0.01740        0.01057
       7551.948            0.02170        0.01137
       7554.657            0.03090        0.01171
       7557.366            0.03560        0.01167
       7560.075            0.03360        0.01176
       7562.783            0.02310        0.01169
       7565.492            0.01860        0.01300
       7568.201           -0.00080        0.01435
       7570.910            0.00000        0.01449
       7573.619            0.03420        0.01466
       7576.328            0.03480        0.01441
       7579.038           -0.00310        0.01303
       7581.747            0.05860        0.01232
       7584.456            0.02460        0.01231
       7587.165            0.04420        0.01271
       7589.875            0.02570        0.01301
       7592.583            0.04100        0.01442
       7595.293            0.00090        0.01491
       7598.002           -0.00810        0.01625
       7600.712            0.01660        0.01837
       7603.421           -0.02770        0.02172
       7606.131           -0.00300        0.02045
       7608.840            0.00580        0.02018
       7611.550            0.00750        0.02000
       7614.260            0.01850        0.01964
       7616.969            0.03100        0.01864
       7619.679            0.03640        0.01785
       7622.389            0.04050        0.01867
       7625.099            0.00780        0.01770
       7627.809            0.02010        0.01757
       7630.519            0.01470        0.01738
       7633.229            0.03330        0.01741
       7635.938            0.03590        0.01662
       7638.648            0.01120        0.01456
       7641.358            0.02810        0.01462
       7644.069            0.01020        0.01405
       7646.779            0.01100        0.01399
       7649.489            0.03510        0.01402
       7652.199            0.01940        0.01328
       7654.910            0.01900        0.01366
       7657.620            0.00880        0.01426
       7660.330            0.03960        0.01375
       7663.041            0.02430        0.01319
       7665.751            0.01850        0.01293
       7668.461            0.04850        0.01251
       7671.172            0.04500        0.01144
       7673.882            0.02790        0.01142
       7676.593            0.03340        0.01127
       7679.304            0.05010        0.01158
       7682.015            0.01620        0.01147
       7684.725            0.00520        0.01162
       7687.436            0.02610        0.01186
       7690.146            0.03680        0.01176
       7692.857            0.03450        0.01184
       7695.568            0.05660        0.01204
       7698.279            0.02360        0.01244
       7700.990            0.02730        0.01205
       7703.701            0.02650        0.01203
       7706.412            0.03040        0.01550
       7709.123            0.03020        0.01858
       7711.834            0.04790        0.02185
       7714.545            0.06680        0.02283
       7717.256            0.03530        0.02287
       7719.968            0.02140        0.02145
       7722.679            0.01670        0.01912
       7725.390            0.02300        0.01518
       7728.102            0.03980        0.01409
       7730.813            0.01890        0.01373
       7733.524            0.02860        0.01276
       7736.235            0.03510        0.01219
       7738.947            0.03080        0.01207
       7741.659            0.01730        0.01264
       7744.370            0.01180        0.01791
       7747.082            0.06560        0.02084
       7749.793            0.06380        0.02126
       7752.505            0.01770        0.02176
       7755.216           -0.00010        0.02292
       7757.928            0.00310        0.01913
       7760.640            0.02560        0.01585
       7763.352            0.01110        0.01535
       7766.063           -0.01660        0.01506
       7768.775            0.04970        0.01371
       7771.487            0.04520        0.01354
       7774.199            0.02840        0.01458
       7776.911            0.03390        0.01544
       7779.623           -0.00090        0.01505
       7782.335            0.01960        0.01442
       7785.047            0.00420        0.01468
       7787.759            0.00390        0.01732
       7790.471           -0.00390        0.01942
       7793.184            0.01770        0.01954
       7795.896            0.05970        0.01942
       7798.608            0.03690        0.01914
       7801.320            0.04120        0.01647
       7804.032            0.00940        0.01515
       7806.745            0.00030        0.01532
       7809.457            0.03420        0.01535
       7812.169            0.04860        0.01559
       7814.882            0.02590        0.01857
       7817.594            0.01780        0.02055
       7820.307            0.04150        0.02053
       7823.019            0.01700        0.02065
       7825.731            0.00920        0.02042
       7828.444            0.02260        0.01698
       7831.157            0.00990        0.01283
       7833.870            0.03230        0.01305
       7836.582            0.03090        0.01455
       7839.295            0.03520        0.01477
       7842.008            0.01880        0.01521
       7844.720           -0.00140        0.01614
       7847.433            0.02180        0.02019
       7850.146            0.01150        0.02131
       7852.859            0.02190        0.02203
       7855.572            0.04010        0.02352
       7858.285           -0.02190        0.02333
       7860.998            0.02060        0.01957
       7863.710            0.00290        0.01923
       7866.424            0.01160        0.02000
       7869.137            0.02170        0.01832
       7871.850           -0.00330        0.01864
       7874.563            0.05300        0.01932
       7877.276           -0.01450        0.01844
       7879.989            0.01440        0.01654
       7882.703            0.01590        0.01771
       7885.416           -0.01170        0.01936
       7888.129           -0.00630        0.01852
       7890.842           -0.00630        0.01778
       7893.556            0.01570        0.01748
       7896.269            0.04720        0.01602
       7898.982            0.02850        0.01322
       7901.696            0.01680        0.01277
       7904.409            0.02400        0.01344
       7907.123            0.04350        0.01967
       7909.836            0.03580        0.02348
       7912.550            0.04440        0.02445
       7915.263            0.04290        0.02633
       7917.977            0.04670        0.02685
       7920.690            0.01640        0.02291
       7923.404            0.03390        0.01918
       7926.118            0.03440        0.01989
       7928.832            0.05530        0.01778
       7931.545            0.03070        0.01653
       7934.259            0.00900        0.01630
       7936.973           -0.00220        0.01568
       7939.687            0.01950        0.01370
       7942.400            0.02650        0.01427
       7945.114            0.03880        0.01601
       7947.828            0.02830        0.01619
       7950.542            0.01290        0.01559
       7953.256            0.03860        0.01552
       7955.970            0.03920        0.01467
       7958.684            0.02390        0.01895
       7961.398            0.02300        0.02122
       7964.112           -0.02690        0.02165
       7966.827            0.01740        0.02180
       7969.541            0.03300        0.02145
       7972.255            0.05640        0.01823
       7974.969            0.04530        0.01763
       7977.683            0.02210        0.01726
       7980.397            0.00070        0.01732
       7983.112            0.02520        0.01706
       7985.826            0.01970        0.01820
       7988.540            0.01470        0.02171
       7991.255            0.02100        0.02247
       7993.969            0.07810        0.02259
       7996.684            0.03550        0.02259
       7999.398            0.04580        0.02055
       8002.112            0.02020        0.01481
       8004.827            0.03680        0.01333
       8007.542            0.03480        0.01429
       8010.256            0.03720        0.01561
       8012.970            0.03550        0.01578
       8015.685            0.00420        0.01618
       8018.399            0.02930        0.01814
       8021.114            0.06720        0.02037
       8023.829            0.06520        0.02049
       8026.543            0.00500        0.02052
       8029.258            0.05150        0.02033
       8031.973            0.02340        0.01872
       8034.688            0.02010        0.01466
       8037.402            0.03090        0.01365
       8040.118            0.02540        0.01284
       8042.832           -0.00040        0.01293
       8045.547            0.03480        0.01393
       8048.262           -0.00530        0.01474
       8050.977            0.04660        0.01491
       8053.692            0.03670        0.01519
       8056.407            0.03980        0.01746
       8059.122            0.02570        0.01724
       8061.837            0.02680        0.01681
       8064.552            0.01370        0.01661
       8067.267            0.04710        0.01642
       8069.982            0.02220        0.01422
       8072.697            0.05570        0.01317
       8075.413            0.04910        0.01301
       8078.127            0.02010        0.01314
       8080.843            0.03610        0.01344
       8083.558            0.03220        0.01348
       8086.273            0.03930        0.01333
       8088.988           -0.00080        0.01395
       8091.704            0.01140        0.01372
       8094.419            0.03510        0.01410
       8097.134            0.02230        0.01501
       8099.850            0.05120        0.01533
       8102.565           -0.00030        0.01491
       8105.280            0.00020        0.01466
       8107.996            0.03840        0.01454
       8110.711            0.02860        0.01348
       8113.427            0.04450        0.01323
       8116.142            0.03000        0.01301
       8118.858            0.03000        0.01319
       8121.573            0.03160        0.01288
       8124.289            0.03810        0.01316
       8127.004            0.04580        0.01370
       8129.720            0.02950        0.01395
       8132.436            0.04280        0.01420
       8135.151            0.03120        0.01440
       8137.867            0.02400        0.01453
       8140.583            0.01970        0.01486
       8143.298            0.03900        0.01534
       8146.014            0.03720        0.01543
       8148.730            0.00660        0.01489
       8151.446           -0.00720        0.01484
       8154.162            0.03500        0.01529
       8156.877            0.03750        0.01453
       8159.593            0.02690        0.01509
       8162.309            0.05600        0.01576
       8165.025            0.04310        0.01560
       8167.741            0.01720        0.01486
       8170.457            0.01500        0.01487
       8173.173            0.03660        0.01468
       8175.889            0.01860        0.01496
       8178.604            0.00770        0.01470
       8181.321            0.04570        0.01546
       8184.037            0.02520        0.01501
       8186.753            0.01050        0.01531
       8189.469            0.02910        0.01527
       8192.186            0.02560        0.01525
       8194.901            0.02940        0.01487
       8197.617            0.01820        0.01485
       8200.334            0.01080        0.01475
       8203.050            0.02930        0.01437
       8205.766            0.03340        0.01409
       8208.482            0.04260        0.01440
       8211.198            0.03900        0.01434
       8213.914            0.04120        0.01430
       8216.631            0.03370        0.01450
       8219.348            0.02910        0.01468
       8222.063            0.02700        0.01505
       8224.780            0.00490        0.01527
       8227.496            0.03360        0.01672
       8230.213            0.03500        0.01656
       8232.929            0.01010        0.01552
       8235.646            0.05160        0.01558
       8238.362            0.04400        0.01508
       8241.078            0.04100        0.01516
       8243.795            0.03230        0.01527
       8246.512            0.01950        0.01504
       8249.228            0.02640        0.01464
       8251.944            0.05130        0.01477
       8254.661            0.00670        0.01485
       8257.378            0.00420        0.01459
       8260.095            0.01280        0.01520
       8262.811            0.03100        0.01493
       8265.527            0.05100        0.01471
       8268.244            0.05310        0.01506
       8270.961            0.03250        0.01557
       8273.678            0.02100        0.01877
       8276.395            0.02580        0.02192
       8279.111            0.00800        0.02347
       8281.828            0.04490        0.02781
       8284.545            0.01240        0.02988
       8287.262            0.00860        0.02896
       8289.979            0.06860        0.02846
       8292.695            0.00140        0.03119
       8295.412            0.03650        0.03008
       8298.129            0.02200        0.02840
       8300.846           -0.01150        0.02793
       8303.562            0.05210        0.02727
       8306.279            0.04940        0.02350
       8308.996            0.01480        0.02037
       8311.713            0.03190        0.01973
       8314.431            0.02100        0.02002
       8317.147            0.02320        0.01852
       8319.864            0.01650        0.01688
       8322.581            0.04620        0.01634
       8325.299            0.03440        0.01581
       8328.016            0.03030        0.01573
       8330.732            0.02790        0.01613
       8333.449            0.04580        0.01619
       8336.167            0.00200        0.02091
       8338.884            0.02620        0.03225
       8341.601            0.05480        0.03526
       8344.318            0.04040        0.03650
       8347.035            0.01480        0.03852
       8349.753            0.03150        0.03720
       8352.470            0.00960        0.02882
       8355.188            0.00300        0.02480
       8357.904           -0.02510        0.02418
       8360.622            0.01090        0.02112
       8363.339            0.04000        0.01962
       8366.057           -0.00700        0.01905
       8368.773           -0.01020        0.01888
       8371.491           -0.00560        0.01754
       8374.208            0.01300        0.01775
       8376.926            0.03740        0.02083
       8379.643            0.02940        0.02170
       8382.360            0.01200        0.02197
       8385.078            0.00930        0.02183
       8387.795            0.05040        0.02142
       8390.513            0.03960        0.02013
       8393.230           -0.00650        0.02763
       8395.948            0.04060        0.03088
       8398.665            0.02020        0.03109
       8401.383            0.06030        0.03126
       8404.101            0.04080        0.02997
       8406.817            0.04650        0.02296
       8409.535            0.01560        0.02155
       8412.253            0.02760        0.02220
       8414.971            0.06350        0.02304
       8417.688            0.03610        0.02270
       8420.406            0.02590        0.02233
       8423.124            0.05720        0.02609
       8425.842            0.04100        0.03129
       8428.559           -0.01620        0.03250
       8431.276            0.09730        0.03310
       8433.994            0.04560        0.03223
       8436.712            0.04210        0.02697
       8439.430            0.01110        0.01918
       8442.147            0.03730        0.01697
       8444.865            0.04340        0.01867
       8447.583            0.03290        0.02096
       8450.301            0.01190        0.02181
       8453.019            0.02680        0.02180
       8455.736            0.06720        0.02268
       8458.454            0.03610        0.02563
       8461.173            0.02400        0.02809
       8463.891            0.00490        0.02854
       8466.608            0.04370        0.02889
       8469.326            0.05370        0.02879
       8472.044            0.01670        0.02448
       8474.762            0.01710        0.01875
       8477.479            0.03400        0.01732
       8480.198            0.03660        0.01710
       8482.916            0.03450        0.01658
       8485.634            0.01890        0.01752
       8488.352            0.03520        0.02006
       8491.070            0.00890        0.02044
       8493.788            0.03220        0.02083
       8496.506            0.03620        0.02176
       8499.225            0.02080        0.02484
       8501.942           -0.00430        0.02447
       8504.660            0.01970        0.02440
       8507.379            0.05310        0.02449
       8510.097            0.00680        0.02292
       8512.815            0.01290        0.01912
       8515.533            0.04260        0.01763
       8518.251            0.02330        0.01728
       8520.970            0.05310        0.01690
       8523.688            0.02920        0.01654
       8526.406            0.02180        0.01674
       8529.124            0.01210        0.01651
       8531.843           -0.00930        0.01716
       8534.561            0.01030        0.01868
       8537.279            0.01990        0.01845
       8539.997            0.02490        0.01937
       8542.716            0.00900        0.02141
       8545.434            0.00560        0.02161
       8548.152            0.02870        0.02087
       8550.870            0.04680        0.02078
       8553.589           -0.00190        0.01992
       8556.308           -0.02390        0.01826
       8559.025            0.03560        0.01750
       8561.744           -0.01110        0.01714
       8564.463            0.02620        0.01732
       8567.181           -0.00980        0.01669
       8569.899            0.02190        0.01759
       8572.618            0.04050        0.01751
       8575.336            0.00700        0.01717
       8578.055            0.02970        0.01736
       8580.773            0.01840        0.01761
       8583.492            0.05470        0.01786
       8586.210            0.02280        0.01781
       8588.929            0.02470        0.01766
       8591.647            0.04380        0.01860
       8594.366            0.00820        0.01846
       8597.085            0.04420        0.01828
       8599.804            0.01520        0.01821
       8602.521            0.03160        0.01800
       8605.240            0.00730        0.01744
       8607.959            0.02780        0.01765
       8610.678            0.05100        0.01817
       8613.396            0.06000        0.01968
       8616.115            0.00020        0.02072
       8618.834            0.04180        0.02189
       8621.553            0.00840        0.02386
       8624.271            0.04520        0.02512
       8626.990            0.04310        0.02615
       8629.709            0.03330        0.02680
       8632.428            0.02150        0.02666
       8635.146            0.03960        0.02587
       8637.865            0.00480        0.02477
       8640.584            0.04570        0.02364
       8643.303            0.02800        0.02293
       8646.021            0.00980        0.02341
       8648.740            0.02120        0.02456
       8651.459            0.01220        0.02574
       8654.178            0.01960        0.02704
       8656.896           -0.00420        0.02749
       8659.616            0.02440        0.02715
       8662.335           -0.01720        0.02741
       8665.054            0.01970        0.02684
       8667.772            0.07680        0.02571
       8670.491            0.04200        0.02486
       8673.210           -0.00400        0.02368
       8675.930            0.02610        0.02273
       8678.648           -0.00880        0.02160
       8681.367           -0.02540        0.02131
       8684.086            0.02680        0.02039
       8686.806            0.03030        0.02030
       8689.524            0.00750        0.01917
       8692.243            0.01670        0.01926
       8694.963            0.03860        0.01900
       8697.682            0.01630        0.01904
       8700.400            0.03240        0.01957
       8703.119           -0.00190        0.01946
       8705.839            0.02090        0.01963
       8708.558            0.01140        0.01976
       8711.277            0.03130        0.01950
       8713.996           -0.01060        0.01904
       8716.715            0.05900        0.01915
       8719.435            0.02010        0.01854
       8722.153            0.00590        0.01886
       8724.873            0.01600        0.01914
       8727.592            0.00730        0.01907
       8730.312            0.04070        0.01892
       8733.030           -0.02240        0.01897
       8735.750            0.00330        0.01940
       8738.469            0.02980        0.01953
       8741.188            0.00570        0.01960
       8743.907            0.02770        0.01954
       8746.627            0.01430        0.01988
       8749.346            0.05690        0.01970
       8752.065           -0.02760        0.02190
       8754.784           -0.02690        0.02723
       8757.504            0.05780        0.03056
       8760.224            0.07250        0.03485
       8762.942            0.01290        0.03956
       8765.662           -0.03980        0.03987
       8768.381           -0.01550        0.03813
       8771.101            0.02500        0.03990
       8773.820           -0.00240        0.04111
       8776.540           -0.01760        0.03788
       8779.259           -0.01400        0.03698
       8781.979           -0.01250        0.03552
       8784.698            0.04440        0.03241
       8787.417           -0.03710        0.02796
       8790.137            0.01880        0.02641
       8792.856            0.00000        0.02640
       8795.576            0.01170        0.02587
       8798.295            0.01840        0.02353
       8801.015            0.01920        0.02145
       8803.734            0.02680        0.02090
       8806.454           -0.00380        0.02094
       8809.173            0.00590        0.02091
       8811.893            0.06140        0.02169
       8814.612            0.01040        0.02168
       8817.332            0.02760        0.02296
       8820.052            0.03130        0.03424
       8822.771            0.12050        0.04619
       8825.491            0.06850        0.04784
       8828.211            0.07910        0.05023
       8830.931            0.12600        0.05307
       8833.650           -0.01260        0.04814
       8836.369            0.01670        0.03971
       8839.089            0.00100        0.03590
       8841.809            0.02270        0.03346
       8844.528            0.07090        0.02978
       8847.248           -0.01580        0.02764
       8849.968           -0.00070        0.02717
       8852.688            0.03360        0.02619
       8855.407            0.04490        0.02588
       8858.127           -0.00740        0.02401
       8860.847            0.04210        0.02615
       8863.567            0.06350        0.02992
       8866.286            0.00700        0.03058
       8869.007            0.02370        0.03144
       8871.727            0.04900        0.03088
       8874.446            0.05900        0.02818
       8877.166           -0.01830        0.02665
       8879.886            0.08750        0.03662
       8882.605           -0.03800        0.04187
       8885.325           -0.01180        0.04384
       8888.045           -0.02230        0.04455
       8890.766           -0.00770        0.04342
       8893.485            0.05560        0.03515
       8896.205            0.04410        0.03030
       8898.925            0.04650        0.03207
       8901.646            0.05200        0.03748
       8904.365            0.05140        0.06342
       8907.085           -0.03640        0.10332
       8909.805            0.21630        0.20578
