3661.02685547  2.612613E-16
3666.54404688006  1.527508E-16
3672.06123829012  2.548958E-16
3677.57842970018  1.937640E-16
3683.09562111024  3.021090E-16
3688.6128125203  2.066799E-16
3694.13000393036  2.215021E-16
3699.64719534042  1.318613E-16
3705.16438675048  2.228300E-16
3710.68157816054  2.560150E-16
3716.1987695706  2.517153E-16
3721.71596098066  2.427040E-16
3727.23315239072  3.106665E-16
3732.75034380078  1.906971E-16
3738.26753521084  2.328118E-16
3743.7847266209  1.923693E-16
3749.30191803096  3.022027E-16
3754.81910944102  2.240207E-16
3760.33630085108  1.649712E-16
3765.85349226114  1.785638E-16
3771.3706836712  2.456512E-16
3776.88787508126  2.009138E-16
3782.40506649132  2.459661E-16
3787.92225790138  2.667312E-16
3793.43944931144  2.382071E-16
3798.9566407215  2.754234E-16
3804.47383213156  2.854738E-16
3809.99102354162  3.635770E-16
3815.50821495168  2.985047E-16
3821.02540636174  2.864457E-16
3826.5425977718  2.800284E-16
3832.05978918186  3.407581E-16
3837.57698059192  2.255865E-16
3843.09417200198  2.375631E-16
3848.61136341204  2.356158E-16
3854.1285548221  1.750935E-16
3859.64574623216  2.255636E-16
3865.16293764222  2.085073E-16
3870.68012905228  2.662599E-16
3876.19732046234  1.908032E-16
3881.7145118724  1.937466E-16
3887.23170328246  2.411101E-16
3892.74889469252  2.470858E-16
3898.26608610258  2.265077E-16
3903.78327751264  2.235837E-16
3909.3004689227  2.112551E-16
3914.81766033276  2.093931E-16
3920.33485174282  2.230005E-16
3925.85204315288  2.249938E-16
3931.36923456294  1.842629E-16
3936.886425973  1.736654E-16
3942.40361738306  1.511266E-16
3947.92080879312  1.698814E-16
3953.43800020318  1.420111E-16
3958.95519161324  1.689898E-16
3964.4723830233  1.705318E-16
3969.98957443336  1.834994E-16
3975.50676584342  1.664877E-16
3981.02395725348  1.860611E-16
3986.54114866354  2.334150E-16
3992.0583400736  2.232807E-16
3997.57553148366  2.385832E-16
4003.09272289372  2.627368E-16
4008.60991430378  2.718112E-16
4014.12710571384  3.174771E-16
4019.6442971239  3.356098E-16
4025.16148853396  3.596372E-16
4030.67867994402  3.666663E-16
4036.19587135408  3.685611E-16
4041.71306276414  3.734095E-16
4047.2302541742  4.239700E-16
4052.74744558426  3.862589E-16
4058.26463699432  4.206576E-16
4063.78182840438  4.699672E-16
4069.29901981444  4.682134E-16
4074.8162112245  4.230322E-16
4080.33340263456  4.342448E-16
4085.85059404462  4.677993E-16
4091.36778545468  4.969539E-16
4096.88497686474  4.658098E-16
4102.4021682748  4.578774E-16
4107.91935968486  4.640672E-16
4113.43655109492  4.578838E-16
4118.95374250498  4.015099E-16
4124.47093391504  4.229187E-16
4129.9881253251  4.140978E-16
4135.50531673516  3.801974E-16
4141.02250814522  3.915245E-16
4146.53969955528  3.261907E-16
4152.05689096534  3.154367E-16
4157.5740823754  3.366279E-16
4163.09127378546  3.269942E-16
4168.60846519552  3.214140E-16
4174.12565660558  3.087290E-16
4179.64284801564  3.002566E-16
4185.1600394257  3.245345E-16
4190.67723083577  2.854353E-16
4196.19442224582  3.421201E-16
4201.71161365588  3.248069E-16
4207.22880506594  3.534836E-16
4212.745996476  3.557206E-16
4218.26318788606  3.548079E-16
4223.78037929612  3.440707E-16
4229.29757070618  3.885264E-16
4234.81476211624  3.532735E-16
4240.3319535263  3.666479E-16
4245.84914493636  3.545977E-16
4251.36633634642  3.551768E-16
4256.88352775648  3.872485E-16
4262.40071916654  3.366015E-16
4267.9179105766  3.281127E-16
4273.43510198666  3.298823E-16
4278.95229339672  3.352882E-16
4284.46948480678  3.154364E-16
4289.98667621684  3.666078E-16
4295.5038676269  3.113473E-16
4301.02105903696  3.660729E-16
4306.53825044702  3.485381E-16
4312.05544185708  3.665222E-16
4317.57263326714  3.548703E-16
4323.0898246772  3.696893E-16
4328.60701608726  3.686156E-16
4334.12420749732  3.704505E-16
4339.64139890738  3.706406E-16
4345.15859031744  3.891548E-16
4350.6757817275  4.193098E-16
4356.19297313756  4.037464E-16
4361.71016454762  3.842658E-16
4367.22735595768  3.508695E-16
4372.74454736774  4.163870E-16
4378.2617387778  3.669251E-16
4383.77893018786  3.512241E-16
4389.29612159792  3.890682E-16
4394.81331300798  3.705523E-16
4400.33050441804  3.540362E-16
4405.84769582811  3.435134E-16
4411.36488723816  3.654297E-16
4416.88207864822  3.533824E-16
4422.39927005828  3.312450E-16
4427.91646146834  3.407684E-16
4433.4336528784  3.494262E-16
4438.95084428846  3.511307E-16
4444.46803569852  3.244825E-16
4449.98522710858  3.481172E-16
4455.50241851864  3.526110E-16
4461.0196099287  3.282169E-16
4466.53680133876  3.126599E-16
4472.05399274882  2.920162E-16
4477.57118415888  2.862938E-16
4483.08837556894  3.113337E-16
4488.605566979  2.987910E-16
4494.12275838906  3.077981E-16
4499.63994979912  2.839189E-16
4505.15714120918  2.596967E-16
4510.67433261924  2.549546E-16
4516.1915240293  2.389088E-16
4521.70871543936  2.435357E-16
4527.22590684942  2.322737E-16
4532.74309825948  2.140214E-16
4538.26028966954  2.376227E-16
4543.7774810796  2.204016E-16
4549.29467248966  2.496611E-16
4554.81186389972  2.201657E-16
4560.32905530978  2.056030E-16
4565.84624671985  1.972185E-16
4571.3634381299  2.324786E-16
4576.88062953996  2.086742E-16
4582.39782095002  1.976330E-16
4587.91501236008  2.070090E-16
4593.43220377014  2.057999E-16
4598.9493951802  2.180238E-16
4604.46658659026  2.273982E-16
4609.98377800032  2.508677E-16
4615.50096941039  2.346665E-16
4621.01816082044  2.389871E-16
4626.5353522305  2.657100E-16
4632.05254364056  2.924221E-16
4637.56973505062  2.868190E-16
4643.08692646068  2.919730E-16
4648.60411787074  2.896256E-16
4654.1213092808  3.133010E-16
4659.63850069086  3.126171E-16
4665.15569210092  3.207695E-16
4670.67288351098  3.253193E-16
4676.19007492104  3.304002E-16
4681.7072663311  3.354330E-16
4687.22445774116  3.381905E-16
4692.74164915122  3.699024E-16
4698.25884056128  3.665544E-16
4703.77603197134  3.872071E-16
4709.2932233814  3.814901E-16
4714.81041479146  4.146346E-16
4720.32760620153  4.221872E-16
4725.84479761158  4.050513E-16
4731.36198902165  4.430130E-16
4736.8791804317  4.081875E-16
4742.39637184177  4.225714E-16
4747.91356325182  4.338972E-16
4753.43075466188  4.422171E-16
4758.94794607194  4.136707E-16
4764.465137482  4.310111E-16
4769.98232889206  4.437205E-16
4775.49952030213  4.498569E-16
4781.01671171219  4.480783E-16
4786.53390312224  4.546789E-16
4792.0510945323  4.502041E-16
4797.56828594236  4.502184E-16
4803.08547735242  4.720660E-16
4808.60266876248  4.397073E-16
4814.11986017254  4.327485E-16
4819.6370515826  4.086891E-16
4825.15424299266  4.163278E-16
4830.67143440272  3.707095E-16
4836.18862581278  3.736487E-16
4841.70581722284  3.555522E-16
4847.22300863291  3.487745E-16
4852.74020004296  3.327728E-16
4858.25739145303  3.322817E-16
4863.77458286308  2.784303E-16
4869.29177427314  3.008558E-16
4874.8089656832  3.026562E-16
4880.32615709327  3.037751E-16
4885.84334850332  2.931865E-16
4891.36053991338  3.154834E-16
4896.87773132344  3.106438E-16
4902.39492273351  3.020255E-16
4907.91211414356  2.762578E-16
4913.42930555363  2.403304E-16
4918.94649696368  2.671275E-16
4924.46368837374  2.861865E-16
4929.9808797838  2.481686E-16
4935.49807119386  2.242864E-16
4941.01526260392  2.598764E-16
4946.53245401399  2.568186E-16
4952.04964542404  2.277882E-16
4957.56683683411  2.404367E-16
4963.08402824416  2.617800E-16
4968.60121965422  2.405990E-16
4974.11841106428  2.277459E-16
4979.63560247434  2.352337E-16
4985.15279388441  2.429811E-16
4990.66998529447  2.437181E-16
4996.18717670453  2.672029E-16
5001.70436811458  2.240565E-16
5007.22155952465  2.326796E-16
5012.7387509347  2.588513E-16
5018.25594234476  2.285068E-16
5023.77313375482  2.069656E-16
5029.29032516488  2.354679E-16
5034.80751657495  2.199571E-16
5040.32470798501  2.147359E-16
5045.84189939507  2.208913E-16
5051.35909080513  2.123245E-16
5056.87628221519  2.202737E-16
5062.39347362525  1.982059E-16
5067.9106650353  2.055091E-16
5073.42785644537  2.288877E-16
5078.94504785542  1.973834E-16
5084.46223926548  2.012661E-16
5089.97943067555  2.292119E-16
5095.49662208561  2.250927E-16
5101.01381349567  2.452800E-16
5106.53100490572  2.449317E-16
5112.04819631578  2.681767E-16
5117.56538772585  2.823405E-16
5123.08257913591  2.780900E-16
5128.59977054597  2.675127E-16
5134.11696195602  2.490604E-16
5139.63415336608  2.619038E-16
5145.15134477615  2.628454E-16
5150.66853618621  2.668754E-16
5156.18572759627  2.607863E-16
5161.70291900633  2.631060E-16
5167.22011041639  2.632213E-16
5172.73730182644  2.466365E-16
5178.2544932365  2.168943E-16
5183.77168464657  2.064486E-16
5189.28887605662  2.311227E-16
5194.80606746668  2.213163E-16
5200.32325887675  2.078752E-16
5205.84045028681  1.961418E-16
5211.35764169687  1.886033E-16
5216.87483310692  2.005472E-16
5222.39202451699  2.022579E-16
5227.90921592705  1.955198E-16
5233.4264073371  2.297515E-16
5238.94359874716  2.097160E-16
5244.46079015723  2.267877E-16
5249.97798156729  2.570462E-16
5255.49517297735  2.016043E-16
5261.01236438741  2.394656E-16
5266.52955579747  2.425374E-16
5272.04674720753  2.442080E-16
5277.56393861758  2.365855E-16
5283.08113002765  2.370717E-16
5288.59832143771  2.407856E-16
5294.11551284777  2.511323E-16
5299.63270425783  2.666082E-16
5305.14989566789  2.677582E-16
5310.66708707795  2.819535E-16
5316.18427848801  2.606479E-16
5321.70146989806  2.482967E-16
5327.21866130813  2.705522E-16
5332.73585271819  2.592862E-16
5338.25304412825  2.674075E-16
5343.7702355383  2.845312E-16
5349.28742694837  2.963217E-16
5354.80461835842  2.903717E-16
5360.32180976849  2.682257E-16
5365.83900117855  3.009351E-16
5371.35619258861  3.334333E-16
5376.87338399867  2.893346E-16
5382.39057540872  2.853794E-16
5387.90776681879  3.452930E-16
5393.42495822885  3.231208E-16
5398.94214963891  3.223097E-16
5404.45934104897  3.262540E-16
5409.97653245903  3.450383E-16
5415.49372386909  3.397134E-16
5421.01091527915  3.340797E-16
5426.5281066892  3.135250E-16
5432.04529809927  3.200994E-16
5437.56248950933  3.346968E-16
5443.07968091939  3.274511E-16
5448.59687232944  3.041048E-16
5454.11406373951  3.025501E-16
5459.63125514956  3.108720E-16
5465.14844655963  3.241878E-16
5470.66563796969  3.063427E-16
5476.18282937975  3.073665E-16
5481.70002078981  2.906965E-16
5487.21721219986  3.109382E-16
5492.73440360992  2.697607E-16
5498.25159501999  2.661797E-16
5503.76878643005  2.741519E-16
5509.28597784011  2.699691E-16
5514.80316925017  2.776084E-16
5520.32036066023  2.692652E-16
5525.83755207029  2.370557E-16
5531.35474348034  2.870764E-16
5536.87193489041  2.681987E-16
5542.38912630047  2.776807E-16
5547.90631771053  2.606652E-16
5553.42350912058  2.600991E-16
5558.94070053065  2.774506E-16
5564.4578919407  2.528263E-16
5569.97508335077  2.655010E-16
5575.49227476083  3.139319E-16
5581.00946617089  2.641998E-16
5586.52665758095  2.457312E-16
5592.043848991  2.643534E-16
5597.56104040107  2.619852E-16
5603.07823181113  2.616480E-16
5608.59542322118  2.362921E-16
5614.11261463125  2.491460E-16
5619.6298060413  2.807814E-16
5625.14699745137  2.557016E-16
5630.66418886143  2.535222E-16
5636.18138027149  2.622229E-16
5641.69857168155  2.398651E-16
5647.21576309161  2.668356E-16
5652.73295450167  2.365394E-16
5658.25014591172  2.347381E-16
5663.76733732179  2.445153E-16
5669.28452873185  2.507890E-16
5674.80172014191  2.116575E-16
5680.31891155197  2.245159E-16
5685.83610296203  2.243440E-16
5691.35329437209  2.065713E-16
5696.87048578214  2.365576E-16
5702.3876771922  2.328517E-16
5707.90486860227  1.997242E-16
5713.42206001233  2.146041E-16
5718.93925142239  2.255745E-16
5724.45644283245  2.211746E-16
5729.97363424251  2.134241E-16
5735.49082565257  2.068840E-16
5741.00801706262  1.982676E-16
5746.52520847269  2.349029E-16
5752.04239988275  2.397336E-16
5757.55959129281  2.591546E-16
5763.07678270287  2.276012E-16
5768.59397411293  2.542527E-16
5774.11116552299  2.434704E-16
5779.62835693305  2.368022E-16
5785.14554834311  2.566365E-16
5790.66273975317  2.509038E-16
5796.17993116323  2.466074E-16
5801.69712257329  2.341421E-16
5807.21431398335  2.413818E-16
5812.73150539341  2.238182E-16
5818.24869680347  2.224840E-16
5823.76588821353  2.432940E-16
5829.28307962359  2.321921E-16
5834.80027103365  2.186725E-16
5840.31746244371  2.452513E-16
5845.83465385377  2.248645E-16
5851.35184526383  2.347646E-16
5856.86903667389  2.185953E-16
5862.38622808395  1.858965E-16
5867.90341949401  2.120354E-16
5873.42061090407  2.311952E-16
5878.93780231413  2.127679E-16
5884.45499372419  2.017467E-16
5889.97218513425  1.957996E-16
5895.48937654431  2.217561E-16
5901.00656795437  1.927632E-16
5906.52375936443  2.141752E-16
5912.04095077449  2.037492E-16
5917.55814218455  1.958558E-16
5923.07533359461  1.908318E-16
5928.59252500467  1.806862E-16
5934.10971641473  2.096620E-16
5939.62690782479  2.202281E-16
5945.14409923485  1.927816E-16
5950.66129064491  1.699050E-16
5956.17848205497  1.762151E-16
5961.69567346503  1.815047E-16
5967.21286487509  1.902338E-16
5972.73005628515  1.802680E-16
5978.24724769521  1.465814E-16
5983.76443910527  1.627384E-16
5989.28163051533  1.884851E-16
5994.79882192539  1.903579E-16
6000.31601333545  1.693912E-16
6005.83320474551  1.684522E-16
6011.35039615557  1.753650E-16
6016.86758756563  1.951669E-16
6022.38477897569  1.995713E-16
6027.90197038575  2.239542E-16
6033.41916179581  2.284969E-16
6038.93635320587  2.037356E-16
6044.45354461593  2.044244E-16
6049.97073602599  2.281659E-16
6055.48792743605  2.124660E-16
6061.00511884611  2.156004E-16
6066.52231025617  2.379465E-16
6072.03950166623  2.617040E-16
6077.55669307629  2.447693E-16
6083.07388448635  2.217580E-16
6088.59107589641  2.490852E-16
6094.10826730647  2.393160E-16
6099.62545871653  2.392533E-16
6105.14265012659  2.663470E-16
6110.65984153665  2.401322E-16
6116.17703294671  2.343186E-16
6121.69422435677  2.289122E-16
6127.21141576683  2.169396E-16
6132.72860717689  2.496862E-16
6138.24579858695  2.357878E-16
6143.76298999701  2.326035E-16
6149.28018140707  2.410692E-16
6154.79737281713  2.356580E-16
6160.31456422719  2.515232E-16
6165.83175563725  2.451598E-16
6171.34894704731  2.113589E-16
6176.86613845737  2.050710E-16
6182.38332986743  2.116359E-16
6187.90052127749  2.118530E-16
6193.41771268755  2.387768E-16
6198.93490409761  2.354882E-16
6204.45209550767  1.995657E-16
6209.96928691773  2.064631E-16
6215.48647832779  2.160168E-16
6221.00366973785  2.322150E-16
6226.52086114791  2.224004E-16
6232.03805255797  2.169129E-16
6237.55524396803  2.092566E-16
6243.07243537809  1.938341E-16
6248.58962678815  1.965546E-16
6254.10681819821  1.739669E-16
6259.62400960827  1.813493E-16
6265.14120101833  2.026589E-16
6270.65839242839  1.974990E-16
6276.17558383845  2.060575E-16
6281.69277524851  1.871080E-16
6287.20996665857  1.705437E-16
6292.72715806863  1.625662E-16
6298.24434947869  1.632357E-16
6303.76154088875  1.610281E-16
6309.27873229881  1.297137E-16
6314.79592370887  1.076128E-16
6320.31311511893  1.085567E-16
6325.83030652899  1.007575E-16
6331.34749793905  8.930373E-17
6336.86468934911  8.442057E-17
6342.38188075917  7.053732E-17
6347.89907216923  9.087347E-17
6353.41626357929  1.026840E-16
6358.93345498935  8.457105E-17
6364.45064639941  7.821059E-17
6369.96783780947  8.969565E-17
6375.48502921953  4.957657E-17
6381.00222062959  6.073121E-17
6386.51941203965  6.508318E-17
6392.03660344971  6.799190E-17
6397.55379485977  5.001713E-17
6403.07098626983  8.093677E-17
6408.58817767989  6.741363E-17
6414.10536908995  7.653368E-17
6419.62256050001  9.496405E-17
6425.13975191007  9.944002E-17
6430.65694332013  7.889625E-17
6436.17413473019  8.828476E-17
6441.69132614025  1.050457E-16
6447.20851755031  9.276403E-17
6452.72570896037  1.242222E-16
6458.24290037043  1.114102E-16
6463.76009178049  1.276901E-16
6469.27728319055  1.396666E-16
6474.79447460061  1.356492E-16
6480.31166601067  1.342442E-16
6485.82885742073  1.400950E-16
6491.34604883079  1.418330E-16
6496.86324024085  1.538936E-16
6502.38043165091  1.594621E-16
6507.89762306097  1.451302E-16
6513.41481447103  1.670393E-16
6518.93200588109  1.771248E-16
6524.44919729115  1.499703E-16
6529.96638870121  1.599264E-16
6535.48358011127  1.818060E-16
6541.00077152133  1.772532E-16
6546.51796293139  1.601464E-16
6552.03515434145  1.746400E-16
6557.55234575151  1.818091E-16
6563.06953716157  1.795910E-16
6568.58672857163  1.745236E-16
6574.10391998169  1.666365E-16
6579.62111139175  1.673433E-16
6585.13830280181  1.879865E-16
6590.65549421187  1.893358E-16
6596.17268562193  1.740999E-16
6601.68987703199  1.771049E-16
6607.20706844205  1.598668E-16
6612.72425985211  1.670934E-16
6618.24145126217  1.695501E-16
6623.75864267223  1.652289E-16
6629.27583408229  1.935092E-16
6634.79302549235  1.643692E-16
6640.31021690241  1.613028E-16
6645.82740831247  1.939786E-16
6651.34459972253  1.618348E-16
6656.86179113259  1.581063E-16
6662.37898254265  1.598517E-16
6667.89617395271  1.675566E-16
6673.41336536277  1.808351E-16
6678.93055677283  1.811298E-16
6684.44774818289  1.824474E-16
6689.96493959295  1.749873E-16
6695.48213100301  1.734991E-16
6700.99932241307  1.606902E-16
6706.51651382313  1.671079E-16
6712.03370523319  1.852559E-16
6717.55089664325  1.684943E-16
6723.06808805331  1.667958E-16
6728.58527946337  1.644034E-16
6734.10247087343  1.519359E-16
6739.61966228349  1.742418E-16
6745.13685369355  1.728315E-16
6750.65404510361  1.830804E-16
6756.17123651367  1.469217E-16
6761.68842792373  1.732920E-16
6767.20561933379  1.473997E-16
6772.72281074385  1.521645E-16
6778.24000215391  1.337996E-16
6783.75719356397  1.362275E-16
6789.27438497403  1.748021E-16
6794.79157638409  1.415895E-16
6800.30876779415  1.627129E-16
6805.82595920421  1.449760E-16
6811.34315061427  1.384041E-16
6816.86034202433  1.473093E-16
6822.37753343439  1.593290E-16
6827.89472484445  1.492333E-16
6833.41191625451  1.491880E-16
6838.92910766457  1.422729E-16
6844.44629907463  1.330485E-16
6849.96349048469  1.306572E-16
6855.48068189475  1.190853E-16
6860.99787330481  1.200829E-16
6866.51506471487  1.216923E-16
6872.03225612493  1.470320E-16
6877.54944753499  1.443335E-16
6883.06663894505  1.133688E-16
6888.58383035511  1.124413E-16
6894.10102176517  1.171254E-16
6899.61821317523  1.491279E-16
6905.13540458529  1.204695E-16
6910.65259599535  1.309392E-16
6916.16978740541  1.216121E-16
6921.68697881547  1.092057E-16
6927.20417022553  1.092291E-16
6932.72136163559  8.020279E-17
6938.23855304565  1.172573E-16
6943.75574445571  1.164460E-16
6949.27293586577  9.965404E-17
6954.79012727583  1.023819E-16
6960.30731868589  1.034464E-16
6965.82451009595  1.046038E-16
6971.34170150601  9.412548E-17
6976.85889291607  9.255555E-17
6982.37608432613  8.841828E-17
6987.89327573619  8.529521E-17
6993.41046714625  9.766995E-17
6998.92765855631  1.051234E-16
7004.44484996637  1.110860E-16
7009.96204137643  8.798993E-17
7015.47923278649  1.046337E-16
7020.99642419655  1.005064E-16
7026.51361560661  1.018061E-16
7032.03080701667  9.032770E-17
7037.54799842673  6.066238E-17
7043.06518983679  9.055544E-17
7048.58238124685  1.011379E-16
7054.09957265691  9.958971E-17
7059.61676406697  1.026935E-16
7065.13395547703  7.824831E-17
7070.65114688709  5.936302E-17
7076.16833829715  7.355786E-17
7081.68552970721  6.815101E-17
7087.20272111727  1.009413E-16
7092.71991252733  7.137191E-17
7098.23710393739  9.391345E-17
7103.75429534745  1.098229E-16
7109.27148675751  6.216373E-17
7114.78867816757  7.619113E-17
7120.30586957763  1.084874E-16
7125.82306098769  8.138652E-17
7131.34025239775  7.462726E-17
7136.85744380781  8.402301E-17
7142.37463521787  7.323524E-17
7147.89182662793  6.781447E-17
7153.40901803799  9.261667E-17
7158.92620944805  8.958579E-17
7164.44340085811  6.972769E-17
7169.96059226817  7.860045E-17
7175.47778367823  8.787048E-17
7180.99497508829  6.409388E-17
7186.51216649835  6.392892E-17
7192.02935790841  7.643423E-17
7197.54654931847  8.202063E-17
7203.06374072853  8.902549E-17
7208.58093213859  9.367147E-17
7214.09812354865  9.445711E-17
7219.61531495871  6.570055E-17
7225.13250636877  7.765321E-17
7230.64969777883  1.071544E-16
7236.16688918889  8.221947E-17
7241.68408059895  6.123143E-17
7247.20127200901  5.971323E-17
7252.71846341907  5.667804E-17
7258.23565482913  9.110565E-17
7263.75284623919  8.007417E-17
7269.27003764925  7.027571E-17
7274.78722905931  8.327389E-17
7280.30442046937  9.708468E-17
7285.82161187943  8.967511E-17
7291.33880328949  6.890802E-17
7296.85599469955  6.897733E-17
7302.37318610961  7.964099E-17
7307.89037751967  7.233370E-17
7313.40756892973  5.325540E-17
7318.92476033979  6.094828E-17
7324.44195174985  7.174400E-17
7329.95914315991  7.252637E-17
7335.47633456997  6.090196E-17
7340.99352598003  5.522071E-17
7346.51071739009  5.662978E-17
7352.02790880015  9.083968E-17
7357.54510021021  1.081322E-16
7363.06229162027  6.269872E-17
7368.57948303033  8.394564E-17
7374.09667444039  8.272216E-17
7379.61386585045  4.051591E-17
7385.13105726051  5.465128E-17
7390.64824867057  5.606412E-17
7396.16544008063  4.192169E-17
7401.68263149069  8.821326E-17
7407.19982290075  5.659140E-17
7412.71701431081  6.404571E-17
7418.23420572087  7.207413E-17
7423.75139713093  7.868393E-17
7429.26858854099  7.448058E-17
7434.78577995105  7.364774E-17
7440.30297136111  7.308503E-17
7445.82016277117  6.416868E-17
7451.33735418123  7.743895E-17
7456.85454559129  6.854887E-17
7462.37173700135  5.926163E-17
7467.88892841141  8.120271E-17
7473.40611982147  6.249928E-17
7478.92331123153  5.403087E-17
7484.44050264159  7.507101E-17
7489.95769405165  6.530418E-17
7495.47488546171  6.467504E-17
7500.99207687177  5.493241E-17
7506.50926828183  7.812229E-17
7512.02645969189  4.692366E-17
7517.54365110195  5.085379E-17
7523.06084251201  5.067329E-17
7528.57803392207  7.887562E-17
7534.09522533213  8.395670E-17
7539.61241674219  9.412737E-17
7545.12960815225  6.754010E-17
7550.64679956231  6.675281E-17
7556.16399097237  5.724546E-17
7561.68118238243  6.054419E-17
7567.19837379249  5.632598E-17
7572.71556520255  7.336491E-17
7578.23275661261  7.230707E-17
7583.74994802267  4.381081E-17
7589.26713943273  6.020181E-17
7594.78433084279  7.830082E-17
7600.30152225285  1.002639E-16
7605.81871366291  8.376695E-17
7611.33590507297  7.289327E-17
7616.85309648303  7.953376E-17
7622.37028789309  6.409113E-17
7627.88747930315  7.922604E-17
7633.40467071321  4.358588E-17
7638.92186212327  3.739402E-17
7644.43905353333  7.452520E-17
7649.95624494339  5.326649E-17
7655.47343635345  2.862969E-17
7660.99062776351  3.257774E-17
7666.50781917357  3.696756E-17
7672.02501058363  4.919506E-17
7677.54220199369  4.512157E-17
7683.05939340375  4.991750E-17
7688.57658481381  3.331295E-17
7694.09377622387  6.634658E-17
7699.61096763393  3.971628E-17
7705.12815904399  8.487325E-17
7710.64535045405  6.507940E-17
7716.16254186411  5.293698E-17
7721.67973327417  8.746700E-17
7727.19692468423  3.157770E-17
7732.71411609429  3.858058E-17
7738.23130750435  4.709719E-17
7743.74849891441  3.194156E-17
7749.26569032447  3.957975E-17
7754.78288173453  6.336337E-17
7760.30007314459  4.523384E-17
7765.81726455465  4.004256E-17
7771.33445596471  5.605007E-17
7776.85164737477  2.744254E-17
7782.36883878483  5.648406E-17
7787.88603019489  6.617806E-17
7793.40322160495  4.089382E-17
7798.92041301501  3.423494E-17
7804.43760442507  4.604168E-17
7809.95479583513  3.943858E-17
7815.47198724519  4.328659E-17
7820.98917865525  5.067750E-17
7826.50637006531  5.734308E-18
7832.02356147537  3.921372E-17
7837.54075288543  1.278886E-17
7843.05794429549  3.137800E-17
7848.57513570555  1.044725E-17
7854.09232711561  2.441668E-17
7859.60951852567  2.660434E-17
7865.12670993573  1.164139E-17
7870.64390134579  2.642678E-17
7876.16109275585  5.136382E-17
7881.67828416591  5.290940E-17
7887.19547557597  3.348527E-17
7892.71266698603  4.113898E-17
7898.22985839609  4.063533E-17
7903.74704980615  2.302237E-17
7909.26424121621  3.840275E-17
7914.78143262627  4.762372E-17
7920.29862403633  2.822753E-17
7925.81581544639  2.484978E-17
7931.33300685645  5.319524E-17
7936.85019826651  5.926834E-17
7942.36738967657  7.442765E-17
7947.88458108663  5.551072E-17
7953.40177249669  4.379280E-17
7958.91896390675  7.051336E-17
7964.43615531681  5.624272E-17
7969.95334672687  6.398740E-17
7975.47053813693  6.918326E-17
7980.98772954699  5.931358E-17
7986.50492095705  3.035395E-17
7992.02211236711  4.625188E-17
7997.53930377717  6.819426E-17
8003.05649518723  4.297485E-17
8008.57368659729  4.048778E-17
8014.09087800735  6.908825E-17
8019.60806941741  2.366462E-17
8025.12526082747  5.001141E-17
8030.64245223753  6.012876E-17
8036.15964364759  6.380620E-17
8041.67683505765  6.484700E-17
8047.19402646771  4.221929E-17
8052.71121787777  4.411159E-17
8058.22840928783  4.894919E-17
8063.74560069789  7.311678E-17
8069.26279210795  1.809343E-17
8074.77998351801  4.130969E-17
8080.29717492807  7.554954E-17
8085.81436633813  3.847714E-17
8091.33155774819  6.663300E-17
8096.84874915825  6.429853E-17
8102.36594056831  5.195050E-17
8107.88313197837  5.913183E-17
8113.40032338843  1.309182E-17
8118.91751479849  6.870926E-17
8124.43470620855  7.533651E-17
8129.95189761861  1.101225E-16
8135.46908902867  5.988519E-17
8140.98628043873  6.050437E-17
8146.50347184879  5.000106E-17
8152.02066325885  5.295092E-17
8157.53785466891  6.202697E-17
8163.05504607897  3.062910E-17
8168.57223748903  3.737015E-17
8174.08942889909  3.283132E-17
8179.60662030915  1.602970E-17
8185.12381171921  4.142438E-17
8190.64100312927  4.720764E-17
8196.15819453933  4.439673E-17
8201.67538594939  4.706571E-17
8207.19257735945  6.443664E-17
8212.70976876951  6.822098E-17
8218.22696017957  5.327598E-17
8223.74415158963  5.200637E-17
8229.26134299969  7.274851E-17
8234.77853440975  6.481851E-17
8240.29572581981  7.191023E-17
8245.81291722987  6.097933E-17
8251.33010863993  6.132061E-17
8256.84730004999  5.486828E-17
8262.36449146005  1.750409E-17
8267.88168287011  7.448630E-17
8273.39887428017  7.630982E-17
8278.91606569023  1.030776E-16
8284.43325710029  9.076659E-17
8289.95044851035  6.929027E-17
8295.46763992041  3.023645E-17
8300.98483133047  3.222625E-17
8306.50202274053  8.440186E-17
8312.01921415059  7.722755E-17
8317.53640556065  7.431770E-17
8323.05359697071  4.414366E-17
8328.57078838077  4.490493E-17
8334.08797979083  6.329808E-17
8339.60517120089  6.804926E-17
8345.12236261095  3.760170E-17
8350.63955402101  2.990404E-18
8356.15674543107  3.252205E-17
8361.67393684113  4.784163E-17
8367.19112825119  6.626860E-17
8372.70831966125  3.309202E-17
8378.22551107131  4.476409E-17
8383.74270248137  6.445180E-17
8389.25989389143  6.533693E-19
8394.77708530149  4.698529E-17
8400.29427671155  2.763423E-17
8405.81146812161  2.673871E-17
8411.32865953167  7.891691E-17
8416.84585094173  4.370966E-17
8422.36304235179  2.377070E-17
8427.88023376185  6.667739E-17
8433.39742517191  -1.851449E-18
8438.91461658197  4.031665E-17
8444.43180799203  8.006241E-17
8449.94899940209  3.381915E-17
8455.46619081215  3.640362E-17
8460.98338222221  5.709772E-17
8466.50057363227  2.281787E-17
8472.01776504233  2.535064E-17
8477.53495645239  5.790861E-17
8483.05214786245  2.150756E-17
8488.56933927251  2.629734E-17
8494.08653068257  3.956988E-17
8499.60372209263  3.776334E-19
8505.12091350269  2.285615E-17
8510.63810491275  1.233731E-17
8516.15529632281  -1.357580E-17
8521.67248773287  2.159952E-17
8527.18967914293  4.504648E-17
8532.70687055299  2.671254E-17
8538.22406196305  2.765400E-17
8543.74125337311  -1.352294E-17
8549.25844478317  2.334885E-17
8554.77563619323  7.697718E-17
8560.29282760329  4.880303E-17
8565.81001901335  5.666947E-17
8571.32721042341  9.589495E-17
8576.84440183347  -2.776295E-17
8582.36159324353  1.104560E-17
8587.87878465359  3.167028E-17
8593.39597606365  4.892674E-18
8598.91316747371  3.771979E-17
8604.43035888377  3.045468E-17
8609.94755029383  5.018908E-17
8615.46474170389  3.029695E-17
8620.98193311395  2.108961E-17
8626.49912452401  3.109492E-17
8632.01631593407  2.005898E-17
8637.53350734413  5.899586E-17
8643.05069875419  4.996158E-17
8648.56789016425  3.207306E-17
8654.08508157431  6.557777E-17
8659.60227298437  7.027892E-17
8665.11946439443  5.552068E-17
8670.63665580449  3.666738E-17
8676.15384721455  -1.666760E-17
8681.67103862461  3.959274E-17
8687.18823003467  -5.964943E-19
8692.70542144473  -1.947546E-19
8698.22261285479  1.137439E-17
8703.73980426485  7.294358E-17
8709.25699567491  5.436619E-17
8714.77418708497  8.753813E-18
8720.29137849503  2.357102E-17
8725.80856990509  -4.338818E-18
8731.32576131515  8.487052E-18
8736.84295272521  3.925534E-17
8742.36014413527  8.987344E-17
8747.87733554533  5.596146E-17
8753.39452695539  8.002185E-17
8758.91171836545  1.546208E-17
8764.42890977551  5.132153E-17
8769.94610118557  6.688600E-17
8775.46329259563  6.676400E-17
8780.98048400569  7.481552E-17
8786.49767541575  7.667367E-17
8792.01486682581  6.279840E-17
8797.53205823587  3.867671E-17
8803.04924964593  8.056138E-17
8808.56644105599  1.157666E-16
8814.08363246605  1.025604E-16
8819.60082387611  1.580643E-16
8825.11801528617  1.163363E-16
8830.63520669623  8.965283E-17
8836.15239810629  1.347218E-16
8841.66958951635  8.207428E-17
8847.18678092641  6.619770E-17
8852.70397233647  8.747839E-17
8858.22116374653  1.295140E-16
8863.73835515659  2.375741E-17
8869.25554656665  6.138987E-17
8874.77273797671  8.908328E-17
8880.28992938677  7.386090E-17
8885.80712079683  6.808883E-17
8891.32431220689  1.965313E-17
8896.84150361695  2.121767E-17
8902.35869502701  2.739707E-17
8907.87588643707  2.985440E-17
8913.39307784713  7.619122E-17
8918.91026925719  4.747546E-17
8924.42746066725  1.063841E-16
8929.94465207731  7.764476E-17
8935.46184348737  4.468183E-17
8940.97903489743  6.754665E-17
8946.49622630749  7.587666E-17
8952.01341771755  9.884421E-17
8957.53060912761  1.174688E-16
8963.04780053767  7.515189E-17
8968.56499194773  2.080603E-17
8974.08218335779  4.915990E-17
8979.59937476785  3.713851E-17
8985.11656617791  9.109563E-17
8990.63375758797  1.122542E-16
8996.15094899803  4.472141E-17
9001.66814040809  8.954294E-17
9007.18533181815  4.174052E-17
9012.70252322821  8.944246E-17
9018.21971463827  6.567161E-17
9023.73690604833  5.250744E-17
9029.25409745839  3.727041E-17
9034.77128886845  6.528289E-17
9040.28848027851  4.113900E-17
9045.80567168857  7.098961E-17
9051.32286309863  6.057892E-17
9056.84005450869  9.668101E-17
9062.35724591875  -1.310255E-17
9067.87443732881  1.909294E-17
9073.39162873887  1.169559E-16
9078.90882014893  1.191416E-16
9084.42601155899  1.136968E-16
9089.94320296905  6.086216E-17
9095.46039437911  6.515614E-17
9100.97758578917  4.238542E-17
9106.49477719923  5.584850E-17
9112.01196860929  1.529651E-16
9117.52916001935  6.553290E-17
9123.04635142941  5.351062E-17
9128.56354283947  1.252092E-16
9134.08073424953  1.097037E-16
9139.59792565959  6.098177E-17
9145.11511706965  9.384673E-17
9150.63230847971  1.268448E-16
9156.14949988977  4.225600E-17
9161.66669129983  5.209642E-17
9167.18388270989  6.246816E-17
9172.70107411995  5.064842E-17
9178.21826553001  6.184406E-17
9183.73545694007  2.327433E-17
9189.25264835013  4.398273E-17
9194.76983976019  4.401466E-17
9200.28703117025  9.655425E-18
9205.80422258031  4.128939E-17
9211.32141399037  7.252401E-17
9216.83860540043  1.054028E-16
9222.35579681049  5.028662E-17
9227.87298822055  6.555277E-17
9233.39017963061  5.547428E-17
9238.90737104067  3.492626E-17
9244.42456245073  -7.177488E-18
9249.94175386079  6.932316E-17
9255.45894527085  6.334095E-17
